0.000116 0.000696 0.000116 0.000812 0.996752 0.000348 0.000000 0.001044 0.000116 0.000124 0.000805 0.000121 0.000896 0.996291 0.000443 0.000000 0.001202 0.000119 0.003016 0.010788 0.002552 0.011832 0.944322 0.013224 0.001972 0.010092 0.002204 0.003275 0.011899 0.002647 0.012785 0.939012 0.014361 0.002151 0.011416 0.002454 
0.000149 0.000447 0.000149 0.000298 0.996870 0.000745 0.000000 0.001043 0.000298 0.000183 0.000482 0.000199 0.000393 0.996205 0.000783 0.000000 0.001408 0.000347 0.005813 0.017141 0.006260 0.021315 0.898644 0.023998 0.004621 0.017737 0.004472 0.006168 0.018236 0.006706 0.022407 0.892379 0.025343 0.004893 0.018978 0.004891 
0.000000 0.000399 0.000399 0.000930 0.997077 0.000000 0.000266 0.000930 0.000000 0.000000 0.000429 0.000436 0.000989 0.996620 0.000000 0.000303 0.001222 0.000000 0.004651 0.016343 0.004385 0.015015 0.917220 0.015812 0.005581 0.017008 0.003986 0.004975 0.017448 0.004721 0.015767 0.911830 0.016763 0.006089 0.018138 0.004271 
0.000143 0.000287 0.000143 0.000574 0.998136 0.000143 0.000000 0.000574 0.000000 0.000164 0.000345 0.000166 0.000727 0.997738 0.000166 0.000000 0.000694 0.000000 0.001291 0.014628 0.002151 0.006310 0.947942 0.011186 0.002438 0.011473 0.002581 0.001583 0.015623 0.002463 0.007024 0.943655 0.011758 0.002607 0.012368 0.002919 
0.000137 0.000000 0.000000 0.000137 0.997538 0.000821 0.000137 0.000821 0.000410 0.000155 0.000000 0.000000 0.000161 0.997257 0.000890 0.000139 0.000920 0.000479 0.007659 0.018600 0.008342 0.023796 0.875137 0.027489 0.009026 0.021472 0.008479 0.008155 0.019670 0.008730 0.024851 0.868052 0.029124 0.009679 0.022701 0.009039 
0.000261 0.001699 0.000000 0.001045 0.995688 0.000392 0.000000 0.000784 0.000131 0.000299 0.001846 0.000000 0.001307 0.994788 0.000522 0.000000 0.001100 0.000138 0.006664 0.024043 0.009931 0.025742 0.872338 0.023912 0.007448 0.022214 0.007709 0.007024 0.025471 0.010424 0.027364 0.865080 0.025242 0.007693 0.023655 0.008047 
0.000132 0.001579 0.000000 0.000263 0.996184 0.000395 0.000000 0.001316 0.000132 0.000134 0.001813 0.000000 0.000285 0.995392 0.000447 0.000000 0.001795 0.000134 0.003422 0.014607 0.003027 0.019871 0.917094 0.018687 0.003290 0.016055 0.003948 0.003634 0.016229 0.003281 0.021126 0.910281 0.020010 0.003561 0.017684 0.004193 
0.000233 0.000698 0.000000 0.001048 0.995925 0.000582 0.000233 0.001164 0.000116 0.000254 0.000729 0.000000 0.001331 0.995017 0.000643 0.000276 0.001632 0.000118 0.005937 0.017346 0.005588 0.019674 0.902445 0.018976 0.008382 0.017462 0.004191 0.006372 0.018323 0.005956 0.021072 0.895594 0.020054 0.009090 0.019145 0.004395 
0.000000 0.001053 0.000000 0.001580 0.996103 0.000948 0.000000 0.000211 0.000105 0.000000 0.001422 0.000000 0.001944 0.995058 0.001142 0.000000 0.000323 0.000111 0.007794 0.019800 0.005371 0.018747 0.897104 0.018957 0.006635 0.019273 0.006319 0.008191 0.021543 0.005691 0.020500 0.889279 0.020335 0.006940 0.020834 0.006686 
0.000092 0.000915 0.000092 0.001007 0.995332 0.001098 0.000275 0.001007 0.000183 0.000100 0.001074 0.000095 0.001249 0.994527 0.001275 0.000306 0.001173 0.000201 0.005858 0.018215 0.006773 0.022975 0.896018 0.018581 0.006499 0.019130 0.005950 0.006323 0.019206 0.007224 0.024576 0.888347 0.020285 0.007088 0.020482 0.006469 
0.000292 0.000876 0.000195 0.000876 0.996400 0.000487 0.000389 0.000487 0.000000 0.000331 0.001062 0.000226 0.001031 0.995755 0.000514 0.000447 0.000633 0.000000 0.005449 0.020434 0.007687 0.018877 0.896079 0.016931 0.008855 0.019656 0.006033 0.005889 0.021759 0.008216 0.020023 0.889447 0.017977 0.009398 0.020753 0.006537 
0.000000 0.001748 0.000109 0.001530 0.994100 0.001311 0.000109 0.000983 0.000109 0.000000 0.001863 0.000111 0.001615 0.993566 0.001506 0.000115 0.001109 0.000115 0.008195 0.025568 0.006556 0.022399 0.881010 0.018575 0.008413 0.023164 0.006119 0.008739 0.026846 0.007046 0.023805 0.873429 0.019896 0.009077 0.024663 0.006500 
0.000229 0.001029 0.000457 0.001029 0.994742 0.001257 0.000000 0.001029 0.000229 0.000235 0.001153 0.000500 0.001242 0.993881 0.001576 0.000000 0.001173 0.000242 0.006516 0.022977 0.005716 0.020233 0.883288 0.022291 0.008230 0.022405 0.008345 0.006903 0.024454 0.006150 0.021603 0.875629 0.024146 0.008700 0.023659 0.008758 
0.000100 0.001004 0.000000 0.000703 0.996688 0.000602 0.000000 0.000903 0.000000 0.000116 0.001225 0.000000 0.000729 0.996208 0.000621 0.000000 0.001101 0.000000 0.009736 0.023989 0.011543 0.030513 0.849644 0.032320 0.009736 0.022282 0.010238 0.010156 0.025189 0.012085 0.031816 0.842552 0.033664 0.010240 0.023586 0.010712 
0.000094 0.000375 0.000094 0.000843 0.996722 0.000937 0.000281 0.000656 0.000000 0.000112 0.000392 0.000095 0.000872 0.996218 0.001240 0.000307 0.000763 0.000000 0.008898 0.024166 0.008898 0.025290 0.856407 0.029599 0.010865 0.025290 0.010584 0.009273 0.025322 0.009382 0.026543 0.849156 0.031400 0.011518 0.026387 0.011020 
0.000097 0.001836 0.000193 0.001449 0.994106 0.000773 0.000193 0.001353 0.000000 0.000115 0.002534 0.000267 0.001693 0.992434 0.000882 0.000217 0.001857 0.000000 0.008310 0.020195 0.006474 0.021258 0.893033 0.019229 0.007440 0.017779 0.006281 0.008783 0.021973 0.006994 0.022855 0.885054 0.020503 0.007941 0.019201 0.006696 
0.000000 0.000738 0.000105 0.000843 0.995679 0.000632 0.000105 0.001475 0.000422 0.000000 0.000885 0.000132 0.001097 0.994780 0.000713 0.000112 0.001819 0.000462 0.004532 0.015702 0.004110 0.017178 0.917062 0.013279 0.004637 0.019391 0.004110 0.004932 0.016921 0.004410 0.018872 0.909779 0.014383 0.005043 0.021036 0.004624 
0.000212 0.000318 0.000318 0.001377 0.995234 0.000424 0.000106 0.002012 0.000000 0.000253 0.000446 0.000351 0.002085 0.993228 0.000560 0.000121 0.002957 0.000000 0.006355 0.016841 0.006037 0.021078 0.897257 0.021184 0.006355 0.018854 0.006037 0.006936 0.017902 0.006498 0.023426 0.888152 0.022815 0.006770 0.020944 0.006556 
0.000000 0.000765 0.000218 0.000765 0.997160 0.000218 0.000000 0.000765 0.000109 0.000000 0.000868 0.000281 0.001054 0.996462 0.000326 0.000000 0.000896 0.000112 0.006444 0.018458 0.004150 0.015727 0.913499 0.013325 0.005461 0.018021 0.004915 0.006851 0.019642 0.004500 0.017228 0.907002 0.014265 0.005795 0.019489 0.005228 
0.000093 0.000926 0.000093 0.000555 0.996575 0.000833 0.000093 0.000741 0.000093 0.000097 0.001107 0.000094 0.000592 0.996052 0.001000 0.000095 0.000840 0.000123 0.011386 0.029344 0.008146 0.028511 0.855225 0.023605 0.009442 0.024160 0.010182 0.011848 0.030731 0.008611 0.029972 0.847886 0.024934 0.009918 0.025329 0.010771 
0.000343 0.001028 0.000171 0.000771 0.995716 0.000943 0.000171 0.000600 0.000257 0.000353 0.001249 0.000181 0.000850 0.995235 0.001031 0.000173 0.000655 0.000273 0.008483 0.021164 0.006341 0.020564 0.892640 0.018507 0.006512 0.019878 0.005912 0.009101 0.022703 0.006669 0.021656 0.885555 0.019813 0.006933 0.021214 0.006356 
0.000181 0.001451 0.000181 0.000907 0.995739 0.000544 0.000544 0.000453 0.000000 0.000191 0.001742 0.000186 0.001047 0.995194 0.000585 0.000578 0.000477 0.000000 0.006437 0.023028 0.005530 0.020127 0.900997 0.017135 0.006074 0.017951 0.002720 0.006932 0.024563 0.006007 0.021535 0.894042 0.018488 0.006548 0.018975 0.002911 
0.000198 0.000792 0.000594 0.000594 0.996137 0.000495 0.000099 0.000891 0.000198 0.000248 0.000948 0.000778 0.000676 0.995356 0.000520 0.000102 0.001165 0.000207 0.005250 0.025059 0.007528 0.018918 0.894315 0.019116 0.006042 0.018324 0.005448 0.005589 0.026538 0.008345 0.020017 0.887153 0.020448 0.006459 0.019713 0.005739 
0.000375 0.000282 0.000563 0.000845 0.995402 0.001126 0.000375 0.001032 0.000000 0.000419 0.000283 0.000637 0.000979 0.994695 0.001275 0.000412 0.001300 0.000000 0.010511 0.022241 0.009478 0.024024 0.871059 0.027778 0.008821 0.017924 0.008164 0.011193 0.023343 0.010164 0.025296 0.863492 0.029479 0.009424 0.019002 0.008606 
0.000000 0.000875 0.000000 0.001264 0.995528 0.001167 0.000194 0.000680 0.000292 0.000000 0.001076 0.000000 0.001687 0.994477 0.001389 0.000207 0.000849 0.000315 0.009721 0.024789 0.008846 0.022844 0.873530 0.022942 0.006610 0.022553 0.008166 0.010227 0.026275 0.009393 0.024517 0.865510 0.024567 0.006954 0.023823 0.008735 
0.000000 0.000587 0.000098 0.001076 0.996381 0.000782 0.000098 0.000587 0.000391 0.000000 0.000729 0.000104 0.001204 0.995626 0.001083 0.000103 0.000720 0.000432 0.008803 0.024159 0.006553 0.027093 0.871577 0.022007 0.010466 0.020931 0.008412 0.009320 0.025413 0.006926 0.028750 0.863907 0.023316 0.011181 0.022203 0.008984 
0.000283 0.001225 0.000094 0.001037 0.995759 0.000377 0.000283 0.000471 0.000471 0.000297 0.001596 0.000130 0.001499 0.994479 0.000485 0.000309 0.000668 0.000537 0.005655 0.019604 0.005655 0.018662 0.903487 0.014703 0.007163 0.018567 0.006503 0.006035 0.021174 0.006097 0.020293 0.896282 0.015493 0.007592 0.019907 0.007127 
0.000000 0.000331 0.000000 0.000221 0.998455 0.000331 0.000110 0.000442 0.000110 0.000000 0.000448 0.000000 0.000232 0.998183 0.000419 0.000119 0.000468 0.000132 0.005078 0.013467 0.002649 0.014130 0.926372 0.013357 0.005409 0.013467 0.006071 0.005416 0.014409 0.002818 0.015067 0.921128 0.014194 0.005867 0.014497 0.006605 
0.000000 0.000482 0.000000 0.000603 0.997950 0.000724 0.000000 0.000241 0.000000 0.000000 0.000533 0.000000 0.000641 0.997702 0.000808 0.000000 0.000315 0.000000 0.004704 0.018092 0.006513 0.018574 0.905681 0.016886 0.006392 0.017368 0.005789 0.004999 0.019227 0.006943 0.019562 0.899989 0.017761 0.006801 0.018508 0.006211 
0.000000 0.000743 0.000000 0.000892 0.996880 0.000446 0.000149 0.000892 0.000000 0.000000 0.000822 0.000000 0.001092 0.996117 0.000614 0.000173 0.001182 0.000000 0.004903 0.019168 0.006984 0.018128 0.903120 0.014710 0.006538 0.019614 0.006835 0.005136 0.020264 0.007430 0.019520 0.896609 0.015688 0.006955 0.020991 0.007407 
0.000143 0.000859 0.000286 0.001003 0.996563 0.000430 0.000143 0.000573 0.000000 0.000188 0.001097 0.000327 0.001297 0.995762 0.000450 0.000144 0.000736 0.000000 0.007734 0.020624 0.004297 0.020911 0.900602 0.018619 0.005443 0.016041 0.005729 0.008289 0.022103 0.004575 0.022377 0.893851 0.019601 0.005838 0.017181 0.006185 
0.000153 0.000919 0.000000 0.000612 0.996632 0.000612 0.000306 0.000459 0.000306 0.000166 0.001075 0.000000 0.000727 0.995840 0.000773 0.000318 0.000713 0.000388 0.005818 0.017759 0.006583 0.017299 0.907532 0.017606 0.005205 0.016993 0.005205 0.006237 0.018783 0.007128 0.018458 0.901178 0.018733 0.005563 0.018316 0.005604 
0.000429 0.003006 0.000143 0.000572 0.993989 0.000859 0.000143 0.000716 0.000143 0.000480 0.003315 0.000168 0.000665 0.993011 0.001117 0.000175 0.000921 0.000147 0.004007 0.018606 0.005296 0.014026 0.919279 0.012738 0.007586 0.015457 0.003006 0.004471 0.020224 0.005899 0.015069 0.912208 0.014088 0.008160 0.016663 0.003218 
0.000471 0.000942 0.000235 0.001295 0.994822 0.001177 0.000118 0.000824 0.000118 0.000596 0.001043 0.000238 0.001458 0.994097 0.001315 0.000207 0.000921 0.000124 0.004590 0.017065 0.003884 0.016712 0.926092 0.011769 0.003531 0.013887 0.002471 0.005071 0.018168 0.004314 0.018145 0.919944 0.012933 0.003996 0.014742 0.002686 
0.000231 0.000692 0.000231 0.001731 0.994692 0.000577 0.000231 0.001500 0.000115 0.000247 0.000722 0.000271 0.002012 0.993969 0.000637 0.000255 0.001763 0.000124 0.006000 0.021117 0.008424 0.022040 0.885530 0.019963 0.006577 0.023425 0.006924 0.006398 0.022180 0.009095 0.023484 0.878173 0.021190 0.007171 0.024897 0.007412 
0.000118 0.000590 0.000590 0.002124 0.994100 0.000826 0.000000 0.001416 0.000236 0.000127 0.000663 0.000702 0.002511 0.993157 0.000864 0.000000 0.001697 0.000280 0.010619 0.027257 0.011327 0.027493 0.850501 0.026903 0.008968 0.025959 0.010973 0.011155 0.028700 0.012014 0.029116 0.842017 0.028348 0.009434 0.027575 0.011640 
0.000135 0.001082 0.000135 0.000676 0.995809 0.000946 0.000270 0.000811 0.000135 0.000146 0.001334 0.000142 0.000737 0.995087 0.001135 0.000271 0.001013 0.000136 0.007571 0.020684 0.005813 0.025281 0.881844 0.016764 0.008923 0.025821 0.007300 0.008063 0.022049 0.006090 0.026843 0.874114 0.017976 0.009639 0.027474 0.007752 
0.000139 0.001250 0.000000 0.000555 0.996945 0.000694 0.000139 0.000278 0.000000 0.000146 0.001452 0.000000 0.000868 0.996190 0.000862 0.000155 0.000326 0.000000 0.003471 0.014024 0.002222 0.012635 0.936823 0.009997 0.003194 0.013607 0.004027 0.003660 0.015488 0.002370 0.013742 0.930763 0.011072 0.003444 0.015014 0.004447 
0.000000 0.000753 0.000125 0.000627 0.997366 0.000000 0.000000 0.001129 0.000000 0.000000 0.000946 0.000144 0.000815 0.996672 0.000000 0.000000 0.001423 0.000000 0.003387 0.013798 0.003011 0.012669 0.926242 0.015429 0.004014 0.015429 0.006021 0.003671 0.014785 0.003333 0.013877 0.920062 0.016675 0.004299 0.016681 0.006617 
0.000236 0.001414 0.000000 0.001060 0.995641 0.000471 0.000000 0.001060 0.000118 0.000303 0.001824 0.000000 0.001449 0.994478 0.000557 0.000000 0.001260 0.000129 0.007658 0.021089 0.007422 0.020028 0.893732 0.015905 0.006951 0.022502 0.004713 0.008228 0.022728 0.008059 0.021584 0.885801 0.016804 0.007508 0.024255 0.005033 
0.000121 0.000485 0.000121 0.000606 0.996847 0.000728 0.000364 0.000485 0.000243 0.000154 0.000669 0.000124 0.000668 0.996136 0.000917 0.000456 0.000595 0.000281 0.005579 0.019284 0.005700 0.017223 0.905882 0.016374 0.006428 0.018193 0.005337 0.005970 0.020614 0.006168 0.018596 0.898736 0.017618 0.007003 0.019498 0.005798 
0.000000 0.001086 0.000121 0.000483 0.996261 0.001086 0.000121 0.000483 0.000362 0.000000 0.001413 0.000141 0.000514 0.995574 0.001124 0.000143 0.000639 0.000452 0.006152 0.017612 0.005066 0.017370 0.909168 0.017250 0.006393 0.015199 0.005790 0.006616 0.018907 0.005385 0.018512 0.902974 0.018232 0.006852 0.016312 0.006210 
0.000389 0.000908 0.000130 0.001167 0.995851 0.000778 0.000130 0.000519 0.000130 0.000436 0.001004 0.000132 0.001489 0.995173 0.000796 0.000132 0.000702 0.000135 0.006094 0.018413 0.005316 0.020358 0.911955 0.011670 0.004279 0.016338 0.005576 0.006471 0.019505 0.005681 0.021973 0.906051 0.012296 0.004529 0.017513 0.005982 
0.000134 0.001342 0.000134 0.000939 0.995571 0.000671 0.000134 0.001074 0.000000 0.000135 0.001374 0.000136 0.001060 0.995185 0.000702 0.000137 0.001271 0.000000 0.002953 0.013689 0.002818 0.014092 0.936921 0.013287 0.003221 0.009932 0.003087 0.003289 0.014504 0.003096 0.015263 0.931921 0.014086 0.003580 0.010915 0.003345 
0.000333 0.001332 0.000666 0.001498 0.994507 0.000999 0.000499 0.000166 0.000000 0.000357 0.001663 0.000790 0.001726 0.993630 0.001069 0.000532 0.000232 0.000000 0.002330 0.010652 0.003162 0.014314 0.939248 0.013149 0.003995 0.009487 0.003662 0.002634 0.011809 0.003677 0.015444 0.933446 0.014365 0.004611 0.010161 0.003854 
0.000000 0.000814 0.000610 0.001017 0.995524 0.000610 0.000610 0.000814 0.000000 0.000000 0.000932 0.000699 0.001269 0.994671 0.000698 0.000665 0.001065 0.000000 0.001221 0.012004 0.002848 0.010783 0.951373 0.008342 0.004069 0.007731 0.001628 0.001363 0.013381 0.003165 0.011754 0.946008 0.009005 0.004806 0.008657 0.001860 
0.000000 0.000396 0.000198 0.000792 0.997029 0.000396 0.000198 0.000990 0.000000 0.000000 0.000458 0.000220 0.000901 0.996622 0.000466 0.000222 0.001111 0.000000 0.001783 0.010895 0.003368 0.008716 0.950674 0.008716 0.006735 0.005943 0.003170 0.001877 0.011935 0.003609 0.009675 0.945786 0.009779 0.007327 0.006566 0.003446 
0.000197 0.000590 0.000000 0.000786 0.995872 0.000983 0.000000 0.001376 0.000197 0.000196 0.001148 0.000000 0.000937 0.995080 0.001011 0.000000 0.001425 0.000203 0.004914 0.013564 0.006684 0.013957 0.930214 0.013367 0.005504 0.009632 0.002162 0.005258 0.014981 0.007091 0.015077 0.924422 0.014387 0.005878 0.010486 0.002421 
0.000232 0.000232 0.000000 0.000464 0.997217 0.000696 0.000464 0.000696 0.000000 0.000322 0.000232 0.000000 0.000543 0.996632 0.000854 0.000500 0.000918 0.000000 0.003711 0.008117 0.003247 0.016698 0.941327 0.012291 0.004638 0.008813 0.001160 0.004147 0.008978 0.003504 0.018268 0.935212 0.013487 0.005151 0.010045 0.001208 
0.000000 0.000733 0.000183 0.000183 0.997619 0.000733 0.000000 0.000366 0.000183 0.000000 0.001100 0.000336 0.000229 0.996831 0.000777 0.000000 0.000459 0.000268 0.006595 0.016853 0.007511 0.015571 0.904012 0.020700 0.006045 0.015754 0.006961 0.006992 0.018245 0.008089 0.016509 0.897525 0.022120 0.006375 0.016786 0.007359 
0.002247 0.002247 0.000000 0.000000 0.988764 0.004494 0.002247 0.000000 0.000000 0.002811 0.002560 0.000000 0.000000 0.987723 0.004626 0.002280 0.000000 0.000000 0.004494 0.017978 0.008989 0.020225 0.889888 0.033708 0.013483 0.011236 0.000000 0.005000 0.020443 0.009314 0.021160 0.881732 0.036379 0.014199 0.011771 0.000000 
