0.000169 0.003384 0.000000 0.004229 0.984605 0.004229 0.000338 0.002876 0.000169 0.000174 0.003863 0.000000 0.004821 0.982482 0.004748 0.000432 0.003261 0.000220 0.001184 0.017425 0.000677 0.010151 0.945356 0.009474 0.002538 0.012181 0.001015 0.001290 0.020031 0.000843 0.011458 0.937098 0.010825 0.003024 0.014291 0.001141 
0.000267 0.002667 0.000267 0.004800 0.984800 0.003733 0.000267 0.002933 0.000267 0.000290 0.003285 0.000271 0.006687 0.981546 0.004053 0.000271 0.003321 0.000276 0.003733 0.015467 0.002933 0.016267 0.936800 0.009333 0.001067 0.010933 0.003467 0.004275 0.018465 0.003183 0.019869 0.926348 0.010477 0.001226 0.012362 0.003795 
0.000965 0.007843 0.000362 0.009894 0.970681 0.005068 0.000603 0.004344 0.000241 0.001025 0.008589 0.000450 0.010215 0.968589 0.005625 0.000677 0.004574 0.000256 0.004947 0.028354 0.002775 0.022321 0.894908 0.015685 0.004464 0.022804 0.003740 0.005316 0.030988 0.003127 0.023290 0.886744 0.017193 0.004757 0.024593 0.003993 
0.000000 0.000538 0.000269 0.004572 0.988973 0.002690 0.000538 0.002152 0.000269 0.000000 0.000600 0.000361 0.004915 0.987870 0.002944 0.000560 0.002352 0.000399 0.002690 0.012910 0.002690 0.012910 0.939484 0.011027 0.001614 0.013717 0.002959 0.002892 0.014174 0.003039 0.014079 0.933410 0.012223 0.001685 0.015311 0.003189 
0.000764 0.004201 0.000191 0.015658 0.971167 0.004774 0.000955 0.002100 0.000191 0.000827 0.004607 0.000196 0.016322 0.969137 0.005244 0.001069 0.002395 0.000203 0.005728 0.022341 0.004010 0.028642 0.895742 0.015085 0.004965 0.016040 0.007447 0.006305 0.024506 0.004243 0.030326 0.887629 0.016189 0.005311 0.017547 0.007943 
0.001874 0.010827 0.000416 0.019467 0.951905 0.008953 0.001249 0.004789 0.000521 0.001974 0.011827 0.000436 0.020209 0.948152 0.009999 0.001391 0.005396 0.000617 0.009473 0.038309 0.007599 0.042994 0.834895 0.027066 0.008953 0.025401 0.005309 0.010005 0.041193 0.008032 0.044674 0.824592 0.028836 0.009611 0.027404 0.005653 
0.000519 0.003630 0.000864 0.004322 0.982368 0.002766 0.000691 0.004494 0.000346 0.000593 0.004172 0.000959 0.005124 0.979114 0.003339 0.000886 0.005436 0.000377 0.004322 0.023336 0.005013 0.019015 0.906655 0.015730 0.005186 0.017113 0.003630 0.005025 0.025790 0.005546 0.020877 0.895874 0.018108 0.005733 0.019066 0.003981 
0.000800 0.009304 0.000700 0.012205 0.964086 0.005202 0.001100 0.005802 0.000800 0.000856 0.010219 0.000762 0.013002 0.960662 0.005630 0.001208 0.006718 0.000943 0.010004 0.037115 0.007803 0.030612 0.849140 0.019808 0.009804 0.029712 0.006002 0.010471 0.040073 0.008322 0.032764 0.838355 0.020935 0.010231 0.032412 0.006437 
0.000173 0.002601 0.000867 0.006936 0.979712 0.004682 0.000694 0.003641 0.000694 0.000198 0.002904 0.001001 0.007918 0.977025 0.005300 0.000792 0.003978 0.000886 0.002428 0.023062 0.005549 0.019074 0.904110 0.018380 0.003815 0.021155 0.002428 0.002764 0.025065 0.006110 0.021259 0.893268 0.020835 0.004201 0.023564 0.002935 
0.000979 0.007612 0.000435 0.021422 0.953784 0.006090 0.001522 0.007721 0.000435 0.001024 0.008371 0.000478 0.022722 0.950071 0.006365 0.001702 0.008760 0.000507 0.008264 0.032188 0.006633 0.039039 0.846237 0.022836 0.008264 0.029252 0.007286 0.008716 0.035207 0.006864 0.041005 0.835098 0.024090 0.008971 0.032174 0.007875 
0.000231 0.002312 0.000462 0.008092 0.981503 0.003468 0.001387 0.002543 0.000000 0.000231 0.002716 0.000495 0.009290 0.978663 0.004066 0.001623 0.002917 0.000000 0.003237 0.016185 0.002775 0.018960 0.925780 0.013410 0.003931 0.013642 0.002081 0.003444 0.018112 0.003154 0.021535 0.916193 0.015252 0.004531 0.015529 0.002249 
0.000497 0.007698 0.000372 0.010430 0.971319 0.005711 0.000497 0.003352 0.000124 0.000528 0.008159 0.000432 0.011069 0.969346 0.006157 0.000515 0.003669 0.000125 0.005215 0.030296 0.004718 0.023467 0.896325 0.016514 0.004346 0.017010 0.002111 0.005588 0.032426 0.005121 0.024961 0.888438 0.017796 0.004695 0.018713 0.002264 
0.000941 0.008941 0.000353 0.019176 0.958471 0.006941 0.000706 0.004000 0.000471 0.001024 0.009707 0.000375 0.020259 0.955418 0.007497 0.000730 0.004512 0.000478 0.006588 0.033529 0.003647 0.034000 0.866706 0.019765 0.006706 0.024588 0.004471 0.006938 0.036410 0.003984 0.035743 0.857184 0.021150 0.007102 0.026747 0.004742 
0.000206 0.003093 0.000412 0.008660 0.980000 0.004124 0.000206 0.002680 0.000619 0.000206 0.003397 0.000486 0.009581 0.977315 0.004888 0.000239 0.003187 0.000701 0.002474 0.021649 0.002887 0.021649 0.915464 0.014021 0.002474 0.014433 0.004948 0.002624 0.023713 0.003173 0.023917 0.905653 0.015736 0.002714 0.016691 0.005781 
0.000787 0.006764 0.000472 0.016360 0.964291 0.004405 0.000315 0.005191 0.001416 0.000823 0.007579 0.000563 0.017425 0.960878 0.004867 0.000319 0.005898 0.001648 0.006607 0.028944 0.005820 0.030832 0.876042 0.018562 0.004090 0.022495 0.006607 0.007121 0.031737 0.006348 0.033252 0.865709 0.020034 0.004224 0.024372 0.007204 
0.000796 0.005251 0.000159 0.012572 0.969446 0.005570 0.000477 0.005729 0.000000 0.000873 0.005638 0.000161 0.013698 0.966784 0.006171 0.000560 0.006115 0.000000 0.005729 0.024029 0.005570 0.029122 0.886537 0.018619 0.006206 0.019733 0.004456 0.006163 0.025300 0.005885 0.031391 0.878871 0.020149 0.006620 0.021029 0.004592 
0.000000 0.001810 0.000226 0.003845 0.988917 0.001357 0.000226 0.003167 0.000452 0.000000 0.001951 0.000230 0.004448 0.987567 0.001456 0.000334 0.003528 0.000486 0.003167 0.011083 0.003845 0.013119 0.941642 0.008143 0.002941 0.014024 0.002036 0.003378 0.012054 0.004259 0.014413 0.936195 0.008755 0.003427 0.015214 0.002306 
0.000252 0.001260 0.000252 0.004790 0.987900 0.002773 0.000252 0.002269 0.000252 0.000265 0.001486 0.000274 0.005514 0.986511 0.002935 0.000256 0.002440 0.000318 0.002017 0.013612 0.003025 0.014621 0.937232 0.009075 0.003025 0.014116 0.003277 0.002157 0.015161 0.003149 0.016580 0.929994 0.010070 0.003292 0.016001 0.003596 
0.000700 0.004201 0.000000 0.013303 0.972519 0.005251 0.000700 0.003151 0.000175 0.000717 0.004661 0.000000 0.013838 0.970378 0.006016 0.000720 0.003450 0.000221 0.006126 0.025906 0.004376 0.031507 0.876947 0.019429 0.009452 0.021355 0.004901 0.006477 0.028006 0.004580 0.033095 0.868620 0.021075 0.009828 0.023108 0.005209 
0.000728 0.006189 0.000364 0.025485 0.954976 0.005947 0.000728 0.005097 0.000485 0.000774 0.006922 0.000379 0.026294 0.951957 0.006743 0.000778 0.005601 0.000551 0.005825 0.028155 0.003155 0.044660 0.858738 0.023422 0.006553 0.023665 0.005825 0.006173 0.029984 0.003317 0.046064 0.849527 0.025690 0.007018 0.025998 0.006230 
0.000175 0.003145 0.000349 0.011183 0.975712 0.004019 0.000524 0.004543 0.000349 0.000193 0.003532 0.000413 0.012252 0.973043 0.004453 0.000559 0.005095 0.000461 0.005067 0.020444 0.003145 0.026559 0.897431 0.016250 0.004718 0.022016 0.004368 0.005424 0.022419 0.003322 0.028996 0.887009 0.018036 0.005120 0.024702 0.004971 
0.000422 0.008230 0.000422 0.012346 0.965917 0.006648 0.000739 0.004854 0.000422 0.000475 0.008649 0.000475 0.013379 0.963195 0.007330 0.000756 0.005287 0.000454 0.005487 0.033238 0.005170 0.027540 0.872956 0.020260 0.006015 0.024797 0.004537 0.005909 0.035420 0.005591 0.029608 0.863380 0.021996 0.006390 0.026847 0.004859 
0.000361 0.002164 0.000541 0.009737 0.978723 0.003606 0.000721 0.003426 0.000721 0.000373 0.002237 0.000626 0.010549 0.976397 0.004064 0.000822 0.004135 0.000796 0.002705 0.018572 0.003065 0.022539 0.916516 0.014425 0.004327 0.015507 0.002344 0.002983 0.020388 0.003461 0.024565 0.907373 0.016107 0.004655 0.017892 0.002575 
0.000762 0.005489 0.000305 0.007624 0.973010 0.007624 0.000457 0.004422 0.000305 0.000791 0.006027 0.000330 0.008439 0.970403 0.008397 0.000457 0.004795 0.000361 0.006099 0.031260 0.004422 0.022415 0.884568 0.019518 0.005337 0.022568 0.003812 0.006489 0.034137 0.004711 0.024001 0.875349 0.021219 0.005505 0.024455 0.004134 
0.000370 0.003880 0.000370 0.010347 0.979120 0.003326 0.000000 0.002402 0.000185 0.000426 0.004345 0.000396 0.011012 0.976796 0.003991 0.000000 0.002772 0.000262 0.003695 0.017369 0.004619 0.022727 0.918699 0.011456 0.003141 0.015152 0.003141 0.003982 0.019480 0.005073 0.024426 0.909942 0.013240 0.003229 0.017192 0.003436 
0.000446 0.009028 0.000557 0.018502 0.962216 0.004904 0.000669 0.003121 0.000557 0.000484 0.009609 0.000623 0.019500 0.959414 0.005338 0.000728 0.003679 0.000625 0.006353 0.034552 0.006019 0.038564 0.859117 0.019394 0.006799 0.024855 0.004347 0.006834 0.036909 0.006489 0.040526 0.849497 0.020815 0.007420 0.026974 0.004538 
0.000000 0.002380 0.000000 0.009320 0.980765 0.003371 0.000198 0.003966 0.000000 0.000000 0.002752 0.000000 0.010275 0.978063 0.003885 0.000332 0.004692 0.000000 0.002181 0.011898 0.003371 0.017847 0.930399 0.013881 0.003371 0.014872 0.002181 0.002290 0.013408 0.003949 0.020025 0.921300 0.015635 0.004248 0.016828 0.002317 
0.000119 0.006207 0.000239 0.008833 0.973621 0.005013 0.000477 0.004894 0.000597 0.000143 0.006962 0.000256 0.009309 0.970994 0.005561 0.000558 0.005538 0.000679 0.005371 0.031272 0.007162 0.023872 0.878730 0.018381 0.006207 0.023991 0.005013 0.005664 0.034023 0.007761 0.025850 0.868676 0.019812 0.006715 0.026088 0.005411 
0.000645 0.006929 0.000806 0.011279 0.970029 0.004834 0.001289 0.003706 0.000483 0.000691 0.007600 0.000858 0.012124 0.966942 0.005635 0.001381 0.004153 0.000615 0.004028 0.025459 0.004673 0.025459 0.892362 0.018208 0.005962 0.021270 0.002578 0.004221 0.027694 0.005092 0.027243 0.882580 0.020115 0.006546 0.023682 0.002827 
0.000544 0.005445 0.000544 0.007985 0.977677 0.003811 0.000907 0.002904 0.000181 0.000639 0.005806 0.000602 0.008701 0.975582 0.004191 0.001024 0.003052 0.000403 0.003993 0.027586 0.005445 0.025408 0.897822 0.014701 0.004356 0.017060 0.003630 0.004275 0.030193 0.005788 0.027705 0.889572 0.015561 0.004727 0.018162 0.004018 
0.000712 0.006231 0.000178 0.005697 0.980951 0.002848 0.000712 0.002670 0.000000 0.000863 0.006812 0.000186 0.006962 0.978202 0.003360 0.000764 0.002851 0.000000 0.005163 0.022788 0.004629 0.015667 0.917928 0.011750 0.004273 0.014955 0.002848 0.005616 0.025451 0.004975 0.017477 0.908653 0.013333 0.004820 0.016523 0.003153 
0.000404 0.002827 0.000202 0.005855 0.982839 0.004442 0.000606 0.002423 0.000404 0.000412 0.002883 0.000230 0.006314 0.981419 0.005020 0.000670 0.002641 0.000411 0.006865 0.025237 0.006057 0.025035 0.885322 0.022007 0.004846 0.019584 0.005047 0.007322 0.026838 0.006300 0.026812 0.876415 0.024428 0.005042 0.021454 0.005390 
0.001013 0.008667 0.000338 0.013733 0.966344 0.006078 0.000450 0.003039 0.000338 0.001148 0.009228 0.000397 0.014665 0.963622 0.006751 0.000481 0.003363 0.000346 0.007091 0.033656 0.006191 0.032981 0.862562 0.020824 0.007542 0.023976 0.005178 0.007498 0.035835 0.006771 0.035079 0.853546 0.022489 0.007860 0.025326 0.005596 
0.000958 0.003450 0.001150 0.008624 0.977194 0.003641 0.001725 0.002875 0.000383 0.001028 0.004065 0.001250 0.009847 0.973916 0.004041 0.001839 0.003581 0.000433 0.003066 0.019739 0.003641 0.015715 0.922959 0.013990 0.004791 0.013032 0.003066 0.003538 0.022776 0.004077 0.018193 0.911729 0.015894 0.005425 0.014899 0.003468 
0.000273 0.005589 0.000682 0.006543 0.976418 0.003408 0.000954 0.005725 0.000409 0.000312 0.006019 0.000766 0.007340 0.974073 0.003841 0.001080 0.006144 0.000426 0.005998 0.029853 0.006679 0.022356 0.883724 0.015812 0.005589 0.024537 0.005453 0.006228 0.032148 0.007255 0.023908 0.875124 0.017000 0.006077 0.026539 0.005722 
0.000853 0.006338 0.000609 0.008898 0.971112 0.006338 0.000975 0.004632 0.000244 0.000928 0.006778 0.000674 0.010076 0.967908 0.006932 0.001147 0.005261 0.000296 0.005973 0.029010 0.003291 0.025597 0.886519 0.018649 0.006826 0.020843 0.003291 0.006364 0.030975 0.003610 0.027652 0.877378 0.020232 0.007605 0.022658 0.003527 
0.000923 0.007995 0.000615 0.009533 0.973862 0.001845 0.000308 0.004920 0.000000 0.001036 0.008129 0.000618 0.010363 0.971858 0.001958 0.000308 0.005730 0.000000 0.007073 0.033210 0.003998 0.026445 0.876384 0.017835 0.003690 0.027983 0.003383 0.007417 0.035292 0.004293 0.028721 0.867580 0.018925 0.003819 0.030423 0.003530 
