0.000127 0.000972 0.000000 0.000634 0.996830 0.000507 0.000085 0.000634 0.000211 0.000129 0.001037 0.000000 0.000766 0.996547 0.000532 0.000087 0.000675 0.000227 0.005663 0.014369 0.004395 0.011791 0.928282 0.011918 0.004945 0.013439 0.005198 0.005886 0.015048 0.004597 0.012532 0.924791 0.012425 0.005213 0.014023 0.005484 
0.000039 0.000549 0.000000 0.000157 0.997806 0.000980 0.000078 0.000313 0.000078 0.000043 0.000586 0.000000 0.000165 0.997602 0.001092 0.000095 0.000329 0.000087 0.002821 0.010228 0.002155 0.010032 0.953172 0.008268 0.001607 0.008386 0.003331 0.003000 0.010782 0.002292 0.010592 0.950374 0.008823 0.001753 0.008861 0.003523 
0.000065 0.000452 0.000000 0.000323 0.998095 0.000355 0.000065 0.000484 0.000161 0.000068 0.000474 0.000000 0.000347 0.997911 0.000412 0.000079 0.000526 0.000183 0.003423 0.012368 0.001873 0.013240 0.940582 0.011432 0.001679 0.012497 0.002906 0.003615 0.013019 0.002003 0.013895 0.937246 0.012075 0.001832 0.013175 0.003139 
0.000150 0.000630 0.000030 0.000570 0.997391 0.000600 0.000060 0.000360 0.000210 0.000157 0.000677 0.000033 0.000606 0.997136 0.000678 0.000062 0.000417 0.000235 0.002579 0.008998 0.001949 0.008728 0.958311 0.006478 0.001170 0.009358 0.002429 0.002775 0.009534 0.002107 0.009305 0.955479 0.006898 0.001311 0.010028 0.002564 
0.000057 0.000482 0.000057 0.000312 0.998355 0.000199 0.000000 0.000511 0.000028 0.000060 0.000500 0.000083 0.000339 0.998231 0.000220 0.000000 0.000536 0.000032 0.002978 0.011289 0.001815 0.010693 0.948351 0.008481 0.002071 0.011742 0.002581 0.003145 0.011878 0.001977 0.011290 0.945340 0.008992 0.002205 0.012439 0.002733 
0.000223 0.000445 0.000056 0.000390 0.997969 0.000390 0.000028 0.000362 0.000139 0.000246 0.000486 0.000058 0.000428 0.997795 0.000403 0.000037 0.000394 0.000153 0.003645 0.014609 0.002170 0.013190 0.933996 0.012800 0.002365 0.013858 0.003367 0.003888 0.015332 0.002328 0.013866 0.930248 0.013521 0.002581 0.014624 0.003613 
0.000148 0.000502 0.000030 0.000266 0.998169 0.000266 0.000148 0.000443 0.000030 0.000169 0.000527 0.000031 0.000312 0.997960 0.000304 0.000185 0.000482 0.000030 0.004490 0.012466 0.001950 0.011166 0.944613 0.008685 0.002275 0.011284 0.003072 0.004757 0.013052 0.002076 0.011825 0.941457 0.009212 0.002469 0.011913 0.003240 
0.000056 0.000222 0.000056 0.000194 0.998472 0.000445 0.000028 0.000445 0.000083 0.000062 0.000254 0.000072 0.000217 0.998251 0.000511 0.000040 0.000499 0.000095 0.003223 0.010835 0.001500 0.009696 0.950046 0.008891 0.001667 0.011752 0.002389 0.003440 0.011404 0.001629 0.010206 0.947025 0.009450 0.001828 0.012485 0.002533 
0.000078 0.000469 0.000078 0.000365 0.998385 0.000313 0.000026 0.000287 0.000000 0.000082 0.000538 0.000097 0.000391 0.998198 0.000359 0.000026 0.000308 0.000000 0.004143 0.014173 0.002032 0.013548 0.936376 0.011021 0.002110 0.013131 0.003465 0.004361 0.014902 0.002246 0.014289 0.932765 0.011662 0.002273 0.013804 0.003698 
0.000127 0.000762 0.000000 0.000229 0.997967 0.000483 0.000000 0.000381 0.000051 0.000131 0.000838 0.000000 0.000267 0.997763 0.000524 0.000000 0.000421 0.000055 0.003050 0.012886 0.001932 0.008972 0.948152 0.009556 0.001601 0.010700 0.003152 0.003283 0.013651 0.002105 0.009543 0.944790 0.010210 0.001707 0.011339 0.003371 
0.000026 0.000494 0.000000 0.000494 0.997972 0.000234 0.000156 0.000572 0.000052 0.000029 0.000533 0.000000 0.000543 0.997784 0.000267 0.000189 0.000600 0.000056 0.003562 0.018278 0.002340 0.014872 0.926133 0.012376 0.002626 0.016536 0.003276 0.003775 0.019155 0.002507 0.015694 0.922092 0.013080 0.002841 0.017394 0.003462 
0.000052 0.000985 0.000026 0.000674 0.997226 0.000726 0.000000 0.000285 0.000026 0.000058 0.001013 0.000026 0.000758 0.997005 0.000799 0.000000 0.000315 0.000026 0.003163 0.013558 0.001737 0.010629 0.945404 0.009722 0.002333 0.011121 0.002333 0.003373 0.014328 0.001836 0.011358 0.941854 0.010405 0.002503 0.011848 0.002495 
0.000026 0.000894 0.000026 0.000383 0.997905 0.000358 0.000026 0.000332 0.000051 0.000026 0.000956 0.000028 0.000422 0.997722 0.000406 0.000027 0.000357 0.000055 0.003935 0.018117 0.002402 0.013901 0.928811 0.012291 0.002760 0.014846 0.002939 0.004166 0.019105 0.002596 0.014642 0.924733 0.013036 0.002976 0.015610 0.003135 
0.000028 0.000471 0.000055 0.000721 0.998032 0.000360 0.000028 0.000305 0.000000 0.000031 0.000509 0.000061 0.000774 0.997848 0.000410 0.000032 0.000335 0.000000 0.003492 0.016519 0.002162 0.014579 0.931317 0.012251 0.002411 0.015023 0.002245 0.003713 0.017338 0.002309 0.015443 0.927297 0.013040 0.002636 0.015846 0.002378 
0.000085 0.000369 0.000057 0.000398 0.997813 0.000625 0.000170 0.000455 0.000028 0.000089 0.000392 0.000067 0.000426 0.997543 0.000719 0.000187 0.000549 0.000028 0.003636 0.014744 0.002869 0.012897 0.935911 0.010397 0.003068 0.013210 0.003267 0.003794 0.015419 0.003071 0.013715 0.932155 0.011096 0.003350 0.013921 0.003479 
0.000113 0.000622 0.000057 0.000481 0.997823 0.000311 0.000085 0.000452 0.000057 0.000120 0.000672 0.000067 0.000561 0.997563 0.000332 0.000091 0.000530 0.000065 0.002996 0.013795 0.002120 0.011675 0.943859 0.009329 0.002375 0.011223 0.002629 0.003209 0.014526 0.002263 0.012449 0.940584 0.009819 0.002524 0.011816 0.002809 
0.000146 0.000643 0.000029 0.000964 0.997254 0.000497 0.000000 0.000467 0.000000 0.000168 0.000726 0.000031 0.001111 0.996874 0.000564 0.000000 0.000526 0.000000 0.004440 0.018608 0.002892 0.015220 0.925099 0.012240 0.002658 0.015687 0.003155 0.004785 0.019430 0.003146 0.016207 0.921036 0.012859 0.002801 0.016433 0.003304 
0.000147 0.000471 0.000029 0.000530 0.997851 0.000501 0.000088 0.000265 0.000118 0.000176 0.000570 0.000033 0.000642 0.997430 0.000604 0.000099 0.000307 0.000139 0.003062 0.012897 0.001914 0.009010 0.951092 0.007832 0.002002 0.009982 0.002208 0.003278 0.013652 0.002053 0.009657 0.947693 0.008464 0.002248 0.010537 0.002416 
0.000058 0.000438 0.000029 0.000321 0.998160 0.000380 0.000117 0.000409 0.000088 0.000066 0.000470 0.000032 0.000358 0.997977 0.000410 0.000131 0.000455 0.000101 0.003592 0.017201 0.002833 0.013872 0.929268 0.012061 0.002745 0.015361 0.003066 0.003820 0.018026 0.003029 0.014704 0.925287 0.012752 0.003005 0.016106 0.003271 
0.000089 0.000472 0.000089 0.000354 0.997876 0.000502 0.000089 0.000472 0.000059 0.000097 0.000494 0.000098 0.000431 0.997645 0.000523 0.000113 0.000526 0.000072 0.002773 0.010208 0.002508 0.008349 0.954802 0.006786 0.002006 0.010297 0.002272 0.002964 0.010744 0.002699 0.008963 0.951957 0.007244 0.002160 0.010834 0.002436 
0.000055 0.000802 0.000028 0.000443 0.997455 0.000526 0.000055 0.000581 0.000055 0.000060 0.000839 0.000030 0.000522 0.997181 0.000628 0.000066 0.000607 0.000068 0.002822 0.013419 0.002269 0.009379 0.948123 0.008715 0.002103 0.010735 0.002435 0.002985 0.014150 0.002441 0.010080 0.944804 0.009404 0.002270 0.011269 0.002597 
0.000028 0.000282 0.000028 0.000226 0.998561 0.000395 0.000028 0.000451 0.000000 0.000030 0.000299 0.000030 0.000242 0.998416 0.000458 0.000030 0.000496 0.000000 0.002736 0.012919 0.001890 0.010606 0.946490 0.009957 0.001551 0.011481 0.002369 0.002931 0.013556 0.002019 0.011310 0.943210 0.010618 0.001700 0.012124 0.002531 
0.000000 0.000549 0.000110 0.000165 0.998409 0.000329 0.000027 0.000384 0.000027 0.000000 0.000596 0.000128 0.000184 0.998236 0.000372 0.000035 0.000421 0.000028 0.003347 0.013307 0.002003 0.009246 0.945867 0.009493 0.002387 0.011661 0.002689 0.003533 0.014038 0.002173 0.009767 0.942690 0.010161 0.002532 0.012268 0.002839 
0.000085 0.000451 0.000056 0.000226 0.998223 0.000338 0.000000 0.000592 0.000028 0.000089 0.000473 0.000059 0.000245 0.998108 0.000368 0.000000 0.000627 0.000030 0.002059 0.011760 0.001579 0.006909 0.956739 0.007163 0.001692 0.010096 0.002002 0.002219 0.012395 0.001701 0.007380 0.954025 0.007678 0.001794 0.010678 0.002131 
0.000055 0.000466 0.000082 0.000412 0.997970 0.000412 0.000027 0.000466 0.000110 0.000057 0.000481 0.000095 0.000451 0.997811 0.000450 0.000029 0.000509 0.000118 0.003045 0.014432 0.002414 0.011002 0.939640 0.010645 0.002277 0.013197 0.003347 0.003212 0.015020 0.002610 0.011651 0.936355 0.011301 0.002439 0.013850 0.003562 
0.000000 0.000470 0.000000 0.000209 0.998617 0.000418 0.000026 0.000235 0.000026 0.000000 0.000496 0.000000 0.000232 0.998495 0.000470 0.000036 0.000244 0.000027 0.001723 0.010675 0.001723 0.006812 0.959622 0.006604 0.001227 0.009918 0.001697 0.001842 0.011246 0.001863 0.007344 0.956981 0.007124 0.001335 0.010439 0.001827 
0.000026 0.000439 0.000000 0.000465 0.997984 0.000517 0.000026 0.000491 0.000052 0.000027 0.000497 0.000000 0.000525 0.997709 0.000619 0.000026 0.000541 0.000055 0.002352 0.015738 0.001912 0.011242 0.939915 0.009743 0.002093 0.014653 0.002352 0.002499 0.016513 0.002054 0.011915 0.936376 0.010448 0.002263 0.015429 0.002504 
0.000028 0.000385 0.000028 0.000220 0.998762 0.000303 0.000055 0.000193 0.000028 0.000028 0.000427 0.000028 0.000249 0.998618 0.000352 0.000065 0.000204 0.000030 0.001926 0.010345 0.001183 0.006851 0.961234 0.006356 0.001376 0.008997 0.001733 0.002054 0.010852 0.001286 0.007321 0.958928 0.006810 0.001458 0.009424 0.001866 
0.000000 0.000353 0.000027 0.000271 0.998752 0.000407 0.000054 0.000136 0.000000 0.000000 0.000376 0.000032 0.000308 0.998634 0.000435 0.000057 0.000157 0.000000 0.002441 0.012750 0.002224 0.010145 0.944906 0.010118 0.002523 0.012668 0.002224 0.002606 0.013259 0.002401 0.010796 0.941834 0.010783 0.002696 0.013235 0.002389 
0.000131 0.000710 0.000000 0.000578 0.997530 0.000368 0.000105 0.000552 0.000026 0.000141 0.000743 0.000000 0.000642 0.997343 0.000393 0.000108 0.000597 0.000033 0.001813 0.015926 0.002050 0.010197 0.941316 0.011064 0.001708 0.014113 0.001813 0.001917 0.016799 0.002238 0.010843 0.937505 0.011816 0.001866 0.015044 0.001971 
0.000000 0.000374 0.000053 0.000321 0.998556 0.000294 0.000027 0.000321 0.000053 0.000000 0.000399 0.000056 0.000371 0.998421 0.000320 0.000027 0.000348 0.000057 0.002459 0.014034 0.002219 0.009784 0.947392 0.008902 0.002486 0.010800 0.001925 0.002571 0.014776 0.002357 0.010386 0.944268 0.009534 0.002685 0.011367 0.002055 
0.000000 0.000288 0.000000 0.000519 0.998588 0.000259 0.000029 0.000317 0.000000 0.000000 0.000299 0.000000 0.000572 0.998425 0.000304 0.000029 0.000371 0.000000 0.001672 0.010318 0.001614 0.008762 0.957057 0.007926 0.001845 0.009136 0.001672 0.001807 0.010827 0.001788 0.009333 0.954267 0.008520 0.002003 0.009660 0.001794 
0.000097 0.000420 0.000000 0.000647 0.997834 0.000550 0.000032 0.000388 0.000032 0.000100 0.000461 0.000000 0.000731 0.997593 0.000613 0.000034 0.000428 0.000038 0.003104 0.014710 0.002328 0.012738 0.933176 0.013481 0.003104 0.014774 0.002586 0.003294 0.015406 0.002506 0.013560 0.929356 0.014263 0.003314 0.015533 0.002767 
0.000000 0.000291 0.000000 0.000291 0.999128 0.000097 0.000000 0.000097 0.000097 0.000000 0.000387 0.000000 0.000362 0.998951 0.000100 0.000000 0.000101 0.000098 0.000969 0.006686 0.000678 0.004457 0.974031 0.005136 0.001260 0.005814 0.000969 0.001042 0.007141 0.000727 0.004818 0.972005 0.005550 0.001406 0.006276 0.001035 
