0.000000 0.002100 0.000135 0.004064 0.991399 0.001287 0.000000 0.000948 0.000068 0.000000 0.002454 0.000161 0.004341 0.990163 0.001575 0.000000 0.001221 0.000085 0.005147 0.028784 0.006976 0.028987 0.864680 0.027091 0.006434 0.025804 0.006095 0.005401 0.030232 0.007329 0.030309 0.857945 0.028629 0.006704 0.027090 0.006360 
0.000143 0.000856 0.000000 0.002498 0.994647 0.001142 0.000000 0.000714 0.000000 0.000144 0.000872 0.000000 0.002878 0.993643 0.001450 0.000000 0.001012 0.000000 0.006494 0.026977 0.006352 0.027262 0.859549 0.032900 0.005210 0.027405 0.007850 0.006819 0.027900 0.006571 0.028605 0.853114 0.034626 0.005373 0.028742 0.008251 
0.000069 0.000692 0.000000 0.002422 0.993980 0.001661 0.000000 0.001038 0.000138 0.000072 0.000699 0.000000 0.002661 0.993129 0.002002 0.000000 0.001284 0.000153 0.004014 0.025465 0.004498 0.025811 0.870666 0.029894 0.005052 0.028095 0.006505 0.004194 0.026358 0.004664 0.026885 0.864746 0.031493 0.005225 0.029599 0.006836 
0.000000 0.001286 0.000000 0.001929 0.994927 0.001143 0.000000 0.000715 0.000000 0.000000 0.001432 0.000000 0.002057 0.994301 0.001229 0.000000 0.000981 0.000000 0.004287 0.027510 0.005002 0.025366 0.862951 0.034227 0.005073 0.028224 0.007360 0.004504 0.028657 0.005251 0.026346 0.856606 0.035917 0.005229 0.029703 0.007788 
0.000066 0.001462 0.000066 0.001794 0.994750 0.000997 0.000266 0.000532 0.000066 0.000067 0.001583 0.000067 0.001978 0.993977 0.001281 0.000298 0.000683 0.000067 0.004585 0.027244 0.004984 0.025184 0.871287 0.029969 0.005449 0.024719 0.006579 0.004785 0.028308 0.005149 0.026299 0.865374 0.031576 0.005719 0.025807 0.006984 
0.000000 0.001418 0.000000 0.002296 0.994395 0.000945 0.000000 0.000878 0.000068 0.000000 0.001756 0.000000 0.002496 0.992957 0.001331 0.000000 0.001392 0.000068 0.003714 0.027078 0.004457 0.026403 0.875346 0.027618 0.004997 0.024985 0.005402 0.003853 0.028471 0.004616 0.027457 0.868782 0.029448 0.005189 0.026534 0.005650 
0.000139 0.001742 0.000000 0.003344 0.992476 0.001393 0.000000 0.000906 0.000000 0.000141 0.001948 0.000000 0.003532 0.991167 0.001879 0.000000 0.001333 0.000000 0.005295 0.025916 0.006897 0.025777 0.864707 0.029608 0.005573 0.029330 0.006897 0.005511 0.026835 0.007255 0.026935 0.857510 0.031754 0.005845 0.031129 0.007226 
0.000000 0.001698 0.000000 0.002106 0.994497 0.001155 0.000000 0.000543 0.000000 0.000000 0.002143 0.000000 0.002321 0.993478 0.001397 0.000000 0.000660 0.000000 0.004416 0.025408 0.004959 0.025543 0.877921 0.026155 0.004416 0.025136 0.006046 0.004562 0.027030 0.005183 0.026743 0.871296 0.027774 0.004612 0.026434 0.006368 
0.000126 0.001766 0.000063 0.002208 0.993692 0.001703 0.000000 0.000442 0.000000 0.000129 0.001975 0.000068 0.002485 0.992445 0.002244 0.000000 0.000655 0.000000 0.003028 0.021761 0.003595 0.020121 0.902044 0.021698 0.002649 0.019490 0.005614 0.003144 0.023041 0.003709 0.021214 0.895708 0.023569 0.002791 0.020855 0.005969 
0.000064 0.001848 0.000000 0.002677 0.992925 0.001785 0.000000 0.000701 0.000000 0.000064 0.002142 0.000000 0.002963 0.991451 0.002248 0.000000 0.001131 0.000000 0.002613 0.019185 0.003952 0.017018 0.911084 0.019377 0.003888 0.017974 0.004908 0.002718 0.020410 0.004100 0.018012 0.904931 0.021089 0.004044 0.019445 0.005251 
0.000125 0.001317 0.000000 0.002571 0.994043 0.001379 0.000000 0.000439 0.000125 0.000127 0.001484 0.000000 0.002834 0.993238 0.001608 0.000000 0.000578 0.000129 0.002257 0.019689 0.003010 0.016303 0.915601 0.018560 0.002822 0.017808 0.003950 0.002344 0.020872 0.003172 0.017196 0.910373 0.019994 0.002929 0.018939 0.004182 
0.000063 0.001329 0.000190 0.002785 0.992721 0.001519 0.000000 0.001329 0.000063 0.000064 0.001594 0.000193 0.003098 0.991430 0.001922 0.000000 0.001632 0.000067 0.001962 0.016204 0.002785 0.014748 0.927527 0.014495 0.002975 0.015317 0.003988 0.002033 0.017290 0.002989 0.015491 0.922405 0.015906 0.003155 0.016462 0.004270 
0.000000 0.000733 0.000067 0.002133 0.994867 0.001000 0.000000 0.001067 0.000133 0.000000 0.000993 0.000079 0.002376 0.993795 0.001212 0.000000 0.001395 0.000150 0.001533 0.011733 0.002733 0.013600 0.931267 0.016067 0.002600 0.015800 0.004667 0.001609 0.012595 0.002842 0.014323 0.926444 0.017318 0.002730 0.017107 0.005033 
0.000069 0.001724 0.000276 0.002758 0.993105 0.000827 0.000069 0.001034 0.000138 0.000071 0.001946 0.000280 0.003028 0.991934 0.001200 0.000073 0.001327 0.000142 0.001310 0.014342 0.002206 0.013652 0.930152 0.017100 0.002482 0.015652 0.003103 0.001380 0.015266 0.002333 0.014451 0.924886 0.018613 0.002638 0.017109 0.003324 
0.000278 0.001390 0.000000 0.003265 0.993191 0.001251 0.000000 0.000556 0.000069 0.000282 0.001566 0.000000 0.003362 0.992505 0.001426 0.000000 0.000787 0.000071 0.002015 0.016536 0.002918 0.016536 0.921698 0.017856 0.003057 0.015772 0.003613 0.002073 0.017542 0.003110 0.017467 0.916603 0.019087 0.003220 0.017049 0.003849 
0.000142 0.001417 0.000071 0.003187 0.991925 0.002479 0.000071 0.000637 0.000071 0.000187 0.001536 0.000077 0.003428 0.991026 0.002792 0.000071 0.000726 0.000157 0.002125 0.014450 0.003046 0.014520 0.929239 0.017000 0.002550 0.013741 0.003329 0.002225 0.015225 0.003215 0.015094 0.925052 0.018124 0.002690 0.014750 0.003625 
0.000000 0.001497 0.000068 0.003334 0.992108 0.001973 0.000068 0.000884 0.000068 0.000000 0.001514 0.000072 0.003419 0.991321 0.002454 0.000088 0.001053 0.000079 0.002109 0.015036 0.003062 0.016057 0.924071 0.016397 0.002721 0.017145 0.003402 0.002210 0.015763 0.003231 0.016590 0.919433 0.017879 0.002891 0.018392 0.003611 
0.000142 0.001489 0.000000 0.004397 0.990426 0.002482 0.000142 0.000851 0.000071 0.000143 0.001568 0.000000 0.004469 0.989791 0.002805 0.000149 0.001001 0.000073 0.003333 0.014894 0.003121 0.016596 0.920638 0.019504 0.003050 0.014043 0.004823 0.003473 0.015627 0.003285 0.017292 0.916353 0.020871 0.003198 0.014883 0.005018 
0.000000 0.001271 0.000071 0.004238 0.992937 0.001130 0.000000 0.000283 0.000071 0.000000 0.001501 0.000072 0.004298 0.992425 0.001262 0.000000 0.000369 0.000074 0.001483 0.015467 0.002543 0.018504 0.920051 0.018857 0.002401 0.016173 0.004520 0.001557 0.016216 0.002697 0.019085 0.916199 0.019857 0.002544 0.017105 0.004740 
0.000073 0.000881 0.000000 0.002938 0.993830 0.001469 0.000073 0.000588 0.000147 0.000074 0.000911 0.000000 0.002992 0.993455 0.001659 0.000074 0.000684 0.000150 0.003011 0.017113 0.004701 0.020345 0.910246 0.019684 0.004040 0.016232 0.004627 0.003162 0.017857 0.004867 0.020964 0.906176 0.020605 0.004235 0.017251 0.004883 
0.000000 0.000654 0.000145 0.003051 0.994043 0.001525 0.000000 0.000508 0.000073 0.000000 0.000740 0.000146 0.003153 0.993739 0.001596 0.000000 0.000550 0.000075 0.004576 0.018015 0.005158 0.022737 0.901206 0.019323 0.004794 0.019250 0.004940 0.004843 0.018862 0.005345 0.023494 0.897106 0.020193 0.005006 0.020005 0.005145 
0.000071 0.001061 0.000000 0.004032 0.992715 0.001839 0.000000 0.000283 0.000000 0.000072 0.001072 0.000000 0.004159 0.992384 0.002013 0.000000 0.000300 0.000000 0.002971 0.015915 0.003395 0.018956 0.920639 0.015773 0.004315 0.014924 0.003112 0.003095 0.016615 0.003554 0.019715 0.916849 0.016794 0.004531 0.015566 0.003280 
0.000000 0.000667 0.000067 0.003136 0.993862 0.001601 0.000200 0.000334 0.000133 0.000000 0.000680 0.000070 0.003227 0.993579 0.001714 0.000209 0.000366 0.000153 0.003469 0.016212 0.003736 0.020548 0.912402 0.019147 0.004337 0.016145 0.004003 0.003653 0.016733 0.003899 0.021421 0.908366 0.020088 0.004584 0.017083 0.004173 
0.000000 0.001279 0.000000 0.003696 0.993888 0.000782 0.000071 0.000284 0.000000 0.000000 0.001294 0.000000 0.003852 0.993563 0.000904 0.000086 0.000302 0.000000 0.003980 0.018762 0.004477 0.019615 0.908109 0.020325 0.003553 0.017127 0.004051 0.004187 0.019388 0.004674 0.020424 0.904245 0.021253 0.003735 0.017877 0.004217 
0.000000 0.000786 0.000000 0.002750 0.993713 0.002358 0.000000 0.000393 0.000000 0.000000 0.000859 0.000000 0.002764 0.993258 0.002719 0.000000 0.000400 0.000000 0.003143 0.020039 0.002750 0.020432 0.907662 0.022790 0.001572 0.018861 0.002750 0.003217 0.021090 0.002824 0.020814 0.903599 0.024371 0.001696 0.019534 0.002855 
