0.000481 0.007067 0.000625 0.004759 0.980722 0.003221 0.000192 0.002788 0.000144 0.000489 0.007577 0.000666 0.005034 0.979360 0.003464 0.000213 0.003037 0.000160 0.006779 0.028124 0.006154 0.018749 0.896255 0.013365 0.005577 0.019326 0.005673 0.007109 0.029966 0.006677 0.020140 0.888796 0.014402 0.005900 0.020948 0.006063 
0.000752 0.005707 0.000398 0.004468 0.982923 0.002566 0.000487 0.002610 0.000088 0.000780 0.005957 0.000433 0.004883 0.981559 0.002758 0.000525 0.003003 0.000101 0.007300 0.027871 0.006680 0.019952 0.889135 0.013670 0.006548 0.022474 0.006371 0.007711 0.029506 0.007079 0.021581 0.880515 0.014744 0.007086 0.024963 0.006814 
0.000683 0.002576 0.000105 0.004731 0.987016 0.002734 0.000578 0.001419 0.000158 0.000706 0.002792 0.000113 0.005125 0.986030 0.002906 0.000613 0.001551 0.000165 0.008411 0.020764 0.006361 0.020975 0.898439 0.014036 0.006624 0.017768 0.006624 0.008745 0.022065 0.006771 0.022616 0.891484 0.015019 0.007135 0.019094 0.007072 
0.000554 0.004989 0.000202 0.003830 0.985788 0.002419 0.000202 0.001814 0.000202 0.000591 0.005248 0.000223 0.004115 0.984758 0.002645 0.000205 0.002007 0.000207 0.008668 0.024544 0.007257 0.017488 0.901472 0.011844 0.006300 0.016984 0.005443 0.009218 0.025889 0.007846 0.018550 0.895155 0.012797 0.006662 0.018234 0.005650 
0.000631 0.003893 0.000158 0.005313 0.985007 0.002683 0.000263 0.001946 0.000105 0.000647 0.004031 0.000160 0.005556 0.984050 0.003023 0.000283 0.002141 0.000109 0.007575 0.023936 0.005418 0.015835 0.908359 0.012520 0.006102 0.015466 0.004787 0.007962 0.025458 0.005733 0.016858 0.902244 0.013686 0.006513 0.016561 0.004984 
0.000651 0.004856 0.000050 0.005056 0.983880 0.002653 0.000551 0.002153 0.000150 0.000713 0.005022 0.000058 0.005622 0.982504 0.002875 0.000581 0.002459 0.000165 0.004406 0.021427 0.004956 0.017171 0.916145 0.009061 0.005207 0.017071 0.004556 0.004792 0.022624 0.005373 0.018637 0.909790 0.009981 0.005603 0.018414 0.004786 
0.000621 0.004776 0.000478 0.005205 0.981901 0.002913 0.000287 0.003582 0.000239 0.000667 0.004903 0.000495 0.005630 0.980450 0.003236 0.000312 0.004039 0.000268 0.005396 0.021681 0.005635 0.016905 0.911605 0.011557 0.004728 0.018529 0.003964 0.005713 0.022898 0.006023 0.018375 0.904601 0.012680 0.005077 0.020271 0.004362 
0.000769 0.004509 0.000307 0.003996 0.985244 0.003125 0.000205 0.001742 0.000102 0.000816 0.004667 0.000335 0.004207 0.984250 0.003346 0.000211 0.002048 0.000120 0.006814 0.023261 0.005328 0.015217 0.911876 0.011067 0.004816 0.016754 0.004867 0.007206 0.024510 0.005805 0.016431 0.905542 0.012072 0.005125 0.018168 0.005141 
0.000724 0.004566 0.000223 0.004343 0.984800 0.002673 0.000167 0.002283 0.000223 0.000810 0.004796 0.000233 0.004613 0.983587 0.002805 0.000179 0.002751 0.000226 0.006069 0.021826 0.005122 0.014699 0.916091 0.010523 0.004733 0.017316 0.003619 0.006454 0.023185 0.005536 0.015760 0.909486 0.011500 0.005184 0.019064 0.003832 
0.000480 0.004200 0.000240 0.004440 0.985119 0.003180 0.000120 0.002040 0.000180 0.000547 0.004450 0.000245 0.004816 0.983664 0.003541 0.000124 0.002412 0.000200 0.006301 0.022202 0.004560 0.017042 0.908611 0.012901 0.004680 0.017882 0.005821 0.006732 0.023460 0.004867 0.018412 0.901817 0.013954 0.005001 0.019617 0.006140 
0.000761 0.003481 0.000163 0.004786 0.985317 0.002991 0.000598 0.001740 0.000163 0.000816 0.003735 0.000168 0.005086 0.983997 0.003282 0.000617 0.002132 0.000167 0.007994 0.022243 0.005819 0.015662 0.907766 0.012345 0.005765 0.017783 0.004623 0.008377 0.023666 0.006207 0.016867 0.901197 0.013420 0.006107 0.019309 0.004849 
0.000985 0.003009 0.000109 0.004104 0.987088 0.002189 0.000438 0.001970 0.000109 0.000998 0.003253 0.000115 0.004488 0.985936 0.002425 0.000449 0.002208 0.000128 0.006347 0.019369 0.005526 0.016031 0.915085 0.010450 0.004760 0.018603 0.003830 0.006582 0.020617 0.005876 0.017375 0.908975 0.011390 0.005172 0.019970 0.004042 
0.000438 0.003284 0.000219 0.004050 0.986317 0.003503 0.000219 0.001806 0.000164 0.000458 0.003495 0.000229 0.004379 0.985210 0.003779 0.000230 0.002027 0.000192 0.006677 0.021564 0.004433 0.015544 0.910514 0.011494 0.005145 0.019539 0.005090 0.006987 0.023027 0.004760 0.016759 0.903841 0.012630 0.005499 0.021077 0.005421 
0.000491 0.002806 0.000070 0.003648 0.988774 0.002596 0.000281 0.001263 0.000070 0.000498 0.003078 0.000071 0.003946 0.987630 0.002906 0.000293 0.001488 0.000090 0.008560 0.022732 0.006244 0.017751 0.904722 0.012138 0.006104 0.016067 0.005683 0.008965 0.023864 0.006644 0.018996 0.898497 0.013212 0.006530 0.017326 0.005966 
0.000903 0.003445 0.000226 0.004743 0.986561 0.002598 0.000226 0.001242 0.000056 0.000919 0.003711 0.000260 0.005047 0.985539 0.002864 0.000229 0.001358 0.000073 0.007623 0.021458 0.005816 0.017844 0.909086 0.012084 0.005195 0.015981 0.004913 0.007961 0.022710 0.006295 0.019106 0.903016 0.013120 0.005438 0.017235 0.005119 
0.000491 0.005996 0.000327 0.005342 0.982285 0.003488 0.000164 0.001908 0.000000 0.000506 0.006434 0.000342 0.005712 0.980966 0.003776 0.000173 0.002091 0.000000 0.005887 0.025673 0.005560 0.018478 0.904611 0.012319 0.005233 0.017333 0.004906 0.006348 0.027326 0.005840 0.019873 0.897787 0.013385 0.005513 0.018676 0.005252 
0.000382 0.004472 0.000218 0.005180 0.984840 0.002618 0.000218 0.002072 0.000000 0.000389 0.004760 0.000232 0.005572 0.983611 0.002828 0.000231 0.002377 0.000000 0.002999 0.019959 0.003708 0.014614 0.927582 0.009379 0.004199 0.014778 0.002781 0.003260 0.021326 0.003974 0.015712 0.921886 0.010302 0.004448 0.016055 0.003038 
0.000372 0.004777 0.000106 0.003662 0.985244 0.002601 0.000318 0.002866 0.000053 0.000390 0.005052 0.000107 0.003905 0.983966 0.002930 0.000332 0.003265 0.000053 0.003503 0.020754 0.003025 0.015287 0.929299 0.008439 0.002495 0.015711 0.001486 0.003843 0.022214 0.003219 0.016725 0.922718 0.009664 0.002688 0.017227 0.001702 
0.000689 0.005762 0.000188 0.005136 0.984593 0.001440 0.000438 0.001566 0.000188 0.000701 0.005950 0.000210 0.005464 0.983669 0.001610 0.000467 0.001729 0.000200 0.002505 0.018601 0.002067 0.012150 0.939688 0.006451 0.002944 0.013403 0.002192 0.002681 0.019746 0.002266 0.012994 0.935110 0.007091 0.003172 0.014502 0.002440 
0.000847 0.006726 0.000265 0.005349 0.980880 0.003125 0.000318 0.002383 0.000106 0.000904 0.007000 0.000287 0.005614 0.979676 0.003398 0.000336 0.002672 0.000112 0.005614 0.023304 0.004237 0.017796 0.910492 0.012446 0.004502 0.017160 0.004449 0.005876 0.024492 0.004472 0.018792 0.904871 0.013458 0.004816 0.018524 0.004701 
0.000879 0.006370 0.000275 0.006096 0.978143 0.004119 0.000494 0.002966 0.000659 0.000976 0.006616 0.000308 0.006457 0.976279 0.004575 0.000562 0.003471 0.000754 0.005217 0.021802 0.004064 0.015487 0.918008 0.011643 0.004229 0.015377 0.004174 0.005561 0.022892 0.004375 0.016496 0.911734 0.012870 0.004596 0.016832 0.004645 
0.000652 0.006872 0.000237 0.006398 0.979800 0.002606 0.000415 0.002725 0.000296 0.000697 0.007091 0.000297 0.006861 0.978385 0.002837 0.000454 0.003053 0.000324 0.004917 0.022511 0.005568 0.016468 0.911972 0.011137 0.005094 0.018186 0.004147 0.005321 0.023602 0.005943 0.017787 0.905821 0.012010 0.005377 0.019614 0.004526 
0.000975 0.006908 0.000244 0.004633 0.980657 0.002276 0.000325 0.003657 0.000325 0.001019 0.007167 0.000251 0.004830 0.979409 0.002578 0.000330 0.003989 0.000428 0.006177 0.023570 0.004958 0.017637 0.912305 0.010566 0.004714 0.014954 0.005120 0.006590 0.025013 0.005153 0.018663 0.905974 0.011362 0.005052 0.016537 0.005657 
