0.000000 0.001754 0.000000 0.000000 0.998246 0.000000 0.000000 0.000000 0.000000 0.000000 0.001758 0.000000 0.000000 0.998242 0.000000 0.000000 0.000000 0.000000 0.000000 0.015789 0.001754 0.005263 0.949123 0.008772 0.001754 0.015789 0.001754 0.000000 0.017873 0.001778 0.005823 0.944321 0.009504 0.001936 0.016968 0.001799 
0.000000 0.000000 0.000934 0.000000 0.995331 0.000934 0.000000 0.002801 0.000000 0.000000 0.000000 0.001060 0.000000 0.994169 0.000942 0.000000 0.003828 0.000000 0.001867 0.004669 0.001867 0.014939 0.949580 0.016807 0.002801 0.004669 0.002801 0.001949 0.004731 0.002159 0.015864 0.944730 0.018404 0.003014 0.005932 0.003216 
0.001923 0.001923 0.000962 0.002885 0.990385 0.000000 0.000962 0.000962 0.000000 0.001989 0.002203 0.001107 0.003535 0.989192 0.000000 0.001005 0.000969 0.000000 0.004808 0.014423 0.000962 0.017308 0.938462 0.008654 0.002885 0.012500 0.000000 0.005620 0.015519 0.001034 0.019346 0.930625 0.009609 0.003715 0.014533 0.000000 
0.000000 0.001921 0.000000 0.002882 0.985591 0.000000 0.001921 0.005764 0.001921 0.000000 0.002362 0.000000 0.003179 0.984116 0.000000 0.002286 0.005963 0.002094 0.004803 0.023055 0.001921 0.017291 0.901057 0.017291 0.008646 0.020173 0.005764 0.005213 0.025343 0.001987 0.018650 0.892266 0.018179 0.009712 0.022203 0.006446 
0.001664 0.001664 0.000000 0.000000 0.991681 0.000000 0.000000 0.004992 0.000000 0.002033 0.002518 0.000000 0.000000 0.989211 0.000000 0.000000 0.006238 0.000000 0.001664 0.023295 0.006656 0.013311 0.921797 0.008319 0.004992 0.011647 0.008319 0.002391 0.025217 0.007011 0.013782 0.914720 0.009128 0.005069 0.014103 0.008578 
0.000887 0.001773 0.000000 0.003546 0.990248 0.002660 0.000000 0.000000 0.000887 0.000926 0.001859 0.000000 0.004313 0.988781 0.003003 0.000000 0.000000 0.001119 0.001773 0.013298 0.003546 0.016844 0.936170 0.015071 0.000887 0.012411 0.000000 0.002470 0.014338 0.003950 0.019277 0.928255 0.016755 0.001007 0.013949 0.000000 
0.000000 0.001866 0.000000 0.002799 0.990672 0.001866 0.000933 0.001866 0.000000 0.000000 0.002929 0.000000 0.002904 0.988832 0.002003 0.001079 0.002252 0.000000 0.004664 0.013060 0.004664 0.010261 0.926306 0.018657 0.002799 0.017724 0.001866 0.005164 0.014949 0.005332 0.011248 0.917994 0.020602 0.003471 0.019271 0.001970 
0.002793 0.000000 0.000000 0.004655 0.986034 0.002793 0.000931 0.001862 0.000931 0.003222 0.000000 0.000000 0.005074 0.984558 0.003073 0.000977 0.002112 0.000984 0.003724 0.011173 0.001862 0.019553 0.932961 0.013035 0.003724 0.011173 0.002793 0.004343 0.012478 0.002022 0.021514 0.924709 0.014419 0.004308 0.012777 0.003432 
0.001157 0.001157 0.000000 0.000000 0.989583 0.001157 0.001157 0.005787 0.000000 0.001324 0.001756 0.000000 0.000000 0.986606 0.001165 0.001476 0.007674 0.000000 0.002315 0.010417 0.001157 0.020833 0.930556 0.016204 0.001157 0.015046 0.002315 0.002762 0.011569 0.001328 0.022761 0.920555 0.017958 0.001204 0.018631 0.003232 
0.000000 0.000000 0.000000 0.000000 0.997406 0.000000 0.000000 0.002594 0.000000 0.000000 0.000000 0.000000 0.000000 0.996274 0.000000 0.000000 0.003726 0.000000 0.002594 0.006485 0.000000 0.014267 0.958495 0.006485 0.001297 0.007782 0.002594 0.003261 0.006958 0.000000 0.015608 0.952532 0.007048 0.001378 0.010259 0.002956 
0.003643 0.001821 0.001821 0.001821 0.981785 0.001821 0.000000 0.007286 0.000000 0.004328 0.002674 0.002205 0.002349 0.978337 0.002073 0.000000 0.008034 0.000000 0.007286 0.021858 0.003643 0.009107 0.914390 0.009107 0.001821 0.027322 0.005464 0.008011 0.024202 0.004512 0.009953 0.904240 0.010300 0.002176 0.030548 0.006057 
0.002070 0.005176 0.000000 0.003106 0.985507 0.001035 0.001035 0.002070 0.000000 0.002594 0.005962 0.000000 0.003572 0.983348 0.001178 0.001192 0.002155 0.000000 0.006211 0.022774 0.008282 0.009317 0.908903 0.015528 0.002070 0.019669 0.007246 0.007095 0.025829 0.009142 0.011159 0.898635 0.016950 0.002185 0.021266 0.007739 
0.003542 0.008264 0.000000 0.001181 0.968123 0.007084 0.002361 0.008264 0.001181 0.003916 0.008705 0.000000 0.001222 0.964147 0.007883 0.003068 0.009320 0.001738 0.008264 0.031877 0.003542 0.016529 0.883117 0.022432 0.010626 0.021251 0.002361 0.009605 0.035023 0.003556 0.018175 0.867662 0.025681 0.012907 0.024365 0.003026 
0.000000 0.000000 0.000000 0.002561 0.994878 0.001280 0.000000 0.001280 0.000000 0.000000 0.000000 0.000000 0.002705 0.994202 0.001474 0.000000 0.001619 0.000000 0.003841 0.014085 0.002561 0.010243 0.933419 0.010243 0.002561 0.021767 0.001280 0.004363 0.015315 0.002585 0.011639 0.927105 0.011144 0.002641 0.023913 0.001295 
0.000000 0.000000 0.000000 0.002155 0.993534 0.000000 0.000000 0.002155 0.002155 0.000000 0.000000 0.000000 0.002328 0.993096 0.000000 0.000000 0.002274 0.002302 0.002155 0.002155 0.002155 0.015086 0.946121 0.010776 0.006466 0.006466 0.008621 0.002191 0.002732 0.002161 0.016201 0.939428 0.011943 0.006679 0.007104 0.011561 
0.001923 0.001923 0.000000 0.000000 0.994231 0.000000 0.000000 0.000000 0.001923 0.002294 0.002307 0.000000 0.000000 0.993472 0.000000 0.000000 0.000000 0.001928 0.007692 0.025000 0.005769 0.003846 0.917308 0.013462 0.001923 0.019231 0.005769 0.008881 0.027264 0.006025 0.004307 0.909903 0.013979 0.001987 0.020836 0.006818 
0.000000 0.000000 0.000000 0.000000 0.991597 0.000000 0.000000 0.004202 0.004202 0.000000 0.000000 0.000000 0.000000 0.991353 0.000000 0.000000 0.004346 0.004301 0.000000 0.004202 0.002101 0.008403 0.947479 0.002101 0.000000 0.027311 0.008403 0.000000 0.004473 0.002326 0.008694 0.941275 0.002238 0.000000 0.031088 0.009907 
0.000000 0.002227 0.002227 0.002227 0.989978 0.001114 0.000000 0.002227 0.000000 0.000000 0.002276 0.002592 0.002851 0.988653 0.001120 0.000000 0.002508 0.000000 0.003341 0.023385 0.006682 0.017817 0.909800 0.015590 0.005568 0.015590 0.002227 0.003546 0.025065 0.007840 0.019946 0.900406 0.017436 0.006323 0.017115 0.002322 
0.001121 0.001121 0.000000 0.001121 0.995516 0.000000 0.000000 0.001121 0.000000 0.001356 0.001422 0.000000 0.001438 0.994598 0.000000 0.000000 0.001187 0.000000 0.004484 0.015695 0.000000 0.006726 0.938341 0.010090 0.003363 0.019058 0.002242 0.004884 0.017127 0.000000 0.008040 0.932301 0.010921 0.003486 0.020766 0.002475 
0.000000 0.000000 0.000000 0.002732 0.989071 0.002732 0.000000 0.004098 0.001366 0.000000 0.000000 0.000000 0.003436 0.986838 0.003022 0.000000 0.005121 0.001582 0.002732 0.010929 0.002732 0.010929 0.939891 0.013661 0.001366 0.009563 0.008197 0.002911 0.011451 0.002840 0.012895 0.930962 0.015417 0.002231 0.011793 0.009499 
0.000000 0.003448 0.000000 0.000000 0.991954 0.003448 0.001149 0.000000 0.000000 0.000000 0.003932 0.000000 0.000000 0.990380 0.004366 0.001322 0.000000 0.000000 0.004598 0.017241 0.001149 0.013793 0.936782 0.016092 0.004598 0.004598 0.001149 0.005257 0.019134 0.001205 0.014624 0.930400 0.018235 0.005219 0.004765 0.001161 
0.001225 0.002451 0.000000 0.001225 0.986520 0.004902 0.001225 0.001225 0.001225 0.001406 0.002532 0.000000 0.001590 0.984707 0.005830 0.001329 0.001232 0.001373 0.007353 0.020833 0.004902 0.013480 0.915441 0.018382 0.006127 0.011029 0.002451 0.008153 0.022870 0.005192 0.014670 0.907829 0.019963 0.006690 0.011736 0.002897 
0.000000 0.001739 0.000000 0.001739 0.991304 0.000000 0.000000 0.003478 0.001739 0.000000 0.002234 0.000000 0.002342 0.989481 0.000000 0.000000 0.004046 0.001897 0.003478 0.006957 0.003478 0.010435 0.954783 0.005217 0.003478 0.006957 0.005217 0.003526 0.008614 0.003698 0.012350 0.947792 0.005298 0.003890 0.008203 0.006629 
0.000922 0.001843 0.001843 0.000922 0.988018 0.001843 0.000000 0.002765 0.001843 0.001178 0.001964 0.002325 0.001186 0.986723 0.001855 0.000000 0.002855 0.001913 0.005530 0.015668 0.008295 0.015668 0.914286 0.018433 0.005530 0.012903 0.003687 0.006449 0.017393 0.010178 0.017007 0.904092 0.020018 0.006135 0.014206 0.004522 
0.001181 0.001181 0.000000 0.000000 0.996458 0.000000 0.000000 0.001181 0.000000 0.001301 0.001215 0.000000 0.000000 0.996243 0.000000 0.000000 0.001241 0.000000 0.009445 0.025974 0.004723 0.003542 0.929162 0.005903 0.002361 0.016529 0.002361 0.010572 0.028350 0.005072 0.003788 0.922636 0.006199 0.002380 0.018486 0.002518 
