0.001974 0.005449 0.000336 0.002586 0.978165 0.001500 0.000217 0.008805 0.000967 0.002113 0.005762 0.000402 0.002865 0.976628 0.001761 0.000242 0.009140 0.001086 0.016208 0.035615 0.003731 0.013365 0.868774 0.010957 0.003633 0.036069 0.011648 0.018531 0.039754 0.004216 0.015283 0.852192 0.012760 0.004013 0.039724 0.013527 
0.002089 0.005224 0.000228 0.003229 0.978384 0.001710 0.000171 0.007769 0.001197 0.002260 0.005548 0.000294 0.003607 0.976623 0.001983 0.000186 0.008167 0.001331 0.015899 0.037344 0.003286 0.015424 0.861962 0.012119 0.004084 0.038009 0.011872 0.018296 0.041927 0.003672 0.017732 0.843859 0.014015 0.004534 0.042137 0.013828 
0.001839 0.005911 0.000188 0.003078 0.977743 0.001670 0.000150 0.008426 0.000995 0.001994 0.006173 0.000197 0.003384 0.976158 0.002010 0.000161 0.008809 0.001113 0.015745 0.039803 0.003734 0.015839 0.857770 0.012780 0.003941 0.038546 0.011842 0.018035 0.044523 0.004111 0.017931 0.839835 0.014911 0.004306 0.042715 0.013633 
0.001736 0.005582 0.000304 0.002845 0.980121 0.002093 0.000072 0.006334 0.000913 0.001872 0.005929 0.000356 0.003148 0.978435 0.002511 0.000078 0.006628 0.001043 0.015298 0.041260 0.003292 0.014887 0.856841 0.012131 0.004008 0.040580 0.011702 0.017502 0.046151 0.003610 0.017007 0.838528 0.014342 0.004351 0.045011 0.013499 
0.001697 0.004920 0.000360 0.003326 0.981400 0.001560 0.000171 0.005709 0.000857 0.001825 0.005228 0.000394 0.003735 0.979837 0.001838 0.000194 0.005998 0.000952 0.013508 0.040148 0.003034 0.015428 0.862379 0.011897 0.003566 0.038674 0.011366 0.015429 0.044840 0.003311 0.017648 0.844860 0.013909 0.003936 0.043121 0.012946 
0.001717 0.004333 0.000337 0.003451 0.981880 0.001814 0.000177 0.005521 0.000770 0.001860 0.004628 0.000360 0.003837 0.980178 0.002219 0.000197 0.005850 0.000871 0.014364 0.042018 0.003659 0.015664 0.860289 0.011973 0.003788 0.038037 0.010208 0.016352 0.046968 0.004100 0.018010 0.842336 0.013943 0.004162 0.042432 0.011697 
0.001270 0.003976 0.000314 0.003482 0.983499 0.002317 0.000194 0.004125 0.000822 0.001396 0.004287 0.000345 0.004014 0.981626 0.002820 0.000217 0.004394 0.000901 0.012391 0.043449 0.003542 0.014931 0.858832 0.012958 0.003617 0.040594 0.009685 0.014151 0.048475 0.004011 0.017232 0.840382 0.015169 0.004102 0.045347 0.011130 
0.001074 0.003823 0.000419 0.004130 0.984806 0.001953 0.000307 0.002916 0.000572 0.001178 0.004226 0.000501 0.004577 0.983017 0.002352 0.000335 0.003175 0.000639 0.011260 0.042514 0.004521 0.014734 0.863683 0.012055 0.004674 0.038133 0.008427 0.012811 0.047517 0.005158 0.016990 0.845859 0.014109 0.005270 0.042684 0.009603 
0.001059 0.004038 0.000444 0.004587 0.984239 0.001764 0.000392 0.002849 0.000627 0.001146 0.004397 0.000474 0.004965 0.982522 0.002166 0.000430 0.003188 0.000713 0.010951 0.042577 0.005711 0.015904 0.860599 0.011357 0.005972 0.039192 0.007737 0.012303 0.047593 0.006466 0.018022 0.842672 0.013365 0.006773 0.044005 0.008800 
0.001259 0.003803 0.000499 0.004938 0.984538 0.001683 0.000673 0.001945 0.000661 0.001356 0.004069 0.000546 0.005384 0.982876 0.002125 0.000741 0.002165 0.000738 0.010450 0.040988 0.006222 0.015525 0.861924 0.011098 0.007519 0.038843 0.007432 0.011929 0.045754 0.007042 0.017676 0.843920 0.013086 0.008597 0.043499 0.008496 
0.001276 0.003971 0.000549 0.003625 0.985236 0.002182 0.000513 0.002111 0.000537 0.001340 0.004310 0.000599 0.003972 0.983535 0.002701 0.000565 0.002377 0.000602 0.009207 0.042217 0.006750 0.014418 0.862555 0.011962 0.007716 0.038210 0.006965 0.010327 0.046982 0.007661 0.016496 0.844840 0.014207 0.008764 0.042739 0.007985 
0.001228 0.003348 0.000533 0.003938 0.986007 0.001656 0.000660 0.002224 0.000405 0.001301 0.003629 0.000585 0.004280 0.984465 0.002004 0.000746 0.002548 0.000443 0.009151 0.039223 0.007309 0.014121 0.868536 0.010842 0.008746 0.036037 0.006035 0.010379 0.043710 0.008243 0.016077 0.851413 0.012644 0.009934 0.040647 0.006952 
0.001173 0.003541 0.000717 0.003336 0.986281 0.001981 0.000717 0.001958 0.000296 0.001243 0.003824 0.000783 0.003775 0.984655 0.002383 0.000796 0.002215 0.000327 0.008561 0.038196 0.006797 0.014060 0.873776 0.011396 0.008254 0.033688 0.005271 0.009642 0.042640 0.007826 0.016269 0.856889 0.013432 0.009427 0.037908 0.005968 
0.001306 0.003530 0.000620 0.003773 0.985439 0.002025 0.000808 0.002191 0.000310 0.001370 0.003772 0.000684 0.004222 0.983726 0.002482 0.000901 0.002505 0.000337 0.007159 0.036304 0.007059 0.015026 0.876350 0.011817 0.008476 0.032520 0.005289 0.008067 0.040676 0.008157 0.017283 0.859312 0.013959 0.009714 0.036751 0.006080 
0.001155 0.004151 0.000817 0.004499 0.983550 0.001906 0.001187 0.002331 0.000403 0.001251 0.004446 0.000902 0.004923 0.981705 0.002315 0.001308 0.002681 0.000470 0.007593 0.037170 0.007027 0.016973 0.871931 0.012452 0.009096 0.032976 0.004782 0.008555 0.041675 0.008086 0.019203 0.854972 0.014475 0.010474 0.037069 0.005490 
0.001124 0.005497 0.001369 0.003811 0.978739 0.002523 0.001492 0.004761 0.000685 0.001222 0.005955 0.001532 0.004460 0.976122 0.003022 0.001661 0.005275 0.000752 0.007029 0.041602 0.010145 0.016806 0.856855 0.013680 0.010298 0.038169 0.005415 0.007959 0.046452 0.011580 0.019472 0.837814 0.015905 0.011788 0.042814 0.006216 
0.000814 0.006587 0.001294 0.003833 0.976278 0.003117 0.001911 0.005636 0.000529 0.000893 0.007207 0.001427 0.004623 0.973149 0.003699 0.002133 0.006274 0.000596 0.005793 0.041405 0.008969 0.017899 0.855474 0.015449 0.010342 0.040092 0.004578 0.006532 0.046275 0.010172 0.020693 0.836509 0.017820 0.011804 0.045037 0.005157 
0.000451 0.006182 0.001456 0.004096 0.976804 0.003936 0.001334 0.005411 0.000329 0.000499 0.006840 0.001642 0.004775 0.973679 0.004585 0.001493 0.006108 0.000379 0.002894 0.033943 0.007027 0.024088 0.871462 0.021655 0.007131 0.029471 0.002330 0.003232 0.037924 0.008038 0.027050 0.855479 0.024531 0.008082 0.033008 0.002655 
0.000122 0.002312 0.000852 0.003042 0.988683 0.002799 0.000608 0.001582 0.000000 0.000132 0.002622 0.000959 0.003625 0.987208 0.002948 0.000700 0.001807 0.000000 0.002799 0.018374 0.004016 0.025554 0.896447 0.036262 0.002190 0.013507 0.000852 0.003119 0.020775 0.004704 0.029081 0.883624 0.040074 0.002568 0.015122 0.000932 
