0.000000 0.000000 0.000000 0.008902 0.979228 0.005935 0.000000 0.005935 0.000000 0.000000 0.000000 0.000000 0.009425 0.978409 0.006097 0.000000 0.006070 0.000000 0.000000 0.002967 0.000000 0.014837 0.970326 0.005935 0.000000 0.005935 0.000000 0.000000 0.004162 0.000000 0.017869 0.965849 0.006074 0.000000 0.006047 0.000000 
0.000000 0.000000 0.000000 0.000000 1.000000 0.000000 0.000000 0.000000 0.000000 0.000000 0.000000 0.000000 0.000000 1.000000 0.000000 0.000000 0.000000 0.000000 0.000000 0.000000 0.000000 0.000000 1.000000 0.000000 0.000000 0.000000 0.000000 0.000000 0.000000 0.000000 0.000000 1.000000 0.000000 0.000000 0.000000 0.000000 
0.000000 0.000000 0.000000 0.131579 0.868421 0.000000 0.000000 0.000000 0.000000 0.000000 0.000000 0.000000 0.131579 0.868421 0.000000 0.000000 0.000000 0.000000 0.000000 0.000000 0.000000 0.131579 0.842105 0.026316 0.000000 0.000000 0.000000 0.000000 0.000000 0.000000 0.131519 0.841721 0.026760 0.000000 0.000000 0.000000 
0.000000 0.020513 0.000000 0.043590 0.920513 0.007692 0.000000 0.007692 0.000000 0.000000 0.021212 0.000000 0.043977 0.919105 0.007814 0.000000 0.007891 0.000000 0.002564 0.023077 0.002564 0.061538 0.882051 0.012821 0.005128 0.010256 0.000000 0.002603 0.023723 0.002731 0.062063 0.878877 0.013218 0.005575 0.011211 0.000000 
0.000534 0.005339 0.000000 0.006407 0.978110 0.001068 0.001068 0.007475 0.000000 0.000538 0.007477 0.000000 0.006445 0.973025 0.001569 0.001210 0.009736 0.000000 0.006941 0.018687 0.006407 0.023492 0.892686 0.015483 0.006941 0.025627 0.003737 0.007372 0.021896 0.006715 0.024094 0.882386 0.016748 0.007384 0.029393 0.004011 
0.000000 0.001667 0.000000 0.000833 0.994444 0.001389 0.000000 0.001111 0.000556 0.000000 0.001764 0.000000 0.000978 0.993720 0.001512 0.000000 0.001420 0.000606 0.003056 0.013333 0.001667 0.016389 0.935000 0.013889 0.002778 0.010833 0.003056 0.003390 0.014726 0.001780 0.018055 0.929124 0.014766 0.002921 0.011754 0.003482 
0.000441 0.003524 0.000000 0.001322 0.991189 0.001322 0.000441 0.001762 0.000000 0.000481 0.004045 0.000000 0.001561 0.989426 0.001451 0.000533 0.002503 0.000000 0.003524 0.009692 0.001762 0.013216 0.941410 0.014978 0.002643 0.010132 0.002643 0.004012 0.010858 0.002079 0.014347 0.933696 0.016682 0.003159 0.012349 0.002817 
0.000968 0.004516 0.000645 0.002581 0.988065 0.000968 0.000323 0.001613 0.000323 0.001012 0.004719 0.000746 0.003392 0.986438 0.001103 0.000395 0.001767 0.000427 0.005484 0.015161 0.001290 0.020323 0.929677 0.010323 0.002581 0.012581 0.002581 0.006245 0.016412 0.001523 0.023769 0.919752 0.011730 0.003105 0.014377 0.003088 
0.000534 0.002671 0.000000 0.001068 0.994658 0.000534 0.000000 0.000534 0.000000 0.000584 0.002807 0.000000 0.001159 0.993857 0.000553 0.000000 0.001040 0.000000 0.002137 0.009615 0.003739 0.011752 0.946047 0.014957 0.001068 0.008013 0.002671 0.002385 0.010542 0.004224 0.012955 0.939431 0.017056 0.001173 0.009104 0.003132 
0.000903 0.002710 0.000452 0.000000 0.993225 0.000903 0.000000 0.001355 0.000452 0.000940 0.003704 0.000511 0.000000 0.991588 0.001021 0.000000 0.001720 0.000515 0.007227 0.006775 0.004517 0.017164 0.936314 0.015808 0.003162 0.006323 0.002710 0.008200 0.008985 0.005229 0.018619 0.926853 0.017406 0.003521 0.007524 0.003663 
0.000714 0.001070 0.000000 0.001070 0.995719 0.000357 0.000357 0.000357 0.000357 0.000765 0.001088 0.000000 0.001104 0.995472 0.000445 0.000357 0.000400 0.000368 0.008919 0.023546 0.006422 0.042098 0.848733 0.031752 0.007135 0.023546 0.007849 0.009697 0.025040 0.007096 0.044246 0.839598 0.033388 0.007459 0.025188 0.008289 
0.000596 0.009529 0.000000 0.010721 0.973198 0.002978 0.000596 0.002382 0.000000 0.000594 0.010133 0.000000 0.011461 0.971022 0.003175 0.000630 0.002985 0.000000 0.020250 0.041096 0.011316 0.070280 0.743300 0.035140 0.017868 0.041691 0.019059 0.021158 0.042498 0.011825 0.072263 0.731439 0.037665 0.018499 0.044302 0.020351 
0.000846 0.014382 0.000846 0.010998 0.961083 0.006768 0.000846 0.003384 0.000846 0.001029 0.017467 0.001060 0.012523 0.953500 0.008503 0.000839 0.004167 0.000912 0.018613 0.038071 0.013536 0.035533 0.814721 0.033841 0.008460 0.026227 0.010998 0.019749 0.042646 0.013989 0.038285 0.801383 0.035960 0.008511 0.027841 0.011637 
0.000000 0.002714 0.000302 0.002714 0.990048 0.002111 0.000302 0.001809 0.000000 0.000000 0.003287 0.000344 0.002747 0.988795 0.002327 0.000303 0.002197 0.000000 0.013571 0.028347 0.015983 0.036490 0.821170 0.034077 0.009349 0.025332 0.015682 0.014275 0.030386 0.017202 0.037704 0.811501 0.035782 0.009836 0.027056 0.016258 
0.000617 0.000617 0.000000 0.001233 0.995068 0.001233 0.000000 0.001233 0.000000 0.000630 0.000699 0.000000 0.001268 0.994501 0.001452 0.000000 0.001450 0.000000 0.002466 0.003083 0.001233 0.020345 0.950678 0.008631 0.003083 0.008015 0.002466 0.002845 0.003302 0.001677 0.022563 0.944229 0.009700 0.003615 0.009340 0.002728 
0.000000 0.003143 0.000000 0.000524 0.991095 0.003143 0.000000 0.002095 0.000000 0.000000 0.003289 0.000000 0.000528 0.989060 0.004734 0.000000 0.002389 0.000000 0.005238 0.016239 0.003667 0.024096 0.910424 0.021477 0.002619 0.013096 0.003143 0.005809 0.017721 0.004210 0.025540 0.899968 0.024454 0.003021 0.015807 0.003469 
0.000000 0.004367 0.000000 0.002456 0.988537 0.003002 0.000546 0.001092 0.000000 0.000000 0.004883 0.000000 0.002508 0.987237 0.003361 0.000637 0.001374 0.000000 0.012282 0.029476 0.004913 0.035207 0.853166 0.026747 0.006004 0.025382 0.006823 0.013391 0.031947 0.005352 0.037596 0.841993 0.028550 0.006575 0.027224 0.007371 
0.000688 0.009635 0.000688 0.015829 0.949071 0.003441 0.001376 0.019270 0.000000 0.000820 0.009679 0.000696 0.016231 0.947896 0.003511 0.001382 0.019785 0.000000 0.004129 0.028217 0.002753 0.037853 0.872677 0.014453 0.002065 0.035788 0.002065 0.004754 0.029304 0.002861 0.039367 0.866971 0.014931 0.002058 0.037492 0.002262 
0.000000 0.028200 0.000000 0.013015 0.900217 0.004338 0.004338 0.049892 0.000000 0.000000 0.028214 0.000000 0.013056 0.896569 0.004382 0.004971 0.052808 0.000000 0.000000 0.030369 0.002169 0.015184 0.878525 0.008677 0.002169 0.062907 0.000000 0.000000 0.030452 0.002185 0.015235 0.873537 0.009523 0.002157 0.066911 0.000000 
0.000000 0.000000 0.000000 0.000000 1.000000 0.000000 0.000000 0.000000 0.000000 0.000000 0.000000 0.000000 0.000000 1.000000 0.000000 0.000000 0.000000 0.000000 0.000000 0.000000 0.000000 0.022989 0.965517 0.000000 0.000000 0.011494 0.000000 0.000000 0.000000 0.000000 0.023187 0.965204 0.000000 0.000000 0.011609 0.000000 
0.000000 0.076923 0.000000 0.000000 0.923077 0.000000 0.000000 0.000000 0.000000 0.000000 0.076923 0.000000 0.000000 0.923077 0.000000 0.000000 0.000000 0.000000 0.000000 0.076923 0.000000 0.000000 0.923077 0.000000 0.000000 0.000000 0.000000 0.000000 0.076923 0.000000 0.000000 0.923077 0.000000 0.000000 0.000000 0.000000 
0.000000 0.000000 0.000000 0.000000 1.000000 0.000000 0.000000 0.000000 0.000000 0.000000 0.000000 0.000000 0.000000 1.000000 0.000000 0.000000 0.000000 0.000000 0.000000 0.000000 0.000000 0.000000 1.000000 0.000000 0.000000 0.000000 0.000000 0.000000 0.000000 0.000000 0.000000 1.000000 0.000000 0.000000 0.000000 0.000000 
0.000000 0.000000 0.000000 0.000000 1.000000 0.000000 0.000000 0.000000 0.000000 0.000000 0.000000 0.000000 0.000000 1.000000 0.000000 0.000000 0.000000 0.000000 0.000000 0.000000 0.000000 0.000000 1.000000 0.000000 0.000000 0.000000 0.000000 0.000000 0.000000 0.000000 0.000000 1.000000 0.000000 0.000000 0.000000 0.000000 
0.000000 0.000000 0.000000 0.000000 1.000000 0.000000 0.000000 0.000000 0.000000 0.000000 0.000000 0.000000 0.000000 1.000000 0.000000 0.000000 0.000000 0.000000 0.000000 0.100000 0.000000 0.000000 0.900000 0.000000 0.000000 0.000000 0.000000 0.000000 0.102894 0.000000 0.000000 0.897106 0.000000 0.000000 0.000000 0.000000 
0.000000 0.000000 0.000000 0.000000 1.000000 0.000000 0.000000 0.000000 0.000000 0.000000 0.000000 0.000000 0.000000 1.000000 0.000000 0.000000 0.000000 0.000000 0.000000 0.000000 0.000000 0.000000 1.000000 0.000000 0.000000 0.000000 0.000000 0.000000 0.000000 0.000000 0.000000 1.000000 0.000000 0.000000 0.000000 0.000000 
