0.000590 0.008261 0.000983 0.008458 0.965972 0.007081 0.000983 0.006884 0.000787 0.000661 0.009425 0.001066 0.009340 0.961922 0.008072 0.001097 0.007560 0.000857 0.004917 0.024784 0.004721 0.035995 0.856806 0.028521 0.005901 0.031865 0.006491 0.005331 0.026963 0.005163 0.039337 0.844225 0.031406 0.006415 0.034229 0.006931 
0.000347 0.010054 0.001040 0.010227 0.960478 0.008494 0.001387 0.007974 0.000000 0.000364 0.011854 0.001262 0.011532 0.954580 0.009289 0.001804 0.009315 0.000000 0.006067 0.029815 0.006934 0.037095 0.842780 0.034321 0.007280 0.029641 0.006067 0.006546 0.033353 0.007523 0.040992 0.827148 0.037582 0.008037 0.032426 0.006393 
0.000511 0.008012 0.001705 0.009035 0.959768 0.009717 0.001364 0.009547 0.000341 0.000546 0.009047 0.001988 0.010276 0.954052 0.010935 0.001599 0.011189 0.000369 0.004091 0.034095 0.007160 0.036481 0.828503 0.042959 0.005455 0.036481 0.004773 0.004284 0.036570 0.008278 0.039851 0.813205 0.046799 0.006210 0.039664 0.005139 
0.000171 0.010961 0.001028 0.008906 0.959068 0.007364 0.002740 0.009762 0.000000 0.000172 0.012496 0.001282 0.009658 0.954385 0.007676 0.003348 0.010984 0.000000 0.006850 0.036308 0.006337 0.039219 0.824114 0.033739 0.009419 0.039562 0.004453 0.007202 0.039670 0.006887 0.041935 0.811022 0.035853 0.010493 0.042325 0.004614 
0.000000 0.005539 0.001343 0.008056 0.967103 0.008560 0.001511 0.007049 0.000839 0.000000 0.006675 0.001501 0.009358 0.961756 0.009777 0.001854 0.008065 0.001013 0.003525 0.033233 0.007217 0.033904 0.838704 0.035247 0.008224 0.035079 0.004867 0.003579 0.035806 0.008009 0.037031 0.824931 0.038535 0.009311 0.037632 0.005166 
0.000000 0.005127 0.001025 0.010255 0.967356 0.007691 0.001196 0.007007 0.000342 0.000000 0.005783 0.001289 0.012484 0.961469 0.009334 0.001367 0.007909 0.000365 0.003418 0.027175 0.005982 0.027688 0.866006 0.030251 0.006495 0.030593 0.002393 0.003726 0.029198 0.006834 0.031670 0.851966 0.033756 0.007522 0.032468 0.002859 
0.000362 0.007060 0.001086 0.007060 0.968320 0.009594 0.001267 0.005250 0.000000 0.000522 0.008893 0.001360 0.008341 0.961612 0.011844 0.001385 0.006042 0.000000 0.002896 0.025887 0.005793 0.020999 0.888668 0.022085 0.004164 0.026068 0.003440 0.003441 0.028895 0.006653 0.023374 0.874644 0.026102 0.004915 0.028208 0.003768 
0.000174 0.006087 0.002609 0.007304 0.966609 0.009391 0.001391 0.006261 0.000174 0.000257 0.006887 0.003524 0.008131 0.960405 0.011791 0.001788 0.007043 0.000175 0.003478 0.030957 0.008174 0.024348 0.862957 0.032348 0.004522 0.029565 0.003652 0.003659 0.033207 0.009750 0.026324 0.849484 0.036603 0.005425 0.031676 0.003872 
0.000000 0.006193 0.001720 0.011182 0.960950 0.011870 0.001204 0.006537 0.000344 0.000000 0.007148 0.002033 0.012939 0.953882 0.014114 0.001447 0.008037 0.000400 0.006537 0.037846 0.006537 0.032513 0.832789 0.038534 0.006193 0.034750 0.004301 0.006746 0.039948 0.007293 0.036094 0.817691 0.042864 0.006934 0.037747 0.004684 
0.000349 0.007321 0.001220 0.010110 0.963396 0.009413 0.000872 0.006449 0.000872 0.000350 0.008888 0.001610 0.011790 0.956074 0.011672 0.001065 0.007662 0.000889 0.002615 0.043577 0.009238 0.036082 0.830573 0.031724 0.005404 0.036430 0.004358 0.002942 0.046620 0.010343 0.039437 0.815686 0.034821 0.005927 0.038902 0.005321 
0.000174 0.010949 0.001912 0.008690 0.954640 0.013382 0.001564 0.007994 0.000695 0.000202 0.012324 0.002048 0.009990 0.947573 0.015636 0.001829 0.009524 0.000875 0.005040 0.047793 0.007821 0.033021 0.810740 0.039972 0.007125 0.043448 0.005040 0.005442 0.050573 0.008712 0.035966 0.794711 0.044083 0.007951 0.046418 0.006145 
0.000350 0.005598 0.001749 0.013996 0.959587 0.009272 0.002274 0.006648 0.000525 0.000374 0.006412 0.002076 0.016857 0.952424 0.011039 0.002602 0.007621 0.000595 0.006998 0.046361 0.007348 0.033240 0.816830 0.036214 0.006823 0.042687 0.003499 0.008109 0.048697 0.008654 0.037089 0.800180 0.039921 0.008461 0.044969 0.003920 
0.001378 0.009304 0.003101 0.011716 0.954859 0.009993 0.000689 0.008270 0.000689 0.001668 0.011049 0.003671 0.013803 0.946364 0.011728 0.000781 0.010092 0.000843 0.005169 0.058925 0.005858 0.025844 0.802205 0.031358 0.008959 0.056857 0.004824 0.005821 0.062336 0.006726 0.029104 0.784815 0.035272 0.009804 0.061073 0.005050 
