0.000000 0.001702 0.000000 0.003405 0.991828 0.001021 0.000340 0.001702 0.000000 0.000000 0.002052 0.000000 0.003815 0.990556 0.001355 0.000343 0.001879 0.000000 0.009874 0.021450 0.011236 0.047327 0.817160 0.040858 0.010895 0.028601 0.012598 0.010303 0.022648 0.011814 0.049122 0.809301 0.042234 0.011469 0.030042 0.013068 
0.000000 0.001689 0.000281 0.001689 0.994652 0.000281 0.000000 0.001407 0.000000 0.000000 0.002058 0.000292 0.001980 0.993827 0.000285 0.000000 0.001560 0.000000 0.013510 0.029834 0.014354 0.039966 0.811708 0.039966 0.012665 0.025894 0.012102 0.014031 0.031224 0.015105 0.041213 0.804539 0.041265 0.013216 0.026927 0.012479 
0.000000 0.000498 0.000249 0.000746 0.996269 0.000498 0.000746 0.000995 0.000000 0.000000 0.000498 0.000260 0.000781 0.995852 0.000526 0.001001 0.001081 0.000000 0.008955 0.017413 0.004975 0.034826 0.877363 0.027612 0.005473 0.019403 0.003980 0.009240 0.018362 0.005348 0.035908 0.871436 0.028857 0.005843 0.020767 0.004239 
0.000680 0.000680 0.000000 0.002268 0.994558 0.000907 0.000227 0.000680 0.000000 0.000913 0.001097 0.000000 0.002720 0.993298 0.000956 0.000262 0.000754 0.000000 0.009297 0.021995 0.007029 0.033560 0.854195 0.031973 0.007710 0.026757 0.007483 0.009970 0.023372 0.007534 0.035386 0.846155 0.033163 0.008291 0.028207 0.007922 
0.000000 0.000203 0.000000 0.001016 0.996547 0.002031 0.000000 0.000203 0.000000 0.000000 0.000216 0.000000 0.001104 0.996187 0.002244 0.000000 0.000249 0.000000 0.006906 0.021125 0.006094 0.039813 0.841560 0.035751 0.009547 0.030875 0.008328 0.007262 0.022624 0.006311 0.041195 0.833781 0.037819 0.009993 0.032236 0.008779 
0.000000 0.000925 0.000231 0.001619 0.995605 0.000694 0.000231 0.000463 0.000231 0.000000 0.000985 0.000240 0.001706 0.995023 0.000754 0.000264 0.000797 0.000232 0.014342 0.029609 0.011566 0.038168 0.810780 0.036780 0.010641 0.037011 0.011103 0.014863 0.030729 0.012190 0.039276 0.803107 0.037802 0.011202 0.039246 0.011585 
0.000190 0.001516 0.000190 0.000758 0.995072 0.001895 0.000190 0.000000 0.000190 0.000190 0.001615 0.000204 0.000796 0.994616 0.002115 0.000207 0.000000 0.000256 0.007202 0.025398 0.007582 0.029947 0.862964 0.026914 0.006255 0.023692 0.010045 0.007591 0.026770 0.008038 0.030802 0.856373 0.028220 0.006563 0.024796 0.010848 
0.000447 0.001342 0.000224 0.000224 0.995750 0.000895 0.000000 0.000447 0.000671 0.000480 0.001434 0.000231 0.000228 0.995376 0.001028 0.000000 0.000460 0.000763 0.016998 0.042272 0.016998 0.050772 0.742787 0.055245 0.017222 0.041154 0.016551 0.017658 0.043940 0.017578 0.051732 0.734732 0.056738 0.017802 0.042481 0.017339 
0.000583 0.000389 0.000194 0.001167 0.994167 0.001167 0.000389 0.001556 0.000389 0.000638 0.000437 0.000244 0.001276 0.993228 0.001424 0.000391 0.001926 0.000436 0.018277 0.038499 0.016333 0.047443 0.754618 0.049776 0.018666 0.041027 0.015361 0.019004 0.039965 0.017071 0.048593 0.745673 0.051249 0.019249 0.043047 0.016149 
0.000178 0.001423 0.000356 0.001601 0.993240 0.001067 0.000356 0.001779 0.000000 0.000179 0.001562 0.000381 0.001723 0.992444 0.001282 0.000463 0.001966 0.000000 0.013699 0.030600 0.011564 0.042519 0.812845 0.037894 0.013343 0.026152 0.011386 0.014201 0.032155 0.012189 0.043480 0.805478 0.039140 0.014135 0.027341 0.011882 
0.000496 0.001323 0.000331 0.002150 0.993880 0.000331 0.000165 0.000496 0.000827 0.000563 0.001450 0.000447 0.002322 0.993265 0.000354 0.000174 0.000532 0.000895 0.012901 0.031260 0.011743 0.045154 0.803010 0.043665 0.011413 0.027622 0.013232 0.013456 0.032580 0.012538 0.046884 0.794908 0.045125 0.012020 0.028660 0.013830 
0.000375 0.001686 0.000000 0.001312 0.992693 0.000937 0.000375 0.001874 0.000749 0.000386 0.001958 0.000000 0.001433 0.991906 0.000995 0.000378 0.002078 0.000865 0.009181 0.038036 0.010868 0.045719 0.790519 0.045906 0.011804 0.036912 0.011055 0.009817 0.039585 0.011400 0.047200 0.781498 0.047311 0.012394 0.038837 0.011958 
0.000428 0.001070 0.000214 0.001498 0.991866 0.002140 0.000428 0.002140 0.000214 0.000434 0.001175 0.000216 0.001522 0.991488 0.002209 0.000480 0.002257 0.000218 0.023116 0.046661 0.021618 0.050514 0.714897 0.051584 0.021190 0.047089 0.023330 0.023982 0.048231 0.022248 0.051716 0.705857 0.053192 0.021796 0.048705 0.024272 
0.000411 0.002879 0.000823 0.000411 0.990746 0.001645 0.000411 0.002056 0.000617 0.000429 0.003220 0.000889 0.000465 0.989651 0.001776 0.000423 0.002518 0.000628 0.013778 0.046885 0.015423 0.051614 0.747070 0.053259 0.013572 0.043594 0.014806 0.014715 0.048684 0.016224 0.052852 0.737040 0.055332 0.014164 0.045552 0.015438 
0.000739 0.004187 0.000000 0.001478 0.989901 0.000493 0.000739 0.002217 0.000246 0.000817 0.004313 0.000000 0.001577 0.989273 0.000527 0.000765 0.002444 0.000284 0.035468 0.052709 0.029557 0.062808 0.654433 0.058621 0.025862 0.052956 0.027586 0.036901 0.054411 0.030845 0.064345 0.643663 0.059963 0.026683 0.054716 0.028474 
0.000423 0.003176 0.000635 0.001906 0.990896 0.001270 0.000212 0.001059 0.000423 0.000426 0.003844 0.000650 0.001992 0.989999 0.001341 0.000228 0.001090 0.000430 0.022443 0.048698 0.016727 0.046369 0.745712 0.042134 0.016938 0.041923 0.019056 0.023400 0.050523 0.017639 0.047877 0.736338 0.043399 0.017486 0.043244 0.020093 
0.000197 0.001576 0.000788 0.000985 0.993300 0.001182 0.000394 0.001576 0.000000 0.000251 0.001807 0.000824 0.001026 0.992691 0.001235 0.000401 0.001765 0.000000 0.019310 0.046700 0.020690 0.049655 0.755468 0.039409 0.015172 0.037438 0.016158 0.020140 0.048654 0.021456 0.050995 0.746255 0.040789 0.015742 0.039010 0.016959 
0.000000 0.001262 0.000000 0.001442 0.995312 0.001082 0.000180 0.000721 0.000000 0.000000 0.001391 0.000000 0.001669 0.994844 0.001164 0.000191 0.000742 0.000000 0.013343 0.035521 0.012802 0.044537 0.798053 0.038406 0.011179 0.033898 0.012261 0.014065 0.036859 0.013396 0.046371 0.789768 0.039775 0.011528 0.035202 0.013035 
0.000000 0.001776 0.000222 0.001554 0.993341 0.001332 0.000000 0.001554 0.000222 0.000000 0.002286 0.000223 0.001613 0.992411 0.001428 0.000000 0.001810 0.000228 0.017314 0.044617 0.017092 0.036626 0.781132 0.036848 0.015982 0.034628 0.015760 0.017927 0.046228 0.017739 0.037803 0.772918 0.038524 0.016605 0.035722 0.016535 
0.000353 0.001763 0.000529 0.001586 0.992420 0.001058 0.000176 0.002115 0.000000 0.000357 0.002141 0.000551 0.001747 0.991509 0.001164 0.000246 0.002285 0.000000 0.018685 0.035255 0.015865 0.041601 0.789882 0.035078 0.016746 0.032258 0.014631 0.019370 0.036717 0.016502 0.042645 0.782041 0.036293 0.017662 0.033465 0.015306 
0.000179 0.001429 0.000179 0.000536 0.996071 0.000357 0.000536 0.000536 0.000179 0.000183 0.001605 0.000183 0.000559 0.995731 0.000359 0.000650 0.000547 0.000183 0.012324 0.041615 0.011966 0.040007 0.805144 0.035542 0.012502 0.033577 0.007323 0.012909 0.043328 0.012522 0.041104 0.797750 0.036583 0.013349 0.034786 0.007669 
0.000173 0.001383 0.000519 0.000346 0.995504 0.001556 0.000000 0.000346 0.000173 0.000173 0.001572 0.000535 0.000359 0.994977 0.001831 0.000000 0.000366 0.000187 0.014698 0.039945 0.013834 0.047380 0.781774 0.042020 0.015909 0.030088 0.014352 0.015193 0.041282 0.014268 0.049148 0.773664 0.043744 0.016437 0.031278 0.014985 
0.000561 0.000748 0.000374 0.000935 0.994949 0.001497 0.000187 0.000561 0.000187 0.000590 0.000934 0.000383 0.000960 0.994375 0.001631 0.000189 0.000739 0.000198 0.017212 0.038167 0.014967 0.037792 0.803181 0.032741 0.013471 0.029373 0.013096 0.017880 0.039798 0.015578 0.039115 0.795491 0.033838 0.013924 0.030770 0.013605 
0.000184 0.001654 0.000368 0.002757 0.989892 0.001103 0.000184 0.003124 0.000735 0.000184 0.001965 0.000374 0.002845 0.989251 0.001184 0.000185 0.003217 0.000795 0.019114 0.047785 0.019114 0.052196 0.725786 0.043742 0.017644 0.057894 0.016725 0.019775 0.049658 0.019856 0.053788 0.715866 0.045138 0.018259 0.060096 0.017564 
0.000395 0.003159 0.000197 0.003949 0.988351 0.001382 0.000592 0.001974 0.000000 0.000406 0.003288 0.000259 0.004226 0.987338 0.001454 0.000838 0.002191 0.000000 0.010661 0.033564 0.007305 0.041461 0.823889 0.029615 0.012043 0.030405 0.011056 0.011111 0.035104 0.007680 0.043299 0.816092 0.030716 0.012753 0.031644 0.011600 
