0.000730 0.004948 0.000963 0.005163 0.976057 0.004714 0.001740 0.004798 0.000889 0.000758 0.005533 0.001030 0.005632 0.973741 0.005240 0.001852 0.005251 0.000963 0.014619 0.042733 0.016386 0.052862 0.747828 0.048251 0.019304 0.044174 0.013842 0.015260 0.044989 0.017163 0.055112 0.735856 0.050459 0.020267 0.046343 0.014551 
0.000696 0.004200 0.000979 0.004964 0.977910 0.004655 0.001263 0.004475 0.000859 0.000740 0.004606 0.001048 0.005371 0.975970 0.005121 0.001342 0.004867 0.000935 0.014377 0.043630 0.015425 0.054134 0.746412 0.048818 0.018723 0.044841 0.013639 0.015039 0.045728 0.016206 0.056378 0.734680 0.051075 0.019589 0.047012 0.014293 
0.000687 0.004403 0.001218 0.004968 0.977655 0.004612 0.001462 0.004159 0.000835 0.000723 0.004903 0.001303 0.005480 0.975363 0.005137 0.001558 0.004619 0.000914 0.015071 0.044289 0.015332 0.052712 0.746298 0.047926 0.019317 0.045673 0.013383 0.015738 0.046585 0.016048 0.054954 0.734355 0.050128 0.020214 0.047909 0.014069 
0.000835 0.003931 0.001152 0.004340 0.980622 0.003981 0.001060 0.003413 0.000668 0.000887 0.004317 0.001234 0.004712 0.978895 0.004374 0.001119 0.003724 0.000737 0.015414 0.043113 0.015715 0.050398 0.756370 0.046551 0.017292 0.041694 0.013453 0.016159 0.045184 0.016504 0.052482 0.745159 0.048597 0.018062 0.043690 0.014163 
0.000728 0.004120 0.001133 0.004765 0.978931 0.004227 0.001257 0.004144 0.000695 0.000769 0.004533 0.001217 0.005214 0.976864 0.004664 0.001328 0.004629 0.000782 0.015378 0.044339 0.016817 0.050941 0.749921 0.047499 0.017835 0.043636 0.013633 0.016055 0.046467 0.017659 0.053083 0.738306 0.049618 0.018618 0.045874 0.014321 
0.000777 0.004146 0.000826 0.003729 0.980748 0.003541 0.001170 0.004228 0.000834 0.000825 0.004615 0.000878 0.004068 0.978885 0.003943 0.001246 0.004637 0.000905 0.016038 0.044376 0.016283 0.049815 0.755048 0.045963 0.017265 0.041824 0.013388 0.016772 0.046668 0.017037 0.051795 0.743637 0.048034 0.018046 0.043933 0.014078 
0.000784 0.003998 0.001042 0.004047 0.980590 0.003417 0.001300 0.004152 0.000670 0.000829 0.004410 0.001112 0.004398 0.978811 0.003765 0.001389 0.004565 0.000722 0.015185 0.043513 0.015307 0.050742 0.758560 0.045799 0.017423 0.041501 0.011971 0.015898 0.045682 0.016078 0.052896 0.747021 0.047890 0.018261 0.043673 0.012602 
0.000857 0.003835 0.001081 0.004051 0.980884 0.003436 0.001181 0.003926 0.000749 0.000917 0.004256 0.001164 0.004398 0.979144 0.003768 0.001257 0.004295 0.000801 0.015223 0.042209 0.015631 0.050918 0.757112 0.045461 0.018010 0.041876 0.013559 0.015937 0.044332 0.016407 0.053049 0.745729 0.047493 0.018854 0.043976 0.014223 
0.000585 0.003674 0.001076 0.004122 0.980337 0.003210 0.001583 0.004552 0.000861 0.000622 0.004062 0.001162 0.004544 0.978419 0.003556 0.001696 0.005005 0.000933 0.013777 0.042897 0.015877 0.052061 0.751517 0.045926 0.019086 0.045186 0.013674 0.014424 0.044932 0.016630 0.054269 0.739940 0.047938 0.020008 0.047478 0.014381 
0.000639 0.004133 0.000989 0.004099 0.979965 0.003758 0.001321 0.004167 0.000929 0.000675 0.004564 0.001068 0.004507 0.978065 0.004127 0.001408 0.004590 0.000996 0.015399 0.043181 0.015945 0.049700 0.755205 0.045422 0.018638 0.042661 0.013848 0.016087 0.045390 0.016745 0.051833 0.743521 0.047543 0.019517 0.044824 0.014540 
0.000629 0.003502 0.001020 0.004105 0.980485 0.003587 0.001470 0.004411 0.000790 0.000673 0.003916 0.001087 0.004484 0.978513 0.004052 0.001562 0.004872 0.000841 0.015104 0.042227 0.015444 0.050480 0.752922 0.046816 0.018937 0.043816 0.014254 0.015773 0.044231 0.016162 0.052635 0.741345 0.048962 0.019874 0.046058 0.014961 
0.000563 0.003025 0.000941 0.003689 0.982411 0.003395 0.001412 0.003790 0.000773 0.000595 0.003346 0.001017 0.004008 0.980691 0.003811 0.001496 0.004195 0.000839 0.014345 0.042935 0.015950 0.050481 0.751225 0.048078 0.019152 0.044456 0.013379 0.015020 0.044988 0.016742 0.052579 0.739499 0.050307 0.020064 0.046779 0.014022 
0.000607 0.003666 0.000944 0.003658 0.982064 0.003380 0.001365 0.003607 0.000708 0.000640 0.004041 0.001015 0.003987 0.980305 0.003797 0.001470 0.003978 0.000767 0.015408 0.043753 0.015534 0.049392 0.752956 0.045759 0.018872 0.044453 0.013874 0.016078 0.045779 0.016316 0.051380 0.741491 0.047890 0.019836 0.046633 0.014598 
0.000516 0.003673 0.000908 0.003856 0.981251 0.003457 0.001574 0.003890 0.000875 0.000546 0.004116 0.000965 0.004279 0.979325 0.003820 0.001694 0.004310 0.000946 0.014010 0.042520 0.015284 0.048017 0.757798 0.045544 0.018957 0.044377 0.013493 0.014600 0.044624 0.016026 0.050130 0.746388 0.047596 0.019874 0.046566 0.014196 
0.000674 0.003901 0.001003 0.004061 0.981154 0.003302 0.001314 0.003842 0.000750 0.000716 0.004343 0.001075 0.004494 0.979214 0.003677 0.001412 0.004258 0.000810 0.015459 0.043935 0.015729 0.050059 0.753182 0.045628 0.018450 0.043817 0.013741 0.016149 0.046130 0.016481 0.052203 0.741559 0.047676 0.019333 0.046016 0.014453 
0.000562 0.003465 0.000943 0.003944 0.981742 0.003365 0.001530 0.003647 0.000802 0.000599 0.003787 0.001014 0.004290 0.980126 0.003710 0.001638 0.003976 0.000859 0.014901 0.041891 0.015604 0.049102 0.758321 0.044033 0.019259 0.043288 0.013603 0.015625 0.043881 0.016329 0.051160 0.747142 0.046025 0.020182 0.045370 0.014286 
0.000661 0.004464 0.001033 0.004266 0.979052 0.004026 0.001397 0.004282 0.000818 0.000705 0.004943 0.001113 0.004668 0.977035 0.004456 0.001481 0.004727 0.000872 0.014781 0.045393 0.016310 0.050328 0.745681 0.047906 0.019377 0.045914 0.014310 0.015440 0.047687 0.017082 0.052489 0.733665 0.050149 0.020266 0.048211 0.015010 
0.000722 0.004055 0.000941 0.003868 0.980779 0.003706 0.001517 0.003536 0.000876 0.000767 0.004438 0.001004 0.004217 0.979160 0.004051 0.001601 0.003810 0.000952 0.015052 0.043835 0.016293 0.047509 0.750746 0.047427 0.018686 0.045335 0.015117 0.015746 0.045880 0.017040 0.049511 0.739386 0.049591 0.019537 0.047424 0.015886 
0.000691 0.004327 0.000985 0.004383 0.979062 0.004184 0.001445 0.004065 0.000858 0.000738 0.004761 0.001060 0.004791 0.977001 0.004636 0.001548 0.004524 0.000940 0.015396 0.044520 0.016182 0.050451 0.748817 0.046997 0.018365 0.045123 0.014149 0.016091 0.046682 0.016968 0.052498 0.737008 0.049209 0.019298 0.047419 0.014828 
0.000753 0.003628 0.001049 0.003938 0.980930 0.003667 0.001313 0.003900 0.000823 0.000805 0.003992 0.001120 0.004319 0.979106 0.004041 0.001388 0.004352 0.000879 0.015070 0.042468 0.016445 0.047548 0.758057 0.044619 0.018457 0.043369 0.013967 0.015778 0.044458 0.017269 0.049615 0.746734 0.046656 0.019334 0.045531 0.014626 
0.000676 0.003698 0.000943 0.004349 0.980193 0.003556 0.001836 0.003890 0.000860 0.000722 0.004097 0.001000 0.004787 0.978415 0.003858 0.001952 0.004246 0.000924 0.016042 0.045799 0.017002 0.050807 0.740583 0.046842 0.020859 0.047092 0.014974 0.016732 0.047928 0.017825 0.052960 0.728972 0.048816 0.021823 0.049243 0.015702 
0.000782 0.004265 0.001139 0.004082 0.979331 0.003891 0.001613 0.004099 0.000798 0.000825 0.004655 0.001217 0.004441 0.977406 0.004369 0.001725 0.004504 0.000857 0.015705 0.044904 0.018050 0.050316 0.738067 0.047423 0.021533 0.047855 0.016146 0.016485 0.047038 0.018908 0.052297 0.726185 0.049551 0.022494 0.050091 0.016952 
0.000773 0.004043 0.000919 0.003637 0.980442 0.003962 0.001529 0.003905 0.000789 0.000810 0.004406 0.000980 0.003976 0.978686 0.004403 0.001615 0.004274 0.000848 0.015075 0.043542 0.016336 0.049082 0.747447 0.044892 0.021624 0.047227 0.014774 0.015773 0.045601 0.017102 0.051023 0.735855 0.046968 0.022612 0.049517 0.015549 
0.000795 0.003974 0.001004 0.003789 0.980211 0.003870 0.001509 0.003805 0.001044 0.000848 0.004385 0.001081 0.004131 0.978360 0.004345 0.001586 0.004128 0.001136 0.016016 0.044162 0.017196 0.049421 0.744242 0.046611 0.021828 0.044957 0.015566 0.016743 0.046238 0.018007 0.051377 0.732664 0.048791 0.022817 0.047017 0.016346 
0.000672 0.003580 0.001016 0.003629 0.980848 0.003760 0.001532 0.004235 0.000729 0.000723 0.003954 0.001081 0.003954 0.979111 0.004129 0.001636 0.004612 0.000801 0.015884 0.044129 0.016801 0.050207 0.742716 0.047422 0.021741 0.045521 0.015581 0.016611 0.046180 0.017629 0.052158 0.731268 0.049478 0.022712 0.047628 0.016336 
0.000661 0.003742 0.001040 0.003492 0.982119 0.003339 0.001355 0.003395 0.000855 0.000691 0.004083 0.001125 0.003819 0.980612 0.003645 0.001445 0.003667 0.000914 0.014542 0.042359 0.016816 0.048109 0.749994 0.044536 0.022341 0.046432 0.014872 0.015238 0.044256 0.017647 0.050046 0.738727 0.046518 0.023361 0.048575 0.015634 
0.000599 0.003489 0.000928 0.003310 0.983437 0.002973 0.001183 0.003482 0.000599 0.000634 0.003846 0.000978 0.003662 0.981785 0.003360 0.001256 0.003843 0.000635 0.014616 0.043825 0.015866 0.043526 0.758650 0.041916 0.019752 0.046985 0.014863 0.015267 0.045901 0.016647 0.045513 0.747245 0.043917 0.020674 0.049268 0.015567 
0.000570 0.003912 0.001101 0.003888 0.980447 0.003690 0.001647 0.004007 0.000736 0.000602 0.004284 0.001187 0.004236 0.978759 0.004054 0.001743 0.004346 0.000788 0.015126 0.044388 0.016710 0.048276 0.745949 0.045884 0.021968 0.046486 0.015213 0.015776 0.046439 0.017509 0.050252 0.734378 0.048021 0.022984 0.048676 0.015964 
0.000707 0.003701 0.000961 0.003494 0.982091 0.003264 0.001525 0.003566 0.000691 0.000744 0.004052 0.001026 0.003792 0.980515 0.003591 0.001622 0.003911 0.000747 0.015749 0.044316 0.016535 0.049280 0.749184 0.045222 0.020324 0.045134 0.014256 0.016469 0.046399 0.017287 0.051358 0.737675 0.047202 0.021363 0.047307 0.014940 
0.000695 0.003444 0.000841 0.003484 0.982394 0.003072 0.001398 0.003985 0.000687 0.000729 0.003750 0.000899 0.003798 0.980805 0.003393 0.001485 0.004400 0.000741 0.016078 0.043716 0.016765 0.048526 0.747815 0.043732 0.022060 0.045883 0.015424 0.016858 0.045554 0.017581 0.050479 0.736597 0.045530 0.023124 0.048081 0.016196 
0.000683 0.003922 0.000844 0.003761 0.981468 0.003054 0.001664 0.003978 0.000627 0.000723 0.004340 0.000905 0.004244 0.979535 0.003371 0.001760 0.004450 0.000673 0.015333 0.043999 0.017069 0.049094 0.745291 0.044055 0.023169 0.046369 0.015622 0.016056 0.046134 0.017894 0.051255 0.733406 0.045892 0.024284 0.048730 0.016349 
0.000572 0.003324 0.000951 0.003216 0.983401 0.003031 0.001299 0.003564 0.000642 0.000613 0.003654 0.001014 0.003539 0.981801 0.003398 0.001376 0.003908 0.000696 0.014334 0.040976 0.016669 0.045275 0.761247 0.040420 0.021764 0.045631 0.013685 0.015006 0.042913 0.017486 0.047226 0.750007 0.042301 0.022843 0.047798 0.014420 
0.000551 0.003010 0.000973 0.003186 0.984239 0.002749 0.001317 0.003492 0.000482 0.000585 0.003282 0.001062 0.003489 0.982730 0.003125 0.001395 0.003817 0.000516 0.014835 0.041035 0.016857 0.045921 0.760393 0.041173 0.020877 0.045630 0.013280 0.015489 0.042861 0.017675 0.047892 0.749347 0.043106 0.021890 0.047828 0.013911 
0.000417 0.003364 0.000902 0.002887 0.984800 0.002751 0.001303 0.003182 0.000394 0.000443 0.003716 0.000959 0.003239 0.983284 0.003063 0.001393 0.003475 0.000428 0.013897 0.042675 0.016776 0.042925 0.762925 0.039167 0.021883 0.046797 0.012957 0.014502 0.044639 0.017634 0.044907 0.751778 0.041027 0.022941 0.048977 0.013596 
0.000465 0.003094 0.000808 0.002126 0.987214 0.002248 0.001097 0.002591 0.000358 0.000494 0.003280 0.000864 0.002337 0.986122 0.002539 0.001165 0.002821 0.000377 0.013190 0.042085 0.016192 0.039745 0.771220 0.036850 0.021176 0.046443 0.013099 0.013847 0.043895 0.016942 0.041504 0.760550 0.038666 0.022209 0.048596 0.013790 
0.000345 0.003135 0.001050 0.002483 0.986131 0.002258 0.001103 0.003045 0.000450 0.000360 0.003386 0.001128 0.002792 0.984815 0.002515 0.001188 0.003322 0.000494 0.013487 0.043438 0.016472 0.041668 0.766937 0.038000 0.020320 0.046881 0.012797 0.014101 0.045401 0.017345 0.043500 0.755891 0.039750 0.021381 0.049156 0.013473 
0.000418 0.003006 0.000880 0.002640 0.986031 0.002536 0.001096 0.002894 0.000500 0.000446 0.003288 0.000952 0.002917 0.984747 0.002809 0.001159 0.003152 0.000530 0.012828 0.041102 0.016669 0.041423 0.769071 0.039611 0.019675 0.046599 0.013022 0.013460 0.043017 0.017546 0.043287 0.758035 0.041507 0.020656 0.048807 0.013685 
0.000503 0.003217 0.000858 0.002485 0.985684 0.002551 0.001080 0.003084 0.000540 0.000539 0.003545 0.000934 0.002784 0.984191 0.002895 0.001142 0.003387 0.000584 0.013466 0.042002 0.015610 0.042313 0.768352 0.038490 0.020920 0.045293 0.013555 0.014075 0.044024 0.016416 0.044331 0.756969 0.040489 0.021911 0.047539 0.014246 
0.000534 0.002901 0.000744 0.002736 0.986066 0.002450 0.001233 0.002901 0.000436 0.000569 0.003124 0.000796 0.003003 0.984889 0.002718 0.001315 0.003115 0.000472 0.013416 0.042697 0.016001 0.042209 0.764951 0.041532 0.020248 0.045388 0.013559 0.014020 0.044699 0.016834 0.044063 0.753938 0.043412 0.021211 0.047555 0.014268 
0.000470 0.003526 0.000924 0.003311 0.982706 0.002995 0.001602 0.003781 0.000685 0.000498 0.003849 0.000993 0.003639 0.981095 0.003322 0.001707 0.004167 0.000731 0.013967 0.041217 0.015939 0.045290 0.758173 0.043242 0.021421 0.047230 0.013521 0.014625 0.043185 0.016735 0.047385 0.746468 0.045300 0.022474 0.049592 0.014236 
0.000575 0.003635 0.000999 0.003100 0.981467 0.003763 0.001566 0.004282 0.000615 0.000616 0.003974 0.001081 0.003430 0.979647 0.004243 0.001675 0.004667 0.000664 0.014212 0.043026 0.016376 0.046964 0.754330 0.044536 0.020626 0.046221 0.013708 0.014862 0.045053 0.017225 0.049010 0.742355 0.046844 0.021676 0.048556 0.014419 
0.000603 0.003062 0.000974 0.003480 0.983645 0.002529 0.001496 0.003503 0.000708 0.000647 0.003374 0.001032 0.003848 0.982121 0.002814 0.001616 0.003798 0.000749 0.014743 0.041131 0.016134 0.045991 0.761185 0.042105 0.021238 0.043300 0.014174 0.015454 0.043059 0.016959 0.048144 0.749753 0.044054 0.022322 0.045385 0.014872 
