0.003663 0.008242 0.003205 0.010073 0.959249 0.005495 0.000458 0.009158 0.000458 0.004140 0.010751 0.003462 0.011957 0.950643 0.006094 0.000508 0.011959 0.000486 0.012363 0.024267 0.011447 0.051740 0.799451 0.054029 0.008242 0.031136 0.007326 0.013742 0.028951 0.012814 0.054999 0.778711 0.057607 0.008901 0.036182 0.008093 
0.000000 0.003403 0.001134 0.002836 0.987521 0.003403 0.001134 0.000567 0.000000 0.000000 0.004488 0.001416 0.003557 0.984630 0.003886 0.001244 0.000778 0.000000 0.006239 0.014180 0.009075 0.033466 0.873511 0.030630 0.010777 0.015315 0.006807 0.006636 0.016494 0.009911 0.035981 0.863261 0.032217 0.012062 0.016326 0.007112 
0.000000 0.002929 0.001172 0.004687 0.977739 0.004687 0.000586 0.006444 0.001757 0.000000 0.003646 0.001230 0.005117 0.973831 0.004972 0.000695 0.008573 0.001936 0.002343 0.013474 0.005272 0.018161 0.908026 0.021675 0.005858 0.020504 0.004687 0.002404 0.015957 0.005854 0.019888 0.895444 0.023869 0.007084 0.024074 0.005426 
0.000665 0.001995 0.000000 0.003324 0.988032 0.003324 0.000665 0.001995 0.000000 0.000768 0.002730 0.000000 0.004474 0.984451 0.004271 0.000737 0.002569 0.000000 0.004654 0.008644 0.003324 0.022606 0.916223 0.020612 0.002660 0.018617 0.002660 0.005047 0.010101 0.003541 0.024882 0.905693 0.023949 0.002871 0.021108 0.002807 
0.000000 0.001599 0.000000 0.002398 0.992006 0.001599 0.000000 0.002398 0.000000 0.000000 0.001600 0.000000 0.002516 0.991217 0.001847 0.000000 0.002820 0.000000 0.000799 0.011990 0.003997 0.011990 0.940847 0.014388 0.001599 0.012790 0.001599 0.000812 0.013025 0.004167 0.012947 0.935623 0.015742 0.001644 0.014319 0.001721 
0.000000 0.000883 0.000000 0.003534 0.992049 0.002650 0.000000 0.000883 0.000000 0.000000 0.000916 0.000000 0.004103 0.990704 0.003374 0.000000 0.000902 0.000000 0.001767 0.006184 0.002650 0.011484 0.959364 0.011484 0.001767 0.003534 0.001767 0.002203 0.006576 0.002951 0.012750 0.954516 0.013426 0.001828 0.003778 0.001972 
0.000000 0.004065 0.000678 0.004743 0.985095 0.003388 0.001355 0.000000 0.000678 0.000000 0.006053 0.000681 0.005165 0.981736 0.004130 0.001484 0.000000 0.000751 0.001355 0.011518 0.002710 0.023713 0.921409 0.016938 0.006098 0.011518 0.004743 0.001765 0.014710 0.003674 0.025864 0.911333 0.018029 0.006646 0.012778 0.005202 
0.001019 0.010703 0.001019 0.005607 0.964322 0.010194 0.001019 0.006116 0.000000 0.001056 0.014876 0.001146 0.007000 0.954832 0.012269 0.001099 0.007724 0.000000 0.006626 0.023955 0.011213 0.037717 0.838430 0.039755 0.006626 0.028542 0.007136 0.006900 0.029762 0.011988 0.040504 0.818860 0.044550 0.006998 0.032674 0.007764 
0.001656 0.009110 0.002070 0.009524 0.962733 0.007039 0.000828 0.006211 0.000828 0.002053 0.011741 0.002807 0.011144 0.953334 0.007885 0.001143 0.009065 0.000827 0.013665 0.028157 0.016977 0.045135 0.799586 0.048861 0.012422 0.027329 0.007867 0.014855 0.033932 0.018471 0.048831 0.778764 0.051618 0.013171 0.032062 0.008296 
0.000518 0.004666 0.000518 0.006221 0.970969 0.006221 0.002074 0.006739 0.002074 0.000829 0.005740 0.000549 0.006916 0.964480 0.007870 0.002469 0.008690 0.002456 0.006739 0.022291 0.012960 0.032141 0.857439 0.025920 0.014515 0.023328 0.004666 0.007646 0.025149 0.013818 0.035519 0.840677 0.029275 0.015984 0.026765 0.005166 
0.000914 0.007313 0.003199 0.008684 0.957952 0.008684 0.001371 0.010512 0.001371 0.001106 0.009202 0.003463 0.009742 0.951224 0.009686 0.001457 0.012532 0.001589 0.010969 0.019653 0.013254 0.036563 0.829982 0.034735 0.017824 0.029707 0.007313 0.011764 0.023705 0.014365 0.039724 0.809883 0.038171 0.018852 0.035487 0.008048 
0.002302 0.008442 0.003837 0.009210 0.955104 0.007291 0.002302 0.010361 0.001151 0.002657 0.011406 0.004181 0.010371 0.945750 0.008266 0.002484 0.013387 0.001498 0.010361 0.029931 0.017268 0.044896 0.793170 0.049117 0.016117 0.030315 0.008826 0.011693 0.035383 0.018229 0.047724 0.769949 0.053312 0.017354 0.036949 0.009407 
0.001511 0.010578 0.001889 0.007934 0.953910 0.010200 0.001511 0.009822 0.002645 0.001603 0.013185 0.002006 0.009129 0.945069 0.011408 0.001526 0.012801 0.003274 0.010200 0.030601 0.017000 0.040045 0.813374 0.037779 0.014734 0.025312 0.010956 0.011115 0.036280 0.018162 0.042637 0.792586 0.040522 0.015798 0.030570 0.012329 
0.001315 0.007453 0.002630 0.009645 0.954406 0.009645 0.002630 0.010960 0.001315 0.001556 0.009755 0.003142 0.011235 0.943552 0.012038 0.002908 0.014062 0.001752 0.002630 0.025866 0.006576 0.044279 0.840859 0.037703 0.010522 0.024989 0.006576 0.003136 0.030326 0.007384 0.048548 0.817265 0.043035 0.011645 0.031037 0.007624 
0.002216 0.011082 0.000443 0.007535 0.960993 0.008865 0.001773 0.007092 0.000000 0.002797 0.014829 0.000527 0.007970 0.952994 0.009535 0.002169 0.009180 0.000000 0.011082 0.029255 0.011525 0.048759 0.809397 0.046543 0.009309 0.025709 0.008422 0.012236 0.036093 0.012297 0.050444 0.790123 0.049674 0.010007 0.030278 0.008847 
0.001588 0.009131 0.000397 0.005558 0.963478 0.007543 0.003573 0.007940 0.000794 0.002092 0.012053 0.000403 0.006731 0.955773 0.008139 0.003806 0.010065 0.000937 0.013497 0.031759 0.007940 0.043668 0.797142 0.045653 0.019452 0.032553 0.008337 0.014791 0.037046 0.008507 0.046811 0.777765 0.047991 0.020483 0.037818 0.008788 
0.001046 0.011506 0.001569 0.005230 0.957636 0.011506 0.001046 0.009937 0.000523 0.001074 0.014507 0.001887 0.005810 0.948930 0.012996 0.001191 0.013082 0.000524 0.008368 0.019874 0.006799 0.036611 0.857218 0.032950 0.008368 0.023013 0.006799 0.009323 0.025914 0.007674 0.038721 0.836920 0.036747 0.008999 0.028356 0.007346 
0.000861 0.002582 0.000000 0.001721 0.992255 0.000861 0.000000 0.001721 0.000000 0.001034 0.003496 0.000000 0.001942 0.990314 0.000911 0.000000 0.002303 0.000000 0.003442 0.008606 0.002582 0.015491 0.937177 0.016351 0.002582 0.012048 0.001721 0.003715 0.010604 0.003108 0.017120 0.929464 0.017569 0.002888 0.013741 0.001790 
0.000816 0.001633 0.000000 0.001633 0.992653 0.001633 0.000816 0.000816 0.000000 0.000900 0.001694 0.000000 0.002085 0.991717 0.001682 0.000882 0.001040 0.000000 0.006531 0.008163 0.001633 0.013061 0.939592 0.013061 0.004898 0.011429 0.001633 0.007530 0.009032 0.001842 0.014277 0.933325 0.013928 0.005665 0.012589 0.001812 
0.000000 0.001674 0.000837 0.002510 0.989121 0.004184 0.000837 0.000837 0.000000 0.000000 0.002381 0.000871 0.002797 0.987019 0.005136 0.000917 0.000880 0.000000 0.001674 0.009205 0.001674 0.009205 0.950628 0.012552 0.005021 0.005021 0.005021 0.001811 0.010427 0.001746 0.010291 0.944140 0.014644 0.005471 0.006026 0.005445 
0.000546 0.005461 0.000546 0.009285 0.965046 0.007100 0.001092 0.010377 0.000546 0.000705 0.006897 0.000609 0.010711 0.956858 0.008039 0.001360 0.014254 0.000567 0.002731 0.019115 0.003277 0.034954 0.868924 0.037684 0.007100 0.023484 0.002731 0.003061 0.021662 0.003801 0.038931 0.850432 0.040649 0.008064 0.030405 0.002996 
0.000509 0.005601 0.000509 0.007637 0.967413 0.010183 0.000509 0.005601 0.002037 0.000667 0.006578 0.000513 0.009078 0.960937 0.011816 0.000546 0.007619 0.002248 0.009165 0.017312 0.007637 0.035132 0.847760 0.044297 0.008147 0.019857 0.010692 0.009932 0.020045 0.008308 0.038245 0.831158 0.048028 0.008765 0.023924 0.011593 
0.000000 0.002065 0.000000 0.002065 0.989677 0.000688 0.001376 0.002753 0.001376 0.000000 0.002920 0.000000 0.002345 0.986927 0.000792 0.001511 0.003999 0.001505 0.007571 0.015829 0.002753 0.020647 0.916724 0.011012 0.007571 0.014453 0.003441 0.008186 0.017981 0.002941 0.021478 0.908162 0.011758 0.009360 0.016340 0.003793 
0.000838 0.004188 0.000000 0.004188 0.986600 0.000838 0.000838 0.002513 0.000000 0.001167 0.005040 0.000000 0.004864 0.983456 0.000861 0.000850 0.003762 0.000000 0.001675 0.011725 0.003350 0.016750 0.936348 0.012563 0.004188 0.010050 0.003350 0.002075 0.013268 0.003479 0.018494 0.927709 0.013934 0.004958 0.012309 0.003775 
0.001021 0.000000 0.000000 0.003064 0.991828 0.000000 0.001021 0.001021 0.002043 0.001508 0.000000 0.000000 0.003328 0.989366 0.000000 0.001101 0.001722 0.002976 0.004086 0.001021 0.001021 0.006129 0.967314 0.006129 0.007150 0.003064 0.004086 0.004740 0.001070 0.001033 0.006967 0.961582 0.007382 0.008341 0.003978 0.004905 
0.002088 0.004871 0.000000 0.002784 0.984690 0.001392 0.000000 0.003479 0.000696 0.002774 0.005951 0.000000 0.003056 0.980840 0.001441 0.000000 0.005013 0.000925 0.006263 0.017397 0.005567 0.019485 0.909534 0.016701 0.006959 0.013918 0.004175 0.007566 0.019512 0.005970 0.020831 0.900289 0.017484 0.007353 0.016329 0.004667 
0.000000 0.004479 0.000640 0.003199 0.982086 0.003199 0.001280 0.003839 0.001280 0.000000 0.005697 0.000663 0.003327 0.979397 0.003570 0.001429 0.004413 0.001506 0.006398 0.013436 0.005118 0.019194 0.893794 0.030070 0.006398 0.017914 0.007678 0.007447 0.015542 0.005422 0.020530 0.884797 0.031724 0.006921 0.019094 0.008524 
0.000000 0.000946 0.000000 0.005676 0.989593 0.000946 0.000946 0.001892 0.000000 0.000000 0.000945 0.000000 0.006444 0.988326 0.001018 0.001020 0.002247 0.000000 0.001892 0.005676 0.003784 0.014191 0.952696 0.006623 0.003784 0.011353 0.000000 0.002182 0.006005 0.004607 0.016374 0.947258 0.007099 0.004147 0.012328 0.000000 
0.000980 0.000000 0.000000 0.001961 0.990196 0.001961 0.001961 0.002941 0.000000 0.001493 0.000000 0.000000 0.002019 0.988239 0.002125 0.002216 0.003909 0.000000 0.002941 0.008824 0.002941 0.007843 0.950000 0.008824 0.006863 0.010784 0.000980 0.003722 0.009477 0.003639 0.008285 0.943356 0.009288 0.008187 0.012962 0.001087 
0.000569 0.006834 0.001708 0.006264 0.973804 0.004556 0.000569 0.005125 0.000569 0.000680 0.009255 0.001897 0.007238 0.967282 0.005814 0.000570 0.006687 0.000577 0.002847 0.021071 0.005125 0.033030 0.884966 0.027335 0.007403 0.012528 0.005695 0.003189 0.026189 0.005798 0.036065 0.868095 0.030313 0.008115 0.016224 0.006013 
0.000645 0.005158 0.002579 0.003868 0.982592 0.001934 0.000645 0.002579 0.000000 0.000694 0.006636 0.002881 0.004515 0.979077 0.002210 0.000785 0.003202 0.000000 0.004513 0.016763 0.006447 0.021921 0.900064 0.021277 0.006447 0.018053 0.004513 0.004631 0.019998 0.007484 0.024028 0.889410 0.022704 0.007099 0.019655 0.004991 
0.000000 0.003562 0.001781 0.005343 0.983081 0.001781 0.000000 0.004452 0.000000 0.000000 0.004521 0.001871 0.006316 0.979883 0.002025 0.000000 0.005384 0.000000 0.001781 0.006233 0.004452 0.020481 0.947462 0.004452 0.004452 0.009795 0.000890 0.001950 0.007992 0.005154 0.022973 0.938675 0.005025 0.005251 0.012040 0.000940 
0.000729 0.001458 0.002187 0.004373 0.985423 0.004373 0.000729 0.000729 0.000000 0.000783 0.001964 0.002582 0.005079 0.982635 0.005243 0.000971 0.000744 0.000000 0.003644 0.012391 0.008017 0.015306 0.929300 0.017493 0.002915 0.009475 0.001458 0.004053 0.013731 0.009087 0.016896 0.920534 0.020317 0.003431 0.010501 0.001451 
0.001553 0.005435 0.000000 0.006211 0.978261 0.006211 0.000000 0.002329 0.000000 0.001993 0.007890 0.000000 0.007917 0.971735 0.007678 0.000000 0.002787 0.000000 0.006211 0.018634 0.005435 0.023292 0.913820 0.017857 0.003882 0.007764 0.003106 0.007040 0.022475 0.006999 0.026807 0.899672 0.020314 0.004096 0.009249 0.003347 
0.000000 0.001206 0.000000 0.000000 0.997587 0.000000 0.000000 0.001206 0.000000 0.000000 0.001781 0.000000 0.000000 0.996578 0.000000 0.000000 0.001641 0.000000 0.004825 0.004825 0.002413 0.012063 0.949337 0.008444 0.004825 0.013269 0.000000 0.005426 0.005836 0.002605 0.012800 0.943363 0.009155 0.004978 0.015837 0.000000 
0.002667 0.002667 0.000000 0.001333 0.990667 0.002667 0.000000 0.000000 0.000000 0.003069 0.003842 0.000000 0.001389 0.988328 0.003372 0.000000 0.000000 0.000000 0.002667 0.009333 0.001333 0.009333 0.952000 0.014667 0.002667 0.006667 0.001333 0.003094 0.011351 0.001400 0.010413 0.944145 0.017927 0.003289 0.007055 0.001325 
0.001451 0.008704 0.001934 0.008704 0.958414 0.010638 0.001934 0.007737 0.000484 0.001902 0.012035 0.002237 0.009799 0.948833 0.012082 0.002075 0.010548 0.000489 0.016925 0.029981 0.017408 0.057060 0.775629 0.048356 0.011605 0.035300 0.007737 0.018081 0.034546 0.018913 0.060505 0.754420 0.052105 0.012345 0.040808 0.008276 
0.001619 0.016834 0.000647 0.009388 0.941081 0.011654 0.000647 0.014892 0.003237 0.001630 0.023458 0.000770 0.011188 0.924729 0.013894 0.000711 0.020151 0.003469 0.019424 0.039171 0.011978 0.065070 0.753642 0.056329 0.006151 0.034963 0.013273 0.020262 0.049178 0.012619 0.068385 0.725268 0.060723 0.006384 0.042670 0.014511 
0.002671 0.008681 0.001002 0.008681 0.957262 0.011686 0.000668 0.007679 0.001669 0.003092 0.010485 0.001087 0.010225 0.949726 0.013505 0.000697 0.009279 0.001905 0.010684 0.028381 0.009015 0.053422 0.799666 0.055760 0.006678 0.025042 0.011352 0.011626 0.032595 0.010160 0.057564 0.779511 0.060282 0.007108 0.028362 0.012791 
0.002473 0.012010 0.000706 0.011303 0.945249 0.009537 0.000706 0.016602 0.001413 0.002791 0.015170 0.000840 0.012536 0.932788 0.010946 0.000743 0.022313 0.001873 0.008831 0.028612 0.006358 0.048040 0.819852 0.043801 0.006358 0.029318 0.008831 0.009376 0.034562 0.006889 0.052036 0.793677 0.047970 0.006668 0.039102 0.009720 
0.000453 0.007696 0.000000 0.015392 0.961068 0.004980 0.001358 0.007696 0.001358 0.000523 0.009809 0.000000 0.017157 0.954873 0.005529 0.001437 0.009231 0.001441 0.010412 0.022635 0.005885 0.054776 0.829335 0.038479 0.006338 0.025351 0.006790 0.011025 0.026501 0.006387 0.059353 0.811677 0.040808 0.007007 0.029426 0.007817 
0.001912 0.006119 0.001530 0.010325 0.960994 0.006883 0.001147 0.010325 0.000765 0.002299 0.007808 0.001715 0.011639 0.954129 0.007882 0.001311 0.012317 0.000900 0.013002 0.024474 0.009943 0.056214 0.786616 0.048184 0.014149 0.035946 0.011472 0.014213 0.026843 0.011370 0.059523 0.768596 0.051155 0.015198 0.040542 0.012559 
0.001649 0.009897 0.000412 0.007423 0.962474 0.010309 0.000412 0.006186 0.001237 0.001774 0.012167 0.000439 0.008655 0.955048 0.011582 0.000465 0.008473 0.001397 0.008247 0.030103 0.008660 0.045773 0.825155 0.041237 0.008660 0.026392 0.005773 0.009171 0.034786 0.009681 0.049358 0.804742 0.045197 0.009448 0.031311 0.006306 
0.002528 0.006067 0.002528 0.010111 0.964105 0.007583 0.001517 0.004550 0.001011 0.003161 0.008539 0.002780 0.010499 0.957222 0.008470 0.001555 0.006668 0.001106 0.009606 0.015167 0.012133 0.040445 0.850859 0.045501 0.006572 0.014156 0.005561 0.010546 0.019207 0.013353 0.043249 0.833544 0.048541 0.007698 0.017832 0.006030 
0.000752 0.003010 0.000000 0.001505 0.987208 0.003010 0.000752 0.003010 0.000752 0.000769 0.004153 0.000000 0.001591 0.984772 0.003273 0.000987 0.003686 0.000769 0.002257 0.009782 0.000752 0.021821 0.932280 0.015049 0.006772 0.009782 0.001505 0.002489 0.011741 0.000951 0.023074 0.924811 0.016286 0.007468 0.011372 0.001809 
0.001175 0.005288 0.000000 0.003525 0.977086 0.006463 0.001763 0.004113 0.000588 0.001274 0.006196 0.000000 0.003901 0.973509 0.007718 0.001812 0.004988 0.000601 0.005875 0.017626 0.003525 0.030552 0.888954 0.025264 0.008813 0.014689 0.004700 0.006482 0.020264 0.003972 0.032747 0.876605 0.028115 0.009421 0.017249 0.005145 
0.000000 0.005977 0.002391 0.005977 0.974895 0.006575 0.000000 0.003586 0.000598 0.000000 0.007454 0.003135 0.006793 0.969691 0.007061 0.000000 0.005244 0.000622 0.004184 0.017334 0.010759 0.022116 0.896593 0.026898 0.004184 0.014943 0.002989 0.004237 0.019860 0.012608 0.024583 0.882637 0.029786 0.004579 0.018033 0.003678 
0.000000 0.006559 0.000000 0.007156 0.975552 0.003578 0.000000 0.005963 0.001193 0.000000 0.008528 0.000000 0.008803 0.968764 0.004854 0.000000 0.007610 0.001441 0.003578 0.020871 0.005367 0.026834 0.901610 0.016100 0.004174 0.016100 0.005367 0.003954 0.024791 0.005739 0.032024 0.885708 0.018104 0.004523 0.019165 0.005992 
0.000708 0.004249 0.001416 0.005666 0.975921 0.007082 0.000708 0.004249 0.000000 0.000790 0.005762 0.001619 0.006338 0.971490 0.007696 0.000766 0.005538 0.000000 0.003541 0.012040 0.006374 0.025496 0.915014 0.026204 0.002833 0.007082 0.001416 0.003818 0.014562 0.007008 0.027526 0.904472 0.029074 0.003265 0.008807 0.001468 
0.001028 0.005653 0.001028 0.005139 0.969168 0.004625 0.004111 0.004625 0.004625 0.001351 0.008848 0.001077 0.005984 0.958747 0.005249 0.004832 0.007747 0.006165 0.003597 0.014388 0.002055 0.033916 0.891572 0.030319 0.009764 0.009250 0.005139 0.003936 0.019543 0.002208 0.037155 0.872963 0.032555 0.011571 0.013144 0.006926 
0.000743 0.008172 0.000000 0.002972 0.980684 0.002972 0.000000 0.002972 0.001486 0.000754 0.012120 0.000000 0.003044 0.973437 0.004249 0.000000 0.004756 0.001640 0.000743 0.015602 0.004458 0.017088 0.928678 0.014116 0.003715 0.012630 0.002972 0.000891 0.021381 0.004805 0.017859 0.915923 0.016138 0.004216 0.015219 0.003568 
0.001427 0.001427 0.000000 0.002853 0.990728 0.001427 0.000713 0.001427 0.000000 0.001932 0.001532 0.000000 0.002932 0.987963 0.002085 0.001157 0.002399 0.000000 0.007846 0.013552 0.002853 0.019971 0.929387 0.008559 0.006419 0.009272 0.002140 0.008425 0.014369 0.002953 0.021659 0.922036 0.009362 0.007666 0.011158 0.002371 
0.000000 0.002927 0.000000 0.004684 0.986534 0.003513 0.000585 0.001171 0.000585 0.000000 0.004246 0.000000 0.005169 0.983155 0.004399 0.000595 0.001518 0.000918 0.005269 0.014052 0.003513 0.024590 0.911007 0.019321 0.005855 0.012295 0.004098 0.005576 0.017003 0.003759 0.027364 0.900791 0.020910 0.006326 0.013450 0.004819 
0.000515 0.005667 0.000000 0.010304 0.969603 0.004122 0.000000 0.009274 0.000515 0.000800 0.007163 0.000000 0.011404 0.961800 0.005062 0.000000 0.013236 0.000535 0.006182 0.022154 0.010819 0.036579 0.862957 0.027821 0.009274 0.019578 0.004637 0.006928 0.024581 0.011614 0.040001 0.846314 0.029771 0.010978 0.024662 0.005151 
0.001456 0.009704 0.000970 0.003882 0.969918 0.005337 0.000000 0.006308 0.002426 0.001710 0.013881 0.001222 0.004642 0.960923 0.006682 0.000000 0.008355 0.002585 0.004852 0.024745 0.005337 0.032023 0.863658 0.032508 0.009219 0.020864 0.006793 0.005640 0.030754 0.006113 0.034449 0.844157 0.035788 0.010405 0.025060 0.007634 
0.001075 0.004839 0.001613 0.004839 0.970968 0.006989 0.000538 0.008065 0.001075 0.001079 0.006660 0.002076 0.005293 0.963429 0.008327 0.000745 0.011263 0.001129 0.004839 0.015591 0.009140 0.031183 0.861290 0.041398 0.008602 0.020968 0.006989 0.005048 0.019103 0.010164 0.033311 0.843054 0.045001 0.009901 0.026991 0.007427 
0.001479 0.010843 0.000000 0.007886 0.957615 0.010843 0.001971 0.008871 0.000493 0.001597 0.014538 0.000000 0.008828 0.947084 0.012376 0.002086 0.012987 0.000503 0.007886 0.030064 0.003943 0.041893 0.841794 0.041400 0.007886 0.020207 0.004929 0.008262 0.036924 0.004187 0.045180 0.817949 0.046769 0.009101 0.026031 0.005597 
0.001951 0.003901 0.000650 0.004551 0.978544 0.004551 0.000000 0.004551 0.001300 0.002298 0.005805 0.000660 0.005238 0.972751 0.005558 0.000000 0.005993 0.001696 0.003901 0.009103 0.006502 0.013004 0.933680 0.017555 0.000650 0.011704 0.003901 0.004420 0.011894 0.006906 0.014302 0.922389 0.020010 0.000709 0.015297 0.004073 
0.002037 0.005601 0.000000 0.005601 0.975560 0.003055 0.001018 0.006619 0.000509 0.002072 0.006647 0.000000 0.005983 0.972158 0.003449 0.001133 0.008042 0.000516 0.017312 0.027495 0.012729 0.037169 0.816191 0.039206 0.010692 0.029022 0.010183 0.017929 0.030455 0.013496 0.038673 0.803800 0.041302 0.011312 0.031844 0.011189 
0.002151 0.011188 0.002151 0.007745 0.959983 0.004733 0.001721 0.008176 0.002151 0.002655 0.015071 0.002286 0.008749 0.950955 0.005205 0.001827 0.010867 0.002386 0.023666 0.038726 0.023666 0.052496 0.743546 0.044320 0.018503 0.036575 0.018503 0.024676 0.044202 0.024709 0.055135 0.725421 0.046085 0.018936 0.041541 0.019293 
0.000000 0.011073 0.005536 0.005536 0.958478 0.006228 0.001730 0.010381 0.001038 0.000000 0.014859 0.006036 0.006264 0.949166 0.006805 0.001958 0.013828 0.001084 0.013841 0.035640 0.019031 0.042215 0.774394 0.049481 0.015571 0.038754 0.011073 0.014442 0.041137 0.020697 0.044408 0.754690 0.051553 0.016381 0.044770 0.011921 
0.000365 0.007302 0.002191 0.008397 0.958014 0.012048 0.001095 0.008762 0.001825 0.000418 0.010017 0.002361 0.009654 0.950035 0.013515 0.001120 0.010931 0.001949 0.014239 0.048193 0.017525 0.044542 0.771449 0.051479 0.010223 0.031033 0.011318 0.015009 0.053057 0.018663 0.047661 0.752806 0.054624 0.010733 0.035558 0.011889 
0.002864 0.013093 0.002864 0.013502 0.945172 0.011047 0.001227 0.009002 0.001227 0.003219 0.017575 0.003035 0.015480 0.934290 0.012019 0.001278 0.011813 0.001293 0.013912 0.042144 0.016367 0.050736 0.772095 0.051146 0.013093 0.031915 0.008592 0.015087 0.048428 0.016972 0.054961 0.750626 0.054241 0.013965 0.036530 0.009191 
0.002681 0.010277 0.002681 0.015192 0.936550 0.014298 0.002681 0.013405 0.002234 0.003239 0.013507 0.003226 0.017364 0.922934 0.016327 0.003049 0.018037 0.002318 0.012511 0.031278 0.012511 0.061662 0.762735 0.057194 0.016533 0.035746 0.009830 0.013474 0.036574 0.013410 0.066281 0.736351 0.061416 0.018081 0.043942 0.010472 
0.001437 0.007663 0.001437 0.011494 0.957375 0.012452 0.000000 0.007184 0.000958 0.001539 0.010134 0.001560 0.013464 0.947010 0.015334 0.000000 0.009694 0.001265 0.010536 0.029215 0.014847 0.053161 0.800766 0.050287 0.007184 0.027299 0.006705 0.011435 0.034304 0.016466 0.056804 0.778284 0.055503 0.007460 0.031885 0.007859 
0.002316 0.006369 0.001158 0.009265 0.964679 0.006948 0.000579 0.005211 0.003474 0.002824 0.007301 0.001390 0.009868 0.959369 0.007832 0.000654 0.006796 0.003966 0.010423 0.024899 0.009265 0.051534 0.809496 0.045744 0.012160 0.027215 0.009265 0.011937 0.027060 0.009983 0.054294 0.794924 0.048899 0.012616 0.030050 0.010237 
0.002157 0.008628 0.001294 0.006903 0.962468 0.006903 0.001726 0.008628 0.001294 0.002506 0.010625 0.001579 0.008510 0.954596 0.008169 0.002147 0.010515 0.001353 0.013805 0.034081 0.009060 0.048318 0.798965 0.046160 0.014236 0.027610 0.007765 0.014605 0.039067 0.009784 0.052342 0.779943 0.049619 0.015308 0.031151 0.008179 
0.001347 0.011675 0.001796 0.009430 0.955546 0.008981 0.002245 0.008083 0.000898 0.001549 0.014434 0.001951 0.010706 0.947021 0.011359 0.002418 0.009646 0.000916 0.007185 0.032330 0.012124 0.041760 0.811855 0.044454 0.013022 0.032330 0.004939 0.007878 0.037046 0.012980 0.045326 0.790275 0.050505 0.013806 0.037039 0.005147 
0.000920 0.005517 0.003218 0.007816 0.959080 0.008736 0.000920 0.012874 0.000920 0.001126 0.007702 0.003514 0.008774 0.950299 0.010823 0.001023 0.015662 0.001076 0.001839 0.025287 0.012414 0.029885 0.852414 0.033103 0.009195 0.028966 0.006897 0.002092 0.029036 0.013878 0.033786 0.831206 0.037538 0.009900 0.034824 0.007740 
0.002200 0.004950 0.005501 0.006051 0.960946 0.011001 0.001100 0.006601 0.001650 0.002615 0.006163 0.006523 0.007082 0.953514 0.012589 0.001410 0.007910 0.002194 0.003300 0.019802 0.011551 0.035204 0.861386 0.041804 0.006601 0.017052 0.003300 0.003992 0.022862 0.013950 0.038958 0.843044 0.046240 0.007157 0.019821 0.003977 
0.001186 0.005931 0.000593 0.007711 0.969751 0.004745 0.002372 0.005931 0.001779 0.001328 0.007053 0.000628 0.008836 0.964247 0.005421 0.002791 0.007428 0.002268 0.002966 0.019573 0.007711 0.040332 0.871886 0.025504 0.010676 0.015421 0.005931 0.003449 0.021848 0.008397 0.043720 0.857183 0.027568 0.011779 0.018707 0.007348 
0.000908 0.007720 0.002271 0.006358 0.969119 0.002271 0.002271 0.008174 0.000908 0.001007 0.009771 0.002831 0.007109 0.962118 0.002410 0.002837 0.010922 0.000994 0.012716 0.045867 0.013170 0.059037 0.763851 0.038601 0.010445 0.037693 0.018619 0.013721 0.050313 0.014958 0.062178 0.745320 0.040008 0.011237 0.042132 0.020134 
0.001153 0.004614 0.002307 0.003460 0.979239 0.004037 0.000577 0.003460 0.001153 0.001189 0.005839 0.002498 0.003740 0.975276 0.005020 0.000676 0.004438 0.001323 0.005767 0.020185 0.006920 0.029988 0.881200 0.027682 0.005767 0.017878 0.004614 0.006444 0.023140 0.007683 0.032965 0.866927 0.030777 0.006347 0.020569 0.005147 
0.001554 0.003627 0.001036 0.002591 0.983938 0.003109 0.001036 0.002591 0.000518 0.001942 0.004681 0.001135 0.002790 0.980479 0.003971 0.001033 0.003360 0.000607 0.007254 0.017098 0.010363 0.033679 0.859585 0.032124 0.009845 0.021244 0.008808 0.008041 0.019528 0.011165 0.035705 0.846922 0.034920 0.010361 0.023921 0.009437 
0.001181 0.009843 0.002362 0.008268 0.955118 0.011417 0.001181 0.009055 0.001575 0.001349 0.011274 0.002723 0.009194 0.946664 0.013611 0.001315 0.012123 0.001746 0.009449 0.022441 0.012205 0.043701 0.832283 0.037008 0.007480 0.025591 0.009843 0.010456 0.026311 0.013798 0.046779 0.811884 0.040968 0.008121 0.031262 0.010421 
0.001237 0.009481 0.001649 0.007832 0.960016 0.011129 0.001237 0.006183 0.001237 0.001285 0.012872 0.001818 0.009462 0.950002 0.013470 0.001286 0.008400 0.001405 0.012778 0.028442 0.014015 0.042869 0.810387 0.046991 0.008656 0.026793 0.009068 0.013581 0.034076 0.015273 0.046162 0.789370 0.051598 0.009245 0.030677 0.010020 
0.001481 0.003951 0.001481 0.004444 0.978272 0.004444 0.000494 0.004938 0.000494 0.001696 0.005016 0.001724 0.005839 0.973673 0.004802 0.000597 0.006134 0.000520 0.008395 0.026667 0.015309 0.038025 0.824691 0.038519 0.009383 0.031605 0.007407 0.008945 0.028707 0.016398 0.041033 0.812062 0.041003 0.009660 0.034394 0.007799 
0.001380 0.004140 0.001840 0.005520 0.975161 0.006440 0.000460 0.004140 0.000920 0.001400 0.005169 0.002026 0.006353 0.971416 0.007023 0.000518 0.005094 0.001001 0.014259 0.028059 0.008280 0.040018 0.820147 0.035419 0.013799 0.028519 0.011500 0.015834 0.030096 0.008873 0.042792 0.806923 0.038182 0.014409 0.030683 0.012208 
0.004147 0.005530 0.001843 0.010599 0.962212 0.009217 0.001382 0.003226 0.001843 0.005082 0.006439 0.001987 0.012109 0.956660 0.009946 0.001597 0.003963 0.002217 0.012903 0.021659 0.008756 0.042396 0.851152 0.034562 0.006452 0.016590 0.005530 0.014245 0.023783 0.009491 0.046709 0.836630 0.037050 0.007143 0.018554 0.006394 
0.001385 0.002770 0.000693 0.002770 0.981302 0.005540 0.000693 0.004155 0.000693 0.001743 0.003148 0.000708 0.003593 0.977644 0.006325 0.000766 0.005327 0.000746 0.002078 0.011080 0.005540 0.022161 0.914820 0.024931 0.003463 0.012465 0.003463 0.002652 0.012499 0.006497 0.024650 0.902225 0.028409 0.004305 0.014717 0.004047 
0.000561 0.005051 0.000561 0.001684 0.985971 0.003928 0.000000 0.001684 0.000561 0.000749 0.006179 0.000683 0.001796 0.983543 0.004228 0.000000 0.002143 0.000678 0.003928 0.016274 0.007856 0.028620 0.891695 0.026936 0.005612 0.014590 0.004489 0.004130 0.018668 0.008581 0.029949 0.882871 0.029086 0.006160 0.015654 0.004900 
0.000000 0.004551 0.000650 0.002601 0.987646 0.002601 0.000000 0.001951 0.000000 0.000000 0.005693 0.000787 0.002702 0.985585 0.002742 0.000000 0.002490 0.000000 0.003251 0.010403 0.007152 0.020156 0.913524 0.021456 0.005202 0.015605 0.003251 0.003580 0.012644 0.007784 0.021133 0.904917 0.022718 0.005773 0.017615 0.003837 
0.000757 0.003028 0.001514 0.010598 0.968206 0.007570 0.002271 0.003028 0.003028 0.000804 0.004105 0.001630 0.011680 0.963726 0.008150 0.002767 0.003690 0.003448 0.002271 0.010598 0.003785 0.032551 0.898562 0.031037 0.005299 0.004542 0.011355 0.002581 0.012741 0.004331 0.035053 0.886409 0.034470 0.006458 0.005316 0.012640 
0.000835 0.003339 0.000000 0.004174 0.980801 0.003339 0.001669 0.005008 0.000835 0.000902 0.004199 0.000000 0.005007 0.976317 0.004190 0.002010 0.005962 0.001412 0.006678 0.011686 0.006678 0.020033 0.916528 0.019199 0.002504 0.012521 0.004174 0.007264 0.013751 0.007382 0.022496 0.904155 0.021682 0.002673 0.015683 0.004916 
0.001578 0.006839 0.002104 0.008943 0.961599 0.007891 0.002104 0.007365 0.001578 0.001734 0.010144 0.002521 0.009915 0.952529 0.008990 0.002189 0.010212 0.001767 0.009469 0.017885 0.005260 0.036297 0.861652 0.033140 0.011573 0.016833 0.007891 0.010232 0.022886 0.006275 0.039314 0.843240 0.036023 0.013131 0.020315 0.008583 
0.001252 0.007509 0.001669 0.004172 0.966208 0.008344 0.001252 0.007927 0.001669 0.001409 0.010655 0.001708 0.005383 0.955946 0.011225 0.001272 0.010569 0.001833 0.013767 0.028786 0.008761 0.043388 0.807676 0.050480 0.008761 0.029620 0.008761 0.015142 0.034251 0.009372 0.046177 0.785825 0.055470 0.009288 0.035031 0.009443 
0.000818 0.009812 0.000000 0.006132 0.966067 0.006132 0.000818 0.009403 0.000818 0.000958 0.013023 0.000000 0.006995 0.957701 0.006661 0.000934 0.012888 0.000840 0.012265 0.033115 0.008994 0.039657 0.824203 0.035977 0.007768 0.030662 0.007359 0.012994 0.039197 0.009448 0.042671 0.803005 0.038471 0.008602 0.037856 0.007757 
0.002768 0.008699 0.001977 0.006327 0.964017 0.006327 0.001186 0.007908 0.000791 0.003109 0.011783 0.002350 0.007112 0.956512 0.007098 0.001218 0.009956 0.000862 0.010281 0.032819 0.008699 0.054567 0.794385 0.048636 0.010281 0.027284 0.013049 0.011228 0.038432 0.010192 0.057480 0.774071 0.052485 0.010925 0.031171 0.014015 
0.001219 0.006905 0.000406 0.006093 0.967100 0.005686 0.000812 0.009342 0.002437 0.001235 0.009341 0.000413 0.007620 0.958127 0.006560 0.000868 0.012952 0.002885 0.011779 0.024370 0.007717 0.037368 0.827376 0.036149 0.010967 0.033306 0.010967 0.012483 0.028781 0.008093 0.041283 0.806215 0.039635 0.011687 0.039868 0.011955 
0.000000 0.005226 0.000581 0.005226 0.980836 0.002904 0.001161 0.003484 0.000581 0.000000 0.007673 0.000607 0.005916 0.975555 0.003168 0.001254 0.005181 0.000645 0.005807 0.020325 0.005807 0.025552 0.896051 0.029036 0.002323 0.012776 0.002323 0.006877 0.026599 0.006447 0.027296 0.880913 0.030883 0.002634 0.015746 0.002604 
0.000000 0.003630 0.000907 0.000000 0.985481 0.006352 0.000000 0.002722 0.000907 0.000000 0.004259 0.001037 0.000000 0.983880 0.006972 0.000000 0.002846 0.001006 0.000000 0.010889 0.003630 0.009982 0.949183 0.010889 0.002722 0.008167 0.004537 0.000000 0.012637 0.004134 0.010970 0.943131 0.012013 0.003105 0.008656 0.005353 
0.000000 0.001186 0.000000 0.000000 0.998814 0.000000 0.000000 0.000000 0.000000 0.000000 0.001189 0.000000 0.000000 0.998811 0.000000 0.000000 0.000000 0.000000 0.000000 0.008304 0.002372 0.005931 0.977461 0.004745 0.000000 0.000000 0.001186 0.000000 0.008623 0.002695 0.006414 0.975959 0.005094 0.000000 0.000000 0.001215 
0.000000 0.002457 0.000000 0.000819 0.990991 0.000819 0.000819 0.004095 0.000000 0.000000 0.002945 0.000000 0.000821 0.989476 0.000877 0.000843 0.005039 0.000000 0.002457 0.015561 0.002457 0.015561 0.928747 0.016380 0.007371 0.010647 0.000819 0.002694 0.016911 0.002619 0.016403 0.922469 0.017168 0.008234 0.012677 0.000826 
0.000690 0.003451 0.000690 0.004831 0.984127 0.002761 0.000000 0.002070 0.001380 0.000696 0.005219 0.000781 0.005354 0.980175 0.002925 0.000000 0.003242 0.001609 0.005521 0.008282 0.004831 0.029676 0.913043 0.016563 0.008282 0.011732 0.002070 0.006278 0.010398 0.005508 0.031622 0.901690 0.017501 0.009189 0.015378 0.002434 
0.000000 0.001404 0.000000 0.000702 0.992978 0.002809 0.000702 0.000702 0.000702 0.000000 0.001573 0.000000 0.000736 0.992078 0.002840 0.000711 0.001310 0.000753 0.004916 0.005618 0.003511 0.020365 0.933287 0.017556 0.003511 0.008427 0.002809 0.005127 0.006154 0.003704 0.021201 0.929106 0.018281 0.003733 0.009602 0.003091 
0.001640 0.002187 0.000547 0.002187 0.985785 0.003827 0.001093 0.001640 0.001093 0.001794 0.002433 0.000628 0.002543 0.984510 0.004069 0.001123 0.001782 0.001120 0.010388 0.017496 0.010388 0.033352 0.861126 0.033898 0.006561 0.020776 0.006014 0.011474 0.019156 0.011555 0.035934 0.849853 0.036193 0.007233 0.022151 0.006452 
0.000418 0.005021 0.000000 0.006276 0.979079 0.003766 0.000837 0.003347 0.001255 0.000429 0.007009 0.000000 0.008098 0.972635 0.005032 0.001056 0.004424 0.001317 0.010460 0.032218 0.013808 0.040586 0.822176 0.037657 0.007531 0.028033 0.007531 0.011090 0.035559 0.014338 0.044506 0.806997 0.040568 0.008016 0.030901 0.008025 
0.001796 0.009430 0.002694 0.008981 0.957791 0.008083 0.002245 0.008083 0.000898 0.001965 0.012532 0.002835 0.010490 0.947569 0.009445 0.002698 0.011338 0.001129 0.004490 0.027391 0.009879 0.037270 0.843736 0.036821 0.007185 0.028289 0.004939 0.005409 0.033374 0.010977 0.040597 0.820266 0.041641 0.008002 0.034310 0.005423 
0.002927 0.005855 0.001171 0.004098 0.976581 0.005269 0.000000 0.002927 0.001171 0.003383 0.008333 0.001244 0.004343 0.972074 0.005769 0.000000 0.003575 0.001279 0.009368 0.019321 0.008197 0.027518 0.883489 0.024005 0.009368 0.014052 0.004684 0.010464 0.023156 0.008911 0.029345 0.871737 0.025861 0.009933 0.015547 0.005046 
0.000000 0.004077 0.002039 0.004077 0.980632 0.003568 0.001019 0.004587 0.000000 0.000000 0.005636 0.002312 0.004449 0.977145 0.004034 0.001070 0.005353 0.000000 0.005607 0.021916 0.015291 0.038736 0.832314 0.036697 0.011723 0.032110 0.005607 0.005760 0.024333 0.017151 0.040822 0.820175 0.038726 0.012316 0.034652 0.006064 
0.000000 0.002577 0.000000 0.000000 0.991409 0.000859 0.000000 0.005155 0.000000 0.000000 0.004603 0.000000 0.000000 0.988358 0.000857 0.000000 0.006182 0.000000 0.002577 0.014605 0.000000 0.013746 0.941581 0.010309 0.005155 0.011168 0.000859 0.002704 0.017272 0.000000 0.014446 0.935179 0.011014 0.005687 0.012748 0.000949 
0.000000 0.001328 0.000000 0.002656 0.992032 0.001328 0.000000 0.001328 0.001328 0.000000 0.001845 0.000000 0.002733 0.990672 0.001417 0.000000 0.001670 0.001664 0.001328 0.001328 0.001328 0.005312 0.970784 0.007968 0.005312 0.005312 0.001328 0.001630 0.001322 0.002068 0.006310 0.966457 0.008288 0.005663 0.006183 0.002077 
0.000000 0.002642 0.000000 0.001321 0.996037 0.000000 0.000000 0.000000 0.000000 0.000000 0.004943 0.000000 0.001895 0.993162 0.000000 0.000000 0.000000 0.000000 0.000000 0.006605 0.000000 0.005284 0.981506 0.002642 0.001321 0.002642 0.000000 0.000000 0.009226 0.000000 0.005885 0.977856 0.002764 0.001430 0.002840 0.000000 
0.000000 0.003456 0.000000 0.000000 0.995392 0.000000 0.000000 0.001152 0.000000 0.000000 0.004375 0.000000 0.000000 0.994195 0.000000 0.000000 0.001430 0.000000 0.001152 0.009217 0.001152 0.011521 0.956221 0.010369 0.002304 0.005760 0.002304 0.001171 0.010889 0.001311 0.012583 0.951249 0.011513 0.002536 0.006344 0.002404 
0.000637 0.003187 0.000000 0.002549 0.984704 0.006373 0.000637 0.001912 0.000000 0.000808 0.003500 0.000000 0.003036 0.981920 0.007914 0.000653 0.002169 0.000000 0.011472 0.014022 0.007648 0.030593 0.866157 0.038241 0.007011 0.017846 0.007011 0.012552 0.014932 0.008159 0.031755 0.855831 0.042449 0.007453 0.019477 0.007392 
0.000897 0.009421 0.000449 0.004935 0.968596 0.008973 0.000897 0.004935 0.000897 0.000917 0.012401 0.000446 0.005317 0.962680 0.009747 0.000893 0.006548 0.001050 0.013908 0.039928 0.015253 0.048004 0.772095 0.053387 0.018843 0.029161 0.009421 0.014335 0.044596 0.016083 0.049888 0.756776 0.056395 0.019629 0.032086 0.010212 
0.002090 0.007837 0.001045 0.005225 0.963950 0.010449 0.001567 0.007837 0.000000 0.002187 0.010353 0.001088 0.005397 0.954991 0.013437 0.001650 0.010897 0.000000 0.005747 0.021944 0.015152 0.042320 0.827064 0.044410 0.013584 0.025078 0.004702 0.006168 0.025266 0.015944 0.044671 0.808207 0.050781 0.014170 0.030032 0.004760 
0.000841 0.013451 0.001681 0.010509 0.952921 0.003363 0.000000 0.013871 0.003363 0.001165 0.019071 0.002007 0.012682 0.938074 0.004872 0.000000 0.018552 0.003577 0.010929 0.023119 0.007146 0.051282 0.811686 0.040773 0.007987 0.036570 0.010509 0.011892 0.029281 0.008140 0.056239 0.786487 0.044250 0.008649 0.043800 0.011262 
0.001871 0.009355 0.000935 0.006548 0.960711 0.008419 0.001403 0.008419 0.002339 0.002160 0.011196 0.001051 0.007798 0.950568 0.010904 0.001922 0.011257 0.003144 0.009355 0.026660 0.007484 0.036950 0.846118 0.035080 0.007951 0.024322 0.006080 0.010635 0.030857 0.007890 0.039904 0.825279 0.039297 0.008451 0.030268 0.007419 
0.001122 0.006169 0.000561 0.004487 0.975322 0.005609 0.001122 0.003365 0.002243 0.001376 0.008055 0.000802 0.005326 0.967350 0.007941 0.001573 0.004713 0.002865 0.002804 0.015143 0.006169 0.024678 0.892877 0.032529 0.004487 0.014021 0.007291 0.003314 0.019288 0.007249 0.026530 0.874961 0.037083 0.005481 0.017635 0.008459 
0.000000 0.002632 0.000658 0.004605 0.982895 0.004605 0.000658 0.001316 0.002632 0.000000 0.003855 0.000688 0.005436 0.978788 0.005393 0.000935 0.001739 0.003165 0.001974 0.006579 0.005263 0.032895 0.904605 0.035526 0.001974 0.004605 0.006579 0.002171 0.007506 0.006139 0.035182 0.892494 0.040914 0.002245 0.005505 0.007844 
0.000640 0.001921 0.000640 0.005762 0.978233 0.006402 0.001280 0.003841 0.001280 0.000746 0.002439 0.000668 0.007157 0.973171 0.007650 0.001460 0.005384 0.001324 0.001280 0.005122 0.001280 0.028809 0.917414 0.027529 0.001280 0.005762 0.011524 0.001369 0.006034 0.001335 0.031487 0.906054 0.031500 0.001548 0.008216 0.012456 
0.001656 0.007726 0.001656 0.009934 0.965784 0.006071 0.000552 0.005519 0.001104 0.001952 0.010863 0.001915 0.012076 0.957373 0.006615 0.000740 0.007004 0.001464 0.005519 0.018212 0.003863 0.040287 0.875828 0.029801 0.006623 0.013245 0.006623 0.006516 0.023724 0.004592 0.044835 0.856843 0.032437 0.007170 0.016416 0.007467 
0.001688 0.013506 0.002251 0.007316 0.959482 0.003939 0.001688 0.009004 0.001125 0.001938 0.019556 0.002511 0.008229 0.949171 0.004115 0.001815 0.011240 0.001424 0.008441 0.019696 0.007316 0.045582 0.845245 0.039955 0.007878 0.020259 0.005627 0.010022 0.027641 0.008025 0.048970 0.822928 0.041752 0.008640 0.025722 0.006301 
0.000000 0.012048 0.001095 0.004381 0.960570 0.007667 0.001095 0.012048 0.001095 0.000000 0.015363 0.001175 0.005091 0.950823 0.008482 0.001114 0.016635 0.001317 0.005476 0.019715 0.003286 0.027382 0.884995 0.030668 0.004381 0.017525 0.006572 0.006055 0.025699 0.003762 0.031085 0.862571 0.034215 0.004492 0.025005 0.007115 
