0.001644 0.029152 0.000548 0.046194 0.896542 0.016165 0.001041 0.008165 0.000548 0.001698 0.030517 0.000605 0.047418 0.892427 0.016854 0.001115 0.008772 0.000595 0.004877 0.045044 0.002411 0.053318 0.838183 0.023727 0.004055 0.024440 0.003945 0.005170 0.048158 0.002635 0.054909 0.828384 0.025153 0.004340 0.026927 0.004323 
0.000268 0.005509 0.000298 0.011940 0.973797 0.006670 0.000119 0.001370 0.000030 0.000273 0.005582 0.000314 0.012119 0.973126 0.006904 0.000130 0.001511 0.000040 0.022273 0.040227 0.019086 0.039662 0.781712 0.030282 0.019980 0.029925 0.016853 0.022814 0.041035 0.019669 0.040326 0.776677 0.031012 0.020453 0.030718 0.017295 
0.003856 0.029414 0.002068 0.023594 0.921259 0.012376 0.000701 0.006310 0.000421 0.003915 0.030314 0.002124 0.024604 0.917557 0.013067 0.000764 0.007194 0.000461 0.006661 0.043928 0.004452 0.035619 0.862151 0.022052 0.002454 0.020264 0.002419 0.006858 0.046374 0.004683 0.037541 0.852616 0.023637 0.002606 0.023081 0.002603 
0.002963 0.024451 0.002622 0.018034 0.931189 0.012556 0.000469 0.007184 0.000533 0.003014 0.025635 0.002727 0.019010 0.926387 0.013709 0.000507 0.008411 0.000600 0.005116 0.038179 0.003944 0.033212 0.875786 0.023982 0.002281 0.016073 0.001428 0.005356 0.041067 0.004210 0.036148 0.863101 0.026977 0.002561 0.018943 0.001638 
0.002820 0.021075 0.001781 0.021549 0.932710 0.009409 0.001069 0.008934 0.000653 0.002922 0.022278 0.001841 0.022985 0.927527 0.010452 0.001138 0.010117 0.000740 0.005432 0.032858 0.003087 0.036272 0.878540 0.020303 0.002968 0.018789 0.001751 0.005812 0.035406 0.003307 0.039330 0.866267 0.022918 0.003203 0.021774 0.001983 
0.002568 0.023744 0.001160 0.019823 0.932744 0.008504 0.000773 0.009912 0.000773 0.002673 0.025290 0.001238 0.021767 0.925637 0.009922 0.000795 0.011823 0.000856 0.005163 0.036803 0.002844 0.035229 0.875870 0.018001 0.002954 0.020817 0.002319 0.005477 0.039936 0.003130 0.038844 0.861243 0.020958 0.003239 0.024556 0.002617 
0.003883 0.021852 0.001071 0.020995 0.932623 0.010605 0.001339 0.007177 0.000455 0.003986 0.023332 0.001128 0.022317 0.927190 0.011378 0.001443 0.008693 0.000532 0.006775 0.037920 0.003160 0.036474 0.869584 0.020433 0.003588 0.019629 0.002437 0.007113 0.041233 0.003407 0.039388 0.856635 0.022548 0.003909 0.023092 0.002674 
0.003869 0.022548 0.001332 0.018425 0.935623 0.007928 0.001839 0.008023 0.000412 0.003951 0.023691 0.001429 0.019589 0.930458 0.008962 0.001926 0.009499 0.000495 0.007706 0.037675 0.004313 0.033362 0.868487 0.020962 0.004630 0.020423 0.002442 0.008104 0.040486 0.004767 0.035829 0.856263 0.023165 0.004918 0.023624 0.002845 
0.003849 0.029741 0.001610 0.018230 0.923723 0.006683 0.001924 0.013506 0.000735 0.003953 0.030998 0.001734 0.019753 0.917112 0.007773 0.002000 0.015849 0.000828 0.008537 0.045486 0.004829 0.035829 0.846956 0.022253 0.005108 0.026942 0.004059 0.009049 0.048617 0.005285 0.039073 0.832233 0.025032 0.005512 0.030768 0.004430 
0.002820 0.027767 0.001095 0.014928 0.936372 0.005407 0.000697 0.010350 0.000564 0.002946 0.029207 0.001156 0.016238 0.930587 0.006780 0.000754 0.011723 0.000610 0.008094 0.045548 0.004313 0.034003 0.855295 0.020303 0.004379 0.024914 0.003152 0.008625 0.048417 0.004737 0.036971 0.841694 0.023182 0.004940 0.027961 0.003472 
0.003099 0.032985 0.001239 0.014197 0.930284 0.006056 0.001127 0.010563 0.000451 0.003130 0.034328 0.001335 0.015368 0.925141 0.006903 0.001198 0.012116 0.000481 0.009718 0.054280 0.006901 0.036760 0.829977 0.025211 0.006479 0.026084 0.004591 0.010157 0.056925 0.007463 0.039603 0.817194 0.027744 0.006999 0.029021 0.004896 
0.002433 0.025638 0.000749 0.014784 0.937917 0.005123 0.001404 0.011603 0.000351 0.002507 0.026722 0.000837 0.015822 0.933446 0.005851 0.001554 0.012870 0.000390 0.009170 0.045405 0.006924 0.037849 0.834967 0.026293 0.007322 0.026621 0.005450 0.009710 0.047748 0.007472 0.040670 0.822557 0.028859 0.007922 0.029098 0.005965 
0.002885 0.016696 0.000810 0.019343 0.942899 0.006184 0.001502 0.009168 0.000514 0.003050 0.017958 0.000871 0.020567 0.938082 0.006935 0.001614 0.010361 0.000562 0.009859 0.036395 0.006481 0.041374 0.843002 0.024026 0.007864 0.025784 0.005216 0.010490 0.039240 0.006943 0.044127 0.830074 0.026217 0.008607 0.028618 0.005685 
0.002250 0.025265 0.001170 0.012576 0.940537 0.006322 0.001237 0.010079 0.000562 0.002354 0.026178 0.001254 0.013568 0.936325 0.007163 0.001304 0.011236 0.000619 0.011002 0.049901 0.008077 0.036672 0.824582 0.025310 0.007312 0.030530 0.006614 0.011790 0.052441 0.008645 0.039268 0.812054 0.027608 0.007778 0.033316 0.007100 
0.002669 0.025342 0.001423 0.013395 0.935590 0.008032 0.002720 0.009252 0.001576 0.002767 0.026568 0.001547 0.014424 0.930912 0.008955 0.002947 0.010157 0.001724 0.010854 0.050658 0.008413 0.039856 0.796375 0.029510 0.015734 0.037187 0.011413 0.011492 0.053803 0.009034 0.042603 0.781820 0.031994 0.016888 0.040039 0.012327 
0.005937 0.021038 0.002072 0.021118 0.915926 0.017811 0.003905 0.009563 0.002630 0.006133 0.021827 0.002136 0.021941 0.911490 0.018793 0.004232 0.010621 0.002826 0.017333 0.047416 0.011675 0.052715 0.743276 0.044707 0.020481 0.042435 0.019963 0.018088 0.049578 0.012204 0.055025 0.730013 0.047219 0.021913 0.044934 0.021025 
0.003670 0.013723 0.001091 0.018054 0.925865 0.026486 0.000827 0.009655 0.000628 0.003770 0.015069 0.001117 0.019025 0.920640 0.027851 0.000969 0.010837 0.000722 0.006283 0.026156 0.003737 0.037894 0.858045 0.043747 0.003439 0.017360 0.003340 0.006698 0.028824 0.004093 0.040878 0.845328 0.046748 0.003880 0.019773 0.003779 
0.005292 0.016881 0.001230 0.020980 0.919583 0.027576 0.001342 0.006708 0.000410 0.005383 0.017819 0.001371 0.021865 0.915012 0.028718 0.001394 0.007925 0.000511 0.009242 0.031414 0.004621 0.040097 0.848556 0.041550 0.004919 0.016098 0.003503 0.009670 0.034069 0.005094 0.042967 0.836137 0.044253 0.005332 0.018464 0.004013 
0.003146 0.016811 0.000986 0.009157 0.956563 0.005353 0.000845 0.006715 0.000423 0.003196 0.018504 0.001051 0.010408 0.951270 0.006311 0.000928 0.007840 0.000492 0.008922 0.034421 0.005729 0.028598 0.869077 0.022400 0.006058 0.020427 0.004367 0.009293 0.037884 0.006156 0.031911 0.854851 0.025472 0.006534 0.023059 0.004839 
0.001495 0.013172 0.001051 0.006949 0.964283 0.005212 0.000727 0.006626 0.000485 0.001577 0.014195 0.001168 0.007992 0.959441 0.006410 0.000790 0.007841 0.000586 0.006747 0.029172 0.005737 0.026828 0.876848 0.021859 0.006667 0.021051 0.005091 0.007369 0.031647 0.006264 0.029912 0.862816 0.025321 0.007182 0.023770 0.005719 
0.001131 0.009562 0.000720 0.007883 0.969703 0.004764 0.000720 0.005209 0.000308 0.001208 0.010702 0.000798 0.008714 0.965662 0.005815 0.000777 0.005989 0.000335 0.008328 0.034924 0.006272 0.038282 0.844163 0.029577 0.006820 0.025670 0.005963 0.008919 0.038504 0.006826 0.041582 0.828894 0.032938 0.007375 0.028360 0.006602 
0.001993 0.011960 0.001993 0.009476 0.961461 0.005431 0.000722 0.006414 0.000549 0.002104 0.012991 0.002152 0.010609 0.956186 0.006913 0.000808 0.007618 0.000619 0.008147 0.028283 0.007251 0.029352 0.871670 0.022650 0.005865 0.021090 0.005691 0.008878 0.030959 0.007814 0.032324 0.857409 0.025877 0.006396 0.024064 0.006279 
0.001262 0.012337 0.002019 0.009813 0.960579 0.007178 0.000589 0.005804 0.000421 0.001361 0.013752 0.002155 0.010873 0.955345 0.008607 0.000677 0.006735 0.000495 0.006645 0.026692 0.006869 0.029244 0.879185 0.023412 0.005832 0.017832 0.004290 0.007205 0.029653 0.007507 0.032388 0.865033 0.026737 0.006439 0.020275 0.004761 
0.000825 0.009204 0.000567 0.007760 0.969681 0.004950 0.000412 0.006291 0.000309 0.000858 0.010307 0.000601 0.008844 0.965138 0.006121 0.000445 0.007317 0.000368 0.006729 0.026039 0.003945 0.027741 0.887955 0.020084 0.004460 0.019155 0.003893 0.007369 0.028808 0.004287 0.031102 0.873925 0.023356 0.004856 0.021899 0.004399 
0.001437 0.009503 0.000626 0.009712 0.963958 0.006490 0.000950 0.006838 0.000487 0.001505 0.010462 0.000724 0.010654 0.959380 0.007806 0.001026 0.007889 0.000554 0.007023 0.027883 0.005053 0.031175 0.873679 0.023503 0.005864 0.021417 0.004404 0.007582 0.030614 0.005509 0.034401 0.859916 0.026608 0.006349 0.024165 0.004855 
0.001587 0.012158 0.000747 0.011388 0.960633 0.005344 0.000980 0.006697 0.000467 0.001700 0.013090 0.000840 0.012113 0.956998 0.006117 0.001044 0.007573 0.000525 0.006534 0.028609 0.005110 0.031760 0.876718 0.021585 0.006137 0.018622 0.004924 0.007178 0.031339 0.005561 0.034568 0.864152 0.024305 0.006647 0.020814 0.005436 
0.001043 0.007507 0.000560 0.008626 0.969872 0.004657 0.000560 0.006743 0.000433 0.001111 0.008462 0.000607 0.009704 0.966116 0.005348 0.000604 0.007551 0.000499 0.006438 0.023970 0.004835 0.027914 0.885162 0.022189 0.005445 0.019415 0.004631 0.007043 0.026573 0.005259 0.031026 0.872408 0.024980 0.005809 0.021729 0.005173 
0.000676 0.008859 0.000951 0.008484 0.968117 0.005105 0.000751 0.006657 0.000400 0.000738 0.009772 0.001055 0.009070 0.964529 0.005863 0.000870 0.007639 0.000463 0.006507 0.024851 0.005381 0.029381 0.882952 0.022248 0.005205 0.019045 0.004430 0.007089 0.027060 0.005854 0.031773 0.871527 0.024729 0.005767 0.021292 0.004909 
0.001138 0.010556 0.001242 0.009624 0.963883 0.006623 0.000931 0.005485 0.000517 0.001160 0.011435 0.001334 0.010500 0.959799 0.007919 0.000999 0.006274 0.000580 0.006934 0.028459 0.005485 0.032081 0.877057 0.022457 0.005899 0.018110 0.003519 0.007505 0.030673 0.005914 0.035146 0.863938 0.026005 0.006447 0.020393 0.003979 
