0.000523 0.018296 0.000523 0.019864 0.916362 0.016205 0.003398 0.022739 0.002091 0.000587 0.021424 0.000569 0.026155 0.898820 0.020761 0.003972 0.025485 0.002227 0.006534 0.040774 0.006012 0.043649 0.815212 0.032933 0.007318 0.044171 0.003398 0.006884 0.046075 0.006502 0.052149 0.787899 0.039792 0.008096 0.048879 0.003723 
0.000758 0.014907 0.000505 0.014654 0.940627 0.018191 0.001263 0.008338 0.000758 0.000929 0.017710 0.000563 0.018989 0.925018 0.024400 0.001570 0.009995 0.000827 0.005558 0.035119 0.001769 0.027287 0.868115 0.031076 0.003537 0.025771 0.001769 0.006089 0.040347 0.001980 0.033083 0.843873 0.039437 0.004074 0.029127 0.001991 
0.000000 0.016832 0.001238 0.016832 0.937376 0.010891 0.001485 0.013366 0.001980 0.000000 0.019039 0.001392 0.022481 0.925339 0.013189 0.001585 0.014875 0.002099 0.003713 0.043317 0.003960 0.033416 0.847525 0.028960 0.003713 0.032178 0.003218 0.003848 0.047827 0.004370 0.041219 0.826033 0.033390 0.004184 0.035689 0.003441 
0.000000 0.012633 0.000758 0.014654 0.939111 0.013391 0.001263 0.016675 0.001516 0.000000 0.015632 0.000922 0.020845 0.922749 0.017542 0.001453 0.019203 0.001653 0.005053 0.027792 0.005306 0.032087 0.867863 0.024760 0.002779 0.032087 0.002274 0.005189 0.032797 0.005943 0.040241 0.843234 0.030442 0.003156 0.036476 0.002521 
0.000000 0.016754 0.000000 0.017254 0.941735 0.011253 0.000250 0.012503 0.000250 0.000000 0.020777 0.000000 0.024782 0.924338 0.014907 0.000248 0.014541 0.000408 0.002251 0.036009 0.003501 0.031508 0.874469 0.024506 0.002251 0.024006 0.001500 0.002378 0.041925 0.003866 0.041258 0.847962 0.030135 0.002380 0.028376 0.001719 
0.000460 0.016110 0.001151 0.016341 0.921979 0.010817 0.001841 0.031070 0.000230 0.000570 0.017961 0.001347 0.021671 0.909409 0.012995 0.002005 0.033794 0.000247 0.005524 0.048792 0.003913 0.033602 0.812658 0.030150 0.006674 0.057077 0.001611 0.006072 0.052571 0.004319 0.040830 0.791424 0.033555 0.007230 0.062290 0.001710 
0.000237 0.015166 0.000000 0.023223 0.927251 0.014692 0.001422 0.017062 0.000948 0.000308 0.017926 0.000000 0.031100 0.910248 0.019156 0.001547 0.018763 0.000953 0.003791 0.035545 0.005924 0.038863 0.844550 0.026777 0.004028 0.037678 0.002844 0.004125 0.040381 0.006445 0.049031 0.818024 0.032682 0.004471 0.041649 0.003193 
0.000222 0.016183 0.001108 0.016848 0.925959 0.013301 0.003769 0.022168 0.000443 0.000276 0.018176 0.001179 0.021901 0.914503 0.015402 0.003983 0.024120 0.000460 0.004434 0.045666 0.008646 0.044336 0.807803 0.035247 0.006872 0.045223 0.001773 0.004855 0.049969 0.009328 0.051345 0.787377 0.038899 0.007452 0.048883 0.001892 
0.000685 0.015290 0.000685 0.022821 0.931538 0.015290 0.000456 0.012780 0.000456 0.000799 0.018272 0.000835 0.031100 0.913353 0.019389 0.000505 0.015277 0.000469 0.004792 0.032177 0.003880 0.046326 0.846645 0.030808 0.004336 0.029210 0.001826 0.005056 0.037442 0.004465 0.057693 0.818602 0.036605 0.004924 0.033283 0.001932 
0.000669 0.020727 0.000669 0.016492 0.912414 0.017161 0.002452 0.027413 0.002006 0.000840 0.023781 0.000795 0.021239 0.898587 0.020005 0.002624 0.030012 0.002117 0.005795 0.045688 0.006017 0.035881 0.800535 0.042122 0.006240 0.052151 0.005572 0.006375 0.050717 0.006391 0.042392 0.777133 0.047100 0.006850 0.057080 0.005962 
0.000000 0.014989 0.000000 0.020937 0.934808 0.012610 0.001428 0.014513 0.000714 0.000000 0.018552 0.000000 0.030062 0.915408 0.016616 0.001715 0.016917 0.000731 0.004283 0.028313 0.002855 0.033072 0.870807 0.023317 0.005710 0.029027 0.002617 0.004562 0.033696 0.003096 0.044485 0.842629 0.029072 0.006402 0.033232 0.002827 
0.000474 0.014932 0.000237 0.019199 0.929604 0.019199 0.001896 0.014458 0.000000 0.000607 0.018548 0.000235 0.026373 0.910559 0.024450 0.002243 0.016985 0.000000 0.003555 0.034368 0.005689 0.031761 0.862053 0.030339 0.002370 0.027969 0.001896 0.003784 0.040221 0.006188 0.041433 0.833100 0.038078 0.002665 0.032576 0.001955 
0.000469 0.011729 0.000704 0.021581 0.936430 0.014309 0.001407 0.013136 0.000235 0.000545 0.014318 0.000927 0.029547 0.918927 0.018534 0.001658 0.015235 0.000308 0.006803 0.032841 0.003284 0.034248 0.869341 0.024161 0.003049 0.024161 0.002111 0.007073 0.037326 0.003613 0.044915 0.841968 0.030761 0.003599 0.028113 0.002632 
0.001059 0.020127 0.000636 0.014619 0.919280 0.014619 0.002331 0.026907 0.000424 0.001255 0.023389 0.000741 0.018176 0.905375 0.018321 0.002670 0.029604 0.000469 0.007415 0.047669 0.005932 0.029873 0.814195 0.035381 0.005932 0.051907 0.001695 0.008117 0.053802 0.006411 0.034720 0.790258 0.041384 0.006764 0.056742 0.001801 
0.000626 0.020655 0.000835 0.015856 0.922178 0.017943 0.001252 0.020238 0.000417 0.000695 0.023715 0.001049 0.019258 0.907066 0.023057 0.001426 0.023290 0.000444 0.006885 0.048195 0.005633 0.033173 0.818694 0.036720 0.003338 0.045066 0.002295 0.007685 0.054445 0.006211 0.038732 0.791446 0.044578 0.003681 0.050700 0.002521 
0.000644 0.014599 0.000429 0.018033 0.937097 0.015243 0.000644 0.011808 0.001503 0.000704 0.017596 0.000468 0.024136 0.920323 0.020324 0.000735 0.013845 0.001869 0.004294 0.029841 0.006441 0.036496 0.861958 0.029626 0.003650 0.024689 0.003006 0.005190 0.035242 0.006849 0.045002 0.834804 0.036900 0.004001 0.028437 0.003575 
0.000789 0.014207 0.001184 0.014601 0.938437 0.013418 0.001776 0.014799 0.000789 0.000983 0.016233 0.001254 0.018477 0.926738 0.016993 0.001933 0.016434 0.000955 0.005130 0.044396 0.007498 0.036306 0.823994 0.028019 0.008287 0.041436 0.004933 0.005469 0.048742 0.008138 0.042408 0.803461 0.033232 0.008715 0.044458 0.005377 
0.000941 0.010544 0.002071 0.019394 0.935417 0.011109 0.003389 0.016193 0.000941 0.001051 0.012175 0.002184 0.024914 0.923616 0.013263 0.003658 0.018071 0.001068 0.005649 0.037658 0.010921 0.038223 0.807569 0.032950 0.014122 0.048390 0.004519 0.006240 0.041072 0.011448 0.046188 0.785798 0.037553 0.014970 0.051921 0.004810 
0.001086 0.017553 0.001991 0.016649 0.924720 0.013934 0.003257 0.020268 0.000543 0.001237 0.020042 0.002234 0.021226 0.912398 0.016625 0.003626 0.022034 0.000578 0.008505 0.044517 0.011582 0.039269 0.786826 0.035650 0.012125 0.057908 0.003619 0.009189 0.049444 0.012562 0.045820 0.763551 0.040493 0.013028 0.061990 0.003922 
0.001063 0.017541 0.001949 0.021439 0.920978 0.017364 0.001595 0.017895 0.000177 0.001203 0.020378 0.002131 0.028626 0.903433 0.021885 0.001648 0.020519 0.000176 0.003898 0.038448 0.005493 0.040220 0.822466 0.033841 0.008150 0.043763 0.003721 0.004647 0.043269 0.005994 0.049655 0.794505 0.040746 0.008695 0.048299 0.004189 
0.000000 0.012903 0.000445 0.015573 0.940823 0.014016 0.001557 0.014238 0.000445 0.000000 0.015712 0.000500 0.020959 0.925878 0.018593 0.001834 0.016076 0.000449 0.002892 0.036263 0.005339 0.037152 0.839822 0.028254 0.006452 0.040712 0.003115 0.003010 0.040921 0.005903 0.044686 0.815825 0.034521 0.007073 0.044638 0.003422 
