0.003625 0.010545 0.002636 0.013347 0.939858 0.012028 0.003131 0.012193 0.002636 0.003828 0.011637 0.002813 0.014730 0.934226 0.013107 0.003417 0.013451 0.002791 0.030318 0.059483 0.028835 0.063272 0.625474 0.067886 0.029000 0.063108 0.032625 0.031556 0.062157 0.029870 0.066001 0.609723 0.071085 0.030246 0.065666 0.033697 
0.005047 0.007799 0.002600 0.009482 0.949228 0.009635 0.003364 0.007799 0.005047 0.005279 0.008330 0.002735 0.010098 0.946131 0.010342 0.003525 0.008324 0.005236 0.041291 0.065148 0.036550 0.066371 0.574553 0.066983 0.034103 0.072335 0.042667 0.042557 0.066480 0.037977 0.068182 0.563012 0.068958 0.035218 0.073919 0.043697 
0.004122 0.008244 0.003963 0.006975 0.957514 0.006658 0.002061 0.006183 0.004280 0.004262 0.008650 0.004136 0.007171 0.955862 0.007073 0.002115 0.006356 0.004373 0.042486 0.084337 0.036462 0.068643 0.573240 0.061351 0.031389 0.064363 0.037730 0.043790 0.085894 0.037961 0.069819 0.562988 0.063021 0.032339 0.065449 0.038738 
0.003302 0.006303 0.001951 0.006604 0.963530 0.007654 0.001201 0.006604 0.002852 0.003447 0.006583 0.002060 0.006873 0.961796 0.008150 0.001246 0.006853 0.002991 0.049827 0.088249 0.037220 0.071739 0.539397 0.063185 0.037971 0.073691 0.038721 0.051216 0.089624 0.038345 0.073060 0.529550 0.064686 0.038854 0.074768 0.039897 
0.003126 0.005940 0.001563 0.007347 0.965140 0.005628 0.002345 0.006566 0.002345 0.003308 0.006141 0.001663 0.007632 0.963500 0.006003 0.002467 0.006884 0.002402 0.038456 0.076442 0.030952 0.069251 0.593091 0.060341 0.036423 0.065343 0.029701 0.039795 0.078023 0.032026 0.070679 0.583108 0.061661 0.037444 0.066749 0.030515 
0.002526 0.004606 0.001486 0.006388 0.970881 0.005200 0.001783 0.005200 0.001931 0.002611 0.004807 0.001568 0.006710 0.969522 0.005433 0.001871 0.005447 0.002031 0.040856 0.073243 0.029565 0.065815 0.612688 0.057049 0.030753 0.060912 0.029119 0.042070 0.074706 0.030551 0.067467 0.602600 0.058282 0.031757 0.062456 0.030111 
0.000424 0.002755 0.001271 0.001483 0.990040 0.001695 0.000212 0.002119 0.000000 0.000430 0.002895 0.001284 0.001509 0.989409 0.001806 0.000322 0.002346 0.000000 0.022674 0.058063 0.028184 0.047256 0.667514 0.037084 0.042382 0.070566 0.026277 0.023261 0.059491 0.029115 0.048475 0.658139 0.038018 0.043674 0.072357 0.027471 
0.000675 0.003036 0.000000 0.003036 0.989204 0.001687 0.001012 0.001350 0.000000 0.000685 0.003374 0.000000 0.003155 0.988669 0.001732 0.001020 0.001363 0.000000 0.013495 0.042510 0.011808 0.027328 0.826923 0.024291 0.010796 0.033063 0.009784 0.013881 0.043912 0.012183 0.028115 0.821881 0.024873 0.011123 0.033922 0.010111 
0.000821 0.001642 0.000205 0.001436 0.993638 0.000410 0.000616 0.000616 0.000616 0.000834 0.001913 0.000315 0.001465 0.993057 0.000457 0.000655 0.000640 0.000663 0.017033 0.033244 0.010876 0.024420 0.824338 0.022573 0.019085 0.036117 0.012313 0.017561 0.034634 0.011387 0.025316 0.817672 0.023448 0.020060 0.037036 0.012885 
0.000372 0.001672 0.000929 0.001858 0.991267 0.001486 0.000372 0.001301 0.000743 0.000382 0.001717 0.001024 0.001955 0.990781 0.001630 0.000387 0.001330 0.000793 0.014307 0.032516 0.012263 0.026570 0.830732 0.030472 0.010405 0.031773 0.010962 0.014861 0.033432 0.012695 0.027526 0.824847 0.031656 0.010798 0.032754 0.011431 
0.001384 0.002769 0.001038 0.002423 0.983388 0.004326 0.000346 0.003634 0.000692 0.001483 0.002975 0.001078 0.002658 0.982156 0.004705 0.000410 0.003792 0.000741 0.015747 0.037896 0.011940 0.034781 0.796678 0.035127 0.017996 0.036165 0.013670 0.016477 0.039017 0.012495 0.036114 0.789131 0.036514 0.018603 0.037278 0.014371 
0.001850 0.004809 0.001480 0.004070 0.976878 0.004809 0.000925 0.003330 0.001850 0.001884 0.005001 0.001554 0.004253 0.975897 0.004994 0.001010 0.003491 0.001916 0.025157 0.045875 0.018313 0.043285 0.733629 0.044395 0.022937 0.045320 0.021088 0.025890 0.047513 0.018959 0.044781 0.724961 0.045589 0.023902 0.046642 0.021762 
0.001412 0.003706 0.000882 0.003706 0.978825 0.003706 0.001941 0.005470 0.000353 0.001448 0.003947 0.000913 0.003992 0.977546 0.003867 0.002042 0.005880 0.000367 0.019587 0.043056 0.018352 0.044997 0.750309 0.044468 0.022763 0.037586 0.018881 0.020236 0.044415 0.019004 0.046260 0.742265 0.045745 0.023618 0.038599 0.019858 
0.001171 0.005689 0.002008 0.004016 0.972055 0.004685 0.002008 0.006359 0.002008 0.001227 0.005927 0.002128 0.004284 0.970512 0.005097 0.002095 0.006664 0.002066 0.031627 0.070616 0.030288 0.055054 0.618809 0.052041 0.036981 0.072456 0.032129 0.032735 0.072240 0.031424 0.056613 0.608276 0.053482 0.037764 0.074236 0.033231 
0.001706 0.005458 0.003241 0.005970 0.968105 0.005629 0.002047 0.005970 0.001876 0.001777 0.005591 0.003329 0.006185 0.967161 0.005770 0.002121 0.006128 0.001938 0.034112 0.062767 0.028313 0.058332 0.643868 0.048951 0.036159 0.059185 0.028313 0.035118 0.064065 0.029167 0.059644 0.635000 0.050115 0.037209 0.060373 0.029310 
0.001630 0.004890 0.001992 0.005976 0.973198 0.004527 0.001992 0.004708 0.001087 0.001682 0.005143 0.002088 0.006155 0.972234 0.004632 0.002050 0.004899 0.001116 0.025715 0.050344 0.027707 0.045998 0.718218 0.035313 0.032778 0.044368 0.019558 0.026443 0.051466 0.028619 0.047049 0.710700 0.036278 0.033762 0.045483 0.020201 
0.002661 0.004298 0.002251 0.005526 0.974621 0.002865 0.002047 0.003889 0.001842 0.002786 0.004412 0.002363 0.005863 0.973376 0.002907 0.002107 0.004087 0.002098 0.025174 0.042161 0.015964 0.039296 0.754605 0.037659 0.020876 0.038477 0.025788 0.026045 0.042999 0.016671 0.040601 0.747332 0.038731 0.021513 0.039281 0.026828 
0.004817 0.006670 0.002409 0.007782 0.954604 0.009079 0.002594 0.008153 0.003891 0.005018 0.006944 0.002525 0.008052 0.953123 0.009228 0.002671 0.008456 0.003983 0.044284 0.066518 0.029831 0.066518 0.592922 0.067260 0.036687 0.063369 0.032611 0.045235 0.067820 0.030823 0.067819 0.584069 0.068756 0.037630 0.064519 0.033329 
0.004446 0.011526 0.006093 0.011526 0.941545 0.010209 0.003952 0.007410 0.003293 0.004645 0.012019 0.006397 0.012108 0.938755 0.010645 0.004081 0.007937 0.003413 0.037708 0.073275 0.042648 0.074757 0.555739 0.068665 0.041001 0.073440 0.032768 0.038817 0.074688 0.044195 0.076703 0.544558 0.070232 0.042217 0.074956 0.033636 
0.004328 0.007963 0.004674 0.012290 0.941146 0.010905 0.003808 0.011598 0.003289 0.004667 0.008326 0.004837 0.013002 0.937782 0.011464 0.003900 0.012591 0.003431 0.039986 0.061797 0.035832 0.066644 0.586637 0.066990 0.038428 0.064913 0.038774 0.041039 0.063317 0.036942 0.068749 0.574615 0.068971 0.039672 0.067041 0.039655 
0.003713 0.011299 0.002906 0.012429 0.936400 0.010331 0.004036 0.014366 0.004520 0.003947 0.012033 0.003110 0.013321 0.931949 0.010951 0.004350 0.015494 0.004845 0.029701 0.064084 0.029540 0.071832 0.621792 0.063761 0.032607 0.059726 0.026957 0.031254 0.065937 0.030496 0.074252 0.607998 0.065792 0.034000 0.062317 0.027953 
0.002064 0.008772 0.005934 0.012642 0.938596 0.013158 0.004128 0.011610 0.003096 0.002150 0.009818 0.006211 0.013583 0.933716 0.014267 0.004411 0.012607 0.003238 0.030186 0.063467 0.034314 0.075851 0.612229 0.074045 0.027090 0.061146 0.021672 0.031198 0.065553 0.035757 0.078501 0.598425 0.076531 0.028018 0.063523 0.022493 
