0.000000 0.000676 0.000000 0.000000 0.995943 0.001352 0.000000 0.002028 0.000000 0.000000 0.000758 0.000000 0.000000 0.995076 0.001404 0.000000 0.002761 0.000000 0.000000 0.005409 0.000676 0.012847 0.965517 0.008790 0.000000 0.006761 0.000000 0.000000 0.006024 0.000689 0.013355 0.962543 0.009007 0.000000 0.008382 0.000000 
0.001260 0.001260 0.001260 0.002520 0.987398 0.003151 0.000000 0.002520 0.000630 0.001456 0.001895 0.001387 0.002542 0.985647 0.003367 0.000000 0.003068 0.000637 0.004411 0.007561 0.006301 0.025205 0.920605 0.018904 0.002520 0.011342 0.003151 0.004812 0.009425 0.006728 0.026183 0.914162 0.019322 0.003023 0.013093 0.003253 
0.003784 0.002365 0.000000 0.004730 0.982971 0.003311 0.000946 0.001892 0.000000 0.004098 0.002549 0.000000 0.004960 0.981600 0.003736 0.000960 0.002097 0.000000 0.007569 0.019868 0.006623 0.033586 0.869442 0.034532 0.005676 0.016556 0.006149 0.007904 0.020932 0.006831 0.035380 0.861241 0.036990 0.005930 0.018266 0.006526 
0.000443 0.002661 0.000000 0.003548 0.986253 0.002661 0.000887 0.003104 0.000443 0.000446 0.003036 0.000000 0.003843 0.984496 0.002991 0.000993 0.003734 0.000460 0.004435 0.020843 0.007539 0.031042 0.883814 0.024834 0.006652 0.017738 0.003104 0.004570 0.021863 0.008476 0.032671 0.876616 0.025854 0.007127 0.019281 0.003541 
0.001949 0.003899 0.000975 0.006823 0.974172 0.007310 0.000975 0.003899 0.000000 0.002329 0.005399 0.000983 0.008425 0.969352 0.007807 0.001054 0.004652 0.000000 0.008285 0.016082 0.004873 0.040448 0.879630 0.024854 0.006335 0.016082 0.003411 0.009152 0.018496 0.005053 0.043946 0.868539 0.026614 0.006870 0.017769 0.003562 
0.000522 0.006266 0.000522 0.002611 0.982768 0.004178 0.000000 0.003133 0.000000 0.000537 0.007273 0.000567 0.002822 0.980421 0.004578 0.000000 0.003802 0.000000 0.005222 0.014621 0.004178 0.031854 0.899217 0.026632 0.002089 0.013055 0.003133 0.005469 0.016695 0.004385 0.033137 0.891600 0.028556 0.002190 0.014531 0.003438 
0.001036 0.003109 0.000518 0.002073 0.988083 0.001554 0.000000 0.003109 0.000518 0.001200 0.003366 0.000566 0.002239 0.987000 0.001591 0.000000 0.003469 0.000568 0.002591 0.010881 0.004663 0.018653 0.922280 0.020207 0.003627 0.013990 0.003109 0.002907 0.011763 0.004923 0.019403 0.916985 0.021020 0.003720 0.015972 0.003308 
0.000000 0.004365 0.000485 0.007274 0.978177 0.003395 0.002425 0.003880 0.000000 0.000000 0.004841 0.000651 0.007788 0.975478 0.003813 0.002652 0.004776 0.000000 0.003880 0.022308 0.006790 0.032493 0.881668 0.025218 0.005820 0.018914 0.002910 0.004195 0.024299 0.007578 0.034880 0.870918 0.027128 0.006381 0.021572 0.003050 
0.000963 0.007225 0.000000 0.000482 0.977842 0.004335 0.001927 0.005299 0.001927 0.000967 0.009068 0.000000 0.000485 0.973483 0.004908 0.002081 0.006941 0.002067 0.002890 0.016859 0.007225 0.028420 0.896917 0.025530 0.005299 0.013969 0.002890 0.003476 0.019995 0.007671 0.029535 0.884880 0.028269 0.005740 0.017050 0.003382 
0.000537 0.002148 0.000000 0.001611 0.993018 0.002148 0.000000 0.000537 0.000000 0.000594 0.002500 0.000000 0.001632 0.992006 0.002666 0.000000 0.000603 0.000000 0.000537 0.008593 0.001074 0.017186 0.953276 0.011278 0.001611 0.004296 0.002148 0.000539 0.010124 0.001127 0.017935 0.948430 0.012556 0.001801 0.005037 0.002451 
0.000000 0.003887 0.000000 0.001666 0.990006 0.001666 0.000000 0.002776 0.000000 0.000000 0.004970 0.000000 0.001751 0.988112 0.001710 0.000000 0.003457 0.000000 0.001110 0.009439 0.002221 0.018323 0.943920 0.011660 0.004997 0.007773 0.000555 0.001323 0.011778 0.002537 0.019553 0.935626 0.012987 0.005892 0.009700 0.000604 
0.000544 0.002177 0.000000 0.004899 0.986391 0.004899 0.000544 0.000544 0.000000 0.000809 0.002845 0.000000 0.005573 0.983986 0.005502 0.000600 0.000684 0.000000 0.002177 0.013065 0.001633 0.029940 0.912901 0.022863 0.002722 0.010343 0.004355 0.002585 0.014840 0.001766 0.032136 0.905240 0.024551 0.002941 0.011252 0.004690 
0.000000 0.003717 0.001062 0.002655 0.983006 0.004249 0.000531 0.003717 0.001062 0.000000 0.004244 0.001078 0.002961 0.979577 0.004880 0.000866 0.005264 0.001129 0.003186 0.011683 0.006904 0.033988 0.901753 0.018587 0.006373 0.011683 0.005842 0.003362 0.012765 0.007734 0.035639 0.892924 0.020227 0.007636 0.013302 0.006410 
0.001100 0.004400 0.000000 0.006051 0.981298 0.003850 0.000000 0.003300 0.000000 0.001169 0.005972 0.000000 0.007753 0.976494 0.004235 0.000000 0.004378 0.000000 0.002750 0.015402 0.003300 0.030803 0.908141 0.023652 0.003300 0.009901 0.002750 0.002978 0.017891 0.003728 0.033858 0.898419 0.024823 0.003568 0.011871 0.002863 
0.000000 0.002907 0.000000 0.001163 0.993605 0.001744 0.000000 0.000000 0.000581 0.000000 0.004226 0.000000 0.001303 0.992020 0.001806 0.000000 0.000000 0.000645 0.001744 0.016860 0.004070 0.027326 0.915698 0.018023 0.000581 0.011047 0.004651 0.001822 0.019526 0.004208 0.028411 0.909029 0.018964 0.000747 0.011948 0.005344 
0.000000 0.004009 0.000000 0.001145 0.989118 0.001718 0.000000 0.004009 0.000000 0.000000 0.004914 0.000000 0.001266 0.986375 0.001809 0.000000 0.005635 0.000000 0.001718 0.011455 0.005727 0.024628 0.926117 0.014891 0.001145 0.010309 0.004009 0.001779 0.013092 0.005949 0.026044 0.917633 0.016468 0.001254 0.013329 0.004451 
0.000000 0.000000 0.000000 0.001103 0.993936 0.002756 0.000000 0.002205 0.000000 0.000000 0.000000 0.000000 0.001161 0.992894 0.003380 0.000000 0.002565 0.000000 0.001103 0.008820 0.000551 0.021499 0.933848 0.018192 0.002205 0.011577 0.002205 0.001338 0.009616 0.000621 0.022320 0.928618 0.019956 0.002274 0.012800 0.002458 
0.000000 0.002112 0.000000 0.005280 0.984161 0.005280 0.000000 0.002640 0.000528 0.000000 0.002378 0.000000 0.006117 0.981199 0.006662 0.000000 0.003090 0.000554 0.001056 0.014256 0.001056 0.030623 0.911827 0.022703 0.003168 0.011088 0.004224 0.001289 0.015525 0.001136 0.033439 0.902423 0.025673 0.003530 0.012431 0.004554 
0.000531 0.004246 0.000000 0.004246 0.981423 0.004777 0.000000 0.004777 0.000000 0.000750 0.005269 0.000000 0.004786 0.977876 0.005640 0.000000 0.005679 0.000000 0.006369 0.020170 0.002123 0.037686 0.889066 0.024416 0.004777 0.011677 0.003715 0.006659 0.022885 0.002192 0.040673 0.878205 0.026704 0.005127 0.013507 0.004048 
0.000000 0.003447 0.001477 0.003939 0.981782 0.002462 0.000985 0.005416 0.000492 0.000000 0.004445 0.001757 0.004238 0.977968 0.002707 0.001099 0.007291 0.000495 0.006893 0.018710 0.004431 0.034958 0.873954 0.029542 0.005908 0.019695 0.005908 0.007114 0.021178 0.004942 0.036854 0.862611 0.031477 0.006852 0.022732 0.006241 
0.000494 0.005926 0.000000 0.002963 0.983704 0.003457 0.000494 0.002963 0.000000 0.000652 0.006764 0.000000 0.003303 0.980964 0.004047 0.000569 0.003700 0.000000 0.003951 0.014321 0.000494 0.017284 0.922469 0.024198 0.001481 0.013827 0.001975 0.004552 0.016761 0.000512 0.018141 0.913425 0.026045 0.001865 0.016503 0.002196 
0.000575 0.000575 0.000000 0.001151 0.995972 0.001151 0.000000 0.000000 0.000575 0.000595 0.000603 0.000000 0.001464 0.995267 0.001483 0.000000 0.000000 0.000588 0.005178 0.003452 0.001726 0.024166 0.939010 0.013809 0.001151 0.009206 0.002301 0.005774 0.003640 0.001867 0.025531 0.934317 0.014943 0.001346 0.010159 0.002424 
0.000000 0.004416 0.000000 0.001963 0.984789 0.004907 0.000000 0.003925 0.000000 0.000000 0.005581 0.000000 0.002573 0.981825 0.005718 0.000000 0.004303 0.000000 0.003435 0.013248 0.001472 0.031894 0.909715 0.022080 0.002944 0.013248 0.001963 0.003666 0.015885 0.001478 0.034092 0.900384 0.024265 0.003312 0.014857 0.002061 
0.000510 0.005612 0.000510 0.006633 0.976531 0.006122 0.000000 0.004082 0.000000 0.000554 0.006857 0.000531 0.008599 0.970437 0.007659 0.000000 0.005363 0.000000 0.003061 0.018878 0.005612 0.034694 0.882143 0.026531 0.003571 0.018878 0.006633 0.003206 0.021492 0.005836 0.038219 0.868372 0.030154 0.004289 0.021697 0.006736 
0.000000 0.002892 0.000000 0.005301 0.986024 0.001928 0.000482 0.002892 0.000482 0.000000 0.003163 0.000000 0.007564 0.982760 0.002347 0.000482 0.003148 0.000537 0.006265 0.021205 0.006265 0.036145 0.877108 0.025060 0.006747 0.014940 0.006265 0.006529 0.022941 0.006488 0.040003 0.867086 0.026574 0.007012 0.016693 0.006674 
