0.000527 0.003868 0.000352 0.006329 0.976969 0.007384 0.000703 0.002813 0.001055 0.000592 0.004926 0.000377 0.006787 0.974290 0.007875 0.000751 0.003264 0.001138 0.008263 0.025141 0.005977 0.072433 0.784634 0.073664 0.004571 0.018636 0.006681 0.009024 0.027499 0.006669 0.075437 0.772391 0.076707 0.004925 0.020090 0.007258 
0.000498 0.003483 0.000829 0.009952 0.970642 0.007630 0.001161 0.005308 0.000498 0.000564 0.004423 0.000891 0.010612 0.966885 0.008080 0.001330 0.006691 0.000525 0.008791 0.026041 0.006137 0.084591 0.743739 0.091723 0.006800 0.026704 0.005474 0.009242 0.028960 0.006584 0.087938 0.728137 0.095520 0.007457 0.030148 0.006015 
0.000459 0.003521 0.001531 0.008879 0.969688 0.010870 0.000919 0.003980 0.000153 0.000498 0.004070 0.001888 0.009439 0.966412 0.011531 0.001066 0.004938 0.000158 0.009339 0.026791 0.009186 0.093539 0.733925 0.093080 0.006430 0.021280 0.006430 0.009973 0.028795 0.010516 0.097228 0.718955 0.096756 0.007178 0.023432 0.007167 
0.000166 0.003990 0.000665 0.009643 0.967914 0.007481 0.001829 0.007481 0.000831 0.000174 0.004926 0.000835 0.010299 0.963759 0.007843 0.002372 0.008942 0.000851 0.009476 0.026766 0.008146 0.077307 0.741812 0.093766 0.007980 0.028928 0.005819 0.010102 0.029277 0.008867 0.080985 0.726026 0.096940 0.009149 0.032409 0.006244 
0.000164 0.004601 0.000822 0.006244 0.977161 0.005587 0.000493 0.004601 0.000329 0.000175 0.005428 0.000945 0.006695 0.974252 0.005860 0.000610 0.005695 0.000340 0.007558 0.027276 0.004929 0.066875 0.795104 0.066218 0.008216 0.019060 0.004765 0.008083 0.029714 0.005416 0.069665 0.782790 0.068758 0.008991 0.021451 0.005132 
0.001068 0.004982 0.000534 0.007829 0.972598 0.007651 0.000356 0.003915 0.001068 0.001204 0.006042 0.000589 0.008339 0.969000 0.008380 0.000372 0.004785 0.001290 0.009964 0.025267 0.005872 0.080783 0.774021 0.072064 0.005872 0.019573 0.006584 0.010706 0.027862 0.006435 0.083926 0.760595 0.075033 0.006440 0.021827 0.007176 
0.000525 0.004901 0.000525 0.011378 0.963592 0.012428 0.001400 0.004376 0.000875 0.000639 0.005975 0.000658 0.012160 0.959533 0.013140 0.001698 0.005207 0.000992 0.009102 0.026431 0.006827 0.084369 0.755120 0.087345 0.007002 0.016804 0.007002 0.009961 0.029413 0.007440 0.088437 0.739721 0.090747 0.007809 0.018827 0.007646 
0.000543 0.003983 0.000905 0.005069 0.973570 0.011224 0.001448 0.002534 0.000724 0.000644 0.004534 0.001033 0.005314 0.971424 0.011848 0.001578 0.002866 0.000758 0.006879 0.026430 0.009957 0.077480 0.764120 0.087437 0.005793 0.017017 0.004888 0.007427 0.028657 0.010765 0.080106 0.751960 0.091120 0.006167 0.018467 0.005332 
0.000627 0.002039 0.000627 0.009253 0.973651 0.009724 0.001098 0.002509 0.000471 0.000793 0.002451 0.000731 0.009686 0.971611 0.010189 0.001162 0.002858 0.000518 0.008312 0.030583 0.007999 0.095828 0.713770 0.115747 0.005489 0.017723 0.004548 0.009081 0.032519 0.008615 0.099412 0.700288 0.120067 0.005974 0.019029 0.005015 
0.001231 0.002463 0.000528 0.007036 0.976781 0.006860 0.000880 0.004046 0.000176 0.001342 0.002922 0.000650 0.007426 0.974340 0.007167 0.000953 0.005022 0.000177 0.008795 0.019877 0.003694 0.075286 0.803166 0.063325 0.007036 0.015655 0.003166 0.009556 0.021752 0.004029 0.078216 0.791348 0.066292 0.007835 0.017500 0.003472 
0.000000 0.003556 0.000000 0.003161 0.987949 0.001580 0.000593 0.002963 0.000198 0.000000 0.004142 0.000000 0.003333 0.986811 0.001619 0.000650 0.003233 0.000211 0.007309 0.016792 0.004939 0.032991 0.886606 0.029435 0.002963 0.015211 0.003753 0.007774 0.019063 0.005408 0.034103 0.879488 0.030352 0.003283 0.016372 0.004157 
0.000000 0.003067 0.000383 0.002684 0.987922 0.001917 0.000383 0.003451 0.000192 0.000000 0.003843 0.000441 0.002746 0.986047 0.001962 0.000413 0.004349 0.000199 0.006135 0.016104 0.004985 0.052531 0.852186 0.042561 0.003643 0.018980 0.002876 0.006595 0.017795 0.005420 0.054268 0.843926 0.043941 0.003932 0.021036 0.003087 
0.000198 0.002376 0.000198 0.002376 0.988715 0.002376 0.000792 0.002376 0.000594 0.000200 0.002782 0.000214 0.002520 0.987296 0.002521 0.000894 0.002968 0.000604 0.006335 0.016036 0.004752 0.035241 0.882004 0.033855 0.004752 0.012077 0.004950 0.006697 0.017520 0.005222 0.036295 0.875201 0.035048 0.005271 0.013518 0.005228 
0.000000 0.002827 0.000808 0.002221 0.988088 0.001211 0.000606 0.003432 0.000808 0.000000 0.003322 0.000851 0.002363 0.986391 0.001262 0.000621 0.004232 0.000958 0.005855 0.014940 0.004442 0.036544 0.888350 0.029477 0.002827 0.013729 0.003836 0.006433 0.016458 0.004751 0.037744 0.881116 0.030463 0.002943 0.015625 0.004468 
0.000606 0.003031 0.000000 0.002425 0.985654 0.003031 0.000606 0.003839 0.000808 0.000614 0.003654 0.000000 0.002519 0.983625 0.003469 0.000615 0.004678 0.000825 0.004445 0.016367 0.003637 0.029299 0.891291 0.032128 0.004243 0.014750 0.003839 0.004659 0.018204 0.004032 0.030385 0.883666 0.033542 0.004455 0.016720 0.004338 
0.000205 0.002866 0.000205 0.002047 0.988946 0.001638 0.000205 0.003889 0.000000 0.000211 0.003247 0.000211 0.002175 0.987783 0.001692 0.000207 0.004475 0.000000 0.005527 0.017810 0.003071 0.034596 0.885773 0.031730 0.002252 0.016172 0.003071 0.005832 0.019545 0.003289 0.036009 0.878640 0.032916 0.002351 0.018165 0.003253 
0.000397 0.003371 0.000397 0.003173 0.985524 0.001586 0.000397 0.004362 0.000793 0.000411 0.004134 0.000406 0.003369 0.982663 0.001848 0.000460 0.005556 0.001153 0.003768 0.014277 0.002974 0.038667 0.882610 0.031331 0.003173 0.018045 0.005156 0.004121 0.016062 0.003250 0.039951 0.873787 0.032570 0.003477 0.020522 0.006261 
0.000395 0.003953 0.000198 0.003953 0.986561 0.002174 0.000000 0.002569 0.000198 0.000414 0.004904 0.000202 0.004172 0.984726 0.002248 0.000000 0.003120 0.000214 0.007312 0.013043 0.003755 0.039526 0.879842 0.034980 0.004348 0.012648 0.004545 0.007788 0.014989 0.004294 0.040971 0.872357 0.035905 0.004902 0.013718 0.005075 
0.000194 0.003098 0.000387 0.002324 0.988768 0.001549 0.000387 0.003098 0.000194 0.000221 0.003715 0.000417 0.002361 0.987312 0.001683 0.000490 0.003602 0.000199 0.003679 0.014911 0.004067 0.043377 0.871805 0.037374 0.004454 0.013749 0.006584 0.003980 0.016365 0.004792 0.044936 0.863404 0.038416 0.005038 0.015764 0.007305 
0.000000 0.003507 0.000974 0.002338 0.987919 0.001559 0.000585 0.002923 0.000195 0.000000 0.004211 0.001060 0.002447 0.986445 0.001598 0.000672 0.003331 0.000236 0.001559 0.012860 0.003897 0.041309 0.879384 0.035074 0.005066 0.016173 0.004677 0.001707 0.014173 0.004520 0.042611 0.872083 0.036208 0.005637 0.018013 0.005046 
0.000203 0.003245 0.000203 0.001826 0.990669 0.002434 0.000203 0.001217 0.000000 0.000212 0.003608 0.000212 0.001952 0.989573 0.002659 0.000214 0.001572 0.000000 0.002231 0.013387 0.001420 0.044422 0.877890 0.035091 0.004057 0.017241 0.004260 0.002710 0.014507 0.001504 0.045926 0.870733 0.036570 0.004486 0.018971 0.004592 
0.000201 0.002817 0.000402 0.002415 0.986718 0.001811 0.000000 0.005434 0.000201 0.000315 0.003437 0.000438 0.002694 0.984470 0.001916 0.000000 0.006450 0.000282 0.004025 0.014490 0.001610 0.032401 0.897766 0.026363 0.002214 0.016502 0.004629 0.004751 0.015742 0.001863 0.033668 0.889487 0.027546 0.002444 0.019020 0.005478 
0.000000 0.002910 0.000416 0.000208 0.990854 0.002079 0.000208 0.003326 0.000000 0.000000 0.003604 0.000419 0.000226 0.988882 0.002366 0.000208 0.004296 0.000000 0.002494 0.012056 0.001663 0.022864 0.908543 0.030555 0.002079 0.016213 0.003534 0.002709 0.013582 0.002033 0.023615 0.900689 0.032071 0.002470 0.018743 0.004088 
0.000000 0.001358 0.000000 0.001131 0.993211 0.001131 0.000453 0.002489 0.000226 0.000000 0.001750 0.000000 0.001178 0.992039 0.001193 0.000540 0.003071 0.000229 0.001584 0.009731 0.000905 0.025571 0.916271 0.025571 0.003394 0.014030 0.002942 0.001676 0.010924 0.000943 0.026604 0.910474 0.026539 0.003745 0.015947 0.003150 
0.000653 0.002613 0.000218 0.001524 0.991725 0.001524 0.000000 0.001524 0.000218 0.000740 0.003413 0.000261 0.001658 0.990168 0.001693 0.000000 0.001838 0.000231 0.002178 0.010453 0.002178 0.038763 0.891551 0.035932 0.003049 0.012631 0.003267 0.002515 0.011798 0.002626 0.040151 0.884806 0.037337 0.003218 0.014065 0.003484 
