0.000466 0.006527 0.000466 0.003263 0.980886 0.001399 0.002331 0.004662 0.000000 0.000472 0.007022 0.000469 0.004130 0.978348 0.001914 0.002491 0.005154 0.000000 0.007459 0.032634 0.003263 0.016317 0.884848 0.010256 0.008858 0.034033 0.002331 0.008120 0.034805 0.003350 0.018721 0.874380 0.011306 0.009387 0.037242 0.002688 
0.000000 0.003430 0.000000 0.001470 0.985301 0.002450 0.001470 0.004900 0.000980 0.000000 0.003746 0.000000 0.001842 0.983554 0.003083 0.001485 0.005259 0.001030 0.004900 0.026948 0.002450 0.011759 0.906418 0.009799 0.004410 0.030377 0.002940 0.005174 0.027799 0.002617 0.013595 0.898683 0.011399 0.004567 0.033012 0.003155 
0.000475 0.003322 0.000000 0.005695 0.982439 0.003322 0.001424 0.002848 0.000475 0.000496 0.003408 0.000000 0.008210 0.977532 0.004141 0.002005 0.003719 0.000489 0.003797 0.036070 0.003797 0.014713 0.894162 0.013289 0.002848 0.028951 0.002373 0.003930 0.037948 0.004143 0.019577 0.880877 0.015513 0.002951 0.032537 0.002523 
0.000000 0.001890 0.000000 0.001890 0.987240 0.001890 0.001418 0.005671 0.000000 0.000000 0.002079 0.000000 0.002522 0.984529 0.002611 0.001607 0.006652 0.000000 0.001890 0.030246 0.003308 0.010870 0.909735 0.007561 0.005198 0.029301 0.001890 0.001948 0.031892 0.003610 0.012590 0.901206 0.008905 0.005537 0.032378 0.001934 
0.000000 0.005682 0.000000 0.000473 0.981534 0.004735 0.001894 0.005682 0.000000 0.000000 0.006669 0.000000 0.000542 0.978185 0.006556 0.002066 0.005982 0.000000 0.003314 0.030777 0.001420 0.008523 0.916193 0.008996 0.003314 0.027462 0.000000 0.003553 0.033437 0.001478 0.009582 0.907770 0.011462 0.003485 0.029233 0.000000 
0.000000 0.007293 0.000912 0.001367 0.984503 0.001367 0.002735 0.001823 0.000000 0.000000 0.008424 0.001133 0.001526 0.981628 0.001711 0.003500 0.002079 0.000000 0.003191 0.035096 0.003646 0.010027 0.901094 0.010027 0.007293 0.027803 0.001823 0.003582 0.037969 0.004018 0.011321 0.892042 0.011343 0.008188 0.029639 0.001898 
0.000522 0.004700 0.000000 0.001044 0.985379 0.001567 0.004178 0.002611 0.000000 0.000523 0.005456 0.000000 0.001229 0.982766 0.001794 0.004789 0.003442 0.000000 0.004178 0.039687 0.002611 0.010966 0.890339 0.010444 0.007311 0.032376 0.002089 0.004560 0.042580 0.002733 0.012099 0.881792 0.011811 0.007585 0.034669 0.002172 
0.000523 0.003138 0.000523 0.002615 0.979079 0.003661 0.002615 0.007322 0.000523 0.000629 0.003304 0.000735 0.003678 0.975379 0.004691 0.002731 0.008287 0.000566 0.002615 0.031381 0.005230 0.012029 0.885983 0.016213 0.007322 0.035042 0.004184 0.002928 0.033400 0.006214 0.013895 0.874107 0.018577 0.007689 0.038880 0.004310 
0.000470 0.003293 0.000000 0.006115 0.976011 0.005174 0.003293 0.004704 0.000941 0.000861 0.003928 0.000000 0.008189 0.971128 0.006418 0.003428 0.005019 0.001028 0.004233 0.036218 0.002822 0.016933 0.890405 0.013641 0.004704 0.029163 0.001881 0.004856 0.038958 0.002980 0.020002 0.879705 0.015679 0.004869 0.030766 0.002184 
0.000000 0.004955 0.000496 0.003469 0.979683 0.001982 0.002973 0.005451 0.000991 0.000000 0.005830 0.000847 0.004507 0.975520 0.002999 0.003293 0.005991 0.001013 0.003469 0.036670 0.004460 0.011397 0.893459 0.008424 0.008424 0.030723 0.002973 0.004108 0.039076 0.005574 0.013001 0.883840 0.009132 0.008906 0.033165 0.003197 
0.000000 0.001895 0.000474 0.001421 0.988157 0.001895 0.003316 0.002842 0.000000 0.000000 0.002153 0.000478 0.002103 0.985831 0.002158 0.003739 0.003538 0.000000 0.000947 0.020369 0.000947 0.006158 0.937944 0.007106 0.005211 0.020369 0.000947 0.000983 0.021763 0.001076 0.007055 0.931720 0.008063 0.005750 0.022625 0.000965 
0.000539 0.004310 0.000000 0.000000 0.988685 0.002155 0.002155 0.002155 0.000000 0.000614 0.004821 0.000000 0.000000 0.986980 0.002779 0.002508 0.002299 0.000000 0.001616 0.025862 0.002694 0.010237 0.914332 0.010237 0.005927 0.028017 0.001078 0.001873 0.027397 0.002801 0.011382 0.907830 0.011892 0.006158 0.029558 0.001109 
0.000443 0.002661 0.000443 0.004435 0.982262 0.003991 0.003548 0.002217 0.000000 0.000604 0.003392 0.000546 0.006139 0.977489 0.005381 0.004046 0.002404 0.000000 0.003104 0.026164 0.002217 0.013304 0.905987 0.019069 0.005322 0.023503 0.001330 0.003535 0.028105 0.002424 0.015531 0.894638 0.023087 0.006197 0.025073 0.001411 
0.000541 0.004873 0.000000 0.002707 0.979968 0.001624 0.004873 0.004873 0.000541 0.000620 0.005442 0.000000 0.003303 0.977317 0.002282 0.005099 0.005338 0.000600 0.002166 0.033568 0.003249 0.014077 0.893341 0.008663 0.005956 0.033568 0.005414 0.002166 0.036187 0.003533 0.015637 0.884404 0.009515 0.006331 0.036576 0.005651 
0.000000 0.004258 0.000000 0.002129 0.984566 0.001064 0.004790 0.002661 0.000532 0.000000 0.004618 0.000000 0.002737 0.982624 0.001324 0.005257 0.002867 0.000572 0.001597 0.030867 0.003193 0.014369 0.907398 0.006386 0.010112 0.022885 0.003193 0.002037 0.032710 0.003784 0.015967 0.899130 0.006818 0.010915 0.025182 0.003458 
0.000555 0.002775 0.000000 0.002775 0.985572 0.002220 0.004440 0.001665 0.000000 0.000589 0.003295 0.000000 0.003901 0.983064 0.002577 0.004648 0.001927 0.000000 0.001665 0.027747 0.003330 0.016093 0.911210 0.009434 0.007769 0.021088 0.001665 0.001887 0.028686 0.003506 0.017929 0.903670 0.010783 0.008751 0.023074 0.001716 
0.000000 0.005120 0.000512 0.001024 0.984639 0.002048 0.004096 0.002560 0.000000 0.000000 0.005683 0.000553 0.001041 0.983235 0.002440 0.004324 0.002724 0.000000 0.004096 0.030210 0.001536 0.012801 0.900666 0.011777 0.007168 0.030722 0.001024 0.004354 0.031801 0.001918 0.013629 0.894165 0.012711 0.007660 0.032594 0.001168 
0.000000 0.003885 0.000000 0.002220 0.986127 0.000555 0.003330 0.003885 0.000000 0.000000 0.004441 0.000000 0.002424 0.984644 0.000616 0.003601 0.004274 0.000000 0.002220 0.026637 0.002220 0.008879 0.917869 0.006659 0.006659 0.026082 0.002775 0.002317 0.028146 0.002462 0.010178 0.911969 0.006890 0.007153 0.027979 0.002906 
0.000000 0.004834 0.000537 0.003222 0.983351 0.003222 0.002148 0.002685 0.000000 0.000000 0.005023 0.000684 0.003952 0.980846 0.004320 0.002351 0.002823 0.000000 0.004296 0.031686 0.004296 0.011278 0.897422 0.011278 0.003759 0.033298 0.002685 0.004415 0.032877 0.004871 0.012877 0.889124 0.013564 0.003992 0.035336 0.002945 
0.000000 0.002523 0.000000 0.002018 0.984359 0.004541 0.004036 0.002018 0.000505 0.000000 0.002652 0.000000 0.002319 0.981493 0.006407 0.004311 0.002244 0.000574 0.004541 0.035318 0.004036 0.018163 0.876892 0.017154 0.006054 0.033300 0.004541 0.004789 0.037592 0.004753 0.019593 0.866067 0.019934 0.006668 0.035413 0.005192 
0.000000 0.003008 0.001504 0.003509 0.979950 0.000501 0.003509 0.007519 0.000501 0.000000 0.003067 0.001596 0.004414 0.977002 0.000799 0.004030 0.008530 0.000563 0.003008 0.033584 0.004010 0.018546 0.898747 0.006516 0.006516 0.027068 0.002005 0.003148 0.035086 0.004266 0.020880 0.890231 0.007124 0.007409 0.029651 0.002204 
0.000490 0.003428 0.000979 0.003428 0.979922 0.001959 0.004407 0.005387 0.000000 0.000534 0.003642 0.001238 0.004858 0.976244 0.002709 0.004522 0.006253 0.000000 0.004407 0.037708 0.003918 0.012733 0.905485 0.005877 0.004897 0.023506 0.001469 0.004654 0.039599 0.004623 0.015722 0.896091 0.006651 0.005157 0.025939 0.001563 
0.000497 0.004469 0.000000 0.004965 0.977160 0.002483 0.003972 0.004965 0.001490 0.000511 0.005457 0.000000 0.007225 0.971529 0.003285 0.004498 0.005745 0.001750 0.001986 0.026316 0.002483 0.016385 0.897219 0.013903 0.009930 0.026316 0.005462 0.002489 0.027996 0.003242 0.019186 0.885438 0.016336 0.011156 0.028255 0.005902 
0.000000 0.001031 0.000000 0.001546 0.984536 0.003608 0.003093 0.004639 0.001546 0.000000 0.001220 0.000000 0.002290 0.981453 0.004518 0.003399 0.005349 0.001771 0.002577 0.029381 0.001546 0.011856 0.907216 0.007216 0.005155 0.031443 0.003608 0.002719 0.030591 0.001907 0.013568 0.898642 0.009040 0.005708 0.033717 0.004108 
0.000530 0.002119 0.000530 0.002119 0.986758 0.003708 0.001589 0.002648 0.000000 0.000542 0.002195 0.000762 0.002448 0.984040 0.005112 0.001641 0.003260 0.000000 0.003178 0.026483 0.002648 0.009534 0.902013 0.011123 0.007415 0.034428 0.003178 0.003531 0.028262 0.003079 0.010652 0.893780 0.012837 0.007807 0.036791 0.003261 
0.000466 0.003731 0.001399 0.002332 0.978545 0.004664 0.003731 0.004664 0.000466 0.000476 0.004203 0.001783 0.003407 0.974152 0.006051 0.004055 0.005211 0.000662 0.003731 0.032183 0.005597 0.015392 0.888993 0.012127 0.008396 0.030784 0.002799 0.004374 0.034299 0.006826 0.016836 0.878477 0.014242 0.008886 0.033109 0.002951 
0.000519 0.003634 0.000519 0.001558 0.985462 0.002077 0.002596 0.003634 0.000000 0.000587 0.004021 0.000539 0.001873 0.983298 0.002814 0.002731 0.004136 0.000000 0.001558 0.033749 0.001558 0.012980 0.904465 0.012980 0.006231 0.024403 0.002077 0.001853 0.036480 0.001679 0.014291 0.896470 0.014127 0.006934 0.026002 0.002164 
0.000000 0.002095 0.000524 0.003143 0.985333 0.002095 0.002619 0.003667 0.000524 0.000000 0.002232 0.000816 0.004213 0.982009 0.003247 0.002785 0.004158 0.000541 0.002095 0.024096 0.002095 0.014144 0.918282 0.010477 0.005238 0.023049 0.000524 0.002275 0.025267 0.002205 0.015808 0.910340 0.012914 0.005581 0.025090 0.000520 
0.000562 0.003375 0.000000 0.001125 0.984252 0.004499 0.002250 0.003937 0.000000 0.000592 0.004077 0.000000 0.001234 0.981655 0.005646 0.002377 0.004419 0.000000 0.001125 0.034871 0.003375 0.013498 0.892576 0.017435 0.006749 0.024747 0.005624 0.001274 0.037273 0.003715 0.014931 0.883252 0.019876 0.007230 0.026480 0.005968 
0.000000 0.002533 0.000507 0.002026 0.983283 0.001013 0.003040 0.007599 0.000000 0.000000 0.002638 0.000644 0.002698 0.981208 0.001332 0.003188 0.008292 0.000000 0.004053 0.024316 0.002533 0.009625 0.910334 0.015198 0.004053 0.028875 0.001013 0.004414 0.025580 0.002821 0.011096 0.903300 0.016310 0.004294 0.031004 0.001180 
0.000000 0.000000 0.000000 0.000952 0.988577 0.003808 0.002856 0.003808 0.000000 0.000000 0.000000 0.000000 0.001202 0.985745 0.005342 0.003038 0.004673 0.000000 0.001428 0.024750 0.000476 0.008091 0.920038 0.010947 0.004760 0.027606 0.001904 0.001454 0.025783 0.000491 0.008814 0.913131 0.012958 0.005098 0.030179 0.002093 
0.000000 0.003833 0.000479 0.001437 0.982271 0.001917 0.003354 0.006229 0.000479 0.000000 0.003957 0.000481 0.002009 0.979916 0.002363 0.003860 0.006902 0.000512 0.002396 0.022520 0.004312 0.009583 0.910877 0.010062 0.008146 0.029708 0.002396 0.002523 0.023415 0.004681 0.011593 0.903178 0.010868 0.008578 0.032631 0.002534 
0.000000 0.001891 0.000473 0.000946 0.987234 0.003310 0.001891 0.003783 0.000473 0.000000 0.001971 0.000482 0.001215 0.984881 0.004717 0.001948 0.004299 0.000488 0.002837 0.024113 0.004255 0.011820 0.907801 0.010875 0.004255 0.032151 0.001891 0.002976 0.025806 0.004631 0.013235 0.898828 0.013067 0.004448 0.035020 0.001989 
0.000488 0.000976 0.000488 0.003415 0.988293 0.001951 0.002439 0.001951 0.000000 0.000494 0.000999 0.000790 0.004373 0.985589 0.002451 0.002881 0.002425 0.000000 0.006829 0.026341 0.001463 0.014634 0.910732 0.011707 0.004390 0.021951 0.001951 0.007159 0.027833 0.001979 0.016748 0.902522 0.013429 0.005060 0.023229 0.002040 
0.000483 0.003378 0.000483 0.001931 0.984073 0.003378 0.003861 0.002413 0.000000 0.000633 0.004146 0.000484 0.002282 0.981450 0.004377 0.003985 0.002643 0.000000 0.003861 0.038127 0.001448 0.013514 0.899614 0.010135 0.006757 0.025579 0.000965 0.004365 0.041481 0.001539 0.014542 0.890871 0.011484 0.007173 0.027486 0.001059 
0.000000 0.002461 0.000000 0.000984 0.984744 0.002461 0.003445 0.004921 0.000984 0.000000 0.002863 0.000000 0.001050 0.982782 0.002876 0.003559 0.005803 0.001066 0.001969 0.039862 0.004429 0.015256 0.879921 0.012795 0.007874 0.032480 0.005413 0.002038 0.041623 0.004738 0.016510 0.871710 0.014209 0.008390 0.034673 0.006111 
0.000457 0.004115 0.000914 0.006859 0.982167 0.002286 0.001829 0.001372 0.000000 0.000581 0.004673 0.001088 0.009218 0.978018 0.003018 0.001958 0.001446 0.000000 0.003201 0.030178 0.003658 0.014175 0.903978 0.009145 0.006401 0.026520 0.002743 0.003563 0.031900 0.004070 0.017416 0.894200 0.010612 0.006688 0.028408 0.003143 
0.000433 0.004327 0.000433 0.003029 0.976201 0.003462 0.004327 0.007356 0.000433 0.000548 0.004641 0.000437 0.004170 0.971925 0.004463 0.004858 0.008526 0.000432 0.003029 0.028126 0.003462 0.011683 0.900476 0.012549 0.007356 0.028992 0.004327 0.003768 0.030656 0.003730 0.014294 0.888873 0.014704 0.008199 0.031264 0.004513 
0.000800 0.003599 0.001200 0.005998 0.977209 0.003998 0.003199 0.003998 0.000000 0.000842 0.003947 0.001507 0.007553 0.973227 0.004542 0.003694 0.004690 0.000000 0.003998 0.029988 0.003998 0.017993 0.885246 0.019992 0.006397 0.029588 0.002799 0.004587 0.032113 0.004467 0.020684 0.873690 0.022332 0.007147 0.032020 0.002959 
0.000729 0.005102 0.000364 0.003644 0.978134 0.002551 0.002915 0.005831 0.000729 0.000978 0.005721 0.000470 0.004266 0.975369 0.002980 0.003126 0.006227 0.000863 0.004738 0.037901 0.003280 0.020044 0.867711 0.014942 0.006560 0.039723 0.005102 0.005303 0.040399 0.003637 0.021559 0.859096 0.015738 0.006993 0.041988 0.005288 
0.000000 0.003697 0.000000 0.003235 0.980591 0.002311 0.004621 0.005545 0.000000 0.000000 0.004721 0.000000 0.003736 0.977544 0.002848 0.005143 0.006008 0.000000 0.005083 0.036506 0.003235 0.013401 0.872921 0.016174 0.008318 0.038355 0.006007 0.005546 0.039402 0.003299 0.014805 0.863059 0.017909 0.008943 0.040586 0.006450 
0.000477 0.002861 0.000477 0.003338 0.985694 0.003338 0.002384 0.001431 0.000000 0.000516 0.003247 0.000479 0.004084 0.983475 0.004120 0.002580 0.001499 0.000000 0.003815 0.032427 0.002384 0.010491 0.900334 0.010968 0.008107 0.028612 0.002861 0.003889 0.034044 0.002489 0.011716 0.893239 0.012457 0.008613 0.030328 0.003225 
0.000507 0.004057 0.000507 0.002028 0.980223 0.001521 0.004057 0.007099 0.000000 0.000592 0.004524 0.000563 0.002764 0.977837 0.001606 0.004299 0.007815 0.000000 0.001521 0.025862 0.003550 0.011663 0.901116 0.014199 0.008621 0.028398 0.005071 0.001598 0.027340 0.003854 0.013248 0.894178 0.014796 0.009145 0.030500 0.005341 
0.000000 0.001877 0.000000 0.001877 0.985453 0.002346 0.002816 0.005631 0.000000 0.000000 0.001953 0.000000 0.002244 0.983511 0.003098 0.003043 0.006151 0.000000 0.004223 0.029094 0.004223 0.008447 0.904740 0.007508 0.004693 0.033318 0.003754 0.004321 0.030459 0.004752 0.009862 0.897176 0.008584 0.005168 0.035756 0.003922 
0.000000 0.003189 0.000000 0.001367 0.985877 0.001822 0.005011 0.002733 0.000000 0.000000 0.003399 0.000000 0.001746 0.983592 0.002672 0.005579 0.003012 0.000000 0.001822 0.031891 0.001367 0.010934 0.916173 0.005923 0.005923 0.024146 0.001822 0.001927 0.034049 0.001471 0.012495 0.909013 0.006955 0.006358 0.025836 0.001895 
0.000000 0.003857 0.000964 0.002893 0.986500 0.002411 0.001929 0.001446 0.000000 0.000000 0.004348 0.001308 0.003696 0.983707 0.003435 0.002043 0.001464 0.000000 0.002411 0.027001 0.004339 0.011572 0.916586 0.007232 0.005786 0.021697 0.003375 0.002661 0.029225 0.005295 0.013211 0.908507 0.008010 0.006220 0.022824 0.004046 
0.000914 0.005939 0.000457 0.001370 0.984468 0.001370 0.002741 0.002741 0.000000 0.000955 0.006797 0.000465 0.001584 0.981857 0.001798 0.003303 0.003240 0.000000 0.002741 0.027867 0.002284 0.008680 0.919598 0.006852 0.008680 0.021928 0.001370 0.003148 0.030244 0.002505 0.009259 0.912514 0.007843 0.009654 0.023243 0.001590 
0.000000 0.003133 0.000895 0.002238 0.987019 0.001791 0.002238 0.001791 0.000895 0.000000 0.003590 0.000930 0.003054 0.984864 0.002155 0.002424 0.001934 0.001050 0.001343 0.029096 0.004029 0.008953 0.916294 0.009400 0.004476 0.023277 0.003133 0.001396 0.031326 0.004641 0.010496 0.908547 0.010542 0.004804 0.024498 0.003751 
0.000533 0.002133 0.000533 0.003733 0.985067 0.002667 0.003733 0.000533 0.001067 0.000617 0.002261 0.000548 0.004362 0.982562 0.003386 0.004148 0.000708 0.001408 0.003733 0.030400 0.003200 0.013333 0.893867 0.014933 0.010133 0.025067 0.005333 0.004064 0.031528 0.003628 0.014981 0.885499 0.016446 0.010760 0.026742 0.006352 
0.000547 0.002735 0.000000 0.002735 0.984136 0.002735 0.004376 0.002188 0.000547 0.000548 0.003019 0.000000 0.003235 0.982314 0.003307 0.004570 0.002318 0.000689 0.006018 0.035558 0.004376 0.010394 0.887309 0.009300 0.008206 0.033370 0.005470 0.006148 0.037016 0.004650 0.011349 0.880442 0.010114 0.008674 0.035233 0.006375 
0.000457 0.004111 0.000457 0.003655 0.980813 0.002284 0.004111 0.004111 0.000000 0.000457 0.004380 0.000477 0.005226 0.977444 0.002850 0.004534 0.004631 0.000000 0.003198 0.032435 0.004111 0.011878 0.908634 0.004111 0.007309 0.026039 0.002284 0.003662 0.034712 0.004552 0.014023 0.898877 0.004902 0.008226 0.028612 0.002435 
0.000424 0.002542 0.000424 0.002119 0.980932 0.005085 0.002542 0.004661 0.001271 0.000449 0.002637 0.000484 0.002331 0.978954 0.005735 0.002680 0.005171 0.001559 0.002119 0.023305 0.002542 0.009746 0.917797 0.009322 0.005932 0.025424 0.003814 0.002243 0.024079 0.002724 0.010729 0.911108 0.010732 0.006493 0.027319 0.004573 
0.000000 0.005332 0.000410 0.001641 0.980722 0.003281 0.004102 0.002871 0.001641 0.000000 0.005814 0.000443 0.002600 0.977679 0.004465 0.004235 0.003071 0.001693 0.002461 0.020509 0.005742 0.008614 0.914684 0.010664 0.004512 0.028712 0.004102 0.002837 0.021688 0.006633 0.009953 0.906280 0.012388 0.004961 0.030711 0.004549 
0.001738 0.003041 0.000000 0.001303 0.986968 0.000869 0.003910 0.001738 0.000434 0.001872 0.003191 0.000000 0.002039 0.984685 0.001275 0.004440 0.002050 0.000449 0.004778 0.026499 0.003041 0.004778 0.918332 0.008688 0.007385 0.025630 0.000869 0.005458 0.028325 0.003254 0.005830 0.910373 0.009854 0.008315 0.027620 0.000971 
0.000927 0.002782 0.000000 0.003245 0.983310 0.001854 0.002782 0.004172 0.000927 0.000975 0.003000 0.000000 0.004762 0.979245 0.002627 0.003276 0.005080 0.001035 0.005563 0.023180 0.004172 0.012981 0.910987 0.008809 0.007418 0.024108 0.002782 0.005779 0.025092 0.004512 0.014816 0.901768 0.009908 0.008844 0.026284 0.002997 
0.000418 0.008772 0.001253 0.002506 0.976608 0.001671 0.004177 0.004177 0.000418 0.000419 0.009666 0.001324 0.002964 0.973750 0.001792 0.004414 0.005245 0.000426 0.004177 0.048872 0.005013 0.012949 0.872180 0.014620 0.006683 0.029657 0.005848 0.004380 0.052118 0.005494 0.014185 0.862754 0.015478 0.007155 0.032237 0.006200 
0.000461 0.005535 0.000461 0.003690 0.980627 0.000923 0.002768 0.004613 0.000923 0.000475 0.005861 0.000488 0.004495 0.978173 0.001201 0.003067 0.005230 0.001010 0.005996 0.033210 0.004613 0.012915 0.889299 0.007380 0.009686 0.030904 0.005996 0.006509 0.035351 0.004917 0.014991 0.879587 0.008323 0.010777 0.033142 0.006403 
0.000966 0.004829 0.000966 0.002414 0.982617 0.001449 0.003863 0.002897 0.000000 0.000986 0.005340 0.001281 0.002824 0.980539 0.001870 0.003955 0.003205 0.000000 0.005794 0.033800 0.006277 0.014969 0.893771 0.007243 0.006760 0.028006 0.003380 0.006229 0.035971 0.006919 0.016309 0.886290 0.007997 0.007084 0.029620 0.003582 
0.000935 0.005140 0.001402 0.001869 0.976168 0.003271 0.005607 0.005140 0.000467 0.000984 0.006297 0.001811 0.002135 0.971857 0.003932 0.006267 0.006102 0.000614 0.003738 0.032710 0.006542 0.013084 0.891589 0.012150 0.010280 0.027103 0.002804 0.003945 0.035071 0.007019 0.014479 0.880852 0.014409 0.011820 0.029338 0.003068 
0.000000 0.001826 0.000456 0.001826 0.989503 0.000456 0.000913 0.004108 0.000913 0.000000 0.001887 0.000692 0.002294 0.988151 0.000472 0.001187 0.004276 0.001041 0.002738 0.025559 0.002282 0.008215 0.917846 0.007759 0.003651 0.029667 0.002282 0.003044 0.026538 0.002462 0.009532 0.911370 0.008875 0.004105 0.031452 0.002624 
0.000493 0.004926 0.000985 0.002956 0.983251 0.001478 0.001478 0.002956 0.001478 0.000518 0.005533 0.001134 0.003699 0.980859 0.001682 0.001519 0.003431 0.001624 0.001478 0.031034 0.002463 0.010345 0.913793 0.007882 0.006404 0.020690 0.005911 0.001575 0.033828 0.002812 0.012171 0.905773 0.008732 0.006646 0.021905 0.006558 
0.001837 0.002755 0.000918 0.003214 0.985308 0.000459 0.002296 0.002755 0.000459 0.001962 0.002862 0.001003 0.004894 0.982779 0.000481 0.002364 0.003151 0.000502 0.002755 0.028926 0.004132 0.008724 0.912305 0.005510 0.005969 0.029385 0.002296 0.003457 0.031042 0.004382 0.010241 0.904340 0.006043 0.006300 0.031735 0.002460 
0.000466 0.004190 0.001397 0.002793 0.984637 0.001397 0.001862 0.002793 0.000466 0.000479 0.004510 0.001726 0.003318 0.982950 0.001612 0.002001 0.002936 0.000468 0.005121 0.026071 0.004190 0.010708 0.907356 0.008380 0.005121 0.030726 0.002328 0.005632 0.027885 0.004927 0.012845 0.898317 0.009733 0.005630 0.032602 0.002430 
0.000945 0.005198 0.000945 0.002363 0.982987 0.001418 0.003308 0.002363 0.000473 0.001045 0.005666 0.001293 0.003147 0.979848 0.001989 0.003724 0.002746 0.000544 0.004253 0.034026 0.003308 0.010397 0.902647 0.007561 0.008034 0.026465 0.003308 0.004754 0.036107 0.003673 0.012163 0.893063 0.009067 0.009288 0.027642 0.004243 
0.001353 0.002254 0.000000 0.002254 0.985573 0.000902 0.002254 0.004058 0.001353 0.001454 0.002554 0.000000 0.002978 0.983695 0.000980 0.002372 0.004402 0.001565 0.006763 0.034716 0.003607 0.008115 0.908025 0.006763 0.003607 0.027502 0.000902 0.007278 0.037169 0.003939 0.009763 0.900844 0.007561 0.003756 0.028707 0.000982 
0.001839 0.003218 0.000920 0.001839 0.984368 0.001839 0.002299 0.002759 0.000920 0.002018 0.003427 0.000939 0.002178 0.982725 0.002179 0.002696 0.002869 0.000968 0.006437 0.040000 0.003678 0.010115 0.886437 0.008736 0.004598 0.033563 0.006437 0.006870 0.041728 0.003934 0.011952 0.878249 0.010192 0.005105 0.034948 0.007022 
0.000826 0.002477 0.000000 0.002890 0.986788 0.001239 0.002477 0.003303 0.000000 0.000927 0.002558 0.000000 0.003827 0.985175 0.001302 0.002539 0.003672 0.000000 0.002890 0.033443 0.001239 0.009083 0.913708 0.005780 0.003716 0.026837 0.003303 0.003337 0.035218 0.001338 0.010845 0.906582 0.006517 0.004102 0.028501 0.003561 
0.000376 0.002258 0.000376 0.003011 0.988709 0.001505 0.001129 0.002258 0.000376 0.000391 0.002396 0.000393 0.003809 0.986847 0.001721 0.001394 0.002525 0.000525 0.010162 0.039895 0.003011 0.013925 0.880316 0.009785 0.004516 0.034249 0.004140 0.011123 0.041212 0.003292 0.016073 0.872925 0.010316 0.004789 0.035799 0.004468 
0.000356 0.004980 0.000711 0.003557 0.982924 0.003557 0.001067 0.002490 0.000356 0.000450 0.005502 0.000977 0.004257 0.979767 0.004564 0.001253 0.002869 0.000360 0.005692 0.043045 0.007115 0.016009 0.872999 0.012095 0.006759 0.032729 0.003557 0.006164 0.045513 0.008061 0.018144 0.862480 0.013967 0.007591 0.034346 0.003735 
0.000000 0.003078 0.001924 0.003848 0.981147 0.002309 0.001539 0.005387 0.000770 0.000000 0.003276 0.002337 0.004798 0.978011 0.002950 0.001638 0.006025 0.000964 0.005387 0.033474 0.004617 0.010004 0.888803 0.008850 0.005002 0.039246 0.004617 0.005817 0.035145 0.005516 0.011775 0.878627 0.010555 0.005490 0.042013 0.005062 
0.000835 0.002924 0.000418 0.002506 0.982456 0.003342 0.003342 0.003759 0.000418 0.000861 0.003490 0.000420 0.003359 0.979579 0.004423 0.003475 0.003953 0.000439 0.004177 0.040100 0.002506 0.012949 0.890142 0.010025 0.005430 0.031328 0.003342 0.004566 0.041851 0.002822 0.014850 0.880825 0.011485 0.005916 0.033457 0.004227 
0.000415 0.002077 0.000831 0.001246 0.988783 0.002077 0.001246 0.001662 0.001662 0.000419 0.002283 0.000961 0.001409 0.987283 0.002324 0.001600 0.001837 0.001884 0.003739 0.036560 0.004985 0.007478 0.892397 0.009140 0.004570 0.036560 0.004570 0.003821 0.038495 0.005598 0.008708 0.885237 0.009960 0.004794 0.038127 0.005260 
0.000000 0.001546 0.000000 0.001160 0.989950 0.003092 0.001160 0.002706 0.000387 0.000000 0.001822 0.000000 0.001865 0.987707 0.003707 0.001267 0.003063 0.000569 0.003092 0.041361 0.001546 0.006571 0.902590 0.011596 0.005025 0.024353 0.003865 0.003273 0.043323 0.001630 0.007758 0.894866 0.013215 0.005857 0.025748 0.004329 
0.000000 0.003532 0.001962 0.002747 0.985086 0.001177 0.003140 0.001962 0.000392 0.000000 0.004193 0.002366 0.003612 0.981763 0.001689 0.003517 0.002380 0.000481 0.002747 0.039639 0.005102 0.011381 0.895604 0.007457 0.005887 0.029042 0.003140 0.003030 0.041518 0.005800 0.013139 0.886655 0.008824 0.006787 0.030761 0.003487 
0.000427 0.005126 0.000427 0.003845 0.981632 0.002136 0.003845 0.001709 0.000854 0.000432 0.005582 0.000601 0.005011 0.978365 0.002636 0.004470 0.002023 0.000880 0.001709 0.032465 0.005980 0.014097 0.893635 0.009825 0.008543 0.030756 0.002990 0.001896 0.034786 0.006630 0.016158 0.884181 0.010796 0.009518 0.032836 0.003199 
0.000897 0.002243 0.000000 0.001346 0.991476 0.001346 0.000897 0.001346 0.000449 0.000998 0.002755 0.000000 0.001540 0.989614 0.002151 0.000993 0.001434 0.000515 0.005384 0.041723 0.003589 0.014805 0.881113 0.008524 0.004486 0.034545 0.005832 0.005718 0.044230 0.003724 0.016017 0.873522 0.009885 0.004602 0.036006 0.006296 
0.003234 0.004042 0.000000 0.004850 0.975748 0.003638 0.000808 0.006063 0.001617 0.003640 0.004489 0.000000 0.006341 0.971673 0.004404 0.000880 0.006652 0.001921 0.011722 0.038804 0.003234 0.016168 0.871867 0.010509 0.005255 0.034357 0.008084 0.012830 0.040561 0.003677 0.018991 0.861414 0.011833 0.005692 0.036185 0.008818 
0.004645 0.005912 0.000422 0.005068 0.976351 0.004223 0.001689 0.001689 0.000000 0.004905 0.006527 0.000513 0.006031 0.973744 0.004743 0.001768 0.001769 0.000000 0.014358 0.055743 0.005490 0.012669 0.857686 0.011402 0.004645 0.029983 0.008024 0.015069 0.058592 0.005939 0.014587 0.847748 0.012821 0.005078 0.031618 0.008548 
0.002694 0.008081 0.001010 0.005051 0.973064 0.004377 0.000673 0.003367 0.001684 0.002836 0.008923 0.001278 0.006018 0.969528 0.005351 0.000794 0.003483 0.001789 0.013131 0.044444 0.005051 0.011448 0.873737 0.010774 0.004040 0.030640 0.006734 0.013844 0.047055 0.005871 0.013665 0.863191 0.012639 0.004487 0.031918 0.007329 
0.005319 0.006547 0.001227 0.005319 0.969313 0.004910 0.002455 0.004501 0.000409 0.005688 0.006933 0.001761 0.006588 0.964873 0.005981 0.002943 0.004826 0.000408 0.015548 0.039280 0.005319 0.015957 0.871522 0.013093 0.008183 0.026596 0.004501 0.016838 0.040775 0.006065 0.018473 0.859793 0.015860 0.009631 0.027868 0.004696 
0.005390 0.010365 0.000000 0.003731 0.968076 0.003731 0.002488 0.005390 0.000829 0.005868 0.012247 0.000000 0.004321 0.963438 0.004301 0.002830 0.006151 0.000844 0.009950 0.050995 0.005390 0.012852 0.863599 0.011609 0.007463 0.035240 0.002902 0.010683 0.055168 0.005701 0.014507 0.851505 0.013460 0.008242 0.037383 0.003351 
0.003686 0.003276 0.000410 0.003686 0.978296 0.002867 0.000410 0.005733 0.001638 0.003940 0.003494 0.000429 0.004956 0.975227 0.003776 0.000477 0.005995 0.001707 0.012695 0.043817 0.002867 0.008190 0.877559 0.006962 0.004095 0.037674 0.006143 0.013536 0.046288 0.003041 0.009835 0.867548 0.008216 0.004459 0.040455 0.006622 
0.004882 0.003755 0.000376 0.002629 0.980098 0.003755 0.001502 0.002629 0.000376 0.005235 0.004046 0.000396 0.003042 0.978274 0.004228 0.001607 0.002787 0.000384 0.011265 0.034923 0.003380 0.010890 0.885092 0.010514 0.005633 0.033421 0.004882 0.011833 0.037131 0.003624 0.012424 0.876899 0.011960 0.006026 0.034953 0.005151 
0.003058 0.004205 0.000382 0.004205 0.977829 0.003058 0.000765 0.004205 0.002294 0.003346 0.004613 0.000517 0.005038 0.974838 0.003762 0.000801 0.004586 0.002500 0.007645 0.045872 0.002676 0.012615 0.883028 0.009557 0.003058 0.030963 0.004587 0.008268 0.048515 0.002945 0.015203 0.872700 0.011090 0.003211 0.033224 0.004843 
0.004127 0.003210 0.000000 0.003668 0.975699 0.004585 0.002293 0.004585 0.001834 0.004613 0.003805 0.000000 0.004566 0.972383 0.005151 0.002614 0.004981 0.001887 0.011004 0.038056 0.002293 0.011004 0.886291 0.012380 0.005044 0.028886 0.005044 0.011864 0.040555 0.002381 0.012887 0.876803 0.013436 0.005809 0.031010 0.005256 
0.002567 0.005135 0.000856 0.002567 0.978177 0.002567 0.001712 0.004279 0.002139 0.002850 0.005505 0.001122 0.003012 0.975278 0.002905 0.001768 0.005199 0.002361 0.014976 0.032520 0.003423 0.016688 0.878477 0.011981 0.002995 0.034232 0.004707 0.016370 0.034037 0.004327 0.018971 0.866687 0.013608 0.003099 0.037839 0.005061 
0.004186 0.003805 0.000000 0.003805 0.971081 0.004186 0.003425 0.006849 0.002664 0.004605 0.004076 0.000000 0.004616 0.967812 0.004817 0.003662 0.007310 0.003102 0.011416 0.039193 0.003044 0.020167 0.859209 0.017123 0.004566 0.040335 0.004947 0.012443 0.041336 0.003365 0.022082 0.848677 0.018918 0.004949 0.042479 0.005752 
0.001297 0.006487 0.000973 0.005514 0.975997 0.005190 0.001297 0.003244 0.000000 0.001522 0.007202 0.001055 0.006745 0.972328 0.006155 0.001398 0.003594 0.000000 0.007460 0.042491 0.004217 0.021408 0.856958 0.017191 0.006487 0.038923 0.004865 0.008650 0.044575 0.004766 0.023462 0.846717 0.018825 0.007032 0.040498 0.005475 
0.003951 0.004670 0.000000 0.002874 0.979885 0.002874 0.002874 0.001796 0.001078 0.004712 0.005462 0.000000 0.003858 0.976647 0.003151 0.002998 0.001966 0.001205 0.008261 0.033046 0.001796 0.017960 0.890445 0.013290 0.003951 0.026940 0.004310 0.009727 0.035506 0.001904 0.020205 0.880838 0.014283 0.004401 0.028418 0.004719 
0.004348 0.005929 0.000395 0.006719 0.968379 0.003557 0.002372 0.006719 0.001581 0.004584 0.006365 0.000520 0.008432 0.963937 0.004059 0.002868 0.007453 0.001782 0.007115 0.035573 0.002372 0.014625 0.892885 0.009486 0.003162 0.028458 0.006324 0.007621 0.037428 0.002487 0.018691 0.881900 0.011060 0.003363 0.030570 0.006881 
0.004679 0.006380 0.000851 0.005104 0.965972 0.003403 0.002127 0.007231 0.004254 0.005036 0.007174 0.001059 0.006531 0.960936 0.004149 0.002385 0.008167 0.004563 0.007231 0.040408 0.003403 0.017014 0.864738 0.008932 0.008082 0.040834 0.009358 0.007815 0.042793 0.004374 0.020130 0.852513 0.010390 0.009012 0.042773 0.010201 
0.001273 0.003818 0.001697 0.005940 0.972423 0.002546 0.001697 0.006364 0.004243 0.001520 0.004022 0.001914 0.007619 0.968882 0.003094 0.001942 0.006626 0.004380 0.014425 0.054731 0.005515 0.007637 0.821807 0.010182 0.008061 0.061519 0.016122 0.015712 0.056707 0.006106 0.009497 0.810455 0.011889 0.009073 0.063107 0.017454 
0.002109 0.005483 0.000000 0.006326 0.970055 0.004639 0.002109 0.005905 0.003374 0.002546 0.005828 0.000000 0.007785 0.965879 0.005701 0.002456 0.006207 0.003599 0.011809 0.064530 0.007592 0.015605 0.797132 0.016871 0.010122 0.061156 0.015183 0.013086 0.065995 0.008256 0.018277 0.785051 0.018841 0.011243 0.062498 0.016753 
0.001586 0.004758 0.000397 0.005155 0.974227 0.003569 0.002379 0.005948 0.001983 0.001760 0.004979 0.000403 0.006177 0.970964 0.004571 0.002825 0.006190 0.002130 0.015067 0.065028 0.007534 0.015067 0.804917 0.012292 0.010309 0.058684 0.011102 0.016353 0.066182 0.008133 0.017470 0.794341 0.014214 0.011377 0.060044 0.011885 
0.001316 0.004825 0.000877 0.005263 0.975877 0.003070 0.000877 0.004825 0.003070 0.001357 0.005091 0.000948 0.007027 0.972367 0.003853 0.000917 0.005101 0.003338 0.006579 0.051754 0.007895 0.015351 0.840789 0.011404 0.004825 0.052632 0.008772 0.007152 0.053918 0.008438 0.017693 0.829929 0.012963 0.005259 0.054699 0.009950 
0.000893 0.004466 0.000447 0.007593 0.979455 0.002680 0.000893 0.003573 0.000000 0.001200 0.004972 0.000619 0.009528 0.975282 0.003275 0.001125 0.004000 0.000000 0.004466 0.054042 0.003126 0.014292 0.863778 0.011166 0.004913 0.041536 0.002680 0.005214 0.056350 0.003769 0.017754 0.853858 0.012326 0.005278 0.042671 0.002780 
0.000876 0.003066 0.000438 0.001314 0.987297 0.000876 0.000876 0.004380 0.000876 0.000943 0.003433 0.000482 0.001505 0.985499 0.001107 0.000917 0.005206 0.000908 0.003942 0.038984 0.002190 0.010512 0.889619 0.006570 0.003066 0.042488 0.002628 0.004147 0.040081 0.002629 0.012044 0.882769 0.007942 0.003186 0.044407 0.002796 
0.000886 0.003101 0.000443 0.001329 0.981391 0.003988 0.002658 0.005317 0.000886 0.001315 0.003524 0.000480 0.001798 0.977248 0.005374 0.002902 0.006150 0.001211 0.004431 0.046522 0.004874 0.015950 0.854674 0.015950 0.008418 0.045636 0.003545 0.005018 0.048099 0.005341 0.017700 0.844238 0.018275 0.008768 0.048295 0.004265 
0.001190 0.002777 0.000000 0.002777 0.984927 0.004760 0.001190 0.002380 0.000000 0.001682 0.003050 0.000000 0.003472 0.981793 0.006055 0.001413 0.002535 0.000000 0.008727 0.044427 0.001983 0.018643 0.859580 0.014280 0.004760 0.043237 0.004363 0.009690 0.045965 0.002123 0.020794 0.850102 0.016519 0.005100 0.045077 0.004630 
0.001122 0.004863 0.001871 0.004489 0.978302 0.002619 0.001122 0.004863 0.000748 0.001328 0.005642 0.002434 0.005820 0.973460 0.003583 0.001205 0.005501 0.001026 0.004863 0.053124 0.001122 0.014590 0.851478 0.011972 0.004115 0.054994 0.003741 0.005612 0.055926 0.001432 0.016918 0.839858 0.014056 0.004495 0.057079 0.004624 
0.000672 0.004368 0.000336 0.005376 0.979839 0.003024 0.002352 0.003696 0.000336 0.000764 0.004860 0.000559 0.006876 0.975941 0.003905 0.002650 0.004091 0.000354 0.004704 0.049731 0.003024 0.016129 0.870296 0.009409 0.004032 0.039315 0.003360 0.005476 0.052876 0.003448 0.018848 0.859046 0.010400 0.004405 0.041410 0.004092 
0.000324 0.002594 0.000000 0.004215 0.984436 0.002918 0.002270 0.001621 0.001621 0.000499 0.002925 0.000000 0.005288 0.981161 0.003536 0.002615 0.001656 0.002322 0.004215 0.040208 0.001621 0.013294 0.890726 0.009403 0.004215 0.031453 0.004864 0.004569 0.042066 0.001807 0.016145 0.880909 0.011094 0.004767 0.032696 0.005947 
0.002121 0.004508 0.000000 0.004243 0.979051 0.003978 0.001326 0.003182 0.001591 0.002771 0.005248 0.000000 0.005594 0.974260 0.005007 0.001377 0.003777 0.001967 0.008221 0.039247 0.001591 0.014585 0.888624 0.009016 0.004508 0.028374 0.005834 0.009796 0.041405 0.001718 0.017064 0.877862 0.010609 0.005013 0.029688 0.006845 
0.001453 0.008236 0.000242 0.006783 0.967781 0.005087 0.001453 0.008236 0.000727 0.001649 0.009341 0.000243 0.008703 0.961923 0.006558 0.001539 0.009288 0.000757 0.019864 0.060320 0.004845 0.021076 0.805717 0.014050 0.008236 0.055959 0.009932 0.021189 0.063351 0.005336 0.023573 0.792256 0.015799 0.008947 0.058802 0.010746 
0.002420 0.008139 0.000660 0.006159 0.967664 0.005499 0.000660 0.007479 0.001320 0.002763 0.008713 0.000726 0.006979 0.964147 0.006594 0.000671 0.007929 0.001479 0.018918 0.055873 0.007479 0.026837 0.806643 0.021997 0.008579 0.042455 0.011219 0.020439 0.058726 0.008271 0.028687 0.794294 0.024239 0.008944 0.044389 0.012011 
0.002880 0.009280 0.001600 0.018560 0.951360 0.006080 0.001920 0.006400 0.001920 0.003345 0.010039 0.001786 0.020741 0.943818 0.008560 0.002150 0.007295 0.002267 0.012480 0.071040 0.008960 0.037120 0.759360 0.032960 0.007680 0.060160 0.010240 0.013656 0.073177 0.009748 0.039734 0.744140 0.036207 0.008525 0.062729 0.012082 
0.000858 0.004005 0.001430 0.004005 0.977117 0.007151 0.002288 0.002860 0.000286 0.000943 0.004137 0.001811 0.004829 0.974158 0.008094 0.002643 0.003029 0.000355 0.004577 0.052059 0.006579 0.026316 0.826945 0.025744 0.006579 0.046339 0.004863 0.004768 0.053496 0.007658 0.028374 0.817639 0.027778 0.007234 0.047862 0.005191 
0.000000 0.006310 0.001485 0.000742 0.981440 0.003341 0.001856 0.004826 0.000000 0.000000 0.006750 0.001534 0.000937 0.979388 0.003821 0.002072 0.005499 0.000000 0.002227 0.033779 0.006682 0.011136 0.897550 0.012621 0.005568 0.027840 0.002598 0.002383 0.035292 0.007097 0.012223 0.890561 0.014107 0.006062 0.029459 0.002815 
0.000000 0.008163 0.000583 0.001749 0.980175 0.002332 0.003499 0.003499 0.000000 0.000000 0.008620 0.000636 0.001927 0.978388 0.002667 0.003566 0.004195 0.000000 0.001166 0.037318 0.004665 0.008746 0.908455 0.007580 0.004665 0.025656 0.001749 0.001240 0.039566 0.004981 0.009923 0.901824 0.008604 0.004864 0.027202 0.001796 
0.000000 0.005104 0.000928 0.002320 0.986543 0.000464 0.001856 0.002784 0.000000 0.000000 0.005582 0.001100 0.002820 0.985148 0.000518 0.001893 0.002938 0.000000 0.001392 0.036195 0.006032 0.006032 0.905800 0.005104 0.004640 0.032019 0.002784 0.001586 0.038195 0.006480 0.006831 0.900057 0.005576 0.005047 0.033341 0.002886 
0.000000 0.005266 0.000000 0.001436 0.988990 0.000479 0.002393 0.001436 0.000000 0.000000 0.005986 0.000000 0.001747 0.987636 0.000554 0.002614 0.001463 0.000000 0.001436 0.033030 0.003830 0.010531 0.916707 0.008617 0.003830 0.019148 0.002872 0.001510 0.035286 0.004032 0.011598 0.909823 0.009753 0.004547 0.020374 0.003077 
0.000000 0.005512 0.000919 0.000919 0.987138 0.001378 0.002297 0.001837 0.000000 0.000000 0.005802 0.001122 0.001074 0.985136 0.001996 0.002946 0.001925 0.000000 0.001837 0.029858 0.005972 0.011484 0.907671 0.009187 0.003215 0.029398 0.001378 0.001901 0.030966 0.006689 0.012803 0.901310 0.010300 0.003720 0.030837 0.001473 
0.000000 0.007654 0.000450 0.001801 0.983791 0.001801 0.001801 0.002701 0.000000 0.000000 0.008367 0.000463 0.002339 0.981606 0.002372 0.001876 0.002977 0.000000 0.002251 0.034669 0.004052 0.008555 0.905448 0.006754 0.006754 0.030617 0.000900 0.002611 0.036423 0.004967 0.009682 0.898026 0.007855 0.007124 0.032306 0.001007 
0.000000 0.004610 0.000419 0.002934 0.986169 0.001676 0.000838 0.003353 0.000000 0.000000 0.004815 0.000466 0.003694 0.984136 0.002405 0.000883 0.003601 0.000000 0.002934 0.027242 0.005448 0.010897 0.910729 0.010059 0.005029 0.023889 0.003772 0.003075 0.028103 0.006325 0.012271 0.904275 0.011306 0.005448 0.025097 0.004100 
0.000521 0.004685 0.000521 0.001041 0.989589 0.001041 0.002082 0.000521 0.000000 0.000529 0.004853 0.000550 0.001618 0.988604 0.001081 0.002204 0.000560 0.000000 0.001562 0.023946 0.003644 0.007288 0.928162 0.007288 0.004685 0.021343 0.002082 0.001778 0.025224 0.004060 0.008321 0.923437 0.007737 0.005006 0.022257 0.002180 
0.000000 0.001629 0.000000 0.002172 0.984799 0.002172 0.003257 0.005972 0.000000 0.000000 0.001680 0.000000 0.002603 0.983336 0.002446 0.003481 0.006454 0.000000 0.002172 0.028773 0.000000 0.011401 0.915309 0.005972 0.004343 0.029859 0.002172 0.002228 0.029557 0.000000 0.013665 0.910054 0.006507 0.004509 0.031206 0.002274 
0.000000 0.003908 0.000558 0.000000 0.987158 0.002792 0.004467 0.001117 0.000000 0.000000 0.004560 0.000780 0.000000 0.985358 0.003080 0.004911 0.001311 0.000000 0.001675 0.033501 0.002233 0.008375 0.912898 0.010050 0.005025 0.023451 0.002792 0.001972 0.035776 0.002447 0.009213 0.905545 0.011278 0.005536 0.025012 0.003221 
0.000000 0.003515 0.001172 0.001757 0.987112 0.000000 0.004101 0.002343 0.000000 0.000000 0.004010 0.001517 0.002222 0.985268 0.000000 0.004346 0.002636 0.000000 0.002929 0.038079 0.001757 0.004687 0.903925 0.008202 0.007030 0.030463 0.002929 0.003138 0.040559 0.002269 0.005634 0.896595 0.008848 0.007536 0.032217 0.003204 
0.000000 0.001579 0.000000 0.001053 0.993158 0.001579 0.002105 0.000526 0.000000 0.000000 0.001689 0.000000 0.001326 0.992293 0.001808 0.002167 0.000717 0.000000 0.002105 0.024211 0.001053 0.010526 0.928947 0.008947 0.003684 0.019474 0.001053 0.002173 0.024940 0.001164 0.011733 0.924954 0.009756 0.003898 0.020317 0.001064 
0.000000 0.004625 0.000000 0.001028 0.987153 0.002055 0.001542 0.002569 0.001028 0.000000 0.004964 0.000000 0.001237 0.985911 0.002627 0.001586 0.002595 0.001081 0.003597 0.046249 0.003597 0.007708 0.875642 0.014902 0.004111 0.036485 0.007708 0.003850 0.047824 0.003931 0.008414 0.868613 0.016925 0.004499 0.037676 0.008268 
0.000452 0.004069 0.001356 0.000904 0.981917 0.002260 0.002260 0.004069 0.002712 0.000469 0.004144 0.001629 0.000975 0.979786 0.002902 0.002646 0.004577 0.002872 0.007233 0.063291 0.006781 0.007233 0.825045 0.009042 0.007685 0.060579 0.013110 0.007734 0.064277 0.007613 0.008105 0.816903 0.010545 0.008460 0.062448 0.013913 
0.000415 0.004151 0.000000 0.001245 0.988377 0.001660 0.000830 0.001660 0.001660 0.000425 0.004443 0.000000 0.001328 0.987608 0.001802 0.000957 0.001718 0.001719 0.007887 0.046907 0.002906 0.007057 0.857617 0.010793 0.004151 0.046077 0.016604 0.008162 0.048529 0.003159 0.007760 0.850944 0.011878 0.004601 0.047274 0.017693 
0.000000 0.003300 0.000943 0.004715 0.979727 0.001886 0.001886 0.005658 0.001886 0.000000 0.003454 0.001262 0.004970 0.978172 0.002310 0.001975 0.005875 0.001981 0.006601 0.039604 0.004715 0.008487 0.855257 0.009430 0.004243 0.058463 0.013201 0.007207 0.040628 0.005203 0.009817 0.847231 0.010578 0.004900 0.060509 0.013927 
0.000434 0.003474 0.000434 0.002171 0.987842 0.000434 0.000868 0.001737 0.002605 0.000434 0.004050 0.000551 0.002507 0.986499 0.000479 0.000908 0.001766 0.002807 0.006513 0.034737 0.003040 0.007816 0.874946 0.009553 0.005211 0.046461 0.011724 0.007090 0.036442 0.003410 0.008434 0.867796 0.010507 0.005747 0.048049 0.012525 
0.000492 0.003441 0.000000 0.002458 0.986726 0.001475 0.001475 0.003441 0.000492 0.000510 0.003507 0.000000 0.002995 0.985625 0.001527 0.001803 0.003541 0.000492 0.008358 0.042281 0.000983 0.010816 0.871681 0.007866 0.005408 0.041790 0.010816 0.008593 0.043504 0.001050 0.012072 0.865259 0.008408 0.006325 0.043554 0.011235 
0.003378 0.003378 0.000000 0.001931 0.983591 0.000965 0.001448 0.005309 0.000000 0.003576 0.003574 0.000000 0.002335 0.982047 0.001129 0.001621 0.005718 0.000000 0.013514 0.038127 0.002413 0.011100 0.881274 0.007239 0.005792 0.030405 0.010135 0.014698 0.039668 0.002537 0.012512 0.873374 0.008085 0.006400 0.031934 0.010792 
0.002479 0.002479 0.000000 0.001487 0.988597 0.001983 0.000992 0.001983 0.000000 0.002595 0.002542 0.000000 0.001611 0.987893 0.002343 0.001003 0.002012 0.000000 0.013882 0.040654 0.004462 0.008428 0.877541 0.011403 0.002479 0.035201 0.005949 0.014601 0.042983 0.004616 0.009172 0.869746 0.012765 0.002918 0.036943 0.006256 
0.000485 0.002425 0.000970 0.001940 0.989816 0.000970 0.000000 0.003395 0.000000 0.000512 0.002633 0.001241 0.002363 0.988721 0.001032 0.000000 0.003497 0.000000 0.009699 0.027643 0.003395 0.008729 0.905917 0.007274 0.001940 0.034433 0.000970 0.010439 0.029089 0.004109 0.009841 0.898668 0.008535 0.002033 0.036216 0.001070 
0.000458 0.001375 0.000458 0.001375 0.989459 0.002750 0.000000 0.004125 0.000000 0.000543 0.001457 0.000718 0.001519 0.988240 0.003133 0.000000 0.004391 0.000000 0.005500 0.026123 0.002291 0.008249 0.917965 0.009624 0.001375 0.026123 0.002750 0.006012 0.027041 0.002694 0.009401 0.911900 0.011034 0.001404 0.027523 0.002992 
0.000429 0.002576 0.001288 0.002147 0.984113 0.003864 0.001717 0.003864 0.000000 0.000448 0.002852 0.001742 0.002710 0.980792 0.005202 0.002250 0.004003 0.000000 0.004294 0.033061 0.002576 0.012881 0.902963 0.009875 0.004723 0.027909 0.001717 0.004760 0.034847 0.003097 0.014494 0.893364 0.012557 0.005658 0.029255 0.001968 
0.000000 0.002583 0.000000 0.002066 0.988636 0.003099 0.000000 0.003616 0.000000 0.000000 0.002764 0.000000 0.002406 0.987123 0.003794 0.000000 0.003912 0.000000 0.002066 0.029959 0.002583 0.006198 0.910640 0.009814 0.002583 0.036157 0.000000 0.002329 0.031183 0.002752 0.007321 0.903580 0.011970 0.002759 0.038105 0.000000 
0.000000 0.004160 0.000520 0.004160 0.980239 0.001560 0.002600 0.005720 0.001040 0.000000 0.004354 0.000632 0.004759 0.977858 0.001739 0.002882 0.006541 0.001235 0.004160 0.031201 0.003120 0.008840 0.899636 0.006760 0.004160 0.036401 0.005720 0.004363 0.032177 0.003371 0.010768 0.891185 0.007789 0.004840 0.038835 0.006673 
0.000000 0.002593 0.000000 0.002593 0.989627 0.002075 0.000519 0.002593 0.000000 0.000000 0.002657 0.000000 0.003162 0.987635 0.002403 0.000720 0.003423 0.000000 0.001556 0.036307 0.001037 0.011411 0.900415 0.006743 0.003631 0.035788 0.003112 0.001743 0.038015 0.001094 0.012848 0.892003 0.007625 0.004284 0.038908 0.003480 
0.000000 0.001026 0.000513 0.001538 0.993333 0.001026 0.001026 0.001538 0.000000 0.000000 0.001054 0.000529 0.001994 0.992567 0.001222 0.001058 0.001577 0.000000 0.005128 0.037949 0.003077 0.012821 0.890256 0.010769 0.003590 0.033846 0.002564 0.005239 0.039325 0.003269 0.014555 0.884080 0.011865 0.003696 0.035279 0.002693 
0.000000 0.004091 0.000000 0.003507 0.985389 0.001753 0.001753 0.003507 0.000000 0.000000 0.004311 0.000000 0.003963 0.983880 0.002234 0.001838 0.003773 0.000000 0.004091 0.028054 0.002338 0.009351 0.908825 0.005845 0.006429 0.032729 0.002338 0.004907 0.029347 0.002421 0.010564 0.901647 0.006977 0.007155 0.034350 0.002632 
0.000608 0.004258 0.000000 0.001825 0.986010 0.000608 0.000608 0.005474 0.000608 0.000729 0.004606 0.000000 0.002901 0.984029 0.000669 0.000614 0.005784 0.000667 0.003650 0.035888 0.001825 0.003650 0.912409 0.007908 0.001825 0.030414 0.002433 0.003890 0.038427 0.001919 0.004799 0.905041 0.008557 0.001951 0.032646 0.002769 
0.000000 0.001190 0.000000 0.001785 0.989292 0.002380 0.000595 0.004759 0.000000 0.000000 0.001233 0.000000 0.002174 0.988261 0.002835 0.000599 0.004898 0.000000 0.005949 0.034503 0.002380 0.008923 0.892921 0.011303 0.004759 0.033908 0.005354 0.006371 0.035605 0.002718 0.009783 0.887209 0.012340 0.004862 0.035271 0.005842 
0.000000 0.004379 0.001095 0.002189 0.987411 0.002189 0.001095 0.001642 0.000000 0.000000 0.004897 0.001480 0.002865 0.985350 0.002334 0.001113 0.001960 0.000000 0.002189 0.033935 0.003284 0.008758 0.899288 0.007115 0.007663 0.033388 0.004379 0.002331 0.035896 0.004261 0.010539 0.890318 0.008011 0.008235 0.035368 0.005042 
0.001091 0.001091 0.000545 0.001636 0.990185 0.001636 0.001636 0.002181 0.000000 0.001163 0.001162 0.000595 0.001826 0.988939 0.002181 0.001690 0.002444 0.000000 0.005998 0.037077 0.002726 0.007634 0.907852 0.006543 0.003817 0.026718 0.001636 0.006730 0.038878 0.002949 0.008898 0.900733 0.007750 0.004024 0.027945 0.002093 
0.000994 0.002981 0.000000 0.002981 0.983607 0.002981 0.000497 0.004968 0.000994 0.001100 0.003673 0.000000 0.003431 0.981226 0.003544 0.000512 0.005449 0.001065 0.007948 0.037755 0.002981 0.011426 0.896175 0.010929 0.001490 0.027819 0.003477 0.008758 0.039760 0.003289 0.012869 0.887830 0.012796 0.001756 0.029364 0.003577 
0.000764 0.002291 0.000764 0.002291 0.984727 0.003436 0.002673 0.001909 0.001145 0.000887 0.002482 0.000944 0.003161 0.982023 0.003970 0.003222 0.001979 0.001331 0.006491 0.024819 0.003818 0.008018 0.915617 0.008400 0.003436 0.024819 0.004582 0.007177 0.026686 0.004348 0.009399 0.906197 0.010176 0.004420 0.026055 0.005544 
0.001189 0.001981 0.000396 0.002773 0.990491 0.001189 0.000792 0.001189 0.000000 0.001326 0.002098 0.000482 0.003239 0.989433 0.001349 0.000830 0.001243 0.000000 0.005151 0.032488 0.003566 0.007924 0.915214 0.007528 0.000792 0.025357 0.001981 0.006025 0.033942 0.003897 0.009557 0.908397 0.008630 0.000818 0.026357 0.002377 
0.000514 0.001543 0.000514 0.002058 0.990226 0.001543 0.001029 0.002572 0.000000 0.000518 0.001870 0.000761 0.002599 0.988690 0.001584 0.001137 0.002841 0.000000 0.003601 0.038580 0.002058 0.015432 0.890432 0.011317 0.007716 0.029321 0.001543 0.003878 0.040054 0.002461 0.017473 0.882999 0.012203 0.008172 0.031176 0.001584 
0.000000 0.003235 0.000000 0.002516 0.984184 0.003595 0.001078 0.004313 0.001078 0.000000 0.003345 0.000000 0.002726 0.982998 0.003907 0.001162 0.004742 0.001120 0.004313 0.044213 0.002876 0.017973 0.874551 0.014738 0.004313 0.031991 0.005032 0.004552 0.045913 0.003369 0.020211 0.865982 0.016438 0.004595 0.033466 0.005475 
0.000877 0.003946 0.000877 0.002192 0.984656 0.002192 0.002192 0.001754 0.001315 0.000921 0.004049 0.000903 0.003301 0.982019 0.002985 0.002270 0.001795 0.001757 0.007014 0.041210 0.004822 0.014029 0.875493 0.012714 0.005261 0.033757 0.005699 0.007522 0.042258 0.005596 0.016106 0.866439 0.014762 0.005488 0.034956 0.006872 
0.000000 0.001733 0.000693 0.001386 0.993068 0.001733 0.000347 0.001040 0.000000 0.000000 0.001836 0.000934 0.001722 0.992135 0.001916 0.000352 0.001106 0.000000 0.005199 0.034662 0.003466 0.011092 0.897054 0.009359 0.003466 0.031542 0.004159 0.005618 0.036008 0.004014 0.012558 0.890702 0.009998 0.003675 0.033030 0.004396 
0.000419 0.002512 0.000419 0.001674 0.988280 0.004604 0.001256 0.000419 0.000419 0.000469 0.003044 0.000439 0.002151 0.985987 0.005626 0.001362 0.000477 0.000445 0.002930 0.029720 0.002930 0.007535 0.913771 0.007953 0.006697 0.024697 0.003767 0.003124 0.031523 0.003438 0.008496 0.906802 0.009658 0.007170 0.025785 0.004003 
0.001243 0.003314 0.000414 0.004143 0.984258 0.002900 0.002486 0.000829 0.000414 0.001357 0.003498 0.000430 0.004965 0.982645 0.003071 0.002713 0.000886 0.000435 0.008699 0.028998 0.005385 0.010771 0.904308 0.007457 0.004971 0.027341 0.002071 0.009797 0.030059 0.006101 0.012616 0.897145 0.008428 0.005397 0.028148 0.002309 
0.002610 0.004350 0.000870 0.002175 0.984776 0.003045 0.001305 0.000870 0.000000 0.002667 0.004959 0.001074 0.002671 0.982410 0.003440 0.001493 0.001284 0.000000 0.010439 0.029143 0.003480 0.009134 0.903871 0.009134 0.003480 0.026968 0.004350 0.011046 0.030623 0.004285 0.010434 0.895912 0.010643 0.004020 0.028459 0.004578 
0.000857 0.003000 0.000429 0.002572 0.988856 0.002143 0.000857 0.001286 0.000000 0.000878 0.003233 0.000528 0.003297 0.987246 0.002361 0.001127 0.001329 0.000000 0.005144 0.030862 0.002572 0.007715 0.910844 0.012002 0.004715 0.023575 0.002572 0.005386 0.032437 0.003071 0.009061 0.904570 0.013236 0.005189 0.024334 0.002715 
0.000000 0.001384 0.000000 0.002768 0.988930 0.004613 0.001384 0.000461 0.000461 0.000000 0.001417 0.000000 0.003278 0.987159 0.005662 0.001503 0.000483 0.000498 0.004151 0.031827 0.002768 0.008764 0.909133 0.013838 0.004151 0.020295 0.005074 0.004522 0.033165 0.002967 0.009668 0.902596 0.016139 0.004533 0.021067 0.005342 
0.000000 0.002622 0.000000 0.001573 0.991610 0.000000 0.001573 0.002622 0.000000 0.000000 0.002852 0.000000 0.001864 0.990743 0.000000 0.001676 0.002865 0.000000 0.002622 0.038280 0.002098 0.006817 0.907708 0.005768 0.005244 0.029365 0.002098 0.003052 0.039964 0.002269 0.007809 0.901355 0.006251 0.005546 0.031484 0.002270 
0.000000 0.001724 0.000575 0.000000 0.987931 0.002299 0.003448 0.004023 0.000000 0.000000 0.001920 0.000745 0.000000 0.986216 0.003149 0.003826 0.004144 0.000000 0.001724 0.031034 0.002299 0.004598 0.908046 0.008621 0.006322 0.035632 0.001724 0.001900 0.032061 0.002698 0.004822 0.901757 0.010508 0.007074 0.037427 0.001754 
0.000000 0.003416 0.000488 0.000976 0.989751 0.001952 0.000976 0.001952 0.000488 0.000000 0.003847 0.000726 0.001103 0.988533 0.002156 0.000998 0.002049 0.000588 0.002928 0.040020 0.005857 0.008785 0.896535 0.008785 0.004880 0.029771 0.002440 0.003020 0.041644 0.006653 0.010065 0.889844 0.009606 0.005310 0.031180 0.002679 
0.000420 0.002102 0.000841 0.000420 0.990332 0.001681 0.002102 0.002102 0.000000 0.000554 0.002176 0.001011 0.000501 0.989177 0.001926 0.002336 0.002319 0.000000 0.001681 0.026482 0.002942 0.007146 0.925179 0.006726 0.004203 0.022699 0.002942 0.001865 0.027780 0.003383 0.007731 0.920369 0.007313 0.004659 0.023809 0.003091 
0.000561 0.001684 0.000561 0.001123 0.988770 0.002246 0.002246 0.002807 0.000000 0.000680 0.001876 0.000649 0.001201 0.987191 0.002496 0.002664 0.003243 0.000000 0.004492 0.035373 0.001123 0.003369 0.906232 0.006738 0.006738 0.031443 0.004492 0.005338 0.036582 0.001229 0.004300 0.899757 0.007343 0.007349 0.033350 0.004752 
0.000353 0.002119 0.001060 0.002473 0.986224 0.002119 0.002119 0.003179 0.000353 0.000359 0.002266 0.001393 0.002837 0.984146 0.002707 0.002430 0.003506 0.000356 0.002119 0.027552 0.001060 0.008478 0.921936 0.004945 0.005652 0.025433 0.002826 0.002488 0.029511 0.001339 0.009997 0.914386 0.005942 0.006212 0.027036 0.003089 
0.000449 0.004490 0.000449 0.001347 0.984733 0.003143 0.001347 0.003592 0.000449 0.000557 0.004833 0.000512 0.001667 0.982587 0.003725 0.001488 0.003978 0.000654 0.002245 0.040862 0.001796 0.010777 0.903009 0.009879 0.003143 0.026044 0.002245 0.002350 0.042993 0.001972 0.012500 0.894492 0.011648 0.003377 0.028011 0.002657 
0.000000 0.001489 0.000000 0.001985 0.991067 0.001985 0.002481 0.000496 0.000496 0.000000 0.001532 0.000000 0.002242 0.990334 0.002129 0.002699 0.000550 0.000515 0.002481 0.039206 0.000993 0.007444 0.912159 0.009429 0.004963 0.020844 0.002481 0.002626 0.041657 0.001042 0.008636 0.906077 0.010482 0.005183 0.021635 0.002663 
0.000000 0.003037 0.000434 0.003905 0.983514 0.004338 0.000868 0.003037 0.000868 0.000000 0.003266 0.000439 0.004955 0.980813 0.005107 0.000889 0.003581 0.000950 0.002603 0.036876 0.002603 0.011714 0.890672 0.013883 0.004772 0.033406 0.003471 0.002795 0.038296 0.003090 0.013925 0.881906 0.015683 0.005427 0.035203 0.003676 
0.000414 0.002484 0.000414 0.003727 0.984679 0.002899 0.004141 0.000828 0.000414 0.000449 0.002796 0.000550 0.004796 0.982046 0.003519 0.004457 0.000959 0.000428 0.003727 0.028571 0.003313 0.006625 0.918427 0.008282 0.006211 0.022774 0.002070 0.003987 0.030528 0.003863 0.008056 0.910872 0.009255 0.007204 0.023965 0.002270 
0.000000 0.003274 0.000000 0.002339 0.987839 0.003742 0.000935 0.001871 0.000000 0.000000 0.003495 0.000000 0.002717 0.986522 0.004236 0.000976 0.002054 0.000000 0.003274 0.032273 0.001871 0.011225 0.909729 0.010290 0.005145 0.022451 0.003742 0.003841 0.033934 0.002083 0.012176 0.902908 0.011508 0.005453 0.023939 0.004159 
0.000000 0.002582 0.000430 0.004733 0.981067 0.004303 0.003442 0.002151 0.001291 0.000000 0.002699 0.000574 0.005786 0.978061 0.005216 0.003629 0.002450 0.001585 0.003873 0.029690 0.001721 0.011188 0.906627 0.010327 0.006024 0.025818 0.004733 0.004617 0.031442 0.002256 0.013287 0.897339 0.011747 0.006323 0.027191 0.005797 
0.000000 0.004734 0.000000 0.001092 0.986890 0.001821 0.002185 0.003277 0.000000 0.000000 0.005071 0.000000 0.001566 0.984917 0.002220 0.002299 0.003926 0.000000 0.005098 0.040422 0.004006 0.010925 0.886380 0.010561 0.004370 0.035324 0.002913 0.005365 0.043175 0.004401 0.012147 0.878550 0.011265 0.004652 0.037080 0.003365 
0.000000 0.002960 0.000370 0.003700 0.988161 0.001110 0.001850 0.001850 0.000000 0.000000 0.003208 0.000378 0.003947 0.987336 0.001148 0.001886 0.002097 0.000000 0.002960 0.035516 0.000740 0.014428 0.891602 0.015908 0.007029 0.028487 0.003330 0.003106 0.038290 0.000763 0.015659 0.884115 0.016994 0.007366 0.030203 0.003504 
0.000000 0.003738 0.000680 0.004077 0.981312 0.004077 0.002379 0.003738 0.000000 0.000000 0.003972 0.000713 0.004828 0.979305 0.004258 0.002775 0.004149 0.000000 0.006796 0.040095 0.003398 0.022766 0.855929 0.019028 0.005437 0.039076 0.007475 0.007472 0.042157 0.003769 0.025623 0.846240 0.019958 0.005710 0.041230 0.007841 
0.000521 0.004692 0.001043 0.004171 0.980188 0.004692 0.001564 0.001043 0.002086 0.000537 0.005239 0.001264 0.004996 0.977285 0.005535 0.001729 0.001063 0.002351 0.003128 0.042753 0.003650 0.016163 0.859750 0.017205 0.007299 0.044317 0.005735 0.003395 0.045491 0.004482 0.018240 0.848173 0.019787 0.008078 0.045620 0.006734 
