0.003030 0.036027 0.001684 0.011616 0.901178 0.012795 0.001010 0.030640 0.002020 0.003239 0.038484 0.001786 0.013458 0.892664 0.014580 0.001086 0.032436 0.002267 0.009764 0.070539 0.007071 0.031650 0.750337 0.030808 0.008923 0.080471 0.010438 0.010427 0.074197 0.007518 0.034778 0.734561 0.033991 0.009358 0.084023 0.011146 
0.002789 0.035931 0.001805 0.016899 0.890894 0.014766 0.002133 0.031665 0.003117 0.002993 0.038417 0.001868 0.020334 0.879632 0.017453 0.002369 0.033595 0.003340 0.007219 0.065299 0.008039 0.032322 0.759311 0.029861 0.010336 0.076948 0.010664 0.007778 0.068813 0.008749 0.037340 0.740789 0.033672 0.010881 0.080645 0.011334 
0.003503 0.041076 0.004617 0.018787 0.868015 0.018309 0.001592 0.041076 0.003025 0.003759 0.043540 0.004978 0.021018 0.857704 0.020863 0.001657 0.043284 0.003198 0.010189 0.078013 0.013055 0.037574 0.710237 0.040917 0.010349 0.088362 0.011304 0.010875 0.081403 0.014039 0.040707 0.693901 0.044683 0.010775 0.091676 0.011940 
0.003045 0.038573 0.003045 0.019577 0.871520 0.025087 0.002175 0.033208 0.003770 0.003184 0.040894 0.003220 0.023207 0.858556 0.029739 0.002353 0.034922 0.003924 0.013486 0.079901 0.013051 0.041618 0.704176 0.046259 0.013341 0.075841 0.012326 0.013975 0.083257 0.013619 0.046847 0.683955 0.052512 0.013769 0.079157 0.012908 
0.005311 0.048237 0.002508 0.021242 0.849978 0.020800 0.002655 0.046024 0.003245 0.005624 0.050830 0.002591 0.024476 0.838430 0.023513 0.002768 0.048260 0.003507 0.018734 0.091606 0.014161 0.052368 0.639917 0.050892 0.015194 0.099277 0.017849 0.019488 0.095024 0.014733 0.056978 0.622158 0.054697 0.015747 0.102626 0.018549 
0.008420 0.061795 0.002712 0.023691 0.818182 0.025974 0.002997 0.051234 0.004995 0.008980 0.064491 0.002830 0.026596 0.806066 0.029073 0.003086 0.053586 0.005294 0.025831 0.111888 0.017126 0.052662 0.602968 0.055944 0.016983 0.097189 0.019409 0.026833 0.115380 0.017701 0.056522 0.585903 0.059992 0.017710 0.099930 0.020028 
0.004451 0.049652 0.004033 0.023505 0.841864 0.022809 0.003199 0.045341 0.005146 0.004719 0.051915 0.004103 0.026850 0.829776 0.026278 0.003417 0.047466 0.005475 0.018915 0.096940 0.014325 0.055076 0.631989 0.048957 0.018776 0.093602 0.021419 0.019615 0.099765 0.014705 0.059839 0.614151 0.053613 0.019520 0.096620 0.022171 
0.005324 0.044592 0.002829 0.018636 0.851913 0.020632 0.004160 0.048087 0.003827 0.005541 0.046711 0.002932 0.020727 0.841476 0.023277 0.004330 0.050798 0.004208 0.018968 0.083694 0.011148 0.048586 0.675707 0.043261 0.015807 0.087854 0.014975 0.019625 0.086529 0.011410 0.052252 0.659696 0.046949 0.016563 0.091267 0.015709 
0.003830 0.040626 0.002498 0.018149 0.866467 0.017316 0.002997 0.045455 0.002664 0.004163 0.042629 0.002601 0.020132 0.857055 0.019550 0.003064 0.047991 0.002816 0.016817 0.079088 0.016817 0.050949 0.670496 0.042291 0.017649 0.088911 0.016983 0.017648 0.081590 0.017535 0.054051 0.655452 0.045440 0.018131 0.092400 0.017754 
0.003969 0.043657 0.002137 0.019692 0.866738 0.016944 0.003816 0.040604 0.002442 0.004320 0.046300 0.002270 0.023236 0.854187 0.019718 0.004177 0.043211 0.002580 0.012212 0.082125 0.012212 0.042436 0.707373 0.040757 0.011907 0.082583 0.008396 0.013133 0.085786 0.012735 0.047286 0.688485 0.044802 0.012625 0.086334 0.008813 
0.003121 0.044375 0.002850 0.021713 0.861039 0.018999 0.003935 0.041525 0.002443 0.003399 0.046906 0.002990 0.025207 0.849688 0.021170 0.004210 0.043826 0.002606 0.011128 0.086443 0.013299 0.041525 0.693038 0.044511 0.010992 0.085358 0.013706 0.011827 0.089836 0.013960 0.046240 0.675154 0.048176 0.011707 0.088663 0.014437 
0.005486 0.045154 0.003798 0.021241 0.857364 0.016458 0.003235 0.043044 0.004220 0.005851 0.047324 0.004007 0.024486 0.846272 0.018606 0.003392 0.045456 0.004605 0.016739 0.087917 0.016880 0.045435 0.665213 0.043747 0.016599 0.091293 0.016177 0.017617 0.090928 0.017692 0.049963 0.647727 0.047208 0.017320 0.094602 0.016943 
0.004405 0.048311 0.003818 0.016740 0.861968 0.017181 0.003524 0.040822 0.003231 0.004752 0.050587 0.004061 0.018884 0.851864 0.019702 0.003788 0.042842 0.003521 0.019236 0.096035 0.015272 0.041263 0.660793 0.040822 0.017474 0.092805 0.016300 0.020026 0.099035 0.016037 0.044661 0.644928 0.044693 0.018327 0.095376 0.016917 
0.004086 0.043962 0.004086 0.015922 0.860082 0.016345 0.005354 0.046358 0.003804 0.004254 0.045690 0.004193 0.017173 0.853386 0.017626 0.005745 0.047988 0.003944 0.024376 0.098211 0.021136 0.050867 0.610821 0.052417 0.020854 0.101451 0.019868 0.024933 0.101128 0.021676 0.053375 0.597687 0.054946 0.021678 0.104146 0.020430 
0.002832 0.022810 0.008495 0.018562 0.902942 0.015416 0.006292 0.020607 0.002045 0.002936 0.023600 0.008954 0.019837 0.898211 0.016303 0.006546 0.021466 0.002146 0.022023 0.080856 0.040113 0.064496 0.585182 0.067013 0.040113 0.076766 0.023439 0.022505 0.083209 0.041802 0.067175 0.571367 0.069799 0.041231 0.078982 0.023931 
0.002163 0.033369 0.009578 0.013440 0.883980 0.013749 0.007570 0.033833 0.002317 0.002254 0.034305 0.010213 0.014923 0.877662 0.015561 0.007791 0.034913 0.002379 0.025336 0.111540 0.049282 0.051753 0.527576 0.050981 0.046964 0.112313 0.024255 0.025776 0.113585 0.051408 0.053872 0.513616 0.054001 0.048330 0.114593 0.024819 
0.001645 0.015079 0.001645 0.006306 0.951885 0.006991 0.003290 0.011515 0.001645 0.001912 0.015486 0.001673 0.007088 0.949066 0.007742 0.003484 0.011838 0.001712 0.025086 0.112817 0.027005 0.038520 0.598081 0.036737 0.032488 0.106511 0.022755 0.026172 0.114745 0.028064 0.040221 0.586816 0.038433 0.033664 0.108284 0.023601 
0.006445 0.017353 0.000331 0.006941 0.947612 0.007437 0.001322 0.010081 0.002479 0.006803 0.018149 0.000341 0.007569 0.944452 0.008162 0.001343 0.010520 0.002661 0.044290 0.100314 0.024128 0.039498 0.598744 0.044786 0.027268 0.085771 0.035201 0.046385 0.103440 0.024636 0.041013 0.586085 0.046548 0.027555 0.087887 0.036451 
0.005187 0.016048 0.000648 0.012806 0.935808 0.011995 0.000973 0.014103 0.002432 0.005348 0.017037 0.000676 0.013996 0.931369 0.013159 0.000979 0.014838 0.002597 0.031448 0.069379 0.017183 0.053980 0.679527 0.044416 0.015886 0.062733 0.025450 0.032528 0.072537 0.017553 0.056515 0.666418 0.046817 0.016147 0.065192 0.026292 
0.001615 0.018569 0.000807 0.011142 0.940255 0.010657 0.000969 0.014694 0.001292 0.001775 0.019630 0.000838 0.012388 0.935251 0.012407 0.000991 0.015359 0.001361 0.011465 0.067173 0.010011 0.039399 0.745842 0.041821 0.008720 0.062005 0.013564 0.012186 0.069973 0.010359 0.041962 0.733281 0.044953 0.009111 0.064061 0.014114 
0.003538 0.018871 0.001516 0.009099 0.937826 0.009267 0.001179 0.017355 0.001348 0.003841 0.019876 0.001576 0.010113 0.933117 0.010648 0.001220 0.018163 0.001446 0.012974 0.072957 0.006403 0.037911 0.740354 0.043639 0.008088 0.066386 0.011289 0.013743 0.075630 0.006832 0.040235 0.727737 0.046917 0.008396 0.068753 0.011758 
