0.003765 0.008978 0.004344 0.012453 0.947871 0.007819 0.002317 0.010426 0.002027 0.004033 0.009958 0.004512 0.013703 0.942345 0.008682 0.002380 0.012294 0.002093 0.017087 0.040834 0.015059 0.056183 0.774109 0.036490 0.012743 0.033015 0.014480 0.017976 0.044482 0.015908 0.059886 0.756630 0.038746 0.013252 0.037639 0.015482 
0.003108 0.010569 0.003730 0.009015 0.956170 0.006839 0.001243 0.007460 0.001865 0.003431 0.012008 0.004159 0.010617 0.950561 0.007273 0.001337 0.008663 0.001951 0.015853 0.043208 0.014610 0.045384 0.776500 0.045073 0.018962 0.031396 0.009015 0.016535 0.046923 0.015629 0.048768 0.760010 0.047745 0.020386 0.034260 0.009744 
0.001795 0.006102 0.001436 0.007538 0.966260 0.006820 0.000359 0.007538 0.002154 0.001866 0.007110 0.001617 0.008479 0.962258 0.007221 0.000363 0.008685 0.002401 0.011127 0.040201 0.013640 0.045944 0.807968 0.033381 0.010409 0.025126 0.012204 0.011756 0.044068 0.014554 0.049906 0.791438 0.035414 0.011302 0.028082 0.013480 
0.002593 0.009507 0.002593 0.008211 0.954192 0.010372 0.004322 0.005618 0.002593 0.002998 0.010743 0.002811 0.009031 0.949277 0.011410 0.004617 0.006487 0.002627 0.013829 0.035004 0.012965 0.044080 0.798185 0.044512 0.015125 0.024201 0.012100 0.015087 0.038817 0.014014 0.046833 0.780970 0.047960 0.016379 0.027037 0.012903 
0.001667 0.005000 0.000417 0.003333 0.977083 0.005417 0.000000 0.006250 0.000833 0.001767 0.005722 0.000465 0.003885 0.973726 0.006330 0.000000 0.007233 0.000873 0.010417 0.026667 0.010833 0.041667 0.841250 0.034583 0.005833 0.025833 0.002917 0.011291 0.029690 0.011624 0.044721 0.826136 0.037758 0.006370 0.029199 0.003210 
0.003335 0.007086 0.002918 0.006253 0.964985 0.006253 0.001251 0.006253 0.001667 0.003509 0.007903 0.003365 0.007018 0.960311 0.006675 0.001479 0.007755 0.001984 0.012505 0.030013 0.010421 0.040850 0.815757 0.043768 0.012088 0.025427 0.009170 0.013753 0.033464 0.011044 0.043292 0.800265 0.046527 0.012858 0.028876 0.009923 
0.001861 0.005584 0.002327 0.003723 0.970684 0.004653 0.000931 0.007911 0.002327 0.001900 0.006529 0.002373 0.004170 0.966633 0.004980 0.000994 0.009709 0.002712 0.016287 0.041880 0.014425 0.044207 0.788274 0.038157 0.007445 0.036761 0.012564 0.017348 0.045015 0.015145 0.047582 0.772766 0.040051 0.007804 0.040119 0.014169 
0.005376 0.005376 0.000448 0.009857 0.967742 0.005376 0.000896 0.002688 0.002240 0.005762 0.006293 0.000453 0.011958 0.962898 0.005918 0.000948 0.003429 0.002341 0.016577 0.028226 0.008065 0.046595 0.823925 0.039427 0.009409 0.017025 0.010753 0.017739 0.031843 0.008389 0.051788 0.807379 0.041897 0.009840 0.019802 0.011324 
0.001582 0.004747 0.002769 0.003956 0.971519 0.007516 0.001187 0.005538 0.001187 0.001727 0.005327 0.003187 0.004335 0.967077 0.008299 0.001420 0.007377 0.001251 0.008703 0.024130 0.011472 0.031646 0.845332 0.035206 0.011867 0.020570 0.011076 0.009541 0.026595 0.012662 0.033526 0.830244 0.038167 0.013067 0.023419 0.012779 
0.001145 0.007255 0.001145 0.010309 0.963345 0.006873 0.001527 0.006873 0.001527 0.001204 0.008516 0.001269 0.011510 0.958271 0.008240 0.001594 0.007854 0.001543 0.012600 0.031310 0.014128 0.043910 0.806415 0.043910 0.009927 0.028255 0.009546 0.013389 0.035067 0.014767 0.047816 0.790112 0.047131 0.010196 0.031138 0.010384 
0.001531 0.008802 0.000383 0.003827 0.969001 0.007654 0.003444 0.004210 0.001148 0.001544 0.010827 0.000408 0.004115 0.965107 0.008172 0.003619 0.004900 0.001308 0.015308 0.031382 0.013777 0.042097 0.807501 0.039801 0.011864 0.027555 0.010716 0.016357 0.035140 0.014677 0.044458 0.792681 0.042207 0.012981 0.030054 0.011446 
0.002828 0.008485 0.002424 0.008081 0.964848 0.004848 0.002020 0.005253 0.001212 0.002922 0.009595 0.002624 0.008756 0.960880 0.005359 0.002358 0.006149 0.001357 0.013333 0.038788 0.018182 0.055354 0.770909 0.040404 0.017374 0.032323 0.013333 0.014136 0.041907 0.018951 0.057903 0.756313 0.043254 0.018665 0.034452 0.014419 
0.001377 0.005852 0.002410 0.005852 0.967642 0.008262 0.001377 0.006540 0.000688 0.001497 0.006687 0.002614 0.006841 0.962577 0.009533 0.001490 0.007975 0.000786 0.015146 0.030981 0.012737 0.042341 0.792771 0.051979 0.009983 0.032014 0.012048 0.015958 0.034067 0.013764 0.045642 0.776056 0.055808 0.010493 0.035348 0.012864 
0.002317 0.008937 0.001324 0.005627 0.968884 0.005296 0.001986 0.004303 0.001324 0.002470 0.009545 0.001425 0.006333 0.965421 0.006054 0.002229 0.005051 0.001472 0.018868 0.040384 0.016220 0.048659 0.768620 0.049652 0.013572 0.031116 0.012910 0.020107 0.043392 0.017282 0.051010 0.753242 0.052966 0.014311 0.033997 0.013693 
0.001034 0.007586 0.002069 0.006897 0.969655 0.007241 0.001034 0.002759 0.001724 0.001101 0.008870 0.002217 0.008329 0.964685 0.008395 0.001046 0.003402 0.001954 0.015517 0.034483 0.012759 0.050690 0.765862 0.056207 0.018621 0.036207 0.009655 0.016084 0.037727 0.013548 0.054292 0.749426 0.059073 0.019568 0.039573 0.010708 
0.003011 0.012045 0.004216 0.005721 0.956941 0.007227 0.002409 0.008130 0.000301 0.003183 0.013572 0.004522 0.006096 0.952169 0.008389 0.002601 0.009166 0.000303 0.016260 0.046070 0.018067 0.048479 0.766938 0.041554 0.016260 0.034628 0.011743 0.017349 0.050947 0.019324 0.051002 0.749208 0.044641 0.017207 0.038144 0.012178 
0.002005 0.009774 0.002005 0.008271 0.962907 0.006767 0.001003 0.006266 0.001003 0.002143 0.010978 0.002120 0.009087 0.957986 0.008198 0.001064 0.007303 0.001121 0.014787 0.044862 0.015539 0.049875 0.770426 0.050627 0.014787 0.027068 0.012030 0.015821 0.048643 0.016721 0.053271 0.752339 0.055074 0.015585 0.029827 0.012719 
0.001774 0.009377 0.004055 0.009630 0.961733 0.005575 0.001774 0.005322 0.000760 0.001942 0.010546 0.004538 0.010766 0.955779 0.006779 0.001888 0.006943 0.000818 0.012418 0.032691 0.018500 0.044349 0.796249 0.044095 0.015459 0.026609 0.009630 0.012943 0.036663 0.020261 0.047740 0.777022 0.047294 0.016577 0.030832 0.010667 
0.002528 0.006320 0.002528 0.006320 0.966886 0.007331 0.001769 0.006320 0.000000 0.002657 0.007056 0.002789 0.007208 0.961933 0.009026 0.002000 0.007330 0.000000 0.012386 0.035137 0.013903 0.046006 0.789687 0.049545 0.017947 0.027806 0.007583 0.013143 0.038863 0.015131 0.049021 0.771402 0.054201 0.019205 0.031252 0.007781 
0.001668 0.004766 0.001668 0.005481 0.970448 0.006673 0.001430 0.004528 0.003337 0.001776 0.005377 0.001811 0.006263 0.966333 0.007766 0.001639 0.005315 0.003720 0.011916 0.041706 0.014776 0.049571 0.779790 0.047188 0.009295 0.030982 0.014776 0.012591 0.045647 0.015600 0.052406 0.762260 0.051331 0.009893 0.034423 0.015849 
