0.000282 0.002536 0.000658 0.001409 0.991452 0.002067 0.000188 0.001409 0.000000 0.000381 0.002922 0.000736 0.001621 0.989950 0.002444 0.000205 0.001741 0.000000 0.002067 0.008454 0.003194 0.012775 0.946553 0.015405 0.002160 0.007702 0.001691 0.002273 0.009577 0.003644 0.013999 0.940123 0.017174 0.002352 0.009011 0.001847 
0.000190 0.003042 0.001141 0.001901 0.987641 0.003327 0.000285 0.002091 0.000380 0.000253 0.003600 0.001294 0.002745 0.984784 0.003801 0.000325 0.002751 0.000447 0.003517 0.011598 0.004278 0.016637 0.938777 0.014830 0.001711 0.007035 0.001616 0.003897 0.013212 0.004801 0.018400 0.930726 0.016443 0.001929 0.008671 0.001921 
0.000299 0.003091 0.000798 0.002991 0.989431 0.001994 0.000299 0.000997 0.000100 0.000382 0.003705 0.001008 0.003433 0.987517 0.002292 0.000331 0.001231 0.000103 0.002792 0.009672 0.003889 0.019244 0.936584 0.016851 0.001895 0.006980 0.002094 0.003065 0.011502 0.004270 0.020941 0.929202 0.018710 0.002060 0.007876 0.002373 
0.000260 0.001301 0.001041 0.000911 0.991931 0.003254 0.000130 0.001041 0.000130 0.000424 0.001595 0.001107 0.000969 0.990275 0.004122 0.000140 0.001219 0.000151 0.003254 0.007548 0.004425 0.011322 0.950937 0.014966 0.000781 0.004815 0.001952 0.003872 0.008644 0.005047 0.012441 0.944430 0.017035 0.000845 0.005513 0.002172 
0.000375 0.001001 0.001001 0.000750 0.995122 0.001126 0.000000 0.000625 0.000000 0.000423 0.001369 0.001140 0.000935 0.994056 0.001319 0.000000 0.000758 0.000000 0.002627 0.007004 0.005629 0.014259 0.950219 0.012883 0.001251 0.005003 0.001126 0.002980 0.008089 0.006460 0.015362 0.944680 0.014142 0.001394 0.005648 0.001246 
0.000129 0.000517 0.000129 0.000259 0.997802 0.000517 0.000129 0.000517 0.000000 0.000154 0.000639 0.000151 0.000267 0.997443 0.000663 0.000152 0.000532 0.000000 0.001422 0.004655 0.001034 0.012801 0.956943 0.014740 0.001164 0.005172 0.002069 0.001643 0.005183 0.001291 0.013446 0.953122 0.015979 0.001245 0.005756 0.002334 
0.000000 0.001415 0.000303 0.001213 0.994038 0.001516 0.000101 0.001314 0.000101 0.000000 0.001615 0.000328 0.001396 0.992941 0.001807 0.000133 0.001614 0.000166 0.002223 0.008791 0.003436 0.018189 0.938662 0.013339 0.002526 0.010408 0.002425 0.002439 0.009707 0.003924 0.019448 0.932662 0.014705 0.002806 0.011611 0.002700 
0.000563 0.002066 0.000563 0.001972 0.990893 0.001878 0.000282 0.001596 0.000188 0.000733 0.002401 0.000609 0.002214 0.989420 0.002208 0.000328 0.001853 0.000233 0.003004 0.013895 0.004413 0.016055 0.926298 0.017557 0.004601 0.010140 0.004037 0.003457 0.015295 0.004729 0.017629 0.919027 0.018999 0.005001 0.011400 0.004461 
0.000227 0.001250 0.000341 0.002045 0.990344 0.002499 0.000795 0.001931 0.000568 0.000282 0.001491 0.000398 0.002278 0.988219 0.003170 0.000866 0.002557 0.000739 0.003181 0.010451 0.002613 0.019084 0.930933 0.014540 0.004090 0.012155 0.002954 0.003590 0.011566 0.003060 0.020776 0.922272 0.016472 0.004608 0.014189 0.003467 
0.000598 0.001077 0.000239 0.003111 0.989232 0.002513 0.001316 0.001675 0.000239 0.000686 0.001233 0.000281 0.003657 0.987266 0.002963 0.001589 0.001976 0.000350 0.002872 0.008136 0.002752 0.016511 0.937904 0.015195 0.002513 0.011486 0.002632 0.003361 0.009126 0.003175 0.018485 0.929358 0.017301 0.003075 0.013193 0.002925 
0.000156 0.001716 0.001014 0.002887 0.991106 0.001638 0.000234 0.001092 0.000156 0.000179 0.001941 0.001253 0.003601 0.989055 0.001897 0.000341 0.001556 0.000176 0.002185 0.012327 0.004135 0.021846 0.923461 0.018803 0.003823 0.010143 0.003277 0.002359 0.013606 0.004754 0.024011 0.915487 0.020415 0.004332 0.011466 0.003569 
0.000229 0.004512 0.000535 0.002447 0.985315 0.003059 0.000459 0.002906 0.000535 0.000294 0.004849 0.000554 0.003046 0.982369 0.003870 0.000548 0.003834 0.000635 0.004207 0.018509 0.005813 0.022103 0.898891 0.023480 0.005583 0.015908 0.005507 0.004508 0.020236 0.006161 0.024068 0.888846 0.025932 0.005999 0.018226 0.006023 
0.000467 0.004440 0.000857 0.004284 0.984733 0.002493 0.000389 0.002103 0.000234 0.000490 0.005050 0.001015 0.005104 0.982025 0.002770 0.000439 0.002820 0.000286 0.006465 0.019162 0.008413 0.021499 0.896401 0.021265 0.007400 0.014956 0.004440 0.006756 0.021206 0.009045 0.023693 0.886610 0.022933 0.007995 0.017028 0.004734 
0.000455 0.002389 0.000569 0.002161 0.990673 0.001137 0.000455 0.002161 0.000000 0.000596 0.002807 0.000641 0.002457 0.988822 0.001293 0.000524 0.002861 0.000000 0.002502 0.008872 0.004322 0.016037 0.940742 0.013535 0.002616 0.008985 0.002389 0.002930 0.009978 0.004857 0.017749 0.933613 0.014734 0.003084 0.010371 0.002686 
0.000405 0.002564 0.000810 0.002564 0.990150 0.001619 0.000675 0.001214 0.000000 0.000462 0.002920 0.000908 0.002871 0.988165 0.002168 0.000876 0.001630 0.000000 0.002429 0.012549 0.003913 0.020645 0.923762 0.015787 0.004318 0.012954 0.003643 0.002801 0.013559 0.004366 0.022211 0.916902 0.017302 0.004673 0.014264 0.003920 
0.000094 0.002347 0.000845 0.002629 0.989296 0.001221 0.001033 0.002535 0.000000 0.000143 0.002732 0.000918 0.003058 0.987212 0.001485 0.001246 0.003205 0.000000 0.004507 0.016526 0.005915 0.021315 0.901972 0.018873 0.007887 0.018592 0.004413 0.004790 0.018100 0.006402 0.022983 0.893506 0.020400 0.008622 0.020434 0.004762 
0.000175 0.003067 0.000876 0.001665 0.990449 0.002191 0.000263 0.001052 0.000263 0.000248 0.003610 0.001183 0.001906 0.988726 0.002539 0.000322 0.001172 0.000295 0.005082 0.016211 0.007185 0.021907 0.903873 0.021732 0.008062 0.011479 0.004469 0.005392 0.018050 0.007884 0.023232 0.895924 0.023660 0.008581 0.012603 0.004675 
0.000000 0.003350 0.001361 0.001047 0.990893 0.001884 0.000105 0.001256 0.000105 0.000000 0.003893 0.001501 0.001276 0.989320 0.002273 0.000107 0.001512 0.000118 0.001675 0.011410 0.005025 0.017167 0.938763 0.014027 0.003245 0.006281 0.002408 0.001806 0.012888 0.005594 0.018567 0.931914 0.015628 0.003639 0.007329 0.002635 
0.000126 0.001384 0.000378 0.000252 0.994589 0.001636 0.000126 0.001258 0.000252 0.000142 0.001723 0.000500 0.000331 0.993321 0.001909 0.000133 0.001618 0.000323 0.002139 0.007802 0.002517 0.011703 0.956336 0.011325 0.001384 0.004908 0.001888 0.002267 0.009092 0.002930 0.012535 0.951288 0.012352 0.001621 0.005745 0.002171 
0.000000 0.000777 0.000000 0.000130 0.997927 0.000777 0.000000 0.000389 0.000000 0.000000 0.000820 0.000000 0.000134 0.997678 0.000955 0.000000 0.000413 0.000000 0.001555 0.005312 0.001555 0.010882 0.958026 0.012437 0.001166 0.005959 0.003109 0.001749 0.006009 0.001784 0.011496 0.954292 0.013403 0.001304 0.006633 0.003329 
0.000105 0.002105 0.000421 0.001368 0.991369 0.002105 0.001053 0.001474 0.000000 0.000164 0.002446 0.000474 0.001579 0.989628 0.002664 0.001167 0.001879 0.000000 0.003579 0.012314 0.003684 0.014946 0.930744 0.016209 0.004631 0.010104 0.003789 0.003853 0.013439 0.003960 0.015859 0.924319 0.018273 0.005069 0.011117 0.004110 
0.000307 0.001947 0.000512 0.002254 0.988523 0.002254 0.001537 0.002562 0.000102 0.000318 0.002155 0.000662 0.002728 0.986118 0.002873 0.001688 0.003310 0.000147 0.006763 0.015883 0.006251 0.021519 0.906445 0.016907 0.005738 0.017112 0.003381 0.007236 0.017375 0.007024 0.023639 0.896412 0.018965 0.006372 0.019264 0.003713 
0.000220 0.004175 0.000220 0.002307 0.985826 0.001428 0.000879 0.004615 0.000330 0.000233 0.004635 0.000270 0.002719 0.983231 0.001643 0.001020 0.005875 0.000374 0.005384 0.019888 0.004065 0.019778 0.917591 0.011208 0.004395 0.015493 0.002198 0.005946 0.022184 0.004410 0.021777 0.907577 0.012400 0.004954 0.018340 0.002411 
0.000138 0.001939 0.000554 0.001108 0.992106 0.002216 0.000692 0.001108 0.000138 0.000148 0.002237 0.000624 0.001287 0.990473 0.002825 0.000808 0.001440 0.000157 0.002354 0.009971 0.001662 0.017726 0.948068 0.009140 0.002770 0.007063 0.001246 0.002630 0.011636 0.001926 0.019321 0.940908 0.010665 0.003260 0.008211 0.001442 
0.000000 0.001766 0.001039 0.001246 0.992106 0.002389 0.000208 0.001143 0.000104 0.000000 0.002311 0.001177 0.001363 0.990530 0.002782 0.000247 0.001469 0.000122 0.002804 0.009763 0.004466 0.015787 0.941525 0.014749 0.002389 0.006855 0.001662 0.003251 0.011137 0.005179 0.016765 0.934927 0.016355 0.002674 0.007930 0.001782 
0.000325 0.001708 0.000651 0.001301 0.993411 0.001220 0.000000 0.001220 0.000163 0.000450 0.002215 0.000763 0.001555 0.991719 0.001423 0.000000 0.001703 0.000172 0.004311 0.010656 0.004636 0.015943 0.932081 0.014804 0.003172 0.010249 0.004148 0.004777 0.011760 0.005272 0.017170 0.925547 0.015984 0.003421 0.011520 0.004549 
0.000090 0.000896 0.000000 0.000806 0.996776 0.000358 0.000090 0.000896 0.000090 0.000114 0.000977 0.000000 0.000873 0.996096 0.000420 0.000140 0.001254 0.000127 0.002328 0.010210 0.002776 0.014240 0.947609 0.010657 0.002060 0.007971 0.002149 0.002525 0.011031 0.003015 0.015019 0.942900 0.011489 0.002264 0.009449 0.002308 
0.000109 0.000652 0.000761 0.000652 0.995868 0.001631 0.000000 0.000326 0.000000 0.000127 0.000799 0.000932 0.000813 0.995099 0.001855 0.000000 0.000375 0.000000 0.003915 0.011201 0.005002 0.014572 0.938452 0.015115 0.001305 0.007286 0.003154 0.004279 0.012339 0.005559 0.015578 0.932466 0.016632 0.001449 0.008150 0.003548 
0.000210 0.000943 0.000943 0.000943 0.994761 0.001257 0.000314 0.000524 0.000105 0.000215 0.001131 0.001116 0.001095 0.993769 0.001489 0.000457 0.000601 0.000128 0.003039 0.007964 0.003248 0.011422 0.946872 0.014356 0.001677 0.009326 0.002096 0.003474 0.008926 0.003750 0.012191 0.941188 0.015965 0.001926 0.010325 0.002254 
0.000095 0.001514 0.000189 0.001419 0.993000 0.001797 0.000662 0.001230 0.000095 0.000122 0.001938 0.000254 0.001654 0.991230 0.002252 0.000808 0.001622 0.000120 0.004825 0.015041 0.003689 0.021285 0.919781 0.017595 0.004162 0.010784 0.002838 0.005284 0.016790 0.004163 0.022540 0.911693 0.019226 0.004678 0.012534 0.003092 
0.000318 0.002330 0.000000 0.001271 0.992162 0.001483 0.000530 0.001589 0.000318 0.000386 0.002804 0.000000 0.001507 0.990779 0.001641 0.000563 0.001984 0.000337 0.006779 0.017795 0.003389 0.022667 0.904777 0.020019 0.005720 0.013876 0.004978 0.007359 0.019663 0.003605 0.024239 0.896899 0.021243 0.006214 0.015353 0.005425 
0.000582 0.001048 0.000233 0.001164 0.993364 0.001048 0.000233 0.001863 0.000466 0.000705 0.001325 0.000279 0.001317 0.992175 0.001159 0.000266 0.002258 0.000516 0.003842 0.009430 0.002445 0.016764 0.927474 0.020838 0.005122 0.010361 0.003725 0.004148 0.010710 0.002569 0.017896 0.921619 0.021952 0.005675 0.011367 0.004065 
0.000316 0.000737 0.000211 0.000737 0.994527 0.000842 0.000421 0.001474 0.000737 0.000364 0.000999 0.000255 0.000922 0.993021 0.001055 0.000506 0.002017 0.000862 0.001158 0.006105 0.001684 0.012104 0.950216 0.011893 0.004736 0.009578 0.002526 0.001307 0.006982 0.001880 0.013154 0.943730 0.013204 0.005470 0.011291 0.002982 
0.000233 0.001048 0.000233 0.000233 0.996739 0.000349 0.000000 0.001048 0.000116 0.000357 0.001242 0.000305 0.000233 0.996102 0.000488 0.000000 0.001134 0.000140 0.002096 0.006755 0.001165 0.010599 0.960867 0.009317 0.001398 0.006173 0.001631 0.002630 0.007529 0.001288 0.011302 0.956712 0.010008 0.001593 0.007141 0.001797 
0.000000 0.000728 0.000121 0.000485 0.997575 0.000485 0.000121 0.000243 0.000243 0.000000 0.000828 0.000150 0.000522 0.997132 0.000590 0.000163 0.000301 0.000314 0.001455 0.005942 0.001698 0.016129 0.949794 0.011521 0.002183 0.007640 0.003638 0.001616 0.006657 0.001877 0.017153 0.945279 0.012490 0.002514 0.008412 0.004002 
0.000270 0.001081 0.000000 0.000405 0.997298 0.000135 0.000000 0.000675 0.000135 0.000307 0.001161 0.000000 0.000426 0.996966 0.000263 0.000000 0.000741 0.000135 0.003783 0.009187 0.001216 0.019724 0.938935 0.014456 0.002026 0.007971 0.002702 0.004105 0.010047 0.001383 0.020343 0.934632 0.015719 0.002193 0.008660 0.002918 
0.000000 0.000668 0.000223 0.000668 0.996772 0.000557 0.000111 0.000890 0.000111 0.000000 0.000749 0.000254 0.000703 0.996405 0.000642 0.000142 0.000985 0.000120 0.001558 0.007124 0.001781 0.011910 0.956144 0.013357 0.001113 0.005454 0.001558 0.001671 0.007886 0.002048 0.012485 0.951612 0.015052 0.001268 0.006206 0.001772 
0.000090 0.000897 0.000090 0.000807 0.996414 0.000807 0.000090 0.000807 0.000000 0.000107 0.000968 0.000104 0.000902 0.995818 0.000996 0.000115 0.000991 0.000000 0.001793 0.006365 0.001614 0.012731 0.953918 0.014614 0.001793 0.006814 0.000359 0.001952 0.006898 0.001840 0.013403 0.949651 0.016273 0.002006 0.007609 0.000369 
0.000000 0.000649 0.000000 0.000928 0.996753 0.000928 0.000000 0.000557 0.000186 0.000000 0.000765 0.000000 0.001111 0.996212 0.001101 0.000000 0.000619 0.000192 0.001206 0.008721 0.000835 0.014101 0.949810 0.013452 0.001948 0.008628 0.001299 0.001316 0.009625 0.000963 0.015153 0.945058 0.014723 0.002112 0.009613 0.001437 
0.000103 0.001957 0.000103 0.000103 0.996498 0.000515 0.000103 0.000515 0.000103 0.000108 0.002471 0.000118 0.000124 0.995473 0.000702 0.000107 0.000781 0.000116 0.001751 0.008550 0.001751 0.011743 0.954883 0.012773 0.000721 0.006077 0.001751 0.002025 0.009672 0.001918 0.012527 0.950244 0.013855 0.000807 0.006925 0.002026 
0.000000 0.001067 0.000213 0.000320 0.996800 0.000960 0.000107 0.000533 0.000000 0.000000 0.001103 0.000255 0.000400 0.996351 0.001067 0.000144 0.000680 0.000000 0.001707 0.008213 0.002773 0.010880 0.957760 0.010027 0.002240 0.005013 0.001387 0.001943 0.009002 0.003066 0.011657 0.953550 0.011142 0.002444 0.005671 0.001524 
0.000000 0.000265 0.000000 0.000530 0.998278 0.000132 0.000132 0.000662 0.000000 0.000000 0.000305 0.000000 0.000552 0.998129 0.000151 0.000140 0.000722 0.000000 0.001192 0.007684 0.001722 0.012586 0.959592 0.009804 0.001987 0.004240 0.001192 0.001324 0.008367 0.002003 0.013170 0.956359 0.010475 0.002234 0.004801 0.001269 
0.000000 0.000547 0.000000 0.000547 0.998358 0.000137 0.000000 0.000411 0.000000 0.000000 0.000634 0.000000 0.000567 0.998170 0.000171 0.000000 0.000458 0.000000 0.001506 0.005475 0.002053 0.011771 0.958801 0.010813 0.001506 0.005612 0.002464 0.001680 0.005974 0.002179 0.012512 0.955129 0.011791 0.001664 0.006380 0.002692 
0.000107 0.000429 0.000107 0.000751 0.996782 0.000536 0.000000 0.001287 0.000000 0.000115 0.000507 0.000116 0.000886 0.995975 0.000574 0.000000 0.001826 0.000000 0.001394 0.007293 0.002896 0.012227 0.953990 0.010082 0.001823 0.007937 0.002360 0.001498 0.008051 0.003288 0.013197 0.949041 0.011137 0.002033 0.009178 0.002575 
0.000357 0.001429 0.000357 0.001340 0.993926 0.001250 0.000089 0.001072 0.000179 0.000422 0.001635 0.000404 0.001547 0.992705 0.001588 0.000108 0.001374 0.000218 0.001250 0.008128 0.002947 0.009914 0.956413 0.011701 0.001161 0.006788 0.001697 0.001505 0.009043 0.003344 0.010757 0.951177 0.013080 0.001372 0.007774 0.001948 
0.000493 0.002711 0.000986 0.002136 0.989485 0.001807 0.000246 0.001972 0.000164 0.000632 0.003313 0.001200 0.002434 0.987158 0.002117 0.000292 0.002675 0.000178 0.005011 0.012240 0.004436 0.015855 0.929516 0.015444 0.003532 0.010515 0.003450 0.005417 0.013807 0.004807 0.017086 0.922741 0.016593 0.003813 0.012031 0.003705 
0.000235 0.001720 0.001094 0.003674 0.988744 0.002736 0.000469 0.001251 0.000078 0.000295 0.002004 0.001204 0.004091 0.987141 0.003041 0.000530 0.001607 0.000087 0.005863 0.017822 0.008442 0.024076 0.894395 0.025170 0.006644 0.012116 0.005472 0.006195 0.019358 0.009076 0.025682 0.886564 0.026885 0.007138 0.013373 0.005729 
0.000238 0.003017 0.000714 0.002620 0.988807 0.002223 0.000794 0.001508 0.000079 0.000271 0.003567 0.000805 0.002853 0.987234 0.002508 0.000899 0.001782 0.000080 0.004922 0.016194 0.005557 0.021592 0.907597 0.020402 0.005160 0.014607 0.003969 0.005317 0.017887 0.006173 0.023138 0.899152 0.022141 0.005716 0.016184 0.004291 
0.000390 0.002183 0.000156 0.003430 0.989319 0.001871 0.000468 0.001949 0.000234 0.000534 0.002640 0.000175 0.003928 0.987274 0.002219 0.000532 0.002400 0.000298 0.004756 0.020504 0.005847 0.028612 0.887035 0.025259 0.006627 0.016839 0.004522 0.005227 0.022567 0.006453 0.030913 0.876671 0.027068 0.007500 0.018766 0.004835 
0.000489 0.002690 0.000408 0.002853 0.987201 0.002772 0.000815 0.002364 0.000408 0.000608 0.003327 0.000497 0.003171 0.984942 0.003222 0.000941 0.002723 0.000570 0.006848 0.020706 0.007174 0.027880 0.879351 0.026983 0.007174 0.017608 0.006277 0.007364 0.023014 0.007967 0.029991 0.867824 0.029527 0.007847 0.019675 0.006791 
0.000903 0.000000 0.000903 0.001807 0.990967 0.003613 0.000903 0.000903 0.000000 0.001492 0.000000 0.000911 0.001889 0.989844 0.003999 0.000917 0.000948 0.000000 0.009937 0.026197 0.008130 0.022584 0.875339 0.028004 0.003613 0.020777 0.005420 0.011065 0.028242 0.009096 0.023636 0.864647 0.031105 0.003906 0.022528 0.005775 
