0.000000 0.000289 0.000000 0.000144 0.999134 0.000144 0.000000 0.000289 0.000000 0.000000 0.000307 0.000000 0.000144 0.999083 0.000168 0.000000 0.000298 0.000000 0.000289 0.002165 0.000722 0.002742 0.989899 0.003102 0.000072 0.001010 0.000000 0.000316 0.002339 0.000754 0.002850 0.989273 0.003353 0.000073 0.001044 0.000000 
0.000057 0.000172 0.000345 0.000115 0.998793 0.000517 0.000000 0.000000 0.000000 0.000060 0.000255 0.000382 0.000126 0.998557 0.000620 0.000000 0.000000 0.000000 0.001322 0.003620 0.001552 0.002816 0.986725 0.002758 0.000057 0.001149 0.000000 0.001441 0.004036 0.001816 0.002951 0.985337 0.003119 0.000087 0.001212 0.000000 
0.000084 0.001053 0.000547 0.000674 0.995579 0.001516 0.000000 0.000505 0.000042 0.000091 0.001255 0.000611 0.000805 0.994786 0.001837 0.000000 0.000565 0.000050 0.000968 0.010906 0.003832 0.003663 0.964420 0.012506 0.000211 0.003158 0.000337 0.001074 0.011777 0.004307 0.004050 0.960976 0.013708 0.000253 0.003467 0.000388 
0.000384 0.004362 0.002277 0.001920 0.983240 0.006090 0.000247 0.001262 0.000219 0.000434 0.004776 0.002600 0.002129 0.981294 0.006842 0.000286 0.001387 0.000251 0.002414 0.035359 0.009354 0.019284 0.882650 0.032616 0.000741 0.016431 0.001152 0.002710 0.038125 0.010587 0.020770 0.872108 0.035933 0.000829 0.017636 0.001301 
0.000990 0.005716 0.002573 0.005097 0.974686 0.004801 0.001509 0.004207 0.000421 0.001141 0.006235 0.002846 0.005614 0.972027 0.005361 0.001670 0.004622 0.000484 0.003266 0.030610 0.010343 0.023458 0.874715 0.027863 0.004603 0.023038 0.002103 0.003771 0.033338 0.011588 0.025627 0.862410 0.030526 0.005281 0.025005 0.002455 
0.000475 0.004111 0.002281 0.005394 0.973479 0.005086 0.003707 0.004895 0.000570 0.000559 0.004534 0.002595 0.006047 0.970203 0.005763 0.004169 0.005482 0.000648 0.001877 0.021507 0.009030 0.025333 0.884529 0.022315 0.010646 0.022695 0.002067 0.002191 0.023529 0.010222 0.027854 0.871400 0.024883 0.012296 0.025214 0.002411 
0.000666 0.003473 0.003402 0.005091 0.977447 0.006828 0.000642 0.002117 0.000333 0.000757 0.004019 0.003827 0.005842 0.974041 0.007752 0.000789 0.002604 0.000370 0.003450 0.016962 0.011038 0.020531 0.904936 0.028714 0.002189 0.010372 0.001808 0.003964 0.019210 0.012944 0.023040 0.892231 0.032015 0.002557 0.011978 0.002060 
0.000468 0.003423 0.001355 0.004877 0.980888 0.005665 0.000443 0.002586 0.000296 0.000511 0.004213 0.001591 0.005750 0.977214 0.006742 0.000541 0.003092 0.000345 0.001404 0.013127 0.004950 0.019088 0.924265 0.023250 0.002167 0.010049 0.001699 0.001686 0.015432 0.005761 0.021761 0.912506 0.026599 0.002507 0.011802 0.001946 
0.000279 0.001472 0.001117 0.003123 0.987662 0.004037 0.000787 0.001244 0.000279 0.000308 0.001798 0.001289 0.003635 0.985579 0.004613 0.000881 0.001581 0.000317 0.002006 0.011221 0.004595 0.013709 0.940721 0.016121 0.003173 0.007007 0.001447 0.002301 0.012670 0.005362 0.015392 0.932824 0.018124 0.003640 0.008035 0.001651 
0.000387 0.001524 0.000852 0.004985 0.985483 0.004417 0.000310 0.001886 0.000155 0.000434 0.001888 0.000980 0.005929 0.982852 0.004937 0.000411 0.002401 0.000167 0.002066 0.010410 0.002919 0.015344 0.938160 0.020200 0.001627 0.008395 0.000878 0.002416 0.011857 0.003400 0.017699 0.929136 0.022531 0.001939 0.010003 0.001020 
0.000296 0.005234 0.000889 0.003185 0.980545 0.004617 0.001605 0.003580 0.000049 0.000340 0.006618 0.001035 0.003682 0.977062 0.005147 0.001817 0.004247 0.000050 0.002173 0.020344 0.004173 0.014987 0.914253 0.022788 0.005160 0.015159 0.000963 0.002480 0.024008 0.004834 0.017058 0.901625 0.025478 0.005957 0.017457 0.001104 
0.000295 0.002310 0.000885 0.003465 0.983287 0.004768 0.002163 0.002605 0.000221 0.000329 0.002829 0.001043 0.003899 0.980876 0.005333 0.002455 0.002981 0.000255 0.002015 0.010814 0.003465 0.020645 0.918256 0.023250 0.006980 0.013739 0.000836 0.002322 0.012659 0.004096 0.023145 0.906997 0.026148 0.008124 0.015525 0.000984 
0.000338 0.003530 0.001136 0.004352 0.977300 0.006696 0.002321 0.004013 0.000314 0.000401 0.004278 0.001315 0.004854 0.973955 0.007423 0.002653 0.004760 0.000361 0.001910 0.014892 0.004134 0.025674 0.894814 0.031282 0.007253 0.018615 0.001426 0.002230 0.017418 0.004801 0.028555 0.880708 0.034989 0.008510 0.021145 0.001644 
0.000270 0.002868 0.000760 0.003653 0.983649 0.004756 0.000809 0.002991 0.000245 0.000318 0.003501 0.000878 0.004147 0.981032 0.005297 0.000924 0.003616 0.000288 0.001961 0.013238 0.003334 0.025618 0.910473 0.026794 0.003751 0.013213 0.001618 0.002290 0.015390 0.003848 0.028409 0.898664 0.029840 0.004349 0.015338 0.001872 
0.000126 0.002488 0.000779 0.004624 0.983111 0.005454 0.000503 0.002664 0.000251 0.000140 0.003161 0.000900 0.005114 0.980693 0.005992 0.000582 0.003137 0.000281 0.001860 0.010958 0.003368 0.024227 0.918371 0.025283 0.002940 0.011510 0.001483 0.002140 0.012892 0.003857 0.026942 0.907685 0.028055 0.003369 0.013290 0.001770 
0.000300 0.003327 0.000525 0.003252 0.983212 0.005254 0.000851 0.002952 0.000325 0.000346 0.004069 0.000607 0.003678 0.980450 0.005953 0.000974 0.003543 0.000380 0.002227 0.015512 0.003378 0.023343 0.911984 0.024819 0.003553 0.013835 0.001351 0.002546 0.017984 0.003853 0.026025 0.900174 0.027800 0.004141 0.015884 0.001592 
0.000328 0.003128 0.001665 0.003733 0.982973 0.004994 0.000580 0.002396 0.000202 0.000376 0.003678 0.001910 0.004248 0.980348 0.005527 0.000678 0.002965 0.000271 0.001589 0.014000 0.004667 0.022551 0.913051 0.026990 0.002573 0.013419 0.001160 0.001869 0.016023 0.005562 0.025404 0.901176 0.030073 0.003022 0.015472 0.001399 
0.000445 0.002434 0.000916 0.004921 0.984766 0.004371 0.000419 0.001675 0.000052 0.000519 0.003030 0.001082 0.005642 0.982209 0.004843 0.000502 0.002104 0.000069 0.001649 0.009502 0.003063 0.024186 0.925819 0.023348 0.002487 0.009161 0.000785 0.001990 0.011158 0.003637 0.027396 0.915262 0.026095 0.002886 0.010653 0.000924 
0.000187 0.002479 0.000960 0.003865 0.984753 0.005038 0.000347 0.002266 0.000107 0.000213 0.003147 0.001110 0.004286 0.982223 0.005630 0.000386 0.002874 0.000130 0.001653 0.012102 0.003652 0.024657 0.915954 0.026283 0.002639 0.011569 0.001493 0.001998 0.014218 0.004234 0.027316 0.904558 0.029399 0.003050 0.013526 0.001701 
0.000028 0.002204 0.000976 0.006165 0.981812 0.004993 0.000948 0.002622 0.000251 0.000034 0.002794 0.001137 0.007007 0.978896 0.005526 0.001126 0.003185 0.000294 0.001339 0.011605 0.002901 0.028064 0.908974 0.028929 0.003794 0.013446 0.000948 0.001542 0.013344 0.003436 0.031768 0.896695 0.032058 0.004445 0.015603 0.001109 
0.000349 0.002824 0.001427 0.005561 0.978890 0.006464 0.001456 0.002679 0.000349 0.000393 0.003469 0.001596 0.006265 0.975518 0.007240 0.001726 0.003391 0.000400 0.002126 0.011006 0.004047 0.023527 0.917744 0.026176 0.003960 0.009958 0.001456 0.002577 0.012761 0.004689 0.026473 0.905522 0.029536 0.004843 0.011873 0.001726 
0.000478 0.002870 0.001345 0.005052 0.980988 0.006427 0.000508 0.001943 0.000389 0.000572 0.003812 0.001533 0.005744 0.977601 0.007081 0.000596 0.002615 0.000446 0.001824 0.011240 0.003617 0.025499 0.920334 0.025679 0.002152 0.008490 0.001166 0.002258 0.013482 0.004259 0.028776 0.908167 0.028828 0.002629 0.010130 0.001471 
0.000371 0.002069 0.001420 0.004940 0.982276 0.006268 0.000463 0.001884 0.000309 0.000462 0.002885 0.001598 0.005626 0.979016 0.006921 0.000579 0.002512 0.000401 0.001791 0.012011 0.003242 0.022294 0.922559 0.025474 0.002378 0.008924 0.001328 0.002197 0.014075 0.003871 0.024992 0.911296 0.028378 0.002874 0.010701 0.001617 
0.000525 0.003210 0.001759 0.005555 0.979601 0.006728 0.000278 0.001975 0.000370 0.000643 0.004115 0.002076 0.006308 0.975832 0.007598 0.000326 0.002626 0.000476 0.002253 0.011511 0.004012 0.026140 0.913681 0.031047 0.001636 0.008240 0.001481 0.002751 0.013661 0.004841 0.029558 0.900845 0.034598 0.001986 0.009944 0.001815 
0.000377 0.002888 0.001318 0.004395 0.981699 0.005901 0.000345 0.002511 0.000565 0.000431 0.003802 0.001541 0.005031 0.977763 0.006687 0.000401 0.003611 0.000731 0.001915 0.011457 0.003045 0.023762 0.920677 0.026117 0.001821 0.009637 0.001570 0.002235 0.013692 0.003733 0.026688 0.908434 0.029100 0.002221 0.011991 0.001906 
0.000608 0.002562 0.000961 0.004355 0.983667 0.004836 0.000224 0.002082 0.000705 0.000737 0.003482 0.001106 0.005075 0.980011 0.005242 0.000350 0.003080 0.000917 0.002274 0.009704 0.002914 0.027318 0.915933 0.031289 0.001697 0.007078 0.001793 0.002779 0.011798 0.003469 0.030505 0.903757 0.034242 0.002134 0.009131 0.002186 
0.000432 0.003254 0.001262 0.004815 0.977486 0.008866 0.000565 0.002723 0.000598 0.000532 0.004209 0.001525 0.005788 0.973010 0.009628 0.000714 0.003875 0.000718 0.001760 0.009896 0.003254 0.028326 0.913363 0.032410 0.001793 0.007505 0.001694 0.002169 0.012093 0.003933 0.031797 0.900217 0.035813 0.002247 0.009753 0.001978 
0.000307 0.003721 0.002390 0.004268 0.977979 0.008262 0.000410 0.002322 0.000341 0.000401 0.004691 0.002707 0.004936 0.974137 0.008903 0.000489 0.003332 0.000404 0.001332 0.011130 0.004473 0.028781 0.908501 0.034278 0.002083 0.007511 0.001912 0.001626 0.013442 0.005363 0.032115 0.895270 0.037900 0.002538 0.009405 0.002341 
0.000515 0.004564 0.002503 0.005190 0.976626 0.007951 0.000552 0.001914 0.000184 0.000607 0.006063 0.002888 0.005818 0.972341 0.008602 0.000668 0.002769 0.000244 0.001730 0.012073 0.005595 0.029558 0.907682 0.032429 0.002687 0.007141 0.001104 0.002063 0.014955 0.006737 0.032957 0.893733 0.035853 0.003328 0.009061 0.001313 
0.000387 0.005034 0.002904 0.006312 0.971692 0.010301 0.000697 0.002246 0.000426 0.000430 0.006214 0.003245 0.007239 0.966963 0.011272 0.000848 0.003249 0.000540 0.001859 0.013128 0.006235 0.030632 0.903497 0.032181 0.003214 0.007900 0.001355 0.002217 0.015499 0.007171 0.034467 0.888693 0.036106 0.003957 0.010166 0.001723 
0.000712 0.005062 0.004034 0.008345 0.965317 0.012813 0.000791 0.002610 0.000316 0.000850 0.006775 0.004491 0.009697 0.958803 0.014386 0.000958 0.003665 0.000374 0.003480 0.014316 0.009294 0.035672 0.884917 0.036265 0.004073 0.010282 0.001701 0.004204 0.017260 0.010479 0.039894 0.867945 0.040936 0.004909 0.012438 0.001936 
0.000402 0.005465 0.004139 0.008438 0.966527 0.009765 0.001648 0.003174 0.000442 0.000462 0.007341 0.004494 0.010112 0.959688 0.010909 0.002026 0.004437 0.000531 0.003335 0.017480 0.009041 0.033031 0.879611 0.033392 0.006309 0.014104 0.003697 0.003826 0.020322 0.010107 0.037164 0.863167 0.036963 0.007401 0.016869 0.004181 
0.000601 0.006452 0.002324 0.006812 0.969946 0.008776 0.000842 0.004007 0.000240 0.000685 0.008254 0.002602 0.008457 0.963179 0.010175 0.000959 0.005412 0.000278 0.003005 0.023122 0.006772 0.029533 0.884352 0.028612 0.005129 0.015989 0.003486 0.003379 0.026688 0.007613 0.033560 0.867955 0.032221 0.005876 0.018796 0.003911 
0.000549 0.005531 0.004237 0.006237 0.969872 0.009101 0.001020 0.003099 0.000353 0.000632 0.006859 0.004623 0.007723 0.964186 0.010141 0.001176 0.004238 0.000421 0.003805 0.022204 0.009650 0.025264 0.886156 0.026794 0.005374 0.017104 0.003648 0.004198 0.025109 0.010693 0.028699 0.871654 0.029824 0.006115 0.019784 0.003925 
0.000438 0.004224 0.004942 0.005022 0.970548 0.010003 0.001156 0.003388 0.000279 0.000519 0.005204 0.005327 0.006471 0.964750 0.011527 0.001361 0.004535 0.000305 0.004145 0.023234 0.009804 0.021202 0.887454 0.025466 0.006257 0.019249 0.003188 0.004528 0.026154 0.010808 0.024415 0.872903 0.028470 0.007098 0.022192 0.003433 
0.000396 0.004711 0.003801 0.005345 0.971692 0.009146 0.001069 0.003286 0.000554 0.000476 0.005782 0.004159 0.007216 0.965376 0.010941 0.001227 0.004157 0.000667 0.004236 0.023636 0.009027 0.024665 0.879761 0.027912 0.005305 0.021577 0.003880 0.004725 0.026333 0.009934 0.028432 0.864381 0.031615 0.005975 0.024274 0.004331 
0.001220 0.007357 0.001298 0.004643 0.975174 0.006059 0.000708 0.003266 0.000275 0.001437 0.008361 0.001530 0.005753 0.970031 0.007803 0.000843 0.003925 0.000317 0.005508 0.029783 0.005587 0.022583 0.879254 0.022977 0.005823 0.024354 0.004131 0.006185 0.032630 0.006378 0.025614 0.864587 0.026587 0.006504 0.027098 0.004417 
0.001206 0.008234 0.000998 0.004990 0.977461 0.004117 0.000333 0.002370 0.000291 0.001387 0.009063 0.001207 0.006140 0.973415 0.005255 0.000403 0.002790 0.000342 0.005739 0.034349 0.004990 0.024327 0.875327 0.021375 0.003784 0.025908 0.004200 0.006298 0.037269 0.005711 0.027485 0.861905 0.024468 0.004098 0.028247 0.004518 
0.002464 0.005931 0.000752 0.005722 0.976276 0.004887 0.000627 0.002965 0.000376 0.002730 0.006844 0.000887 0.007256 0.971351 0.006036 0.000803 0.003648 0.000444 0.007100 0.028277 0.004427 0.025604 0.881296 0.020717 0.004010 0.024768 0.003801 0.007702 0.031205 0.005089 0.029060 0.866981 0.023704 0.004501 0.027486 0.004271 
0.002401 0.004759 0.000505 0.006107 0.978140 0.003833 0.000674 0.003117 0.000463 0.002597 0.005514 0.000613 0.007617 0.973833 0.004585 0.000778 0.003948 0.000514 0.008929 0.030916 0.003749 0.027041 0.877138 0.018322 0.005181 0.024598 0.004128 0.009616 0.033746 0.004175 0.030596 0.863478 0.020540 0.005793 0.027545 0.004511 
0.001953 0.005138 0.000425 0.005647 0.978515 0.003779 0.000425 0.003482 0.000637 0.002086 0.005837 0.000472 0.006744 0.974517 0.004632 0.000481 0.004496 0.000736 0.008068 0.033926 0.004586 0.027005 0.866418 0.022844 0.004925 0.027897 0.004331 0.008744 0.036707 0.005056 0.030137 0.852399 0.025756 0.005375 0.031018 0.004809 
0.001899 0.005996 0.000500 0.004547 0.978766 0.004197 0.000550 0.002998 0.000550 0.002109 0.006720 0.000613 0.005427 0.975279 0.004934 0.000606 0.003670 0.000642 0.007744 0.035024 0.004047 0.024532 0.870797 0.020734 0.003497 0.028678 0.004946 0.008520 0.037949 0.004567 0.027524 0.857243 0.023141 0.003879 0.031679 0.005499 
