0.005206 0.019434 0.003470 0.030887 0.901267 0.020302 0.002603 0.014576 0.002256 0.005990 0.022985 0.004060 0.035210 0.886835 0.023421 0.002789 0.016076 0.002635 0.014229 0.050495 0.010064 0.067847 0.745272 0.057262 0.008503 0.038522 0.007808 0.016159 0.056342 0.011257 0.075723 0.716888 0.063523 0.009611 0.041809 0.008689 
0.005502 0.018708 0.006131 0.022638 0.899701 0.022324 0.002830 0.016192 0.005974 0.006225 0.021283 0.007045 0.025957 0.886333 0.025015 0.003293 0.018163 0.006686 0.012105 0.051879 0.012419 0.052507 0.746895 0.060839 0.005031 0.046848 0.011476 0.013770 0.056810 0.014236 0.058089 0.720137 0.067140 0.005779 0.050965 0.013075 
0.004542 0.016058 0.006326 0.016869 0.913220 0.023844 0.000973 0.011841 0.006326 0.005453 0.017953 0.007429 0.019181 0.901719 0.026551 0.001054 0.013415 0.007246 0.011679 0.045093 0.011679 0.040065 0.774047 0.060178 0.002595 0.042660 0.012003 0.013606 0.049518 0.013382 0.044587 0.749719 0.066512 0.002891 0.045909 0.013875 
0.007214 0.014429 0.003771 0.019020 0.914740 0.021807 0.001804 0.013117 0.004099 0.008467 0.016511 0.004227 0.021568 0.903486 0.024438 0.002083 0.014716 0.004503 0.015412 0.039515 0.010494 0.047221 0.779800 0.053615 0.005247 0.040171 0.008526 0.018187 0.043390 0.011687 0.052298 0.755678 0.059212 0.005871 0.043958 0.009719 
0.006191 0.015305 0.001032 0.018573 0.927601 0.015993 0.001720 0.011866 0.001720 0.007135 0.017692 0.001135 0.021524 0.915870 0.018651 0.001954 0.014117 0.001923 0.011522 0.040413 0.005331 0.038521 0.819089 0.038005 0.005847 0.034394 0.006879 0.013315 0.044759 0.005827 0.044080 0.796438 0.043097 0.006489 0.038527 0.007468 
0.006647 0.020104 0.001783 0.021725 0.906291 0.019455 0.001946 0.017834 0.004215 0.007607 0.022733 0.001981 0.024822 0.893026 0.022476 0.002107 0.020589 0.004659 0.013294 0.053502 0.006647 0.048476 0.776102 0.040856 0.006647 0.045233 0.009241 0.015494 0.058060 0.007315 0.054392 0.750792 0.046337 0.007366 0.049777 0.010467 
0.009389 0.020163 0.002155 0.015546 0.910882 0.016007 0.002001 0.020317 0.003540 0.010936 0.022605 0.002497 0.018019 0.898454 0.018443 0.002355 0.022795 0.003896 0.016315 0.055564 0.006003 0.042173 0.768047 0.040172 0.005079 0.055564 0.011082 0.019326 0.059792 0.006776 0.046817 0.743321 0.045268 0.005946 0.060417 0.012337 
0.008202 0.014511 0.001262 0.020032 0.921293 0.014038 0.001420 0.017035 0.002208 0.009407 0.016447 0.001469 0.023072 0.909615 0.016441 0.001621 0.019313 0.002615 0.014196 0.051262 0.005521 0.055521 0.777445 0.036435 0.006309 0.046845 0.006467 0.016689 0.055435 0.006298 0.062264 0.752620 0.041079 0.007022 0.051284 0.007309 
0.006246 0.018258 0.000961 0.018738 0.923126 0.013773 0.002082 0.014254 0.002562 0.007244 0.020565 0.001153 0.021404 0.912524 0.015716 0.002430 0.016056 0.002907 0.012652 0.050128 0.004324 0.053812 0.782671 0.040038 0.004805 0.042601 0.008969 0.014555 0.054816 0.004906 0.059918 0.759439 0.044575 0.005428 0.046604 0.009759 
0.005393 0.016178 0.002062 0.018715 0.920698 0.016971 0.001903 0.015385 0.002696 0.006112 0.018580 0.002530 0.021099 0.910150 0.019181 0.002157 0.017117 0.003075 0.013006 0.045678 0.005710 0.048850 0.786360 0.042982 0.004282 0.045361 0.007772 0.015075 0.050045 0.006470 0.053964 0.763486 0.048051 0.004781 0.049082 0.009046 
0.004562 0.018902 0.002770 0.015317 0.928956 0.010917 0.002444 0.014339 0.001792 0.004930 0.021169 0.003343 0.017393 0.918311 0.013413 0.002644 0.016738 0.002058 0.010429 0.046440 0.005377 0.039107 0.814567 0.031123 0.005540 0.041877 0.005540 0.011820 0.051413 0.006479 0.044061 0.791889 0.035606 0.006267 0.046243 0.006223 
0.002976 0.012895 0.000992 0.014878 0.937841 0.014713 0.000992 0.012895 0.001818 0.003403 0.014594 0.001173 0.017262 0.928801 0.017010 0.001197 0.014629 0.001929 0.007274 0.039511 0.004629 0.039511 0.821293 0.039180 0.003472 0.039180 0.005951 0.008491 0.043163 0.005339 0.044710 0.800434 0.043963 0.003864 0.043340 0.006696 
0.002328 0.014801 0.001663 0.017628 0.935972 0.012972 0.001996 0.011309 0.001330 0.002513 0.016676 0.002028 0.020173 0.927365 0.014945 0.002192 0.012632 0.001475 0.009978 0.049060 0.005987 0.042242 0.801929 0.040080 0.005488 0.039914 0.005322 0.011040 0.053220 0.006880 0.047268 0.781924 0.044655 0.006036 0.043075 0.005902 
0.001428 0.007676 0.000179 0.011067 0.950375 0.014281 0.002321 0.011424 0.001250 0.001609 0.008417 0.000235 0.012426 0.944632 0.015772 0.002546 0.012856 0.001506 0.006962 0.028026 0.003392 0.032488 0.841307 0.042128 0.005355 0.035702 0.004641 0.007565 0.030051 0.003593 0.036395 0.824821 0.047100 0.005871 0.039071 0.005533 
0.000380 0.003992 0.000760 0.008175 0.972433 0.004563 0.001331 0.005703 0.002662 0.000450 0.004317 0.000854 0.009371 0.969177 0.005396 0.001484 0.006028 0.002923 0.003992 0.011787 0.001521 0.030798 0.911217 0.013308 0.003992 0.018061 0.005323 0.004419 0.012735 0.001697 0.034561 0.901459 0.015285 0.004338 0.019469 0.006037 
0.001444 0.008300 0.001985 0.009383 0.952364 0.016601 0.001804 0.006676 0.001444 0.001601 0.009821 0.002225 0.011086 0.943991 0.020041 0.002033 0.007400 0.001802 0.003428 0.024901 0.003970 0.020209 0.883977 0.035908 0.004511 0.018585 0.004511 0.003802 0.027926 0.004723 0.023528 0.867213 0.041832 0.005051 0.020580 0.005345 
0.000890 0.006582 0.000712 0.008717 0.954990 0.014410 0.002669 0.008184 0.002846 0.001056 0.007788 0.000754 0.010418 0.945979 0.017938 0.003023 0.009858 0.003187 0.003380 0.022416 0.004092 0.022416 0.889166 0.029176 0.004803 0.019036 0.005515 0.003689 0.025041 0.004516 0.025665 0.871508 0.035263 0.005710 0.022219 0.006389 
0.001592 0.009200 0.001592 0.008846 0.957183 0.013623 0.000708 0.004600 0.002654 0.001867 0.010703 0.001620 0.010313 0.949607 0.016945 0.000870 0.005010 0.003065 0.002654 0.022470 0.003362 0.020701 0.901982 0.023708 0.004069 0.014685 0.006369 0.003171 0.025141 0.003495 0.023988 0.887344 0.029267 0.004378 0.015730 0.007487 
0.003146 0.014901 0.001987 0.018046 0.928146 0.020530 0.000993 0.009437 0.002815 0.003586 0.018703 0.002383 0.022032 0.913004 0.024825 0.001023 0.011356 0.003088 0.006788 0.035762 0.005629 0.033278 0.843212 0.038576 0.002815 0.026987 0.006954 0.007511 0.041544 0.006517 0.039711 0.818060 0.045623 0.003023 0.030403 0.007607 
0.002706 0.016743 0.002368 0.018772 0.917977 0.024015 0.001691 0.012515 0.003213 0.003124 0.021124 0.002655 0.022777 0.901623 0.028808 0.001907 0.014364 0.003617 0.005919 0.032133 0.006427 0.035346 0.837815 0.045155 0.003382 0.026383 0.007441 0.006578 0.038825 0.007090 0.042738 0.809040 0.053859 0.003697 0.029695 0.008479 
0.005574 0.017869 0.003607 0.019672 0.904754 0.029836 0.003607 0.011475 0.003607 0.006253 0.023239 0.004116 0.023195 0.886012 0.036278 0.004060 0.012928 0.003920 0.009672 0.030164 0.007213 0.032951 0.826230 0.048525 0.006557 0.031311 0.007377 0.010976 0.037478 0.008049 0.039300 0.796207 0.058233 0.007188 0.034497 0.008072 
0.004149 0.019917 0.004149 0.023237 0.905726 0.027054 0.000996 0.011120 0.003651 0.004865 0.025933 0.004842 0.027544 0.886124 0.032463 0.001116 0.012834 0.004277 0.008797 0.034191 0.009295 0.036017 0.830041 0.042158 0.005643 0.026224 0.007635 0.009905 0.042537 0.010243 0.043307 0.798079 0.051351 0.006054 0.029513 0.009011 
0.001113 0.007607 0.001113 0.008720 0.961781 0.010390 0.001113 0.005751 0.002412 0.001191 0.009039 0.001316 0.010016 0.956339 0.011605 0.001180 0.006592 0.002722 0.003525 0.017069 0.005009 0.020408 0.894991 0.024861 0.004453 0.020037 0.009647 0.004050 0.019612 0.005358 0.022866 0.881784 0.028590 0.004812 0.022105 0.010823 
0.001945 0.006030 0.000195 0.006224 0.973157 0.006030 0.000973 0.004863 0.000584 0.002290 0.006725 0.000195 0.007384 0.968977 0.007121 0.000991 0.005715 0.000604 0.005641 0.019062 0.002334 0.016923 0.917915 0.016145 0.004279 0.014978 0.002723 0.006565 0.020921 0.002447 0.019523 0.907683 0.018680 0.004419 0.016793 0.002969 
0.001722 0.006315 0.001148 0.006506 0.972254 0.006315 0.000765 0.003827 0.001148 0.001830 0.007572 0.001300 0.008141 0.967077 0.007427 0.000821 0.004534 0.001297 0.003253 0.014543 0.003636 0.013969 0.924034 0.018370 0.003827 0.013012 0.005358 0.003489 0.016847 0.003850 0.016752 0.913417 0.020930 0.004108 0.014577 0.006030 
