0.000000 0.001163 0.000000 0.000000 0.995349 0.002326 0.000000 0.001163 0.000000 0.000000 0.001161 0.000000 0.000000 0.994050 0.003565 0.000000 0.001224 0.000000 0.002326 0.004651 0.001163 0.006977 0.963953 0.006977 0.002326 0.010465 0.001163 0.002395 0.004761 0.001286 0.008165 0.959019 0.009453 0.002453 0.011306 0.001163 
0.000000 0.000000 0.000000 0.000000 1.000000 0.000000 0.000000 0.000000 0.000000 0.000000 0.000000 0.000000 0.000000 1.000000 0.000000 0.000000 0.000000 0.000000 0.000000 0.011401 0.001629 0.003257 0.970684 0.004886 0.003257 0.004886 0.000000 0.000000 0.012512 0.001904 0.003422 0.968700 0.005032 0.003289 0.005140 0.000000 
0.000508 0.000508 0.000000 0.001524 0.996953 0.000000 0.000000 0.000508 0.000000 0.000661 0.000571 0.000000 0.001680 0.996433 0.000000 0.000000 0.000655 0.000000 0.004571 0.011681 0.004571 0.012189 0.937024 0.010665 0.004571 0.011173 0.003555 0.005067 0.012633 0.005052 0.013514 0.931422 0.011444 0.004838 0.012252 0.003778 
0.000000 0.000000 0.000000 0.000000 0.998875 0.001125 0.000000 0.000000 0.000000 0.000000 0.000000 0.000000 0.000000 0.998772 0.001228 0.000000 0.000000 0.000000 0.001125 0.007878 0.000563 0.004502 0.977490 0.003376 0.000000 0.003376 0.001688 0.001297 0.008458 0.000601 0.004780 0.975508 0.003825 0.000000 0.003812 0.001720 
0.000000 0.000474 0.000000 0.000000 0.997631 0.001421 0.000000 0.000474 0.000000 0.000000 0.000478 0.000000 0.000000 0.997104 0.001927 0.000000 0.000491 0.000000 0.003790 0.006632 0.002842 0.005685 0.950261 0.008053 0.005685 0.013738 0.003316 0.003919 0.007220 0.003067 0.006084 0.945817 0.009031 0.006054 0.015403 0.003406 
0.000000 0.000000 0.000000 0.000911 0.997722 0.001367 0.000000 0.000000 0.000000 0.000000 0.000000 0.000000 0.001031 0.997157 0.001812 0.000000 0.000000 0.000000 0.006834 0.020046 0.009567 0.027790 0.879271 0.022779 0.007745 0.019590 0.006378 0.007200 0.021267 0.010035 0.028909 0.872586 0.024632 0.008085 0.020542 0.006744 
0.000533 0.000000 0.000000 0.001066 0.997336 0.000000 0.000000 0.000533 0.000533 0.000567 0.000000 0.000000 0.001084 0.997262 0.000000 0.000000 0.000540 0.000547 0.003197 0.017581 0.005860 0.010655 0.927011 0.013319 0.001066 0.014917 0.006393 0.003381 0.018524 0.006058 0.011017 0.923530 0.013968 0.001099 0.015697 0.006727 
0.000000 0.000000 0.000000 0.000475 0.999050 0.000475 0.000000 0.000000 0.000000 0.000000 0.000000 0.000000 0.000475 0.998944 0.000581 0.000000 0.000000 0.000000 0.004748 0.010446 0.004748 0.017094 0.922127 0.017094 0.006173 0.013770 0.003799 0.004945 0.010905 0.005050 0.017730 0.918195 0.018111 0.006525 0.014419 0.004118 
0.000000 0.000000 0.000000 0.000494 0.999012 0.000494 0.000000 0.000000 0.000000 0.000000 0.000000 0.000000 0.000617 0.998877 0.000506 0.000000 0.000000 0.000000 0.003951 0.010370 0.003951 0.012346 0.939753 0.009383 0.003951 0.011852 0.004444 0.004182 0.010631 0.004172 0.013144 0.936191 0.009736 0.004388 0.012578 0.004978 
0.000000 0.000000 0.000000 0.000000 0.999423 0.000000 0.000000 0.000577 0.000000 0.000000 0.000000 0.000000 0.000000 0.999280 0.000000 0.000000 0.000720 0.000000 0.006344 0.010381 0.004614 0.012687 0.926182 0.013264 0.005190 0.016148 0.005190 0.006691 0.010793 0.004760 0.013044 0.922230 0.013654 0.005916 0.017499 0.005413 
0.000000 0.000468 0.000000 0.000000 0.996723 0.001404 0.000000 0.000936 0.000468 0.000000 0.000472 0.000000 0.000000 0.995250 0.001986 0.000000 0.001821 0.000470 0.007491 0.012640 0.002809 0.013109 0.927903 0.013577 0.005150 0.011704 0.005618 0.007758 0.013307 0.003046 0.013543 0.922552 0.015206 0.005361 0.013253 0.005973 
0.000000 0.000000 0.000000 0.000000 1.000000 0.000000 0.000000 0.000000 0.000000 0.000000 0.000000 0.000000 0.000000 1.000000 0.000000 0.000000 0.000000 0.000000 0.004793 0.013182 0.003595 0.013182 0.941881 0.009587 0.002397 0.008388 0.002996 0.004937 0.013897 0.003800 0.013882 0.939157 0.009906 0.002548 0.008768 0.003105 
0.000000 0.000793 0.000000 0.001189 0.995244 0.001189 0.000000 0.001585 0.000000 0.000000 0.001540 0.000000 0.001589 0.992745 0.001398 0.000000 0.002728 0.000000 0.014269 0.017043 0.007927 0.021007 0.881887 0.017440 0.006738 0.028141 0.005549 0.015039 0.018868 0.008195 0.022235 0.872999 0.018595 0.007241 0.031031 0.005796 
0.000412 0.001649 0.000000 0.001237 0.994227 0.000412 0.000000 0.000825 0.001237 0.000424 0.002262 0.000000 0.001294 0.992902 0.000466 0.000000 0.001277 0.001374 0.007010 0.016495 0.005361 0.013196 0.920825 0.014845 0.003299 0.012371 0.006598 0.007457 0.018525 0.005587 0.013942 0.914194 0.016024 0.003360 0.013357 0.007554 
0.000000 0.000000 0.000000 0.001391 0.989796 0.002319 0.001391 0.003711 0.001391 0.000000 0.000000 0.000000 0.002377 0.986160 0.003747 0.001597 0.004233 0.001885 0.002319 0.004174 0.001855 0.014378 0.948980 0.011132 0.005566 0.007885 0.003711 0.002520 0.004573 0.002043 0.016436 0.941587 0.013436 0.006034 0.008837 0.004533 
0.000000 0.000413 0.000413 0.000413 0.995460 0.002889 0.000000 0.000413 0.000000 0.000000 0.000452 0.000486 0.000412 0.994941 0.003127 0.000000 0.000581 0.000000 0.002889 0.006603 0.003302 0.012794 0.940157 0.011969 0.004953 0.012794 0.004540 0.002965 0.007143 0.003727 0.013986 0.935541 0.012809 0.005146 0.013712 0.004969 
0.000442 0.001768 0.000000 0.000884 0.996463 0.000000 0.000000 0.000442 0.000000 0.000559 0.002220 0.000000 0.001007 0.995754 0.000000 0.000000 0.000459 0.000000 0.004421 0.013263 0.005747 0.014589 0.930592 0.014147 0.004421 0.008400 0.004421 0.004827 0.014347 0.006103 0.015803 0.925572 0.014841 0.004714 0.009132 0.004660 
0.000000 0.000555 0.000000 0.000000 0.998335 0.000555 0.000000 0.000555 0.000000 0.000000 0.000585 0.000000 0.000000 0.998147 0.000605 0.000000 0.000664 0.000000 0.001110 0.005549 0.000555 0.004994 0.974473 0.004994 0.001665 0.004994 0.001665 0.001154 0.005760 0.000565 0.005510 0.972195 0.005488 0.001969 0.005642 0.001716 
0.000000 0.000967 0.000000 0.000000 0.999033 0.000000 0.000000 0.000000 0.000000 0.000000 0.001068 0.000000 0.000000 0.998932 0.000000 0.000000 0.000000 0.000000 0.004836 0.004836 0.000000 0.002901 0.985493 0.001934 0.000000 0.000000 0.000000 0.005509 0.005181 0.000000 0.003010 0.984301 0.001999 0.000000 0.000000 0.000000 
0.000000 0.000000 0.000000 0.000000 0.999209 0.000791 0.000000 0.000000 0.000000 0.000000 0.000000 0.000000 0.000000 0.999114 0.000886 0.000000 0.000000 0.000000 0.003953 0.007905 0.001581 0.006324 0.967589 0.005534 0.000000 0.005534 0.001581 0.004350 0.008102 0.001808 0.007024 0.964196 0.006310 0.000000 0.006407 0.001803 
0.000000 0.000000 0.000000 0.000000 0.993688 0.004509 0.000000 0.001803 0.000000 0.000000 0.000000 0.000000 0.000000 0.992339 0.005623 0.000000 0.002038 0.000000 0.000902 0.001803 0.000000 0.000000 0.972949 0.013526 0.000000 0.004509 0.006312 0.000920 0.001802 0.000000 0.000000 0.965826 0.018484 0.000000 0.005457 0.007511 
0.000000 0.000570 0.000000 0.000570 0.998291 0.000570 0.000000 0.000000 0.000000 0.000000 0.000711 0.000000 0.000763 0.997815 0.000711 0.000000 0.000000 0.000000 0.005128 0.012536 0.001709 0.007407 0.940741 0.005128 0.009117 0.015385 0.002849 0.005711 0.014643 0.001846 0.008139 0.934211 0.005820 0.009923 0.016608 0.003099 
0.000000 0.000751 0.000751 0.000000 0.998498 0.000000 0.000000 0.000000 0.000000 0.000000 0.000807 0.000805 0.000000 0.998388 0.000000 0.000000 0.000000 0.000000 0.002252 0.006757 0.003754 0.009009 0.967718 0.004505 0.000000 0.005255 0.000751 0.002329 0.007747 0.004518 0.010158 0.963928 0.004747 0.000000 0.005812 0.000761 
0.000000 0.000000 0.000000 0.000000 1.000000 0.000000 0.000000 0.000000 0.000000 0.000000 0.000000 0.000000 0.000000 1.000000 0.000000 0.000000 0.000000 0.000000 0.000000 0.006079 0.000000 0.003040 0.989362 0.000000 0.000000 0.001520 0.000000 0.000000 0.006522 0.000000 0.003271 0.988673 0.000000 0.000000 0.001534 0.000000 
0.000000 0.000000 0.000000 0.000000 0.998966 0.001034 0.000000 0.000000 0.000000 0.000000 0.000000 0.000000 0.000000 0.998736 0.001264 0.000000 0.000000 0.000000 0.000000 0.004137 0.003102 0.004137 0.968976 0.006205 0.001034 0.010341 0.002068 0.000000 0.004262 0.003196 0.004342 0.967406 0.006296 0.001087 0.011263 0.002147 
