0.000794 0.003968 0.000794 0.002381 0.984127 0.002381 0.000000 0.003175 0.002381 0.000820 0.004689 0.000954 0.003272 0.981673 0.002504 0.000000 0.003341 0.002746 0.007143 0.022222 0.001587 0.032540 0.866667 0.029365 0.011905 0.020635 0.007937 0.007894 0.024838 0.001633 0.036277 0.854458 0.030871 0.012294 0.023150 0.008584 
0.000887 0.002662 0.000000 0.003549 0.987578 0.000887 0.000887 0.002662 0.000887 0.000987 0.003649 0.000000 0.003832 0.985669 0.001080 0.001080 0.002795 0.000909 0.010648 0.017746 0.002662 0.030169 0.878438 0.026619 0.014197 0.016859 0.002662 0.011607 0.019623 0.002861 0.031788 0.869565 0.028038 0.015465 0.018362 0.002690 
0.000000 0.002453 0.000000 0.004906 0.982829 0.004906 0.000000 0.004906 0.000000 0.000000 0.002656 0.000000 0.006263 0.979664 0.005552 0.000000 0.005865 0.000000 0.005724 0.020442 0.003271 0.033524 0.850368 0.033524 0.008994 0.032706 0.011447 0.006335 0.021681 0.003259 0.038441 0.837152 0.036184 0.009335 0.035810 0.011802 
0.001876 0.002814 0.000938 0.004690 0.978424 0.006567 0.002814 0.000938 0.000938 0.001930 0.003115 0.001017 0.005222 0.976515 0.007337 0.002943 0.000972 0.000948 0.012195 0.026266 0.007505 0.043152 0.839587 0.028143 0.010319 0.024390 0.008443 0.012813 0.028677 0.007902 0.046805 0.828377 0.029818 0.010766 0.026219 0.008622 
0.001066 0.004264 0.001066 0.001066 0.987207 0.003198 0.001066 0.000000 0.001066 0.001073 0.004913 0.001118 0.001079 0.986399 0.003275 0.001072 0.000000 0.001071 0.008529 0.029851 0.005330 0.035181 0.844350 0.028785 0.011727 0.028785 0.007463 0.009120 0.032755 0.005594 0.036456 0.835974 0.029826 0.012249 0.030360 0.007665 
0.000800 0.001600 0.001600 0.004000 0.980800 0.000800 0.002400 0.007200 0.000800 0.000869 0.002086 0.001630 0.004644 0.978269 0.000808 0.002515 0.008373 0.000805 0.009600 0.021600 0.007200 0.039200 0.828800 0.034400 0.011200 0.041600 0.006400 0.009935 0.023433 0.007714 0.040547 0.818123 0.035219 0.012399 0.046050 0.006579 
0.002301 0.001151 0.001726 0.005754 0.980437 0.005178 0.000000 0.002877 0.000575 0.002482 0.001626 0.002237 0.006624 0.977537 0.005671 0.000000 0.003230 0.000592 0.006904 0.020138 0.010357 0.043728 0.844074 0.035673 0.004603 0.028769 0.005754 0.007299 0.021813 0.011947 0.047819 0.830796 0.038610 0.004783 0.030732 0.006202 
0.002313 0.005550 0.003700 0.007863 0.961147 0.013414 0.001388 0.004625 0.000000 0.002822 0.006392 0.004225 0.008665 0.956401 0.014898 0.001664 0.004933 0.000000 0.016189 0.029140 0.022202 0.046253 0.789084 0.055967 0.012488 0.020814 0.007863 0.018291 0.031958 0.025069 0.049377 0.770535 0.061225 0.013127 0.022214 0.008203 
0.001609 0.002682 0.002682 0.006438 0.972103 0.005365 0.003219 0.004828 0.001073 0.001695 0.002967 0.003117 0.007142 0.969494 0.005620 0.003302 0.005483 0.001178 0.014485 0.023069 0.016094 0.034871 0.830472 0.033262 0.015558 0.021459 0.010730 0.015304 0.024470 0.016662 0.036834 0.821107 0.035148 0.016279 0.022589 0.011607 
0.002545 0.007634 0.000848 0.011026 0.960984 0.008482 0.000000 0.004241 0.004241 0.002595 0.007846 0.000970 0.011819 0.958966 0.008882 0.000000 0.004513 0.004409 0.020356 0.037320 0.022901 0.039864 0.753181 0.050891 0.021204 0.033079 0.021204 0.020800 0.038809 0.023863 0.040958 0.744363 0.052882 0.022163 0.034298 0.021863 
0.003776 0.007553 0.001511 0.011329 0.959215 0.006798 0.003776 0.005287 0.000755 0.003955 0.008953 0.001538 0.012190 0.954669 0.008395 0.003929 0.005560 0.000810 0.018127 0.032477 0.012085 0.046828 0.766616 0.039275 0.024924 0.037009 0.022659 0.018982 0.035244 0.012590 0.049091 0.752884 0.042654 0.025929 0.038969 0.023657 
0.003071 0.004300 0.001229 0.010442 0.968059 0.004300 0.001229 0.005528 0.001843 0.003146 0.004547 0.001379 0.011617 0.965578 0.004588 0.001423 0.005818 0.001904 0.012285 0.030713 0.013514 0.045455 0.799754 0.028256 0.016585 0.040541 0.012899 0.012669 0.031757 0.014233 0.049012 0.788918 0.029931 0.018249 0.041838 0.013393 
0.000760 0.002281 0.000760 0.009886 0.975665 0.003042 0.002281 0.005323 0.000000 0.000803 0.002465 0.000850 0.011153 0.973111 0.003556 0.002324 0.005738 0.000000 0.012167 0.023574 0.009125 0.047148 0.830418 0.026616 0.012167 0.030418 0.008365 0.012579 0.024476 0.009560 0.052638 0.819367 0.027687 0.012402 0.032520 0.008771 
0.000000 0.000862 0.000000 0.001724 0.985345 0.005172 0.000862 0.006034 0.000000 0.000000 0.000894 0.000000 0.002397 0.983205 0.005679 0.000881 0.006943 0.000000 0.007759 0.013793 0.003448 0.033621 0.869828 0.030172 0.007759 0.025862 0.007759 0.007905 0.014541 0.003854 0.035612 0.859838 0.032645 0.008183 0.029164 0.008258 
0.000000 0.004035 0.000000 0.004035 0.985014 0.002305 0.000000 0.004035 0.000576 0.000000 0.004502 0.000000 0.004366 0.982500 0.002934 0.000000 0.005100 0.000597 0.000576 0.012680 0.002882 0.028242 0.906628 0.025360 0.005764 0.013833 0.004035 0.000596 0.014575 0.003056 0.030275 0.897012 0.027435 0.006207 0.016384 0.004460 
0.000544 0.004899 0.000544 0.001633 0.985302 0.002722 0.001633 0.001633 0.001089 0.000739 0.005444 0.000544 0.001747 0.983458 0.003220 0.001743 0.001984 0.001122 0.004355 0.015242 0.005444 0.040283 0.865542 0.026674 0.011432 0.023408 0.007621 0.004656 0.016821 0.005683 0.042700 0.856043 0.028854 0.012086 0.025188 0.007970 
0.003604 0.002703 0.000000 0.004505 0.981982 0.002703 0.000000 0.003604 0.000901 0.003669 0.003250 0.000000 0.004686 0.980398 0.003074 0.000000 0.004007 0.000916 0.008108 0.020721 0.003604 0.033333 0.879279 0.020721 0.004505 0.020721 0.009009 0.008574 0.023973 0.004173 0.035578 0.869877 0.021301 0.004644 0.022161 0.009718 
0.002451 0.003268 0.000817 0.004085 0.977941 0.002451 0.004085 0.003268 0.001634 0.002930 0.003540 0.000856 0.004442 0.975759 0.002505 0.004296 0.003956 0.001717 0.010621 0.016340 0.007353 0.031046 0.866830 0.022059 0.013072 0.024510 0.008170 0.012045 0.017620 0.007767 0.032480 0.857317 0.022633 0.014593 0.026844 0.008701 
0.000705 0.002819 0.000000 0.004933 0.986610 0.003524 0.000000 0.000705 0.000705 0.000718 0.003153 0.000000 0.006682 0.983570 0.004003 0.000000 0.001145 0.000729 0.008457 0.019027 0.004228 0.031008 0.874560 0.026075 0.006342 0.025370 0.004933 0.008808 0.020777 0.004494 0.034891 0.865109 0.027376 0.006731 0.026735 0.005079 
0.002549 0.003187 0.000000 0.002549 0.984704 0.003824 0.000637 0.002549 0.000000 0.002693 0.003584 0.000000 0.002986 0.982860 0.004102 0.000713 0.003063 0.000000 0.008286 0.018483 0.005099 0.024219 0.873168 0.026131 0.012110 0.024219 0.008286 0.009192 0.020857 0.005373 0.026175 0.862215 0.027599 0.012906 0.026902 0.008781 
0.000727 0.008721 0.001453 0.009448 0.967297 0.005087 0.002180 0.005087 0.000000 0.000742 0.009860 0.001484 0.011007 0.962872 0.006040 0.002501 0.005494 0.000000 0.014535 0.032703 0.016715 0.039971 0.784157 0.041424 0.020349 0.039971 0.010174 0.015274 0.035231 0.017304 0.043142 0.771673 0.043823 0.020986 0.042226 0.010340 
0.002246 0.005988 0.000749 0.005988 0.965569 0.009731 0.000749 0.005240 0.003743 0.002276 0.006816 0.000833 0.006777 0.962009 0.010514 0.000756 0.006147 0.003873 0.020210 0.039671 0.020210 0.049401 0.773204 0.042665 0.012725 0.026198 0.015719 0.020853 0.041166 0.021432 0.051563 0.762027 0.044263 0.013162 0.028836 0.016697 
0.003251 0.004551 0.000650 0.007152 0.967490 0.003901 0.002601 0.009103 0.001300 0.003390 0.005384 0.000660 0.007747 0.963550 0.004326 0.002600 0.011038 0.001306 0.017555 0.029909 0.013004 0.038362 0.807542 0.027308 0.018205 0.030559 0.017555 0.018395 0.031825 0.013578 0.039811 0.796821 0.028750 0.018868 0.033895 0.018059 
0.002937 0.007342 0.000000 0.011747 0.960352 0.005874 0.002937 0.005874 0.002937 0.003091 0.008198 0.000000 0.013804 0.956065 0.006302 0.003084 0.006409 0.003049 0.017621 0.039648 0.011747 0.052863 0.773128 0.030837 0.016887 0.038913 0.018355 0.018585 0.041515 0.012113 0.056751 0.760914 0.032769 0.017551 0.040554 0.019247 
0.006329 0.007120 0.001582 0.008703 0.962025 0.004747 0.002373 0.007120 0.000000 0.006653 0.007697 0.001613 0.010702 0.957954 0.005433 0.002456 0.007491 0.000000 0.018196 0.028481 0.018196 0.043513 0.768987 0.038766 0.021361 0.047468 0.015032 0.018641 0.030026 0.018849 0.047320 0.755144 0.041207 0.023063 0.049977 0.015773 
