0.000372 0.001163 0.000093 0.000977 0.995300 0.001117 0.000186 0.000791 0.000000 0.000407 0.001288 0.000109 0.001088 0.994718 0.001234 0.000213 0.000943 0.000000 0.001303 0.011028 0.000605 0.006049 0.964774 0.004793 0.001303 0.009400 0.000745 0.001509 0.012003 0.000740 0.006750 0.960777 0.005343 0.001507 0.010514 0.000857 
0.000081 0.001738 0.000040 0.000849 0.994623 0.000970 0.000364 0.001294 0.000040 0.000093 0.001895 0.000049 0.000927 0.994036 0.001148 0.000410 0.001400 0.000041 0.001981 0.017020 0.000809 0.006428 0.949909 0.006388 0.001536 0.015282 0.000647 0.002345 0.018456 0.000991 0.007206 0.944547 0.007216 0.001810 0.016693 0.000736 
0.000347 0.001349 0.000077 0.001580 0.993141 0.001657 0.000116 0.001580 0.000154 0.000404 0.001510 0.000087 0.001686 0.992439 0.001826 0.000122 0.001753 0.000174 0.001657 0.013293 0.000848 0.006743 0.957500 0.005972 0.000963 0.012022 0.001002 0.001913 0.014603 0.000979 0.007490 0.952764 0.006748 0.001093 0.013233 0.001176 
0.000296 0.001692 0.000085 0.001227 0.993485 0.001734 0.000085 0.001269 0.000127 0.000323 0.001918 0.000097 0.001358 0.992825 0.001819 0.000093 0.001417 0.000149 0.001650 0.015610 0.000761 0.006219 0.955159 0.006768 0.000846 0.012395 0.000592 0.001973 0.017176 0.000881 0.006994 0.950190 0.007467 0.000959 0.013635 0.000725 
0.000125 0.001747 0.000083 0.001373 0.994801 0.000499 0.000042 0.001289 0.000042 0.000140 0.002004 0.000093 0.001673 0.993964 0.000624 0.000042 0.001417 0.000043 0.001289 0.014849 0.000499 0.006447 0.959904 0.004201 0.001289 0.010939 0.000582 0.001482 0.016292 0.000613 0.007467 0.955123 0.004826 0.001460 0.012086 0.000651 
0.000235 0.001527 0.000196 0.001174 0.994754 0.000470 0.000157 0.001370 0.000117 0.000279 0.001687 0.000226 0.001303 0.994059 0.000543 0.000179 0.001598 0.000125 0.001918 0.016872 0.000626 0.008103 0.950362 0.005989 0.001448 0.013858 0.000822 0.002201 0.018351 0.000730 0.008979 0.945365 0.006625 0.001624 0.015177 0.000948 
0.000315 0.001393 0.000090 0.000539 0.995596 0.000719 0.000180 0.001168 0.000000 0.000376 0.001573 0.000093 0.000640 0.994960 0.000847 0.000191 0.001320 0.000000 0.001078 0.014020 0.000764 0.005842 0.962074 0.004044 0.000854 0.010650 0.000674 0.001242 0.015359 0.000919 0.006624 0.957690 0.004630 0.001019 0.011734 0.000783 
0.000166 0.000997 0.000208 0.001288 0.995389 0.000872 0.000125 0.000872 0.000083 0.000197 0.001134 0.000235 0.001401 0.994776 0.001081 0.000139 0.000937 0.000100 0.001122 0.011798 0.000789 0.005816 0.964731 0.004528 0.000457 0.010219 0.000540 0.001287 0.012952 0.000935 0.006491 0.960723 0.005335 0.000509 0.011129 0.000640 
0.000164 0.001186 0.000245 0.002290 0.994602 0.000368 0.000041 0.000981 0.000123 0.000173 0.001339 0.000272 0.002470 0.994053 0.000436 0.000041 0.001085 0.000130 0.001268 0.012882 0.001186 0.006993 0.961641 0.004376 0.000450 0.010305 0.000900 0.001466 0.014108 0.001377 0.007862 0.957362 0.004969 0.000501 0.011336 0.001020 
0.000297 0.001612 0.000085 0.001272 0.994953 0.000636 0.000170 0.000848 0.000127 0.000348 0.001798 0.000106 0.001477 0.994178 0.000781 0.000199 0.000966 0.000146 0.001527 0.016669 0.000976 0.007592 0.956101 0.004750 0.000848 0.010561 0.000976 0.001785 0.018264 0.001087 0.008653 0.951117 0.005434 0.000960 0.011533 0.001167 
0.000559 0.001559 0.000120 0.000999 0.994885 0.000719 0.000200 0.000839 0.000120 0.000664 0.001742 0.000148 0.001170 0.994053 0.000882 0.000264 0.000945 0.000133 0.002278 0.014627 0.000879 0.007073 0.957399 0.004955 0.000839 0.011310 0.000639 0.002743 0.015951 0.001009 0.008084 0.952423 0.005724 0.000992 0.012323 0.000751 
0.000238 0.001623 0.000079 0.001306 0.993864 0.001188 0.000277 0.001227 0.000198 0.000262 0.001798 0.000096 0.001557 0.992983 0.001372 0.000313 0.001406 0.000213 0.001465 0.013103 0.000990 0.008353 0.956930 0.005463 0.001029 0.011916 0.000752 0.001737 0.014507 0.001162 0.009650 0.951287 0.006336 0.001210 0.013186 0.000925 
0.000207 0.001325 0.000166 0.000953 0.994326 0.001284 0.000414 0.001118 0.000207 0.000232 0.001485 0.000194 0.001081 0.993599 0.001470 0.000462 0.001239 0.000238 0.001698 0.014909 0.000911 0.007413 0.956225 0.004970 0.001201 0.011969 0.000704 0.001966 0.016235 0.001073 0.008298 0.951111 0.005756 0.001481 0.013230 0.000851 
0.000087 0.001172 0.000217 0.000998 0.995401 0.000955 0.000087 0.000998 0.000087 0.000095 0.001310 0.000281 0.001129 0.994707 0.001133 0.000090 0.001163 0.000093 0.001432 0.011151 0.000955 0.006248 0.964594 0.004513 0.000651 0.009806 0.000651 0.001603 0.012264 0.001135 0.007116 0.960366 0.005208 0.000743 0.010790 0.000776 
0.000259 0.001081 0.000173 0.000865 0.995978 0.000735 0.000043 0.000735 0.000130 0.000294 0.001246 0.000221 0.001015 0.995371 0.000854 0.000056 0.000800 0.000143 0.002205 0.014876 0.001038 0.006659 0.957016 0.005622 0.000865 0.010941 0.000778 0.002537 0.016172 0.001240 0.007554 0.952331 0.006357 0.000977 0.011939 0.000892 
0.000129 0.001122 0.000129 0.000906 0.995211 0.001036 0.000129 0.001036 0.000302 0.000136 0.001243 0.000160 0.001035 0.994450 0.001304 0.000153 0.001180 0.000339 0.002503 0.012125 0.000561 0.007163 0.960390 0.005221 0.000949 0.010097 0.000992 0.002851 0.013238 0.000643 0.008119 0.955589 0.006167 0.001076 0.011121 0.001195 
0.000243 0.000892 0.000162 0.001176 0.994607 0.000973 0.000081 0.001663 0.000203 0.000296 0.000993 0.000180 0.001377 0.993752 0.001197 0.000094 0.001883 0.000228 0.001906 0.010706 0.001054 0.007543 0.959611 0.005474 0.000811 0.011882 0.001014 0.002245 0.011790 0.001164 0.008623 0.954539 0.006321 0.000922 0.013176 0.001220 
0.000285 0.001305 0.000041 0.001998 0.993885 0.001019 0.000163 0.001223 0.000082 0.000314 0.001470 0.000058 0.002216 0.993075 0.001175 0.000185 0.001410 0.000097 0.002405 0.012842 0.000897 0.008643 0.956947 0.005463 0.000938 0.011130 0.000734 0.002770 0.014025 0.001039 0.009736 0.951749 0.006293 0.001115 0.012406 0.000869 
0.000120 0.001485 0.000201 0.002127 0.994061 0.000762 0.000241 0.000923 0.000080 0.000143 0.001667 0.000236 0.002370 0.993230 0.000921 0.000290 0.001055 0.000088 0.001485 0.013523 0.001003 0.008467 0.957626 0.005497 0.000682 0.010995 0.000722 0.001695 0.014960 0.001214 0.009529 0.952570 0.006270 0.000819 0.012121 0.000822 
0.000236 0.001181 0.000118 0.001378 0.995157 0.000748 0.000118 0.000827 0.000236 0.000246 0.001305 0.000131 0.001547 0.994546 0.000894 0.000137 0.000923 0.000270 0.001929 0.013742 0.000669 0.008505 0.956137 0.005355 0.000591 0.011970 0.001102 0.002261 0.014890 0.000792 0.009560 0.951291 0.006103 0.000690 0.013140 0.001274 
0.000229 0.000954 0.000381 0.002098 0.994240 0.001182 0.000038 0.000839 0.000038 0.000257 0.001056 0.000413 0.002261 0.993516 0.001446 0.000049 0.000957 0.000046 0.001526 0.014990 0.001373 0.008353 0.955449 0.005912 0.000458 0.011214 0.000725 0.001771 0.016424 0.001591 0.009275 0.950377 0.006909 0.000560 0.012207 0.000886 
0.000360 0.001282 0.000200 0.001682 0.994432 0.000921 0.000080 0.000921 0.000120 0.000405 0.001400 0.000218 0.001853 0.993760 0.001066 0.000091 0.001069 0.000138 0.002283 0.013578 0.000601 0.007931 0.956941 0.005327 0.000441 0.011816 0.001081 0.002613 0.014928 0.000718 0.009023 0.951722 0.006159 0.000506 0.013025 0.001306 
0.000111 0.001291 0.000184 0.001143 0.994763 0.000996 0.000369 0.000996 0.000148 0.000127 0.001431 0.000213 0.001329 0.994070 0.001163 0.000412 0.001096 0.000160 0.001623 0.013940 0.001217 0.007191 0.954602 0.006675 0.001586 0.012096 0.001069 0.001896 0.015210 0.001472 0.008258 0.949154 0.007593 0.001844 0.013319 0.001253 
0.000212 0.000741 0.000176 0.001588 0.993188 0.002683 0.000318 0.000988 0.000106 0.000226 0.000826 0.000203 0.001770 0.992473 0.002908 0.000365 0.001115 0.000113 0.001694 0.011542 0.000635 0.006848 0.958808 0.007836 0.001024 0.010448 0.001165 0.001971 0.012601 0.000732 0.007743 0.953967 0.008845 0.001222 0.011546 0.001373 
0.000412 0.001011 0.000150 0.001199 0.995169 0.000712 0.000150 0.001124 0.000075 0.000456 0.001140 0.000164 0.001359 0.994508 0.000812 0.000165 0.001316 0.000080 0.002285 0.012434 0.001124 0.007903 0.956217 0.006479 0.001311 0.011161 0.001086 0.002627 0.013585 0.001339 0.008990 0.950893 0.007271 0.001570 0.012470 0.001254 
0.000336 0.000784 0.000187 0.001830 0.995219 0.000635 0.000075 0.000784 0.000149 0.000399 0.000859 0.000206 0.001956 0.994614 0.000767 0.000081 0.000956 0.000161 0.002055 0.010422 0.001195 0.008554 0.960777 0.004968 0.001009 0.010422 0.000598 0.002429 0.011401 0.001367 0.009420 0.956221 0.005718 0.001161 0.011591 0.000691 
0.000447 0.001267 0.000112 0.001901 0.994409 0.000857 0.000112 0.000783 0.000112 0.000511 0.001469 0.000127 0.002057 0.993757 0.000944 0.000124 0.000889 0.000122 0.001826 0.010995 0.001044 0.008498 0.958667 0.005777 0.000894 0.011218 0.001081 0.002091 0.012422 0.001235 0.009508 0.953597 0.006465 0.001030 0.012405 0.001247 
0.000226 0.000981 0.000113 0.002225 0.994644 0.000754 0.000189 0.000868 0.000000 0.000262 0.001114 0.000127 0.002442 0.993982 0.000885 0.000207 0.000982 0.000000 0.001961 0.010260 0.000679 0.007884 0.962582 0.004904 0.001132 0.009807 0.000792 0.002251 0.011419 0.000788 0.008807 0.958112 0.005606 0.001345 0.010792 0.000881 
0.000220 0.001211 0.000257 0.002386 0.993797 0.000954 0.000110 0.000991 0.000073 0.000265 0.001361 0.000303 0.002606 0.992989 0.001167 0.000131 0.001097 0.000082 0.001652 0.012737 0.000991 0.007598 0.960283 0.005616 0.000808 0.009617 0.000697 0.001878 0.014000 0.001205 0.008618 0.955299 0.006552 0.000943 0.010693 0.000813 
0.000249 0.000854 0.000107 0.002063 0.994203 0.001174 0.000249 0.000925 0.000178 0.000280 0.000937 0.000128 0.002308 0.993368 0.001430 0.000261 0.001079 0.000209 0.001672 0.012519 0.000889 0.007682 0.958104 0.007042 0.000996 0.009887 0.001209 0.001964 0.013634 0.001048 0.008613 0.952923 0.008184 0.001164 0.011038 0.001433 
0.000292 0.001206 0.000183 0.001681 0.994700 0.000877 0.000146 0.000804 0.000110 0.000331 0.001344 0.000198 0.001945 0.993869 0.001065 0.000182 0.000950 0.000116 0.002047 0.011001 0.001060 0.008479 0.956909 0.006323 0.001243 0.011951 0.000987 0.002367 0.012152 0.001222 0.009591 0.951835 0.007123 0.001419 0.013154 0.001136 
0.000226 0.001358 0.000113 0.001698 0.994190 0.000981 0.000113 0.001283 0.000038 0.000260 0.001556 0.000125 0.001914 0.993344 0.001184 0.000142 0.001438 0.000038 0.001811 0.011129 0.000981 0.007470 0.959860 0.005583 0.001132 0.011205 0.000830 0.002126 0.012320 0.001134 0.008521 0.954592 0.006528 0.001390 0.012418 0.000971 
0.000277 0.001178 0.000277 0.001525 0.994837 0.000728 0.000208 0.000901 0.000069 0.000304 0.001359 0.000326 0.001672 0.994104 0.000907 0.000240 0.001004 0.000082 0.001698 0.012370 0.001386 0.008732 0.955128 0.006376 0.000936 0.012474 0.000901 0.001921 0.013699 0.001614 0.009786 0.949722 0.007358 0.001117 0.013712 0.001072 
0.000359 0.001184 0.000215 0.001758 0.993900 0.000789 0.000431 0.001220 0.000144 0.000411 0.001313 0.000251 0.001982 0.992994 0.000983 0.000495 0.001403 0.000166 0.002691 0.013957 0.001112 0.009580 0.951455 0.006997 0.001507 0.011912 0.000789 0.003130 0.015243 0.001300 0.010884 0.945634 0.007989 0.001776 0.013075 0.000968 
0.000506 0.001662 0.000325 0.000903 0.993714 0.000903 0.000470 0.001409 0.000108 0.000565 0.001833 0.000375 0.001027 0.992833 0.001056 0.000548 0.001641 0.000122 0.003034 0.016003 0.001300 0.008562 0.948378 0.008345 0.001409 0.011849 0.001120 0.003554 0.017584 0.001576 0.009662 0.942015 0.009458 0.001681 0.013166 0.001303 
0.000182 0.001932 0.000292 0.001276 0.994057 0.000693 0.000292 0.001167 0.000109 0.000203 0.002260 0.000345 0.001541 0.993046 0.000783 0.000343 0.001357 0.000122 0.002808 0.014111 0.001531 0.007110 0.952308 0.006964 0.001568 0.012616 0.000984 0.003239 0.015592 0.001843 0.008231 0.946189 0.007906 0.001852 0.013993 0.001155 
0.000658 0.002217 0.000208 0.001836 0.991342 0.001558 0.000485 0.001558 0.000139 0.000762 0.002591 0.000227 0.002068 0.990101 0.001775 0.000549 0.001752 0.000176 0.002355 0.018009 0.001628 0.007827 0.944518 0.008104 0.002597 0.013645 0.001316 0.002756 0.019928 0.001926 0.008973 0.937610 0.009172 0.002985 0.015135 0.001515 
0.000283 0.001452 0.000461 0.001240 0.993730 0.001417 0.000177 0.001134 0.000106 0.000327 0.001601 0.000512 0.001459 0.992841 0.001618 0.000198 0.001326 0.000117 0.001736 0.012611 0.001736 0.006872 0.954231 0.007758 0.001594 0.012399 0.001063 0.002053 0.013948 0.001992 0.007807 0.948758 0.008693 0.001883 0.013641 0.001225 
0.000233 0.001534 0.000267 0.001567 0.992232 0.002301 0.000400 0.001367 0.000100 0.000272 0.001716 0.000307 0.001820 0.991164 0.002564 0.000446 0.001597 0.000115 0.002000 0.014470 0.001567 0.009035 0.948255 0.009169 0.001834 0.012536 0.001134 0.002309 0.016016 0.001819 0.010231 0.941964 0.010344 0.002127 0.013889 0.001300 
0.000358 0.002007 0.000537 0.001756 0.991185 0.002186 0.000537 0.001254 0.000179 0.000439 0.002294 0.000644 0.002052 0.989774 0.002527 0.000651 0.001427 0.000193 0.002329 0.017307 0.002042 0.008707 0.943670 0.008743 0.002795 0.013222 0.001182 0.002741 0.019052 0.002412 0.010044 0.936460 0.010027 0.003282 0.014645 0.001337 
0.000516 0.001377 0.000448 0.001584 0.992461 0.001893 0.000413 0.001170 0.000138 0.000568 0.001575 0.000492 0.001792 0.991454 0.002171 0.000480 0.001314 0.000154 0.001893 0.014975 0.002065 0.008365 0.944852 0.009570 0.002272 0.014630 0.001377 0.002235 0.016453 0.002465 0.009578 0.938065 0.010841 0.002716 0.016081 0.001565 
0.000511 0.001635 0.000511 0.002146 0.991979 0.001839 0.000307 0.000920 0.000153 0.000565 0.001852 0.000572 0.002486 0.990873 0.002083 0.000369 0.001042 0.000158 0.002657 0.015481 0.001839 0.011393 0.943034 0.009043 0.001533 0.014101 0.000920 0.003078 0.017039 0.002220 0.013085 0.935911 0.010172 0.001838 0.015603 0.001053 
