0.001048 0.008386 0.001048 0.013627 0.945493 0.012928 0.001398 0.014326 0.001747 0.001106 0.011063 0.001123 0.016228 0.932632 0.015264 0.001577 0.019141 0.001866 0.005940 0.021314 0.005241 0.042977 0.850454 0.031447 0.006289 0.030748 0.005590 0.006337 0.025707 0.005913 0.048493 0.827318 0.035556 0.006759 0.038041 0.005876 
0.001840 0.016194 0.001472 0.015090 0.942216 0.011042 0.001472 0.008465 0.002208 0.002102 0.021950 0.001571 0.017704 0.927626 0.013548 0.001815 0.011192 0.002493 0.009201 0.035333 0.009201 0.037173 0.825543 0.036437 0.009569 0.026132 0.011410 0.009648 0.044813 0.009619 0.041654 0.800450 0.040519 0.010575 0.030342 0.012380 
0.001957 0.014481 0.002740 0.012524 0.933855 0.014481 0.001957 0.013699 0.004305 0.002189 0.019258 0.003114 0.014405 0.918627 0.017124 0.002489 0.017998 0.004797 0.008611 0.037182 0.007436 0.035616 0.800783 0.046575 0.009393 0.039922 0.014481 0.009582 0.045396 0.008172 0.038945 0.773772 0.051601 0.010300 0.046823 0.015408 
0.002336 0.018984 0.000876 0.016063 0.936624 0.010514 0.001752 0.012266 0.000584 0.002413 0.025409 0.001029 0.019126 0.920206 0.012616 0.001912 0.016641 0.000648 0.010514 0.037675 0.005549 0.053154 0.798189 0.042640 0.008762 0.034171 0.009346 0.011381 0.047027 0.006006 0.059065 0.770695 0.045766 0.009479 0.040560 0.010022 
0.000320 0.013756 0.002559 0.015675 0.940179 0.011516 0.001919 0.013436 0.000640 0.000374 0.020591 0.002790 0.018475 0.923805 0.013148 0.002082 0.018076 0.000659 0.007038 0.033589 0.012156 0.044786 0.812860 0.043186 0.007678 0.031350 0.007358 0.007308 0.043435 0.012899 0.050217 0.784551 0.046454 0.008126 0.038597 0.008413 
0.002466 0.010919 0.001409 0.014089 0.943994 0.012328 0.002113 0.011624 0.001057 0.002725 0.014635 0.001456 0.015735 0.933459 0.013393 0.002355 0.015112 0.001130 0.011272 0.026066 0.006692 0.041564 0.821768 0.044030 0.011272 0.027474 0.009863 0.012325 0.032119 0.007030 0.045543 0.798939 0.048072 0.012334 0.033186 0.010451 
0.000741 0.007410 0.004446 0.007040 0.953316 0.011856 0.002964 0.009263 0.002964 0.000948 0.008801 0.004858 0.007437 0.946316 0.013970 0.003141 0.011203 0.003327 0.008151 0.023712 0.012227 0.036680 0.838459 0.033716 0.010745 0.029641 0.006669 0.008687 0.026252 0.013161 0.038556 0.823436 0.037488 0.011592 0.033419 0.007409 
0.002309 0.006596 0.002309 0.013522 0.954815 0.010224 0.000989 0.007586 0.001649 0.002552 0.007780 0.002553 0.015283 0.947102 0.011963 0.000989 0.010000 0.001778 0.006266 0.020119 0.008575 0.041557 0.845976 0.029024 0.008905 0.032982 0.006596 0.006794 0.022403 0.009208 0.044932 0.830362 0.032114 0.009508 0.037853 0.006825 
0.000790 0.012638 0.001975 0.013033 0.939179 0.015798 0.002370 0.012638 0.001580 0.000842 0.017412 0.002051 0.015210 0.926790 0.018815 0.002414 0.014814 0.001653 0.006319 0.040284 0.008689 0.043839 0.808452 0.046603 0.009084 0.028831 0.007899 0.006425 0.047221 0.009097 0.047921 0.786869 0.051589 0.009406 0.033226 0.008247 
0.002948 0.006880 0.000491 0.010811 0.959705 0.010319 0.000983 0.006388 0.001474 0.003184 0.009215 0.000488 0.013278 0.950240 0.012781 0.001394 0.007849 0.001572 0.007862 0.027518 0.004423 0.031941 0.858477 0.029975 0.008354 0.020147 0.011302 0.008473 0.031600 0.004663 0.036285 0.840293 0.034406 0.009000 0.023161 0.012119 
0.001479 0.011336 0.000493 0.009857 0.952193 0.011336 0.001971 0.009364 0.001971 0.001487 0.014342 0.000559 0.011492 0.942975 0.013299 0.002351 0.011419 0.002076 0.008379 0.035978 0.006407 0.032035 0.832923 0.032035 0.011336 0.032035 0.008871 0.008493 0.040759 0.006687 0.035700 0.815722 0.035061 0.012155 0.036036 0.009386 
0.001538 0.007692 0.002564 0.011282 0.959487 0.008205 0.001026 0.007692 0.000513 0.001583 0.009671 0.002733 0.012855 0.953406 0.009154 0.001060 0.009003 0.000535 0.012308 0.027179 0.012308 0.034359 0.838462 0.034359 0.010769 0.024615 0.005641 0.012711 0.030276 0.012867 0.037912 0.825133 0.036430 0.011624 0.027286 0.005761 
0.000595 0.007729 0.000595 0.005945 0.961950 0.011296 0.001189 0.007729 0.002973 0.000692 0.009224 0.000694 0.006060 0.956424 0.013639 0.001280 0.008890 0.003098 0.007134 0.036266 0.005351 0.024970 0.846017 0.033888 0.009512 0.029727 0.007134 0.007617 0.038688 0.005693 0.025996 0.834423 0.037746 0.009959 0.032247 0.007631 
0.001989 0.005968 0.001326 0.005305 0.970159 0.006631 0.000663 0.005968 0.001989 0.002009 0.006271 0.001509 0.005848 0.968153 0.007017 0.000693 0.006401 0.002099 0.011936 0.029178 0.007294 0.026525 0.848143 0.028515 0.005305 0.028515 0.014589 0.012289 0.030607 0.007969 0.028289 0.839967 0.029905 0.005470 0.030558 0.014945 
0.001115 0.008919 0.001115 0.007246 0.967670 0.007246 0.000557 0.005017 0.001115 0.001146 0.010052 0.001167 0.008128 0.963533 0.007520 0.000575 0.006598 0.001280 0.011148 0.032330 0.008361 0.033445 0.841695 0.030658 0.007246 0.027313 0.007804 0.011806 0.034839 0.009035 0.035631 0.829983 0.032398 0.007443 0.030823 0.008042 
0.001267 0.008233 0.001267 0.010133 0.961368 0.006333 0.001267 0.006966 0.003167 0.001330 0.009430 0.001558 0.010864 0.957778 0.006797 0.001276 0.007725 0.003244 0.006966 0.034832 0.012033 0.034199 0.824573 0.037365 0.006966 0.029766 0.013300 0.007470 0.037225 0.012984 0.036006 0.813625 0.039699 0.007221 0.031513 0.014258 
0.001052 0.008943 0.001052 0.010521 0.957917 0.008943 0.001578 0.009995 0.000000 0.001063 0.009883 0.001173 0.012010 0.950881 0.009566 0.001715 0.013708 0.000000 0.011047 0.025776 0.007365 0.035771 0.835350 0.032088 0.009995 0.035771 0.006839 0.011387 0.027926 0.007910 0.039911 0.820205 0.033874 0.010497 0.041338 0.006952 
0.002210 0.010168 0.000442 0.009726 0.958444 0.007515 0.000884 0.007958 0.002653 0.002552 0.013323 0.000610 0.011238 0.949515 0.008172 0.001100 0.010667 0.002823 0.010610 0.035367 0.010168 0.047745 0.805482 0.038019 0.010610 0.032714 0.009284 0.011216 0.041134 0.010618 0.051084 0.787841 0.039903 0.011044 0.037542 0.009617 
0.000540 0.004857 0.002698 0.007016 0.964382 0.011873 0.001079 0.005936 0.001619 0.000629 0.006051 0.002729 0.007302 0.959810 0.013151 0.001242 0.007295 0.001790 0.007016 0.028602 0.010254 0.034539 0.844037 0.034539 0.010254 0.022126 0.008635 0.007545 0.031626 0.010833 0.036950 0.830829 0.037252 0.010758 0.024890 0.009316 
0.001073 0.011803 0.001609 0.008047 0.954399 0.012339 0.002146 0.006974 0.001609 0.001162 0.016204 0.001751 0.008823 0.945603 0.013555 0.002248 0.008912 0.001743 0.009120 0.033798 0.005901 0.037017 0.821888 0.036481 0.010730 0.039163 0.005901 0.009707 0.040062 0.006318 0.039207 0.803781 0.039606 0.011501 0.043452 0.006365 
0.000518 0.013472 0.001554 0.008808 0.950777 0.009326 0.000518 0.013472 0.001554 0.000545 0.016722 0.001721 0.009396 0.942526 0.010314 0.000573 0.016638 0.001564 0.011399 0.036788 0.009326 0.029016 0.822798 0.034715 0.011917 0.034197 0.009845 0.011989 0.041389 0.010051 0.030999 0.806011 0.037015 0.012590 0.039671 0.010286 
0.001681 0.012325 0.000000 0.009524 0.950700 0.011204 0.001681 0.009524 0.003361 0.001722 0.014533 0.000000 0.010528 0.944111 0.012551 0.001779 0.011181 0.003595 0.007843 0.031373 0.007283 0.048739 0.802241 0.040896 0.014566 0.034734 0.012325 0.008277 0.035817 0.007523 0.051296 0.785718 0.044248 0.015931 0.038347 0.012843 
0.001726 0.013234 0.000575 0.006904 0.951093 0.017837 0.002877 0.005178 0.000575 0.001756 0.016442 0.000576 0.007904 0.943108 0.019928 0.003041 0.006643 0.000603 0.012083 0.042002 0.009781 0.038550 0.812428 0.042578 0.014960 0.022440 0.005178 0.012919 0.046629 0.010592 0.041069 0.796367 0.046072 0.016280 0.024146 0.005926 
0.001582 0.008703 0.001582 0.007911 0.965981 0.006329 0.000000 0.006329 0.001582 0.001692 0.009826 0.001605 0.008383 0.961851 0.007212 0.000000 0.007809 0.001622 0.011076 0.026108 0.000791 0.023734 0.878956 0.022152 0.005538 0.026108 0.005538 0.011652 0.028523 0.000899 0.025570 0.868422 0.024567 0.005668 0.029020 0.005678 
0.000491 0.005888 0.000491 0.006869 0.971050 0.003925 0.001472 0.008832 0.000981 0.000534 0.006797 0.000523 0.007994 0.965495 0.004868 0.001537 0.011203 0.001048 0.006379 0.025515 0.007851 0.029441 0.857704 0.023553 0.013248 0.028459 0.007851 0.006724 0.027931 0.008588 0.032123 0.842895 0.026348 0.014267 0.032743 0.008381 
0.001097 0.008228 0.000000 0.008777 0.964893 0.007680 0.001097 0.007680 0.000549 0.001471 0.009805 0.000000 0.009811 0.959676 0.008268 0.001237 0.009086 0.000646 0.006034 0.023039 0.007680 0.033461 0.855732 0.032364 0.008228 0.029622 0.003840 0.006638 0.026077 0.008037 0.036596 0.842773 0.034849 0.008732 0.032238 0.004060 
0.000654 0.005882 0.000654 0.004575 0.981699 0.001961 0.000000 0.004575 0.000000 0.000679 0.006401 0.000687 0.005231 0.979220 0.002018 0.000000 0.005763 0.000000 0.003268 0.018954 0.001307 0.015686 0.929412 0.013072 0.003268 0.013072 0.001961 0.003368 0.021143 0.001384 0.017184 0.922197 0.013873 0.003669 0.015121 0.002061 
0.000689 0.004824 0.000689 0.003446 0.978635 0.002757 0.000689 0.008270 0.000000 0.001027 0.005701 0.000737 0.004320 0.974106 0.003288 0.000711 0.010111 0.000000 0.005513 0.022054 0.004135 0.009649 0.915920 0.012405 0.004824 0.024121 0.001378 0.006385 0.024218 0.004658 0.010943 0.906259 0.013791 0.004976 0.027384 0.001386 
0.000818 0.005728 0.000000 0.006547 0.974632 0.004910 0.000000 0.006547 0.000818 0.000863 0.006538 0.000000 0.008290 0.970348 0.005766 0.000000 0.007241 0.000954 0.004910 0.027005 0.002455 0.022913 0.895254 0.020458 0.005728 0.016367 0.004910 0.005212 0.028961 0.002815 0.026011 0.885220 0.022456 0.006344 0.017910 0.005071 
0.000000 0.004647 0.002788 0.001859 0.982342 0.004647 0.000000 0.002788 0.000929 0.000000 0.005516 0.002998 0.002546 0.979103 0.005217 0.000000 0.003310 0.001309 0.002788 0.013011 0.005576 0.015799 0.921933 0.013011 0.006506 0.013941 0.007435 0.002986 0.015152 0.006002 0.017502 0.913884 0.014495 0.006628 0.015184 0.008166 
0.000808 0.006467 0.000808 0.012126 0.968472 0.003234 0.000808 0.007276 0.000000 0.000833 0.007799 0.000822 0.013449 0.963631 0.003609 0.001207 0.008651 0.000000 0.003234 0.030719 0.004042 0.023444 0.884398 0.017785 0.007276 0.024252 0.004850 0.003426 0.033437 0.004798 0.025995 0.873150 0.018680 0.008189 0.027188 0.005137 
0.000000 0.004301 0.000717 0.010753 0.969892 0.005018 0.000717 0.008602 0.000000 0.000000 0.005517 0.000767 0.012303 0.964455 0.005705 0.000858 0.010395 0.000000 0.005735 0.024373 0.003584 0.020072 0.901075 0.015771 0.009319 0.017204 0.002867 0.006028 0.026761 0.003852 0.022836 0.890595 0.017214 0.009772 0.019823 0.003121 
0.001528 0.009167 0.000764 0.002292 0.971734 0.004584 0.000764 0.008403 0.000764 0.001926 0.009905 0.000807 0.002744 0.966496 0.006568 0.000792 0.010000 0.000762 0.011459 0.029794 0.006112 0.021390 0.871658 0.018335 0.009167 0.026738 0.005348 0.012110 0.032220 0.006979 0.022388 0.861322 0.020656 0.009539 0.029271 0.005515 
0.001304 0.010430 0.001956 0.009126 0.957627 0.006519 0.001956 0.009778 0.001304 0.001394 0.012306 0.002028 0.009674 0.952927 0.007193 0.002050 0.011109 0.001319 0.007171 0.031943 0.009778 0.024772 0.850065 0.024772 0.005867 0.034550 0.011082 0.007416 0.035505 0.010474 0.026552 0.838430 0.026738 0.006141 0.037160 0.011585 
0.000641 0.005131 0.000641 0.005773 0.966645 0.010904 0.000641 0.007056 0.002566 0.000775 0.006345 0.000660 0.006407 0.961384 0.012261 0.000649 0.008771 0.002749 0.007697 0.028865 0.006414 0.028223 0.845414 0.035279 0.011546 0.023733 0.012829 0.008105 0.031342 0.006680 0.030356 0.832778 0.038444 0.011973 0.026467 0.013854 
0.000714 0.004286 0.001429 0.007143 0.976429 0.003571 0.002143 0.003571 0.000714 0.000728 0.004763 0.001436 0.007764 0.974050 0.003948 0.002227 0.004366 0.000717 0.012857 0.028571 0.012143 0.030714 0.840000 0.030714 0.011429 0.026429 0.007143 0.013598 0.030416 0.012734 0.032314 0.830295 0.032525 0.011862 0.028756 0.007502 
0.000000 0.003928 0.000000 0.003142 0.983504 0.003928 0.001571 0.003928 0.000000 0.000000 0.004497 0.000000 0.003525 0.981148 0.004602 0.001706 0.004523 0.000000 0.006284 0.018068 0.003142 0.018068 0.909662 0.014925 0.007070 0.014925 0.007855 0.006753 0.020408 0.003175 0.019740 0.901193 0.016363 0.007385 0.016772 0.008211 
0.000000 0.007246 0.002899 0.010870 0.963768 0.003623 0.002174 0.007246 0.002174 0.000000 0.008518 0.002913 0.012837 0.959115 0.003933 0.002203 0.008116 0.002363 0.004348 0.021014 0.011594 0.029710 0.859420 0.023188 0.013768 0.026812 0.010145 0.004422 0.023201 0.012095 0.033114 0.848299 0.024602 0.014524 0.028929 0.010815 
0.000000 0.007266 0.000661 0.007266 0.965654 0.009908 0.000661 0.007266 0.001321 0.000000 0.008779 0.000670 0.008018 0.960331 0.011360 0.000686 0.008826 0.001330 0.009247 0.034346 0.014531 0.023118 0.860634 0.023118 0.006605 0.020476 0.007926 0.009914 0.037779 0.015690 0.025090 0.847985 0.025436 0.006703 0.023005 0.008398 
0.001799 0.007794 0.000600 0.005995 0.962230 0.007794 0.002398 0.011391 0.000000 0.001938 0.009021 0.000623 0.007344 0.955301 0.009243 0.002722 0.013807 0.000000 0.004197 0.025180 0.004796 0.023981 0.878897 0.026379 0.009592 0.022182 0.004796 0.004447 0.027451 0.005127 0.026927 0.864060 0.029817 0.011177 0.026002 0.004992 
0.000733 0.001466 0.000000 0.008065 0.973607 0.006598 0.000733 0.005865 0.002933 0.000742 0.001796 0.000000 0.009078 0.970910 0.007524 0.000763 0.006203 0.002984 0.004399 0.022727 0.006598 0.031525 0.846041 0.033724 0.013196 0.033724 0.008065 0.004595 0.024123 0.006726 0.033818 0.837188 0.035753 0.014213 0.035325 0.008258 
0.000661 0.007931 0.000661 0.005288 0.962327 0.012558 0.003305 0.007270 0.000000 0.000674 0.009970 0.000658 0.007104 0.953631 0.014280 0.003511 0.010172 0.000000 0.004627 0.021811 0.006609 0.023794 0.869795 0.033708 0.007270 0.025116 0.007270 0.004864 0.024762 0.006713 0.026432 0.855116 0.036951 0.008083 0.029168 0.007912 
0.004792 0.012458 0.001917 0.019166 0.929564 0.014854 0.000958 0.015812 0.000479 0.005621 0.015172 0.002034 0.024185 0.915682 0.017382 0.000984 0.018448 0.000492 0.016291 0.035458 0.011500 0.041207 0.803067 0.043124 0.009104 0.032583 0.007667 0.017423 0.040067 0.012526 0.048493 0.778109 0.049035 0.009469 0.036983 0.007896 
0.002835 0.006480 0.002025 0.008910 0.965978 0.007290 0.000810 0.004860 0.000810 0.002972 0.008285 0.002113 0.009689 0.961132 0.008396 0.000868 0.005706 0.000840 0.008505 0.029162 0.010936 0.036047 0.845281 0.029567 0.007695 0.024301 0.008505 0.008931 0.032370 0.011723 0.038707 0.832460 0.032565 0.007915 0.026154 0.009174 
0.000558 0.005580 0.000558 0.011719 0.963728 0.007254 0.000000 0.007254 0.003348 0.000559 0.007109 0.000690 0.013810 0.957695 0.008084 0.000000 0.008626 0.003428 0.008371 0.020647 0.003906 0.033482 0.863839 0.033482 0.004464 0.023438 0.008371 0.008852 0.023311 0.004256 0.037598 0.850723 0.036085 0.004976 0.025235 0.008964 
0.003126 0.010272 0.000447 0.008039 0.961590 0.007146 0.002233 0.005806 0.001340 0.003745 0.013218 0.000456 0.008736 0.953303 0.008809 0.002376 0.007549 0.001809 0.012506 0.027244 0.002680 0.036177 0.849933 0.036177 0.005360 0.021885 0.008039 0.013669 0.032077 0.002802 0.038489 0.833702 0.039216 0.005788 0.025141 0.009116 
0.002086 0.010847 0.000834 0.010013 0.949937 0.010847 0.003338 0.010430 0.001669 0.002379 0.013291 0.000853 0.012351 0.941094 0.011729 0.003670 0.012735 0.001898 0.009595 0.029620 0.008344 0.045056 0.828953 0.032541 0.008344 0.027952 0.009595 0.010649 0.034481 0.008758 0.048985 0.809825 0.035044 0.009549 0.032380 0.010331 
0.002408 0.010664 0.000688 0.007568 0.953216 0.013760 0.001376 0.007912 0.002408 0.002695 0.012946 0.000733 0.008698 0.944522 0.015897 0.001493 0.010374 0.002642 0.007568 0.036808 0.008600 0.045408 0.805298 0.049536 0.008256 0.029240 0.009288 0.008109 0.041843 0.008999 0.048593 0.786040 0.053646 0.008858 0.033589 0.010324 
0.001810 0.007692 0.000452 0.008597 0.958371 0.011312 0.000905 0.009955 0.000905 0.002437 0.010984 0.000580 0.009035 0.948266 0.012986 0.001045 0.013604 0.001064 0.009050 0.017647 0.007240 0.047059 0.841176 0.040271 0.005882 0.022624 0.009050 0.010172 0.021705 0.008009 0.049519 0.821631 0.043973 0.006362 0.029281 0.009348 
0.002478 0.005946 0.000000 0.009911 0.963826 0.007433 0.000991 0.007929 0.001487 0.003528 0.006981 0.000000 0.010617 0.958200 0.008295 0.001021 0.009751 0.001607 0.011893 0.026264 0.003469 0.040139 0.840436 0.038157 0.004955 0.028741 0.005946 0.013667 0.028820 0.003561 0.042969 0.826348 0.040379 0.005424 0.032457 0.006376 
0.001391 0.012987 0.001391 0.009740 0.949907 0.012059 0.001391 0.009740 0.001391 0.001495 0.016810 0.001823 0.010789 0.940549 0.014325 0.001446 0.011028 0.001736 0.006957 0.023655 0.004174 0.038961 0.856215 0.036178 0.004638 0.020408 0.008813 0.007438 0.030191 0.004910 0.042002 0.836482 0.040276 0.004820 0.024244 0.009637 
0.003096 0.006708 0.000516 0.010320 0.953560 0.015996 0.000516 0.007224 0.002064 0.003539 0.008441 0.000548 0.011452 0.946359 0.017689 0.000544 0.008892 0.002536 0.014448 0.016512 0.005676 0.031992 0.846749 0.041796 0.006708 0.025800 0.010320 0.015348 0.019037 0.006196 0.035052 0.831458 0.045117 0.006878 0.029705 0.011210 
0.001618 0.007551 0.002697 0.010787 0.957389 0.010787 0.000000 0.007551 0.001618 0.001820 0.009520 0.002888 0.012712 0.949449 0.011910 0.000000 0.009866 0.001835 0.006472 0.016181 0.008630 0.038835 0.875944 0.026429 0.004854 0.017260 0.005394 0.007074 0.019342 0.009483 0.042836 0.860823 0.028508 0.005140 0.020736 0.006058 
0.000000 0.002872 0.000000 0.005025 0.977746 0.007179 0.002872 0.003589 0.000718 0.000000 0.003681 0.000000 0.006518 0.972154 0.008417 0.003278 0.005237 0.000715 0.003589 0.015793 0.002872 0.018665 0.898062 0.029433 0.008615 0.017947 0.005025 0.003672 0.017518 0.003020 0.020398 0.887090 0.032504 0.009629 0.020688 0.005482 
0.000000 0.008410 0.000765 0.006116 0.966361 0.007645 0.000765 0.009174 0.000765 0.000000 0.010922 0.000772 0.006550 0.960624 0.008550 0.000847 0.010957 0.000777 0.009939 0.021407 0.009174 0.032110 0.860856 0.031346 0.006116 0.024465 0.004587 0.010177 0.024585 0.009769 0.033742 0.849139 0.033481 0.006538 0.027682 0.004888 
0.000000 0.005917 0.000986 0.003945 0.980276 0.006903 0.000986 0.000986 0.000000 0.000000 0.007838 0.001011 0.004082 0.976244 0.008126 0.001188 0.001513 0.000000 0.003945 0.012821 0.001972 0.018738 0.935897 0.012821 0.003945 0.006903 0.002959 0.004041 0.015464 0.002121 0.019803 0.928728 0.014703 0.004207 0.007838 0.003095 
0.000000 0.007826 0.000000 0.010061 0.964226 0.006708 0.003354 0.007826 0.000000 0.000000 0.009750 0.000000 0.013110 0.955792 0.007730 0.003598 0.010020 0.000000 0.005031 0.018446 0.004472 0.026272 0.886529 0.026272 0.008385 0.019564 0.005031 0.005305 0.021211 0.004895 0.031633 0.870838 0.028653 0.009073 0.023023 0.005369 
0.001300 0.011704 0.001300 0.015605 0.946034 0.007802 0.001951 0.013654 0.000650 0.001340 0.016126 0.001521 0.019694 0.932104 0.009627 0.001997 0.016903 0.000689 0.007802 0.030559 0.009103 0.039662 0.836801 0.021456 0.009103 0.037711 0.007802 0.008022 0.037082 0.010430 0.045927 0.813185 0.023983 0.009443 0.043983 0.007944 
0.002675 0.009631 0.001070 0.009631 0.960407 0.008026 0.000535 0.006956 0.001070 0.003027 0.010052 0.001086 0.011061 0.955815 0.009339 0.000563 0.007967 0.001091 0.016051 0.031033 0.011771 0.033708 0.812734 0.041199 0.008561 0.030498 0.014446 0.017035 0.032738 0.012150 0.036012 0.798334 0.045033 0.008976 0.034305 0.015418 
0.000502 0.005015 0.000502 0.009027 0.959880 0.011033 0.001505 0.011535 0.001003 0.000500 0.006002 0.000529 0.009863 0.953697 0.012576 0.001600 0.014221 0.001013 0.015045 0.023571 0.009529 0.046640 0.823972 0.036610 0.011535 0.027583 0.005517 0.015728 0.026421 0.010141 0.049298 0.807874 0.040565 0.012203 0.032106 0.005665 
0.001020 0.005612 0.000510 0.007143 0.961224 0.010204 0.001531 0.011735 0.001020 0.001109 0.007207 0.000519 0.008565 0.953382 0.011765 0.001623 0.014748 0.001082 0.009694 0.026531 0.011735 0.040306 0.822959 0.039796 0.011224 0.029592 0.008163 0.010078 0.030141 0.012515 0.042862 0.807307 0.042502 0.012137 0.033899 0.008560 
0.001489 0.009926 0.000000 0.006452 0.964268 0.007940 0.000496 0.008933 0.000496 0.001567 0.012006 0.000000 0.007785 0.957003 0.008491 0.000642 0.011958 0.000548 0.006452 0.025806 0.002978 0.031266 0.870471 0.022829 0.006948 0.024318 0.008933 0.006900 0.029082 0.003281 0.034017 0.857063 0.024237 0.007511 0.028647 0.009262 
0.001451 0.005322 0.000000 0.005806 0.956459 0.019836 0.001935 0.005806 0.003387 0.001576 0.006520 0.000000 0.007078 0.949987 0.021185 0.002095 0.007266 0.004293 0.008224 0.019836 0.005322 0.024673 0.841316 0.060474 0.007741 0.022254 0.010160 0.008648 0.021751 0.005547 0.026624 0.826846 0.065674 0.008489 0.025480 0.010941 
0.004722 0.012067 0.002099 0.011018 0.943861 0.009444 0.001049 0.014166 0.001574 0.005860 0.015676 0.002152 0.012473 0.931442 0.010654 0.001153 0.018971 0.001619 0.013116 0.030430 0.005247 0.040399 0.839979 0.030430 0.003673 0.028856 0.007870 0.014204 0.036309 0.005385 0.044542 0.817109 0.033482 0.003816 0.036832 0.008321 
0.001110 0.006104 0.000555 0.004994 0.963374 0.010544 0.001665 0.009434 0.002220 0.001111 0.007604 0.000570 0.006301 0.958147 0.011235 0.001678 0.010970 0.002384 0.009989 0.020533 0.005549 0.026082 0.855161 0.037181 0.008324 0.023862 0.013319 0.010222 0.022883 0.005966 0.028674 0.842488 0.039721 0.009248 0.026621 0.014177 
0.001220 0.008542 0.000000 0.013423 0.960342 0.008542 0.002441 0.004881 0.000610 0.001304 0.009017 0.000000 0.014296 0.957235 0.009702 0.002668 0.005151 0.000628 0.006101 0.023795 0.005491 0.033557 0.859060 0.028066 0.009762 0.026846 0.007322 0.006373 0.025666 0.005538 0.037111 0.849620 0.030003 0.010277 0.027744 0.007668 
0.001276 0.014040 0.003191 0.008934 0.956605 0.005743 0.000000 0.010211 0.000000 0.001658 0.016614 0.003316 0.010374 0.948346 0.005948 0.000000 0.013745 0.000000 0.007020 0.031908 0.013401 0.036375 0.834078 0.033184 0.007020 0.027441 0.009572 0.007472 0.035679 0.014085 0.040677 0.815703 0.035187 0.007232 0.033982 0.009981 
0.001351 0.009459 0.001351 0.010811 0.965541 0.002703 0.000000 0.007432 0.001351 0.001449 0.010981 0.001353 0.012047 0.960575 0.003569 0.000000 0.008632 0.001394 0.010135 0.028378 0.004054 0.029730 0.866216 0.025000 0.007432 0.020270 0.008784 0.011136 0.031341 0.004222 0.032197 0.855066 0.025690 0.007633 0.022786 0.009929 
0.000702 0.006320 0.000702 0.007022 0.969803 0.009831 0.000000 0.004213 0.001404 0.000705 0.007759 0.000740 0.007222 0.965237 0.011722 0.000000 0.004996 0.001618 0.009129 0.018961 0.010534 0.020365 0.866573 0.031601 0.004916 0.025281 0.012640 0.009243 0.021088 0.010871 0.021045 0.856930 0.035186 0.005263 0.027017 0.013357 
0.000684 0.003420 0.000000 0.005472 0.971272 0.008892 0.000684 0.006840 0.002736 0.000709 0.003480 0.000000 0.006580 0.967286 0.010646 0.000685 0.007565 0.003051 0.006156 0.026676 0.004104 0.018468 0.882353 0.025992 0.002736 0.023256 0.010260 0.006773 0.027908 0.004303 0.020815 0.871998 0.028522 0.002807 0.025319 0.011555 
0.001318 0.002637 0.000000 0.010547 0.970336 0.005933 0.001318 0.007910 0.000000 0.001347 0.003483 0.000000 0.011369 0.966686 0.007131 0.001351 0.008633 0.000000 0.007251 0.019776 0.005274 0.032960 0.862887 0.023072 0.013184 0.029005 0.006592 0.007355 0.021553 0.005443 0.035093 0.853455 0.025306 0.013928 0.031062 0.006803 
0.000670 0.006702 0.000670 0.006702 0.975201 0.006032 0.000670 0.003351 0.000000 0.000790 0.007320 0.000695 0.007523 0.972513 0.006773 0.000668 0.003718 0.000000 0.009383 0.020107 0.013405 0.027480 0.865282 0.024799 0.004692 0.024799 0.010054 0.009732 0.022589 0.014130 0.029387 0.856387 0.026406 0.004850 0.026106 0.010411 
0.000645 0.003226 0.000645 0.015484 0.962581 0.007742 0.001290 0.005806 0.002581 0.001155 0.003808 0.000678 0.018567 0.955888 0.008598 0.001398 0.007199 0.002709 0.010968 0.018065 0.004516 0.028387 0.860000 0.037419 0.009677 0.019355 0.011613 0.011209 0.019753 0.004750 0.033112 0.847079 0.039505 0.010844 0.021824 0.011924 
0.000602 0.006020 0.001204 0.003612 0.977724 0.004816 0.000602 0.002408 0.003010 0.000603 0.008100 0.001214 0.003721 0.974043 0.005382 0.000684 0.002841 0.003412 0.009031 0.016255 0.007225 0.029500 0.878989 0.024684 0.005418 0.019266 0.009633 0.009720 0.019886 0.007660 0.030408 0.868571 0.026377 0.005624 0.021165 0.010589 
0.001859 0.008829 0.000465 0.010223 0.953996 0.010223 0.001859 0.012546 0.000000 0.001956 0.012240 0.000463 0.011334 0.945326 0.011723 0.001926 0.015031 0.000000 0.009294 0.025093 0.004647 0.040428 0.829926 0.042286 0.011617 0.027416 0.009294 0.009864 0.031199 0.004800 0.043084 0.812412 0.045240 0.011832 0.031886 0.009683 
0.000000 0.005018 0.000717 0.012186 0.970609 0.005735 0.000000 0.004301 0.001434 0.000000 0.006686 0.000727 0.013898 0.965662 0.006549 0.000000 0.004981 0.001497 0.000717 0.011470 0.003584 0.030108 0.925448 0.015771 0.001434 0.010036 0.001434 0.000746 0.014284 0.003828 0.032767 0.915790 0.018065 0.001510 0.011352 0.001658 
0.001477 0.008124 0.000000 0.003693 0.974889 0.002216 0.002216 0.005908 0.001477 0.001670 0.011821 0.000000 0.004659 0.964993 0.002389 0.002549 0.009783 0.002136 0.002954 0.011817 0.002954 0.011817 0.937223 0.011078 0.004431 0.015510 0.002216 0.003448 0.017450 0.003572 0.013939 0.919512 0.011880 0.005068 0.022692 0.002438 
0.000000 0.005806 0.000645 0.012903 0.965161 0.007097 0.000000 0.007742 0.000645 0.000000 0.006868 0.000707 0.015036 0.958730 0.008983 0.000000 0.008982 0.000695 0.007097 0.019355 0.003871 0.029677 0.887742 0.021290 0.005806 0.021290 0.003871 0.007220 0.022627 0.004247 0.032824 0.874745 0.024259 0.006145 0.023939 0.003993 
0.000819 0.005733 0.000000 0.006552 0.970516 0.006552 0.001638 0.008190 0.000000 0.000875 0.007339 0.000000 0.008149 0.963263 0.008369 0.002019 0.009986 0.000000 0.003276 0.020475 0.000819 0.019656 0.912367 0.013104 0.003276 0.018837 0.008190 0.003475 0.023553 0.000826 0.022335 0.899423 0.014863 0.003813 0.022238 0.009474 
0.000000 0.006618 0.000000 0.013236 0.954335 0.013898 0.000662 0.010589 0.000662 0.000000 0.008268 0.000000 0.014290 0.947439 0.015732 0.000677 0.012935 0.000660 0.003309 0.017869 0.002647 0.025811 0.890139 0.025149 0.007942 0.025149 0.001985 0.003374 0.020986 0.003026 0.027579 0.876965 0.028732 0.008411 0.028922 0.002006 
0.000658 0.007242 0.001317 0.013825 0.965109 0.004608 0.000000 0.007242 0.000000 0.000662 0.009733 0.001366 0.015240 0.958423 0.005150 0.000000 0.009425 0.000000 0.003950 0.015800 0.005267 0.032916 0.900592 0.017117 0.007900 0.015142 0.001317 0.004078 0.019174 0.005552 0.036010 0.888786 0.018609 0.008086 0.018116 0.001588 
0.001263 0.003788 0.000000 0.005682 0.972854 0.007576 0.002525 0.003788 0.002525 0.001839 0.004475 0.000000 0.006613 0.967938 0.009377 0.002646 0.004298 0.002813 0.003788 0.019571 0.005051 0.022727 0.891414 0.029672 0.010101 0.013258 0.004419 0.003845 0.022346 0.005110 0.024763 0.880413 0.032921 0.010880 0.014540 0.005181 
0.001873 0.014981 0.001873 0.004994 0.961298 0.004994 0.000000 0.008115 0.001873 0.003200 0.020461 0.002160 0.005611 0.949750 0.005736 0.000000 0.010127 0.002955 0.005618 0.024969 0.003745 0.020599 0.890137 0.022472 0.001873 0.022472 0.008115 0.006820 0.032939 0.004169 0.022577 0.870823 0.023977 0.001961 0.027120 0.009614 
0.000932 0.010252 0.000932 0.005592 0.966449 0.003728 0.001864 0.009320 0.000932 0.001106 0.012716 0.001014 0.005997 0.960585 0.004385 0.002066 0.010889 0.001241 0.006524 0.024231 0.002796 0.018639 0.886300 0.027027 0.006524 0.023299 0.004660 0.006911 0.027922 0.002990 0.020073 0.873671 0.029361 0.007376 0.026574 0.005123 
0.000000 0.008977 0.000898 0.008079 0.973070 0.005386 0.000898 0.002693 0.000000 0.000000 0.010292 0.000935 0.009756 0.968129 0.006192 0.001082 0.003614 0.000000 0.002693 0.015260 0.007181 0.024237 0.906643 0.017953 0.007181 0.013465 0.005386 0.002701 0.017456 0.008103 0.027491 0.896034 0.020167 0.007576 0.014794 0.005678 
0.001686 0.008432 0.000843 0.008432 0.965430 0.004216 0.002530 0.005059 0.003373 0.001774 0.012235 0.000930 0.009915 0.958017 0.005005 0.002681 0.005785 0.003658 0.006745 0.023609 0.006745 0.039629 0.856661 0.025295 0.009275 0.024452 0.007589 0.006937 0.028706 0.006930 0.042870 0.842233 0.027288 0.009946 0.026811 0.008279 
0.000913 0.003653 0.000000 0.000913 0.985388 0.003653 0.000913 0.002740 0.001826 0.001550 0.006210 0.000000 0.000994 0.980204 0.004060 0.000916 0.003239 0.002826 0.000913 0.010046 0.000000 0.007306 0.958904 0.012785 0.001826 0.005479 0.002740 0.001780 0.013896 0.000000 0.007745 0.949669 0.014256 0.002500 0.006471 0.003684 
0.000000 0.002545 0.000000 0.000000 0.994911 0.001272 0.000000 0.001272 0.000000 0.000000 0.003188 0.000000 0.000000 0.993072 0.001721 0.000000 0.002020 0.000000 0.000000 0.002545 0.001272 0.003817 0.986005 0.005089 0.000000 0.001272 0.000000 0.000000 0.003793 0.001339 0.003982 0.982366 0.005996 0.000000 0.002524 0.000000 
0.000000 0.000000 0.000000 0.000000 1.000000 0.000000 0.000000 0.000000 0.000000 0.000000 0.000000 0.000000 0.000000 1.000000 0.000000 0.000000 0.000000 0.000000 0.000000 0.003610 0.000000 0.000000 0.987365 0.005415 0.000000 0.001805 0.001805 0.000000 0.003740 0.000000 0.000000 0.986638 0.005831 0.000000 0.001827 0.001963 
