0.001317 0.013149 0.000927 0.013320 0.943404 0.013076 0.000683 0.013246 0.000878 0.001394 0.014067 0.001014 0.014500 0.938868 0.014155 0.000745 0.014295 0.000960 0.005221 0.042203 0.004611 0.033494 0.822234 0.034446 0.005221 0.047936 0.004635 0.005520 0.044960 0.004979 0.035868 0.810009 0.036755 0.005603 0.051332 0.004973 
0.000600 0.006863 0.000444 0.007752 0.968372 0.008307 0.000378 0.006641 0.000644 0.000652 0.007303 0.000476 0.008436 0.965812 0.009055 0.000412 0.007160 0.000695 0.003687 0.035160 0.003087 0.023366 0.867779 0.026142 0.003709 0.033383 0.003687 0.003940 0.037257 0.003309 0.024894 0.859103 0.027965 0.003994 0.035565 0.003974 
0.000894 0.005787 0.000447 0.010322 0.968274 0.007373 0.000402 0.006189 0.000313 0.000944 0.006187 0.000491 0.011388 0.965439 0.008097 0.000435 0.006685 0.000333 0.003240 0.026275 0.002949 0.030743 0.882256 0.022030 0.002837 0.027012 0.002659 0.003482 0.027862 0.003131 0.033196 0.873925 0.023646 0.003037 0.028895 0.002827 
0.001226 0.011489 0.000830 0.014451 0.944478 0.012263 0.001415 0.012829 0.001019 0.001341 0.012216 0.000893 0.015320 0.940934 0.013136 0.001509 0.013571 0.001081 0.005980 0.042580 0.005433 0.041693 0.814285 0.034241 0.005962 0.044882 0.004943 0.006418 0.045036 0.005813 0.043855 0.803405 0.036287 0.006363 0.047539 0.005282 
0.002379 0.011936 0.000511 0.011818 0.947633 0.012605 0.000806 0.010717 0.001593 0.002560 0.012744 0.000549 0.012568 0.944173 0.013369 0.000875 0.011431 0.001731 0.007414 0.039722 0.003717 0.037146 0.822842 0.036242 0.004189 0.042338 0.006391 0.007998 0.042248 0.003941 0.039219 0.811908 0.038284 0.004490 0.045053 0.006858 
0.002447 0.012544 0.000350 0.010056 0.956671 0.007074 0.000350 0.009192 0.001316 0.002607 0.013321 0.000376 0.010770 0.953692 0.007618 0.000381 0.009829 0.001407 0.008205 0.052521 0.002817 0.033705 0.812947 0.031052 0.003044 0.048840 0.006868 0.008840 0.055719 0.003003 0.035590 0.801658 0.032766 0.003270 0.051799 0.007354 
0.000999 0.006526 0.000274 0.005899 0.971820 0.006918 0.000235 0.006467 0.000862 0.001104 0.006905 0.000282 0.006345 0.969695 0.007674 0.000249 0.006824 0.000920 0.004978 0.036176 0.002783 0.023594 0.860805 0.025123 0.002332 0.039625 0.004586 0.005379 0.038207 0.002994 0.025048 0.851972 0.027036 0.002479 0.041924 0.004960 
0.000390 0.007228 0.000606 0.007985 0.969703 0.005648 0.000541 0.007423 0.000476 0.000415 0.007661 0.000648 0.008793 0.967513 0.006073 0.000571 0.007813 0.000512 0.003203 0.036595 0.003982 0.025753 0.861672 0.022139 0.003787 0.039040 0.003830 0.003455 0.038630 0.004285 0.027547 0.853297 0.023501 0.004032 0.041148 0.004106 
0.000728 0.008031 0.001221 0.012486 0.958494 0.008117 0.000835 0.009295 0.000792 0.000820 0.008656 0.001322 0.013614 0.955219 0.008641 0.000889 0.009984 0.000856 0.004283 0.030755 0.004412 0.033882 0.846783 0.028270 0.004176 0.043691 0.003748 0.004677 0.032677 0.004718 0.036183 0.837063 0.029754 0.004505 0.046400 0.004023 
0.000491 0.005743 0.000470 0.006832 0.968957 0.007622 0.000918 0.008583 0.000384 0.000522 0.006105 0.000494 0.007439 0.966464 0.008391 0.000983 0.009197 0.000404 0.003117 0.028588 0.003373 0.023571 0.867202 0.028332 0.005017 0.038217 0.002583 0.003383 0.030234 0.003633 0.025078 0.858355 0.030262 0.005438 0.040819 0.002797 
0.000265 0.004804 0.000204 0.007083 0.977223 0.004193 0.000387 0.005618 0.000224 0.000293 0.005159 0.000228 0.008051 0.975099 0.004556 0.000423 0.005955 0.000236 0.002666 0.029718 0.002341 0.022919 0.882025 0.018217 0.003501 0.035865 0.002748 0.002861 0.031378 0.002489 0.025048 0.874057 0.019446 0.003776 0.038006 0.002939 
0.000184 0.002707 0.000252 0.005460 0.983045 0.004933 0.000298 0.003005 0.000115 0.000201 0.002932 0.000267 0.006446 0.980593 0.005816 0.000328 0.003293 0.000124 0.002111 0.018285 0.001721 0.016840 0.916879 0.015211 0.003028 0.023746 0.002180 0.002270 0.019379 0.001857 0.019020 0.909460 0.017168 0.003243 0.025207 0.002395 
0.000466 0.005900 0.000311 0.005944 0.972254 0.008229 0.000377 0.005922 0.000599 0.000522 0.006368 0.000340 0.006626 0.969417 0.009329 0.000394 0.006367 0.000636 0.003083 0.022135 0.002395 0.019163 0.895380 0.021714 0.003305 0.028900 0.003926 0.003351 0.023566 0.002633 0.020921 0.886963 0.024113 0.003586 0.030614 0.004252 
0.001359 0.007081 0.000527 0.009982 0.961209 0.010631 0.000487 0.007953 0.000771 0.001471 0.007837 0.000592 0.010810 0.957773 0.011572 0.000536 0.008589 0.000821 0.004504 0.021302 0.002982 0.023615 0.890120 0.026293 0.002739 0.024062 0.004382 0.004798 0.022931 0.003251 0.025306 0.881940 0.028312 0.002944 0.025816 0.004702 
0.001293 0.008924 0.000721 0.010429 0.955424 0.012485 0.000615 0.009008 0.001102 0.001389 0.009471 0.000775 0.011131 0.952534 0.013334 0.000654 0.009535 0.001177 0.005829 0.035801 0.004472 0.031286 0.837869 0.034041 0.004070 0.040739 0.005893 0.006231 0.037752 0.004780 0.033026 0.828537 0.036029 0.004376 0.042983 0.006284 
0.001431 0.009209 0.000539 0.007529 0.960985 0.008483 0.000456 0.010620 0.000747 0.001513 0.009682 0.000575 0.008025 0.958638 0.009132 0.000487 0.011163 0.000786 0.006057 0.048307 0.003651 0.028478 0.821123 0.031341 0.004771 0.049905 0.006368 0.006465 0.050682 0.003925 0.029952 0.811599 0.033082 0.005148 0.052400 0.006747 
0.000724 0.006557 0.000382 0.007221 0.967837 0.009776 0.000201 0.006698 0.000603 0.000785 0.007095 0.000415 0.007939 0.964855 0.010797 0.000221 0.007238 0.000654 0.004003 0.031740 0.002715 0.023433 0.869479 0.026390 0.003037 0.034858 0.004345 0.004299 0.033643 0.002935 0.025208 0.860397 0.028561 0.003250 0.037059 0.004647 
0.001056 0.006734 0.000220 0.008693 0.962300 0.012831 0.000418 0.007175 0.000572 0.001156 0.007180 0.000247 0.009535 0.959016 0.014067 0.000447 0.007750 0.000602 0.003521 0.026960 0.002487 0.026322 0.867622 0.034399 0.002377 0.032198 0.004115 0.003768 0.028523 0.002704 0.028289 0.858365 0.037040 0.002547 0.034335 0.004429 
0.001236 0.008165 0.000320 0.010574 0.959729 0.009721 0.000533 0.008783 0.000938 0.001357 0.008646 0.000345 0.011277 0.956868 0.010506 0.000575 0.009406 0.001019 0.005905 0.033407 0.003155 0.030976 0.850960 0.029825 0.003667 0.037436 0.004669 0.006406 0.035357 0.003384 0.032830 0.841543 0.031763 0.003974 0.039755 0.004988 
0.000982 0.006684 0.000534 0.007666 0.967756 0.007495 0.000577 0.007559 0.000747 0.001038 0.007095 0.000565 0.008473 0.965128 0.008236 0.000608 0.008047 0.000810 0.004826 0.033205 0.002947 0.027204 0.859794 0.023318 0.003993 0.039482 0.005232 0.005169 0.034903 0.003164 0.029219 0.850803 0.025117 0.004302 0.041724 0.005600 
0.000675 0.004542 0.000307 0.006956 0.972052 0.008552 0.000286 0.005913 0.000716 0.000735 0.004934 0.000330 0.007721 0.969111 0.009638 0.000302 0.006445 0.000784 0.002844 0.025943 0.002537 0.023058 0.888596 0.023611 0.002701 0.027539 0.003171 0.003082 0.027484 0.002734 0.025007 0.879899 0.026047 0.002894 0.029444 0.003410 
0.001307 0.007669 0.000386 0.012468 0.957754 0.011376 0.000621 0.007605 0.000814 0.001409 0.008310 0.000415 0.013779 0.953834 0.012495 0.000675 0.008213 0.000868 0.005184 0.030399 0.002999 0.030549 0.863879 0.029949 0.003171 0.029842 0.004028 0.005585 0.032273 0.003244 0.033072 0.853828 0.032262 0.003448 0.031981 0.004305 
0.000861 0.007022 0.000221 0.008215 0.962350 0.013625 0.000309 0.007066 0.000331 0.000933 0.007703 0.000238 0.008888 0.958314 0.015370 0.000336 0.007846 0.000372 0.003334 0.024953 0.002385 0.023231 0.884377 0.031335 0.002606 0.024246 0.003533 0.003558 0.026750 0.002595 0.024880 0.874768 0.034636 0.002776 0.026254 0.003783 
0.001125 0.006670 0.000121 0.010448 0.963594 0.010347 0.000442 0.006771 0.000482 0.001202 0.007289 0.000129 0.011592 0.959921 0.011562 0.000478 0.007290 0.000536 0.004239 0.029977 0.002150 0.029575 0.864301 0.030218 0.002511 0.033432 0.003596 0.004558 0.031992 0.002308 0.032206 0.853506 0.033025 0.002706 0.035782 0.003918 
0.002765 0.013363 0.000681 0.012662 0.941100 0.014184 0.000601 0.012762 0.001883 0.002976 0.014189 0.000722 0.013655 0.936995 0.015115 0.000642 0.013688 0.002018 0.010257 0.050406 0.003626 0.038225 0.790464 0.041310 0.003766 0.053611 0.008334 0.011014 0.053302 0.003888 0.040565 0.777949 0.043543 0.004046 0.056802 0.008890 
0.001299 0.008708 0.000426 0.009155 0.957591 0.011177 0.000639 0.009729 0.001277 0.001393 0.009330 0.000456 0.009763 0.954511 0.012098 0.000702 0.010369 0.001378 0.005599 0.037193 0.003023 0.029997 0.841604 0.030295 0.003726 0.043218 0.005344 0.006006 0.039236 0.003267 0.031720 0.831719 0.032372 0.004045 0.045811 0.005824 
0.000473 0.004366 0.000225 0.005469 0.975402 0.007697 0.000383 0.005581 0.000405 0.000510 0.004713 0.000242 0.006078 0.972955 0.008555 0.000411 0.006095 0.000442 0.002948 0.022640 0.002341 0.018522 0.897016 0.022168 0.002633 0.028874 0.002858 0.003190 0.024042 0.002537 0.020228 0.888835 0.024350 0.002856 0.030884 0.003078 
0.000657 0.007645 0.000677 0.010432 0.960979 0.009775 0.000776 0.008481 0.000577 0.000730 0.008644 0.000744 0.011494 0.956709 0.010767 0.000847 0.009426 0.000641 0.003504 0.028250 0.003484 0.030798 0.871849 0.027075 0.003146 0.028847 0.003046 0.003777 0.030739 0.003758 0.033163 0.861261 0.029293 0.003511 0.031218 0.003279 
0.001056 0.009668 0.000932 0.019087 0.943318 0.013415 0.000766 0.010682 0.001076 0.001154 0.010666 0.000991 0.020598 0.938355 0.014524 0.000820 0.011699 0.001192 0.003581 0.032212 0.003706 0.044757 0.840017 0.036518 0.003292 0.032585 0.003333 0.003925 0.034586 0.003986 0.047828 0.828382 0.038948 0.003580 0.035116 0.003650 
0.001487 0.007835 0.001131 0.014916 0.951040 0.013094 0.000733 0.008841 0.000922 0.001609 0.008558 0.001264 0.016121 0.946608 0.014128 0.000805 0.009894 0.001013 0.003436 0.026962 0.003038 0.036327 0.861396 0.036578 0.002786 0.026523 0.002954 0.003793 0.029046 0.003361 0.038750 0.850664 0.039126 0.003086 0.028900 0.003274 
0.001262 0.006906 0.000598 0.017310 0.953051 0.013303 0.001129 0.005777 0.000664 0.001401 0.007495 0.000649 0.018774 0.949032 0.014237 0.001248 0.006436 0.000729 0.003276 0.024858 0.001926 0.039002 0.871284 0.034863 0.002700 0.019789 0.002302 0.003629 0.026592 0.002110 0.042089 0.861507 0.037086 0.003022 0.021415 0.002550 
0.000000 0.000323 0.000027 0.000753 0.997928 0.000565 0.000081 0.000242 0.000081 0.000000 0.000343 0.000027 0.000891 0.997635 0.000632 0.000094 0.000289 0.000089 0.000161 0.004871 0.000404 0.004601 0.981029 0.002772 0.000511 0.005247 0.000404 0.000170 0.005081 0.000430 0.004942 0.979868 0.002989 0.000608 0.005466 0.000446 
0.000000 0.000119 0.000149 0.000356 0.998485 0.000772 0.000000 0.000119 0.000000 0.000000 0.000140 0.000176 0.000406 0.998279 0.000871 0.000000 0.000129 0.000000 0.000267 0.004634 0.000832 0.002971 0.985621 0.002555 0.000089 0.002882 0.000149 0.000279 0.004819 0.000945 0.003145 0.984756 0.002814 0.000097 0.002983 0.000160 
0.000068 0.000170 0.000136 0.000273 0.999080 0.000204 0.000000 0.000068 0.000000 0.000089 0.000173 0.000154 0.000329 0.998959 0.000225 0.000000 0.000070 0.000000 0.000238 0.004939 0.000443 0.002929 0.986443 0.001192 0.000238 0.003372 0.000204 0.000277 0.005099 0.000493 0.003055 0.985887 0.001258 0.000244 0.003463 0.000222 
0.000000 0.000000 0.000000 0.000091 0.999909 0.000000 0.000000 0.000000 0.000000 0.000000 0.000000 0.000000 0.000106 0.999894 0.000000 0.000000 0.000000 0.000000 0.000212 0.003028 0.000091 0.002513 0.988917 0.001241 0.000212 0.003603 0.000182 0.000221 0.003097 0.000094 0.002585 0.988586 0.001280 0.000222 0.003728 0.000187 
0.000000 0.000000 0.000000 0.000035 0.999826 0.000035 0.000035 0.000070 0.000000 0.000000 0.000000 0.000000 0.000035 0.999823 0.000035 0.000035 0.000071 0.000000 0.000139 0.004385 0.000209 0.002575 0.987507 0.001462 0.000104 0.003376 0.000244 0.000147 0.004498 0.000216 0.002636 0.987140 0.001510 0.000112 0.003492 0.000250 
0.000000 0.000104 0.000000 0.000000 0.999896 0.000000 0.000000 0.000000 0.000000 0.000000 0.000106 0.000000 0.000000 0.999894 0.000000 0.000000 0.000000 0.000000 0.000104 0.007722 0.000259 0.003317 0.981446 0.002021 0.000207 0.004768 0.000155 0.000107 0.007930 0.000266 0.003393 0.980960 0.002062 0.000225 0.004895 0.000162 
0.000000 0.000077 0.000000 0.000000 0.999770 0.000000 0.000000 0.000153 0.000000 0.000000 0.000079 0.000000 0.000000 0.999764 0.000000 0.000000 0.000157 0.000000 0.000153 0.008901 0.000307 0.006599 0.972990 0.003223 0.000077 0.007443 0.000307 0.000159 0.009127 0.000328 0.006749 0.972248 0.003306 0.000077 0.007687 0.000319 
0.000000 0.000072 0.000000 0.000072 0.999785 0.000072 0.000000 0.000000 0.000000 0.000000 0.000073 0.000000 0.000081 0.999775 0.000072 0.000000 0.000000 0.000000 0.000215 0.008369 0.000358 0.004935 0.976468 0.003433 0.000143 0.005865 0.000215 0.000216 0.008591 0.000371 0.005051 0.975867 0.003528 0.000148 0.006008 0.000219 
0.000000 0.000119 0.000000 0.000000 0.999821 0.000000 0.000000 0.000060 0.000000 0.000000 0.000120 0.000000 0.000000 0.999819 0.000000 0.000000 0.000061 0.000000 0.000239 0.006986 0.000299 0.004299 0.979996 0.002030 0.000060 0.005912 0.000179 0.000243 0.007152 0.000305 0.004379 0.979544 0.002075 0.000060 0.006058 0.000184 
0.000000 0.000081 0.000000 0.000081 0.999678 0.000000 0.000000 0.000161 0.000000 0.000000 0.000082 0.000000 0.000081 0.999669 0.000000 0.000000 0.000169 0.000000 0.000322 0.007814 0.000644 0.007492 0.972690 0.003625 0.000242 0.006687 0.000483 0.000331 0.008018 0.000656 0.007642 0.972026 0.003716 0.000246 0.006869 0.000495 
0.000000 0.000000 0.000000 0.000000 1.000000 0.000000 0.000000 0.000000 0.000000 0.000000 0.000000 0.000000 0.000000 1.000000 0.000000 0.000000 0.000000 0.000000 0.000000 0.002088 0.000000 0.000000 0.995825 0.002088 0.000000 0.000000 0.000000 0.000000 0.002753 0.000000 0.000000 0.994643 0.002604 0.000000 0.000000 0.000000 
