0.000917 0.013879 0.000513 0.006032 0.969436 0.004749 0.000385 0.003814 0.000275 0.000961 0.014738 0.000548 0.006726 0.966303 0.005406 0.000420 0.004580 0.000318 0.011789 0.039603 0.010414 0.032965 0.828352 0.026493 0.012339 0.027465 0.010579 0.012269 0.041607 0.010841 0.035231 0.818307 0.028449 0.012814 0.029474 0.011008 
0.000685 0.008983 0.000487 0.005303 0.977884 0.003229 0.000361 0.002868 0.000198 0.000716 0.009595 0.000542 0.006122 0.975343 0.003672 0.000384 0.003395 0.000231 0.012609 0.036781 0.010264 0.034725 0.829226 0.026301 0.011617 0.027690 0.010787 0.013176 0.038507 0.010721 0.037221 0.819462 0.028058 0.012063 0.029482 0.011310 
0.000747 0.010745 0.000492 0.006028 0.973302 0.004025 0.000419 0.003988 0.000255 0.000783 0.011357 0.000538 0.006805 0.970488 0.004624 0.000446 0.004656 0.000303 0.012438 0.038244 0.010818 0.032908 0.827011 0.027754 0.011874 0.028191 0.010763 0.012916 0.040010 0.011250 0.035188 0.817312 0.029721 0.012319 0.030043 0.011241 
0.000614 0.008075 0.000391 0.004503 0.979012 0.003535 0.000447 0.003182 0.000242 0.000657 0.008685 0.000410 0.005023 0.976447 0.004182 0.000474 0.003860 0.000262 0.011480 0.034757 0.010383 0.031185 0.834865 0.027724 0.012113 0.028022 0.009471 0.011968 0.036538 0.010870 0.033221 0.825261 0.029822 0.012550 0.029856 0.009913 
0.000731 0.007777 0.000259 0.004595 0.980464 0.003158 0.000495 0.002333 0.000189 0.000780 0.008279 0.000275 0.005331 0.978275 0.003516 0.000532 0.002792 0.000221 0.010227 0.030564 0.008554 0.029928 0.857335 0.022316 0.010557 0.022576 0.007942 0.010743 0.032405 0.008886 0.032109 0.848424 0.023818 0.011056 0.024239 0.008320 
0.000526 0.005788 0.000322 0.003771 0.983864 0.002455 0.000409 0.002719 0.000146 0.000566 0.006317 0.000346 0.004450 0.981596 0.002794 0.000448 0.003317 0.000166 0.010728 0.030021 0.010173 0.030255 0.848753 0.022947 0.011488 0.025373 0.010260 0.011188 0.031730 0.010624 0.032376 0.839615 0.024700 0.011931 0.027083 0.010754 
0.000380 0.006110 0.000222 0.003419 0.985311 0.002438 0.000253 0.001710 0.000158 0.000392 0.006594 0.000233 0.004024 0.983261 0.002820 0.000278 0.002223 0.000174 0.012853 0.035393 0.011143 0.032354 0.830759 0.027067 0.011808 0.027510 0.011112 0.013281 0.036874 0.011607 0.034420 0.822437 0.028539 0.012209 0.029080 0.011553 
0.000244 0.002954 0.000146 0.002124 0.991432 0.001611 0.000146 0.001269 0.000073 0.000269 0.003169 0.000160 0.002369 0.990455 0.001841 0.000165 0.001495 0.000077 0.013181 0.032172 0.013572 0.028901 0.836039 0.025460 0.012205 0.027705 0.010765 0.013670 0.033553 0.014092 0.030254 0.828806 0.026928 0.012626 0.028972 0.011099 
0.000046 0.002680 0.000115 0.001901 0.991845 0.001329 0.000092 0.001901 0.000092 0.000046 0.002986 0.000129 0.002134 0.990967 0.001477 0.000094 0.002072 0.000095 0.013378 0.035163 0.013034 0.030810 0.829065 0.026412 0.012118 0.028749 0.011270 0.013822 0.036830 0.013579 0.032185 0.821582 0.027668 0.012585 0.030010 0.011740 
0.000212 0.001991 0.000233 0.001822 0.992798 0.001123 0.000085 0.001652 0.000085 0.000219 0.002270 0.000268 0.002115 0.991675 0.001284 0.000091 0.001985 0.000093 0.010570 0.028407 0.011481 0.027538 0.855805 0.023153 0.010422 0.023641 0.008982 0.011026 0.029924 0.012074 0.028987 0.848332 0.024509 0.010864 0.024887 0.009396 
0.000118 0.002774 0.000101 0.001715 0.992619 0.000992 0.000219 0.001446 0.000017 0.000132 0.003056 0.000107 0.001999 0.991648 0.001162 0.000246 0.001630 0.000019 0.009533 0.027085 0.008961 0.022848 0.874731 0.019939 0.008389 0.021167 0.007347 0.010009 0.028595 0.009442 0.024195 0.867867 0.021105 0.008806 0.022307 0.007674 
0.000231 0.003672 0.000181 0.002322 0.990549 0.001284 0.000165 0.001515 0.000082 0.000241 0.003936 0.000195 0.002622 0.989521 0.001483 0.000183 0.001724 0.000095 0.010488 0.027876 0.008315 0.023232 0.876181 0.018754 0.008019 0.020104 0.007031 0.010974 0.029255 0.008698 0.024635 0.869645 0.019805 0.008393 0.021236 0.007361 
0.000315 0.003552 0.000232 0.002340 0.990009 0.001477 0.000133 0.001842 0.000100 0.000330 0.003919 0.000251 0.002529 0.988817 0.001729 0.000144 0.002160 0.000122 0.009560 0.029011 0.009095 0.023152 0.874714 0.018920 0.007916 0.021061 0.006572 0.010005 0.030562 0.009568 0.024403 0.867699 0.020195 0.008260 0.022403 0.006905 
0.000530 0.004799 0.000265 0.004038 0.985454 0.002184 0.000348 0.002217 0.000165 0.000552 0.005178 0.000279 0.004438 0.983862 0.002578 0.000371 0.002569 0.000174 0.009184 0.028182 0.007910 0.025733 0.871634 0.021331 0.008655 0.020768 0.006603 0.009603 0.029767 0.008282 0.027286 0.863872 0.022969 0.009082 0.022199 0.006940 
0.000370 0.004544 0.000317 0.002906 0.987125 0.001955 0.000264 0.002395 0.000123 0.000378 0.004913 0.000347 0.003247 0.985667 0.002233 0.000286 0.002795 0.000135 0.008965 0.028233 0.008067 0.024165 0.876552 0.020378 0.007538 0.020202 0.005900 0.009407 0.029903 0.008459 0.025795 0.868769 0.021865 0.007896 0.021708 0.006197 
0.000977 0.006883 0.000434 0.006687 0.979395 0.002866 0.000261 0.002432 0.000065 0.001007 0.007328 0.000448 0.007085 0.977736 0.003325 0.000283 0.002712 0.000077 0.007925 0.026771 0.007599 0.025772 0.885142 0.017956 0.006427 0.016610 0.005797 0.008312 0.028366 0.008021 0.027278 0.878081 0.019392 0.006720 0.017719 0.006110 
0.000524 0.005973 0.000524 0.007048 0.979041 0.003720 0.000314 0.002751 0.000105 0.000568 0.006236 0.000542 0.007479 0.977445 0.004108 0.000339 0.003173 0.000111 0.007152 0.024051 0.006550 0.025282 0.889963 0.018077 0.006969 0.017239 0.004716 0.007515 0.025375 0.006859 0.026933 0.883045 0.019503 0.007299 0.018504 0.004966 
0.001063 0.008645 0.000689 0.006749 0.976507 0.003217 0.000373 0.002700 0.000057 0.001107 0.009115 0.000723 0.007332 0.974565 0.003537 0.000419 0.003143 0.000059 0.011402 0.029065 0.007553 0.030587 0.859272 0.022172 0.009334 0.021913 0.008702 0.011897 0.030699 0.007905 0.032683 0.851145 0.023453 0.009816 0.023337 0.009065 
0.000918 0.007927 0.000381 0.008129 0.975412 0.003605 0.000493 0.002934 0.000202 0.000957 0.008484 0.000403 0.008797 0.973249 0.004034 0.000523 0.003338 0.000215 0.009450 0.028462 0.007121 0.030164 0.869133 0.019796 0.009002 0.020042 0.006830 0.010028 0.030080 0.007461 0.032226 0.861043 0.021197 0.009452 0.021341 0.007172 
0.001960 0.011237 0.000638 0.007431 0.972762 0.002918 0.000524 0.002302 0.000228 0.002010 0.011843 0.000681 0.007904 0.970567 0.003396 0.000564 0.002797 0.000238 0.012126 0.037153 0.009619 0.034235 0.831240 0.025369 0.012787 0.026919 0.010553 0.012604 0.039083 0.010043 0.036364 0.821898 0.027061 0.013278 0.028689 0.010979 
0.001195 0.008461 0.000353 0.006405 0.976751 0.003134 0.000333 0.003134 0.000235 0.001228 0.009053 0.000371 0.007036 0.974587 0.003520 0.000346 0.003604 0.000256 0.013808 0.036861 0.011908 0.036841 0.814404 0.027087 0.015022 0.031749 0.012320 0.014366 0.038816 0.012444 0.039079 0.804640 0.028571 0.015626 0.033589 0.012869 
0.000951 0.007442 0.000311 0.005413 0.981184 0.002249 0.000274 0.001957 0.000219 0.000972 0.007870 0.000332 0.005861 0.979689 0.002499 0.000291 0.002242 0.000243 0.012087 0.034560 0.010094 0.032493 0.829103 0.025965 0.013860 0.030025 0.011812 0.012616 0.036262 0.010577 0.034285 0.820330 0.027438 0.014480 0.031661 0.012352 
0.001467 0.012010 0.000531 0.009119 0.968817 0.004017 0.000425 0.003401 0.000213 0.001518 0.012677 0.000559 0.009840 0.966311 0.004558 0.000458 0.003850 0.000229 0.012074 0.036837 0.009565 0.034988 0.829504 0.026634 0.012244 0.027591 0.010564 0.012605 0.038729 0.009990 0.037127 0.819857 0.028546 0.012847 0.029234 0.011064 
0.001849 0.021634 0.000811 0.013832 0.948624 0.006333 0.000684 0.005928 0.000304 0.001891 0.022506 0.000886 0.014695 0.944513 0.007348 0.000741 0.007061 0.000358 0.011501 0.047221 0.009196 0.038456 0.821123 0.025156 0.010108 0.027613 0.009627 0.011995 0.049313 0.009644 0.040294 0.810627 0.027313 0.010487 0.030262 0.010064 
0.001412 0.015332 0.000652 0.010164 0.960822 0.004778 0.000608 0.005799 0.000434 0.001467 0.016331 0.000724 0.011336 0.956691 0.005436 0.000685 0.006838 0.000492 0.010924 0.039091 0.009143 0.034009 0.836099 0.024823 0.010359 0.026691 0.008861 0.011397 0.041204 0.009621 0.036638 0.824941 0.026937 0.010797 0.029129 0.009335 
0.001676 0.014063 0.000461 0.008064 0.967042 0.004250 0.000510 0.003643 0.000291 0.001760 0.014618 0.000492 0.008936 0.964119 0.004917 0.000538 0.004295 0.000325 0.012994 0.039686 0.010031 0.035193 0.825517 0.026814 0.011488 0.026522 0.011755 0.013520 0.041429 0.010430 0.037501 0.815634 0.028903 0.011968 0.028399 0.012215 
0.000937 0.011044 0.000392 0.007406 0.970702 0.004509 0.000632 0.004052 0.000327 0.000985 0.011899 0.000406 0.008239 0.967489 0.005202 0.000676 0.004735 0.000370 0.012612 0.038404 0.011153 0.036661 0.820071 0.029952 0.012351 0.028079 0.010717 0.013054 0.040445 0.011598 0.038896 0.810013 0.031974 0.012801 0.030020 0.011199 
0.000758 0.006471 0.000328 0.004628 0.981243 0.002949 0.000491 0.002949 0.000184 0.000789 0.007253 0.000352 0.005334 0.978405 0.003518 0.000532 0.003610 0.000207 0.011959 0.032272 0.009358 0.035303 0.832845 0.028914 0.011836 0.027419 0.010095 0.012457 0.034253 0.009670 0.037463 0.822828 0.031046 0.012302 0.029419 0.010563 
0.000404 0.006326 0.000238 0.004946 0.982307 0.002877 0.000404 0.002378 0.000119 0.000417 0.006963 0.000249 0.005615 0.979694 0.003468 0.000435 0.003015 0.000144 0.011819 0.033388 0.010392 0.033816 0.835533 0.026325 0.012033 0.026896 0.009798 0.012293 0.035399 0.010840 0.035941 0.825823 0.028223 0.012563 0.028617 0.010298 
0.000520 0.003224 0.000312 0.003349 0.987894 0.002413 0.000208 0.001976 0.000104 0.000555 0.003561 0.000327 0.003925 0.985731 0.003038 0.000218 0.002528 0.000117 0.012646 0.029682 0.009901 0.033051 0.835659 0.026541 0.012563 0.028246 0.011710 0.013185 0.031108 0.010297 0.035022 0.826844 0.028266 0.013097 0.029945 0.012237 
0.000232 0.003413 0.000116 0.003112 0.989226 0.002020 0.000139 0.001672 0.000070 0.000242 0.003922 0.000126 0.003760 0.986959 0.002467 0.000140 0.002313 0.000071 0.013027 0.032857 0.011308 0.034413 0.831511 0.028376 0.011796 0.025311 0.011401 0.013574 0.034700 0.011852 0.036326 0.822342 0.030031 0.012299 0.026995 0.011880 
0.000416 0.002703 0.000104 0.003223 0.989084 0.002807 0.000104 0.001351 0.000208 0.000425 0.003381 0.000110 0.003986 0.985783 0.004024 0.000114 0.001916 0.000262 0.013723 0.033995 0.012475 0.033371 0.816197 0.031084 0.014970 0.029629 0.014555 0.014283 0.035954 0.012927 0.035332 0.806253 0.033290 0.015700 0.031103 0.015159 
