0.000000 0.000000 0.000000 0.000830 0.999170 0.000000 0.000000 0.000000 0.000000 0.000000 0.000000 0.000000 0.000856 0.999144 0.000000 0.000000 0.000000 0.000000 0.001660 0.016598 0.005809 0.015768 0.934440 0.011618 0.001660 0.009129 0.003320 0.001668 0.017734 0.006185 0.016339 0.930259 0.012746 0.001998 0.009671 0.003399 
0.000000 0.000593 0.000593 0.002372 0.991103 0.000593 0.000000 0.002966 0.001779 0.000000 0.000592 0.000596 0.002599 0.990006 0.000640 0.000000 0.003740 0.001827 0.012456 0.026690 0.017794 0.033808 0.832147 0.031435 0.009490 0.026097 0.010083 0.013010 0.027958 0.018611 0.035825 0.823480 0.032653 0.009843 0.027730 0.010890 
0.000000 0.001447 0.000000 0.001447 0.993247 0.001930 0.000965 0.000965 0.000000 0.000000 0.001639 0.000000 0.001495 0.992795 0.001971 0.000977 0.001122 0.000000 0.011095 0.033767 0.013025 0.034250 0.827303 0.026532 0.013989 0.029908 0.010130 0.011596 0.035070 0.013424 0.035391 0.820025 0.027912 0.014751 0.031420 0.010412 
0.000000 0.002375 0.000000 0.001425 0.994299 0.001425 0.000000 0.000475 0.000000 0.000000 0.002750 0.000000 0.001564 0.993568 0.001623 0.000000 0.000495 0.000000 0.015677 0.036105 0.013777 0.031829 0.832304 0.027553 0.016627 0.019952 0.006176 0.016383 0.038078 0.014100 0.033138 0.824485 0.028991 0.017217 0.020999 0.006608 
0.000906 0.001359 0.000000 0.002266 0.990938 0.001812 0.000906 0.001359 0.000453 0.001159 0.001418 0.000000 0.002387 0.990037 0.002068 0.000955 0.001511 0.000465 0.014046 0.028999 0.009968 0.028546 0.838242 0.026733 0.011328 0.032623 0.009515 0.015091 0.030048 0.010244 0.029667 0.830326 0.028717 0.011738 0.034123 0.010047 
0.000000 0.002073 0.000829 0.000415 0.995439 0.000000 0.000000 0.001244 0.000000 0.000000 0.002158 0.000849 0.000415 0.995311 0.000000 0.000000 0.001268 0.000000 0.015340 0.034411 0.013267 0.023217 0.847015 0.019486 0.010779 0.025290 0.011194 0.015973 0.036537 0.013662 0.023773 0.840199 0.020230 0.011277 0.026606 0.011742 
0.000000 0.002090 0.000000 0.002090 0.991639 0.002926 0.000000 0.001254 0.000000 0.000000 0.002227 0.000000 0.002158 0.990660 0.003623 0.000000 0.001332 0.000000 0.010033 0.025084 0.005853 0.023411 0.866639 0.021739 0.009197 0.027592 0.010452 0.010591 0.026654 0.006124 0.024913 0.857945 0.023938 0.009919 0.028937 0.010978 
0.000000 0.001876 0.000000 0.000000 0.991870 0.001876 0.001251 0.002502 0.000625 0.000000 0.001968 0.000000 0.000000 0.991379 0.002025 0.001291 0.002705 0.000633 0.010006 0.033771 0.012508 0.017511 0.863665 0.015635 0.016886 0.022514 0.007505 0.010363 0.035353 0.013039 0.018470 0.856574 0.016300 0.017862 0.024206 0.007833 
0.000563 0.000563 0.000000 0.001125 0.994935 0.001125 0.000000 0.001688 0.000000 0.000564 0.000657 0.000000 0.001223 0.993920 0.001404 0.000000 0.002232 0.000000 0.011255 0.026449 0.009004 0.030951 0.845808 0.031514 0.011255 0.027012 0.006753 0.012120 0.028009 0.009375 0.032383 0.836503 0.033235 0.011674 0.029322 0.007380 
0.000000 0.001279 0.000000 0.001279 0.992751 0.002132 0.000000 0.001706 0.000853 0.000000 0.001352 0.000000 0.001384 0.992025 0.002565 0.000000 0.001799 0.000875 0.013220 0.025586 0.011087 0.028145 0.840938 0.026439 0.014072 0.032836 0.007676 0.013860 0.026846 0.011578 0.029482 0.832696 0.027838 0.014635 0.034988 0.008077 
0.000929 0.000000 0.000000 0.001857 0.995357 0.000929 0.000000 0.000464 0.000464 0.000957 0.000000 0.000000 0.002174 0.994456 0.001369 0.000000 0.000577 0.000467 0.012999 0.026462 0.012999 0.027391 0.836583 0.026927 0.015320 0.029248 0.012071 0.013444 0.027665 0.013464 0.029282 0.828898 0.028161 0.015984 0.030550 0.012552 
0.000621 0.001242 0.000621 0.000621 0.994410 0.000000 0.000621 0.001863 0.000000 0.000657 0.001286 0.000648 0.000628 0.994235 0.000000 0.000629 0.001917 0.000000 0.014907 0.025466 0.010559 0.027329 0.850311 0.024845 0.012422 0.024845 0.009317 0.015708 0.027455 0.010881 0.028580 0.841872 0.026501 0.013161 0.026061 0.009781 
0.000000 0.000759 0.000000 0.000759 0.993166 0.001519 0.001519 0.001519 0.000759 0.000000 0.000791 0.000000 0.000867 0.992321 0.001769 0.001562 0.001677 0.001014 0.009112 0.022779 0.003797 0.018983 0.883068 0.025057 0.011390 0.018223 0.007593 0.009616 0.023737 0.003946 0.020112 0.876681 0.026317 0.011777 0.019671 0.008144 
0.000892 0.002229 0.000000 0.003121 0.990192 0.000446 0.001337 0.001783 0.000000 0.000965 0.002472 0.000000 0.003276 0.989486 0.000455 0.001365 0.001981 0.000000 0.016942 0.037004 0.016050 0.034775 0.810076 0.028979 0.016496 0.028087 0.011592 0.017626 0.038963 0.016772 0.036652 0.800388 0.030015 0.017464 0.029874 0.012247 
0.000424 0.001697 0.000424 0.002546 0.991090 0.002546 0.000000 0.001273 0.000000 0.000447 0.001802 0.000776 0.003320 0.989151 0.002912 0.000000 0.001592 0.000000 0.014849 0.033941 0.011880 0.027153 0.821383 0.027153 0.014849 0.037760 0.011031 0.015237 0.035409 0.012687 0.028822 0.811355 0.028613 0.015624 0.040273 0.011980 
0.000455 0.000911 0.000455 0.001821 0.993169 0.001366 0.000000 0.000911 0.000911 0.000472 0.001102 0.000469 0.001982 0.992212 0.001807 0.000000 0.001028 0.000928 0.013661 0.035519 0.008652 0.029599 0.841985 0.026867 0.012750 0.021403 0.009563 0.014407 0.037719 0.008967 0.030911 0.832758 0.028870 0.013229 0.022919 0.010220 
0.000000 0.001180 0.000000 0.002753 0.989383 0.002753 0.000000 0.003539 0.000393 0.000000 0.001250 0.000000 0.003466 0.987813 0.003179 0.000000 0.003896 0.000396 0.015729 0.038930 0.013763 0.036178 0.798663 0.031852 0.016516 0.033032 0.015336 0.016474 0.040493 0.014133 0.037703 0.789343 0.033319 0.017402 0.034902 0.016233 
0.000000 0.004476 0.000746 0.000746 0.987691 0.002984 0.000746 0.002238 0.000373 0.000000 0.004687 0.000791 0.001165 0.986057 0.003588 0.000767 0.002570 0.000374 0.021261 0.039164 0.021261 0.041402 0.768743 0.028348 0.020515 0.041402 0.017904 0.021910 0.040845 0.021885 0.043333 0.759309 0.029807 0.021228 0.042982 0.018703 
0.000000 0.001348 0.000000 0.001798 0.994607 0.000899 0.000000 0.000899 0.000449 0.000000 0.001419 0.000000 0.002185 0.993701 0.001046 0.000000 0.001179 0.000469 0.013933 0.035506 0.013933 0.025618 0.822921 0.031461 0.014831 0.030562 0.011236 0.014339 0.037097 0.014408 0.027431 0.814513 0.032745 0.015251 0.032520 0.011698 
0.000000 0.001946 0.000973 0.001946 0.994163 0.000486 0.000000 0.000486 0.000000 0.000000 0.002317 0.001034 0.002234 0.993312 0.000545 0.000000 0.000557 0.000000 0.013132 0.030156 0.010700 0.029669 0.824903 0.036479 0.010214 0.034533 0.010214 0.013903 0.032311 0.011257 0.031247 0.813959 0.038388 0.010872 0.037317 0.010747 
0.000000 0.000857 0.000428 0.000857 0.996146 0.000857 0.000000 0.000857 0.000000 0.000000 0.000893 0.000430 0.001029 0.995783 0.000934 0.000000 0.000931 0.000000 0.016274 0.034690 0.014133 0.044968 0.791006 0.031692 0.017559 0.035974 0.013704 0.016871 0.035980 0.014581 0.047120 0.781862 0.033378 0.018499 0.037570 0.014138 
0.000000 0.001671 0.000835 0.001671 0.992899 0.000835 0.000418 0.001253 0.000418 0.000000 0.001926 0.000836 0.001746 0.992330 0.000900 0.000424 0.001393 0.000445 0.011696 0.028404 0.015455 0.025480 0.830827 0.029240 0.012531 0.033835 0.012531 0.012038 0.029653 0.015938 0.026232 0.823525 0.030995 0.013014 0.035561 0.013045 
0.000000 0.000000 0.000444 0.000888 0.996004 0.001332 0.000000 0.000444 0.000888 0.000000 0.000000 0.000450 0.000891 0.995533 0.001617 0.000000 0.000487 0.001021 0.015542 0.034192 0.015542 0.033304 0.820604 0.029751 0.011545 0.027531 0.011989 0.016222 0.035627 0.016089 0.034386 0.813100 0.031439 0.011802 0.028592 0.012742 
0.000672 0.001344 0.002016 0.000672 0.995296 0.000000 0.000000 0.000000 0.000000 0.000687 0.001840 0.002124 0.000672 0.994677 0.000000 0.000000 0.000000 0.000000 0.006048 0.023522 0.012097 0.024194 0.881720 0.017473 0.010753 0.012769 0.011425 0.006428 0.024987 0.012717 0.024699 0.876033 0.018254 0.011099 0.013566 0.012216 
0.000000 0.002082 0.000694 0.000694 0.992366 0.000000 0.001388 0.002776 0.000000 0.000000 0.002565 0.000713 0.000724 0.991179 0.000000 0.001467 0.003352 0.000000 0.009022 0.031922 0.009715 0.029146 0.845246 0.025677 0.015267 0.024983 0.009022 0.009645 0.034365 0.010069 0.030372 0.834940 0.027376 0.016143 0.027765 0.009325 
