0.003752 0.078414 0.001876 0.081791 0.812281 0.012256 0.000250 0.008754 0.000625 0.003745 0.078954 0.002151 0.082636 0.808829 0.013197 0.000252 0.009589 0.000648 0.005378 0.089295 0.003127 0.088544 0.770010 0.021511 0.001876 0.018384 0.001876 0.005497 0.090378 0.003351 0.089228 0.764203 0.023521 0.002013 0.019794 0.002017 
0.001015 0.004736 0.002368 0.004736 0.970568 0.005413 0.000338 0.007781 0.003045 0.001063 0.005399 0.002799 0.004985 0.965727 0.006440 0.000408 0.009842 0.003337 0.004398 0.028417 0.005413 0.018268 0.886671 0.017253 0.002030 0.029093 0.008457 0.005162 0.030466 0.006973 0.019081 0.873757 0.019444 0.002237 0.033742 0.009137 
0.000677 0.006766 0.000338 0.007442 0.967862 0.005751 0.000677 0.008457 0.002030 0.000704 0.008697 0.000341 0.010019 0.957204 0.007755 0.000781 0.012449 0.002049 0.003721 0.028078 0.004736 0.014547 0.901218 0.016576 0.001353 0.025710 0.004060 0.004616 0.031234 0.005154 0.018880 0.880360 0.020196 0.001722 0.033444 0.004395 
0.000000 0.003721 0.002030 0.006428 0.970230 0.005074 0.002030 0.009134 0.001353 0.000000 0.004525 0.002212 0.009305 0.961232 0.006391 0.002688 0.012044 0.001604 0.000677 0.027402 0.005074 0.021313 0.892760 0.017930 0.003383 0.028755 0.002706 0.000665 0.031113 0.005567 0.025225 0.875048 0.021243 0.004974 0.033350 0.002814 
0.001063 0.002125 0.002125 0.004251 0.976621 0.005313 0.001063 0.004251 0.003188 0.001382 0.002581 0.002626 0.005937 0.970400 0.006721 0.001623 0.005258 0.003472 0.001063 0.021608 0.006022 0.017357 0.902232 0.016295 0.002125 0.026567 0.006730 0.001396 0.023011 0.007073 0.020390 0.890956 0.018280 0.002963 0.028544 0.007386 
0.000682 0.003749 0.001022 0.004431 0.977505 0.003067 0.003067 0.005112 0.001363 0.000783 0.004017 0.001114 0.005888 0.973438 0.003570 0.003927 0.005782 0.001481 0.001022 0.024199 0.006817 0.014656 0.900818 0.018064 0.003749 0.025222 0.005453 0.001281 0.025556 0.007389 0.017577 0.891352 0.019202 0.004915 0.026881 0.005848 
0.001647 0.004611 0.001976 0.004282 0.970685 0.004941 0.001647 0.005929 0.004282 0.001973 0.005615 0.002265 0.005934 0.963983 0.006275 0.001932 0.006521 0.005503 0.005270 0.020751 0.005599 0.014163 0.909091 0.016469 0.003623 0.020092 0.004941 0.006498 0.022252 0.006570 0.016446 0.896498 0.018591 0.004304 0.022065 0.006777 
0.000620 0.004337 0.001239 0.005886 0.976766 0.004957 0.000929 0.004647 0.000620 0.000792 0.005252 0.001337 0.007902 0.970546 0.006388 0.001322 0.005649 0.000812 0.002788 0.034077 0.009603 0.033147 0.843866 0.031908 0.003717 0.032218 0.008674 0.003248 0.037492 0.010324 0.036773 0.829008 0.035161 0.004093 0.034487 0.009414 
0.001606 0.003211 0.000963 0.003211 0.987155 0.000000 0.000963 0.002890 0.000000 0.002224 0.003831 0.001216 0.004576 0.983224 0.000000 0.001420 0.003509 0.000000 0.002248 0.044316 0.004175 0.028581 0.855170 0.020231 0.002890 0.036609 0.005780 0.002780 0.047695 0.004453 0.031028 0.843873 0.021587 0.003304 0.039174 0.006106 
0.000344 0.002061 0.000000 0.001374 0.994847 0.000000 0.000344 0.001031 0.000000 0.000365 0.002761 0.000000 0.001618 0.993736 0.000000 0.000414 0.001106 0.000000 0.001374 0.025077 0.002748 0.020955 0.889729 0.018207 0.004809 0.033665 0.003435 0.001644 0.027241 0.002880 0.021774 0.883475 0.018867 0.005385 0.034960 0.003774 
0.000000 0.000417 0.000000 0.000834 0.996664 0.001251 0.000000 0.000834 0.000000 0.000000 0.000416 0.000000 0.001157 0.995229 0.001575 0.000000 0.001622 0.000000 0.004170 0.046706 0.002919 0.047540 0.813178 0.041701 0.001668 0.040450 0.001668 0.004243 0.047848 0.003008 0.049847 0.804260 0.044955 0.001721 0.042374 0.001743 
0.000000 0.007547 0.000000 0.000000 0.981132 0.003774 0.000000 0.007547 0.000000 0.000000 0.007546 0.000000 0.000000 0.980917 0.003774 0.000000 0.007764 0.000000 0.003774 0.007547 0.000000 0.015094 0.932075 0.018868 0.007547 0.015094 0.000000 0.003767 0.007534 0.000000 0.015156 0.930510 0.019993 0.007767 0.015271 0.000000 
0.000000 0.000000 0.000000 0.000000 0.998390 0.000000 0.000000 0.001610 0.000000 0.000000 0.000000 0.000000 0.000000 0.998349 0.000000 0.000000 0.001651 0.000000 0.000000 0.000000 0.000000 0.001610 0.995169 0.001610 0.000000 0.001610 0.000000 0.000000 0.000000 0.000000 0.001626 0.995060 0.001663 0.000000 0.001651 0.000000 
0.000000 0.001458 0.000000 0.002915 0.988338 0.004373 0.000000 0.002915 0.000000 0.000000 0.001573 0.000000 0.002951 0.988030 0.004457 0.000000 0.002989 0.000000 0.001458 0.002915 0.000000 0.005831 0.981050 0.004373 0.000000 0.002915 0.001458 0.001499 0.002927 0.000000 0.005850 0.980717 0.004441 0.000000 0.002972 0.001593 
