0.000182 0.002595 0.000052 0.002647 0.993254 0.000701 0.000026 0.000545 0.000000 0.000190 0.002675 0.000053 0.002702 0.993035 0.000721 0.000027 0.000598 0.000000 0.003451 0.045226 0.002673 0.036144 0.835262 0.030877 0.002231 0.041100 0.003036 0.003647 0.047219 0.002902 0.037501 0.827712 0.032112 0.002346 0.043306 0.003256 
0.001757 0.039712 0.000879 0.026533 0.920752 0.003514 0.000703 0.006150 0.000000 0.001762 0.039797 0.000893 0.026609 0.920280 0.003626 0.000707 0.006326 0.000000 0.003163 0.053066 0.002109 0.043929 0.854683 0.019680 0.001230 0.021789 0.000351 0.003192 0.053758 0.002219 0.045167 0.850300 0.020627 0.001240 0.023126 0.000370 
0.003585 0.032261 0.001059 0.035845 0.901263 0.015560 0.001303 0.008391 0.000733 0.003647 0.032696 0.001154 0.036088 0.899189 0.016157 0.001333 0.008949 0.000787 0.012301 0.053360 0.011079 0.055397 0.790550 0.031446 0.009369 0.027943 0.008554 0.012545 0.054659 0.011701 0.056334 0.783705 0.032746 0.009896 0.029610 0.008804 
0.002970 0.016167 0.001193 0.015023 0.951182 0.007110 0.001290 0.004480 0.000584 0.003028 0.016532 0.001231 0.015481 0.948975 0.007769 0.001325 0.005027 0.000631 0.020428 0.043534 0.017092 0.040028 0.791678 0.027854 0.017823 0.027465 0.014098 0.021325 0.044747 0.017895 0.041302 0.782687 0.029555 0.018643 0.029070 0.014775 
0.002142 0.011046 0.000903 0.009723 0.966128 0.004998 0.000651 0.004116 0.000294 0.002201 0.011620 0.000994 0.010327 0.963632 0.005653 0.000677 0.004575 0.000321 0.015854 0.035111 0.012284 0.032654 0.831167 0.023267 0.013229 0.025724 0.010710 0.016543 0.036874 0.013036 0.034439 0.821654 0.025028 0.013831 0.027353 0.011243 
0.002084 0.011856 0.000470 0.011269 0.964257 0.004490 0.001144 0.004079 0.000352 0.002151 0.012160 0.000500 0.012228 0.961603 0.005130 0.001226 0.004605 0.000396 0.011474 0.036183 0.009068 0.030783 0.849488 0.021041 0.010007 0.023330 0.008628 0.012010 0.037644 0.009540 0.033079 0.840369 0.022806 0.010501 0.024950 0.009102 
0.001010 0.007573 0.000597 0.009547 0.971613 0.005691 0.000436 0.003236 0.000298 0.001043 0.008028 0.000621 0.010269 0.969369 0.006250 0.000450 0.003654 0.000317 0.004613 0.028020 0.005485 0.024945 0.887553 0.021939 0.004475 0.019254 0.003718 0.004842 0.030293 0.005879 0.026753 0.878389 0.023907 0.004708 0.021267 0.003964 
0.001018 0.007739 0.000789 0.007459 0.974035 0.004939 0.000509 0.003157 0.000356 0.001072 0.008277 0.000819 0.008050 0.971697 0.005460 0.000535 0.003659 0.000431 0.006364 0.028817 0.005702 0.023267 0.884505 0.022503 0.005244 0.018609 0.004989 0.006664 0.030937 0.006031 0.024943 0.875756 0.024190 0.005494 0.020628 0.005355 
0.000978 0.006370 0.000660 0.004664 0.979094 0.004664 0.000341 0.002957 0.000273 0.000991 0.006769 0.000698 0.005131 0.977434 0.005040 0.000361 0.003284 0.000291 0.005596 0.023318 0.005255 0.018176 0.905205 0.017016 0.004573 0.016721 0.004140 0.005874 0.025028 0.005570 0.019669 0.897898 0.018287 0.004809 0.018446 0.004419 
0.000533 0.006061 0.000844 0.004085 0.981107 0.004396 0.000466 0.002242 0.000266 0.000548 0.006392 0.000872 0.004606 0.979395 0.004807 0.000492 0.002580 0.000308 0.006305 0.023133 0.006372 0.018049 0.903537 0.016051 0.005484 0.016473 0.004596 0.006579 0.024591 0.006716 0.019403 0.896758 0.017201 0.005800 0.018079 0.004874 
0.008587 0.040244 0.003245 0.029757 0.890626 0.014879 0.001583 0.010130 0.000950 0.008819 0.041373 0.003368 0.031109 0.885234 0.015795 0.001788 0.011515 0.000999 0.020300 0.073760 0.013256 0.054450 0.739345 0.037276 0.011950 0.040442 0.009220 0.021095 0.076260 0.013775 0.056699 0.727232 0.039094 0.012689 0.043590 0.009566 
0.017411 0.049346 0.002803 0.049388 0.845634 0.022847 0.002548 0.008281 0.001741 0.017700 0.050225 0.002946 0.050725 0.840163 0.023793 0.002736 0.009738 0.001974 0.039494 0.088925 0.019237 0.076227 0.656107 0.045057 0.018048 0.042042 0.014863 0.040434 0.090985 0.019878 0.077862 0.644501 0.046570 0.018646 0.045572 0.015550 
0.017198 0.033352 0.002873 0.046073 0.859504 0.024287 0.003992 0.010819 0.001903 0.017254 0.034149 0.003029 0.046472 0.855020 0.025704 0.004221 0.012136 0.002015 0.037493 0.063906 0.017459 0.072151 0.684984 0.047566 0.020929 0.039881 0.015631 0.038117 0.065737 0.018093 0.072956 0.674576 0.049739 0.021705 0.042653 0.016425 
0.004548 0.019841 0.000863 0.026860 0.924911 0.010587 0.001608 0.010038 0.000745 0.004655 0.021154 0.000967 0.028102 0.919419 0.011848 0.001794 0.011210 0.000852 0.012234 0.040270 0.005686 0.047328 0.826569 0.029448 0.008626 0.024036 0.005803 0.012773 0.042932 0.006077 0.049777 0.814044 0.032547 0.009245 0.026375 0.006230 
0.000582 0.009025 0.000000 0.006405 0.977875 0.002766 0.000291 0.003057 0.000000 0.000689 0.009446 0.000000 0.006900 0.976529 0.002906 0.000304 0.003226 0.000000 0.005386 0.022853 0.003202 0.029112 0.893159 0.021980 0.002475 0.018777 0.003057 0.005559 0.023856 0.003309 0.030937 0.887086 0.023198 0.002630 0.020123 0.003302 
0.005649 0.026971 0.001512 0.064763 0.863712 0.025937 0.002069 0.008672 0.000716 0.005768 0.027364 0.001552 0.065305 0.860934 0.026889 0.002108 0.009305 0.000775 0.022436 0.053067 0.014321 0.091336 0.707932 0.048373 0.017503 0.029994 0.015037 0.023233 0.054047 0.014839 0.092383 0.700577 0.049964 0.017976 0.031293 0.015688 
0.005030 0.035862 0.002759 0.032901 0.889696 0.021298 0.002475 0.009493 0.000487 0.005088 0.036458 0.002867 0.033443 0.886498 0.022315 0.002626 0.010191 0.000514 0.027748 0.066166 0.018905 0.061542 0.697931 0.046491 0.025193 0.039108 0.016917 0.028688 0.067599 0.019687 0.062725 0.688247 0.048255 0.026156 0.041127 0.017516 
0.001892 0.047721 0.002468 0.009997 0.918792 0.008392 0.001358 0.008927 0.000453 0.001969 0.048357 0.002670 0.010653 0.915757 0.009104 0.001449 0.009535 0.000508 0.019829 0.082565 0.021022 0.043854 0.732845 0.035256 0.017936 0.034392 0.012300 0.020729 0.084270 0.021957 0.046046 0.721968 0.037171 0.018594 0.036364 0.012901 
0.004051 0.027144 0.002339 0.026602 0.915393 0.011025 0.002255 0.010273 0.000919 0.004208 0.028020 0.002569 0.027670 0.911177 0.011755 0.002421 0.011182 0.000999 0.027771 0.070325 0.023595 0.063476 0.684582 0.043807 0.023637 0.044976 0.017832 0.028665 0.072555 0.024468 0.065053 0.674066 0.045298 0.024380 0.047187 0.018327 
0.007204 0.030349 0.003602 0.027079 0.904563 0.015071 0.002898 0.008405 0.000828 0.007286 0.031174 0.003745 0.028049 0.900654 0.015776 0.003040 0.009373 0.000903 0.036187 0.079911 0.026913 0.077012 0.611212 0.056641 0.032295 0.055192 0.024636 0.036909 0.081914 0.027440 0.078567 0.601203 0.057972 0.033010 0.057507 0.025478 
0.006204 0.023367 0.001790 0.021700 0.921287 0.014384 0.001543 0.008859 0.000864 0.006375 0.024406 0.001898 0.022876 0.916133 0.015466 0.001671 0.010208 0.000966 0.017780 0.052568 0.014662 0.046796 0.775528 0.037289 0.012625 0.032936 0.009816 0.018472 0.054699 0.015546 0.049026 0.763488 0.039551 0.013165 0.035669 0.010384 
0.003475 0.024711 0.001258 0.013359 0.940244 0.009914 0.000839 0.005931 0.000270 0.003586 0.025203 0.001300 0.014157 0.937113 0.010771 0.000924 0.006653 0.000292 0.017942 0.060564 0.011112 0.045917 0.765021 0.041425 0.009974 0.036692 0.011352 0.018958 0.062654 0.011684 0.047595 0.753499 0.043960 0.010425 0.039172 0.012053 
0.006603 0.041170 0.001554 0.041818 0.882574 0.013206 0.002071 0.010746 0.000259 0.006634 0.041763 0.001603 0.042273 0.879838 0.013913 0.002178 0.011521 0.000276 0.015407 0.065640 0.007768 0.062015 0.779907 0.032885 0.007250 0.025246 0.003884 0.015728 0.067239 0.008274 0.063248 0.771999 0.034555 0.007675 0.027111 0.004171 
0.005840 0.031166 0.001856 0.038153 0.895421 0.020305 0.001474 0.004476 0.001310 0.005912 0.031543 0.001943 0.038603 0.893209 0.021033 0.001544 0.004798 0.001415 0.020905 0.061405 0.017412 0.060422 0.726380 0.046395 0.019431 0.028710 0.018940 0.021440 0.062395 0.018078 0.061152 0.719155 0.048048 0.020122 0.029887 0.019722 
0.003495 0.023147 0.002451 0.031090 0.913357 0.018926 0.001135 0.005219 0.001180 0.003563 0.023729 0.002584 0.032056 0.909765 0.019882 0.001216 0.005929 0.001275 0.014705 0.046430 0.013480 0.048564 0.783688 0.035401 0.016203 0.027005 0.014524 0.015325 0.048282 0.014325 0.050260 0.772863 0.037276 0.017102 0.029242 0.015326 
0.002457 0.018764 0.001713 0.030827 0.924795 0.014222 0.000596 0.004393 0.002234 0.002665 0.019714 0.001810 0.031712 0.920782 0.015129 0.000663 0.004927 0.002597 0.008116 0.040506 0.006255 0.044006 0.846761 0.023529 0.005808 0.020104 0.004914 0.008821 0.042999 0.006866 0.045781 0.836283 0.025306 0.006241 0.022118 0.005585 
0.001585 0.015579 0.001039 0.025910 0.933038 0.016399 0.000820 0.004045 0.001585 0.001642 0.016246 0.001070 0.026928 0.929611 0.017455 0.000882 0.004422 0.001744 0.006833 0.031759 0.003444 0.036077 0.869629 0.024653 0.004865 0.017492 0.005248 0.007451 0.033556 0.003621 0.038028 0.860405 0.026579 0.005176 0.019343 0.005841 
0.001806 0.020292 0.001118 0.031442 0.907681 0.029263 0.000774 0.006735 0.000889 0.001859 0.020704 0.001224 0.032238 0.904026 0.030768 0.000805 0.007318 0.001057 0.006821 0.036199 0.004443 0.045572 0.839008 0.038406 0.005761 0.019547 0.004242 0.007226 0.037815 0.004756 0.047184 0.830545 0.040511 0.006108 0.021183 0.004670 
0.003720 0.036521 0.001217 0.048255 0.870858 0.031381 0.001589 0.005952 0.000507 0.003782 0.037022 0.001294 0.048953 0.867798 0.032697 0.001651 0.006249 0.000553 0.009468 0.051231 0.005140 0.061139 0.802955 0.040410 0.005884 0.018024 0.005749 0.009835 0.052609 0.005459 0.062500 0.795249 0.042431 0.006225 0.019621 0.006070 
0.009504 0.042477 0.001696 0.096734 0.814653 0.022934 0.001874 0.009504 0.000625 0.009530 0.043292 0.001795 0.097657 0.810311 0.024401 0.001946 0.010369 0.000699 0.014233 0.053186 0.003748 0.104944 0.766554 0.029627 0.004774 0.019722 0.003213 0.014484 0.054823 0.004054 0.106139 0.758389 0.031618 0.005050 0.021949 0.003494 
0.005685 0.024574 0.000651 0.180424 0.759889 0.019422 0.001243 0.007698 0.000414 0.005726 0.025709 0.000677 0.182137 0.754216 0.020908 0.001332 0.008797 0.000497 0.007698 0.033752 0.001895 0.184214 0.728624 0.021495 0.003849 0.017409 0.001066 0.007877 0.036355 0.002079 0.185517 0.719267 0.023151 0.004111 0.020407 0.001235 
0.001377 0.010354 0.000771 0.120994 0.833021 0.026710 0.001101 0.005232 0.000441 0.001448 0.011586 0.000858 0.123002 0.825917 0.028902 0.001248 0.006571 0.000469 0.002754 0.023956 0.002148 0.126941 0.792433 0.030510 0.002864 0.016687 0.001707 0.002934 0.027126 0.002388 0.129002 0.780066 0.033034 0.003171 0.020398 0.001881 
0.001360 0.009101 0.000994 0.086306 0.856000 0.038602 0.000994 0.005963 0.000680 0.001395 0.010068 0.001079 0.087424 0.849788 0.041358 0.001129 0.007039 0.000720 0.003191 0.028089 0.002511 0.094571 0.802908 0.043572 0.003714 0.019144 0.002301 0.003397 0.031549 0.002726 0.096121 0.790603 0.046564 0.004240 0.022259 0.002542 
0.001406 0.013282 0.001146 0.047138 0.892703 0.036460 0.001979 0.005625 0.000260 0.001443 0.014684 0.001228 0.048210 0.885970 0.039194 0.002143 0.006785 0.000343 0.003177 0.031877 0.003802 0.055420 0.835877 0.041877 0.005938 0.020782 0.001250 0.003385 0.035106 0.004163 0.057416 0.822471 0.044982 0.006546 0.024465 0.001465 
0.001445 0.016715 0.001759 0.041033 0.910708 0.021051 0.001571 0.005467 0.000251 0.001523 0.017383 0.001940 0.041556 0.906747 0.022385 0.001690 0.006512 0.000263 0.002953 0.033932 0.003770 0.051150 0.857170 0.027711 0.003456 0.018097 0.001759 0.003200 0.036363 0.004125 0.052361 0.847479 0.029882 0.003842 0.020776 0.001973 
0.001368 0.021297 0.000098 0.029113 0.929074 0.012798 0.001172 0.004787 0.000293 0.001420 0.021505 0.000099 0.029657 0.926925 0.013763 0.001282 0.005023 0.000327 0.002735 0.034486 0.002149 0.035952 0.884232 0.019734 0.004494 0.015338 0.000879 0.002854 0.035493 0.002295 0.036877 0.878251 0.021538 0.005056 0.016667 0.000969 
0.002084 0.031180 0.000595 0.062881 0.886293 0.008855 0.000967 0.006995 0.000149 0.002195 0.031591 0.000687 0.063536 0.883651 0.009640 0.001023 0.007506 0.000171 0.004093 0.046659 0.001860 0.071142 0.840378 0.013693 0.004465 0.016892 0.000819 0.004488 0.048083 0.002034 0.072015 0.834295 0.015057 0.004926 0.018139 0.000964 
0.006666 0.041541 0.000476 0.102682 0.822766 0.015950 0.001111 0.008570 0.000238 0.006726 0.041796 0.000511 0.103310 0.820336 0.016829 0.001134 0.009101 0.000257 0.008649 0.055666 0.001785 0.111252 0.776147 0.022100 0.003769 0.019719 0.000913 0.008821 0.056561 0.001915 0.111865 0.770751 0.023609 0.003985 0.021508 0.000984 
0.006200 0.048033 0.001168 0.098804 0.819101 0.014374 0.001570 0.010388 0.000362 0.006229 0.048387 0.001186 0.099328 0.816760 0.015259 0.001597 0.010884 0.000370 0.008415 0.061078 0.002657 0.106454 0.777791 0.020051 0.003100 0.019326 0.001127 0.008644 0.062124 0.002791 0.107299 0.772619 0.021425 0.003261 0.020652 0.001185 
0.007310 0.054828 0.000765 0.100561 0.811714 0.012878 0.001020 0.010626 0.000298 0.007322 0.055181 0.000794 0.101029 0.809594 0.013560 0.001057 0.011138 0.000325 0.009308 0.068727 0.001913 0.111654 0.762878 0.020869 0.002890 0.020359 0.001403 0.009375 0.069939 0.002015 0.112392 0.757908 0.022149 0.002986 0.021711 0.001525 
0.010130 0.066268 0.000593 0.114252 0.784345 0.013837 0.001137 0.009142 0.000297 0.010162 0.066638 0.000634 0.114832 0.782402 0.014382 0.001159 0.009470 0.000321 0.012157 0.076448 0.001977 0.122801 0.744910 0.020706 0.002421 0.016653 0.001927 0.012284 0.077356 0.002081 0.123605 0.740740 0.021834 0.002518 0.017531 0.002052 
0.010618 0.079966 0.001597 0.116425 0.768089 0.012498 0.001222 0.009115 0.000470 0.010707 0.080261 0.001637 0.117030 0.766255 0.012958 0.001248 0.009421 0.000482 0.011746 0.088893 0.002913 0.123473 0.733227 0.018887 0.002161 0.016632 0.002067 0.011894 0.089556 0.003016 0.124373 0.729160 0.019883 0.002290 0.017588 0.002241 
