0.001288 0.003648 0.001931 0.004721 0.978755 0.003004 0.002790 0.003219 0.000644 0.001349 0.003880 0.002153 0.005033 0.977219 0.003192 0.003005 0.003461 0.000710 0.010300 0.030258 0.013519 0.042704 0.818670 0.032403 0.012446 0.030043 0.009657 0.010880 0.031590 0.014488 0.044561 0.809216 0.033698 0.013311 0.032003 0.010253 
0.000352 0.001761 0.000704 0.002993 0.985913 0.002113 0.001937 0.003522 0.000704 0.000369 0.001959 0.000821 0.003126 0.985017 0.002234 0.002026 0.003692 0.000757 0.007572 0.038387 0.008980 0.031344 0.825674 0.027294 0.013030 0.036626 0.011094 0.007951 0.040268 0.009625 0.032808 0.817274 0.028577 0.013701 0.038100 0.011695 
0.000387 0.001934 0.000580 0.002321 0.989555 0.002901 0.000387 0.001547 0.000387 0.000388 0.002085 0.000589 0.002512 0.988639 0.003314 0.000438 0.001614 0.000422 0.007737 0.025725 0.007930 0.025919 0.860348 0.022824 0.008511 0.032108 0.008897 0.008256 0.026738 0.008357 0.027387 0.852591 0.024616 0.009116 0.033611 0.009329 
0.000000 0.001380 0.000197 0.001775 0.991323 0.003352 0.000000 0.001972 0.000000 0.000000 0.001509 0.000224 0.002182 0.989788 0.003892 0.000000 0.002405 0.000000 0.002958 0.024256 0.005324 0.016959 0.899625 0.014396 0.004733 0.025636 0.006113 0.003155 0.025755 0.005766 0.018224 0.892515 0.015826 0.005071 0.027040 0.006649 
0.000420 0.002100 0.001050 0.002520 0.985717 0.003781 0.000420 0.003781 0.000210 0.000446 0.002212 0.001119 0.002786 0.984628 0.004058 0.000430 0.004106 0.000215 0.005461 0.018694 0.007351 0.017853 0.898341 0.014913 0.006511 0.024155 0.006721 0.005789 0.019809 0.007934 0.019001 0.891795 0.015928 0.006880 0.025680 0.007184 
0.001334 0.005782 0.002446 0.002668 0.978430 0.004447 0.001334 0.003336 0.000222 0.001502 0.006475 0.002571 0.002929 0.975727 0.005203 0.001384 0.003945 0.000264 0.008228 0.028686 0.013342 0.030242 0.850789 0.029353 0.011119 0.022904 0.005337 0.008747 0.030904 0.013985 0.032067 0.840971 0.031362 0.011529 0.024808 0.005626 
0.000237 0.005453 0.002845 0.003319 0.973921 0.005927 0.002608 0.004742 0.000948 0.000275 0.006063 0.003125 0.003515 0.971301 0.006640 0.002765 0.005281 0.001034 0.009957 0.025842 0.017070 0.040541 0.809151 0.041489 0.017070 0.027975 0.010906 0.010591 0.028203 0.017999 0.042062 0.797912 0.043864 0.017926 0.029939 0.011502 
0.000595 0.004165 0.003372 0.005950 0.975407 0.004958 0.001983 0.002777 0.000793 0.000705 0.004744 0.003521 0.006429 0.973289 0.005440 0.002085 0.002950 0.000837 0.007338 0.028957 0.018247 0.034113 0.830226 0.030940 0.016065 0.025188 0.008925 0.007598 0.030644 0.019100 0.036187 0.821406 0.032678 0.016881 0.026154 0.009351 
0.000553 0.002767 0.001476 0.001291 0.987456 0.002029 0.000738 0.003320 0.000369 0.000574 0.002989 0.001551 0.001363 0.986695 0.002229 0.000754 0.003446 0.000399 0.009961 0.031360 0.010884 0.026194 0.832134 0.021214 0.016049 0.040583 0.011621 0.010360 0.032795 0.011435 0.027325 0.824558 0.022273 0.016586 0.042379 0.012288 
0.000373 0.002238 0.000932 0.002051 0.990862 0.001305 0.000932 0.001305 0.000000 0.000432 0.002271 0.000976 0.002504 0.990001 0.001338 0.000966 0.001510 0.000000 0.015666 0.045692 0.016225 0.026483 0.790750 0.026296 0.014174 0.050727 0.013987 0.016827 0.047581 0.016795 0.027518 0.782041 0.027129 0.014710 0.052686 0.014713 
0.000000 0.002089 0.000836 0.001462 0.988511 0.002298 0.001253 0.002716 0.000836 0.000000 0.002150 0.000843 0.001569 0.987849 0.002650 0.001289 0.002790 0.000861 0.012325 0.040109 0.014832 0.028828 0.811155 0.024650 0.016294 0.038437 0.013370 0.012980 0.041821 0.015407 0.030068 0.802964 0.026065 0.016934 0.039664 0.014096 
0.000390 0.000976 0.000390 0.000781 0.993949 0.001562 0.000195 0.001366 0.000390 0.000395 0.000982 0.000395 0.000991 0.993419 0.001813 0.000197 0.001378 0.000431 0.013469 0.037478 0.010346 0.024985 0.828030 0.023033 0.011126 0.038454 0.013078 0.014327 0.038861 0.010946 0.026358 0.819899 0.024048 0.011671 0.039969 0.013921 
0.000703 0.002988 0.000703 0.001582 0.986289 0.002285 0.001758 0.002812 0.000879 0.000712 0.003181 0.000721 0.001641 0.985462 0.002416 0.001824 0.003136 0.000908 0.016875 0.053436 0.016523 0.032870 0.766743 0.030761 0.021621 0.045526 0.015644 0.017423 0.055309 0.017533 0.034052 0.757414 0.031616 0.022520 0.047482 0.016651 
0.001257 0.003592 0.002874 0.002874 0.980244 0.004131 0.001616 0.002155 0.001257 0.001349 0.003700 0.002926 0.002982 0.979495 0.004312 0.001667 0.002282 0.001288 0.015086 0.039511 0.026580 0.038793 0.781070 0.036458 0.014727 0.033405 0.014368 0.015710 0.040467 0.027591 0.039947 0.774019 0.037623 0.015252 0.034318 0.015074 
0.001480 0.003886 0.001665 0.003516 0.979645 0.003701 0.001850 0.002221 0.002036 0.001547 0.004052 0.001704 0.003859 0.978535 0.003869 0.001927 0.002364 0.002145 0.013323 0.035344 0.015729 0.032568 0.813657 0.029608 0.016839 0.028868 0.014064 0.013716 0.036412 0.016308 0.033981 0.806893 0.030689 0.017485 0.029804 0.014712 
0.000931 0.002978 0.001117 0.005211 0.983808 0.002606 0.000931 0.001861 0.000558 0.000994 0.003157 0.001143 0.005472 0.982890 0.002661 0.000957 0.002056 0.000671 0.016750 0.039643 0.016192 0.043179 0.784106 0.035548 0.015075 0.034059 0.015448 0.017616 0.040799 0.016822 0.044617 0.776355 0.036617 0.015540 0.035476 0.016158 
0.000389 0.003895 0.000779 0.002337 0.984226 0.003311 0.000779 0.003311 0.000974 0.000398 0.004020 0.000789 0.002442 0.983489 0.003453 0.000810 0.003593 0.001006 0.015385 0.037001 0.020058 0.036417 0.800584 0.034275 0.015774 0.029796 0.010711 0.015870 0.038148 0.020853 0.037729 0.793138 0.035854 0.016395 0.030921 0.011092 
0.000177 0.001770 0.000885 0.001239 0.990088 0.002655 0.001593 0.001062 0.000531 0.000178 0.001939 0.000906 0.001310 0.989570 0.002853 0.001620 0.001085 0.000538 0.014336 0.030265 0.021062 0.034513 0.810619 0.030796 0.015575 0.031858 0.010973 0.014994 0.031498 0.021963 0.035730 0.802802 0.032097 0.016149 0.033411 0.011355 
0.000198 0.000594 0.000396 0.000990 0.997030 0.000396 0.000000 0.000198 0.000198 0.000201 0.000634 0.000400 0.001222 0.996325 0.000771 0.000000 0.000247 0.000200 0.008911 0.018812 0.012673 0.023762 0.887723 0.019010 0.008515 0.014851 0.005743 0.009348 0.019610 0.013257 0.024987 0.882116 0.020302 0.008922 0.015472 0.005986 
0.000000 0.001262 0.000421 0.002313 0.993901 0.000631 0.000421 0.000841 0.000210 0.000000 0.001325 0.000429 0.002439 0.993351 0.000732 0.000428 0.001073 0.000222 0.003996 0.013670 0.004206 0.013039 0.927655 0.011567 0.005889 0.015983 0.003996 0.004122 0.014156 0.004468 0.013648 0.924479 0.011982 0.006167 0.016732 0.004246 
0.000996 0.001993 0.000598 0.003388 0.988242 0.002391 0.000996 0.001196 0.000199 0.001063 0.002063 0.000633 0.003490 0.987699 0.002565 0.001021 0.001263 0.000204 0.013352 0.031686 0.009964 0.030092 0.834994 0.025707 0.015345 0.027302 0.011558 0.014060 0.032411 0.010327 0.031190 0.829368 0.026490 0.016036 0.028034 0.012083 
0.000919 0.002389 0.001287 0.002941 0.984194 0.003492 0.001654 0.002573 0.000551 0.000971 0.002458 0.001351 0.003043 0.983456 0.003615 0.001703 0.002850 0.000554 0.020217 0.041536 0.016725 0.040801 0.779269 0.032715 0.022055 0.033082 0.013600 0.020951 0.042675 0.017281 0.041885 0.771826 0.033946 0.023000 0.034346 0.014090 
0.000417 0.004797 0.001251 0.005839 0.977894 0.003754 0.002086 0.003128 0.000834 0.000426 0.005296 0.001272 0.006310 0.976490 0.003907 0.002141 0.003309 0.000848 0.015641 0.042336 0.019187 0.040459 0.788530 0.032951 0.016475 0.033160 0.011262 0.016364 0.044077 0.019985 0.042383 0.779570 0.034351 0.017226 0.034347 0.011696 
0.000622 0.002072 0.001036 0.006424 0.978450 0.005180 0.002072 0.003108 0.001036 0.000639 0.002311 0.001051 0.006763 0.977026 0.005475 0.002135 0.003453 0.001146 0.018442 0.048280 0.018235 0.050974 0.737671 0.037505 0.025073 0.046001 0.017820 0.019282 0.049822 0.018837 0.052977 0.728443 0.038535 0.025798 0.047465 0.018840 
0.001221 0.005127 0.000488 0.005615 0.975342 0.006348 0.001221 0.003906 0.000732 0.001243 0.005952 0.000496 0.005759 0.973390 0.006803 0.001230 0.004388 0.000739 0.017578 0.045898 0.012695 0.048828 0.758545 0.041748 0.016846 0.043945 0.013916 0.018309 0.048291 0.013183 0.050393 0.747377 0.043965 0.017769 0.046282 0.014430 
