0.000000 0.001201 0.000601 0.001802 0.990991 0.004204 0.000000 0.000601 0.000601 0.000000 0.001345 0.000607 0.002172 0.988882 0.005607 0.000000 0.000675 0.000711 0.003003 0.018018 0.004805 0.010210 0.924925 0.013213 0.004805 0.016817 0.004204 0.003267 0.019669 0.005348 0.011953 0.917348 0.014811 0.004983 0.017458 0.005162 
0.000000 0.001497 0.000000 0.003743 0.993263 0.000749 0.000000 0.000749 0.000000 0.000000 0.001652 0.000000 0.004223 0.992600 0.000765 0.000000 0.000760 0.000000 0.004491 0.015719 0.002994 0.009731 0.932635 0.013473 0.006737 0.011976 0.002246 0.004637 0.017069 0.003267 0.010861 0.927251 0.014814 0.007071 0.012615 0.002415 
0.000929 0.000929 0.000000 0.000929 0.992572 0.002786 0.000000 0.000929 0.000929 0.000997 0.001657 0.000000 0.000969 0.990656 0.003751 0.000000 0.000980 0.000989 0.000929 0.008357 0.004643 0.004643 0.954503 0.011142 0.001857 0.010214 0.003714 0.001176 0.010542 0.005275 0.005117 0.946676 0.014116 0.002000 0.010954 0.004145 
0.000000 0.000000 0.000000 0.000866 0.998268 0.000000 0.000000 0.000866 0.000000 0.000000 0.000000 0.000000 0.001081 0.998023 0.000000 0.000000 0.000896 0.000000 0.002597 0.010390 0.000000 0.004329 0.965368 0.006926 0.000866 0.006061 0.003463 0.002741 0.011281 0.000000 0.005366 0.961725 0.007371 0.000961 0.006825 0.003730 
0.000000 0.001161 0.000580 0.002902 0.993035 0.001161 0.000000 0.000580 0.000580 0.000000 0.001379 0.000596 0.003229 0.992021 0.001383 0.000000 0.000746 0.000645 0.004643 0.010447 0.002902 0.015670 0.940801 0.008706 0.003482 0.009867 0.003482 0.005125 0.011869 0.003306 0.016759 0.934693 0.009347 0.003985 0.010800 0.004117 
0.000000 0.000000 0.000564 0.001128 0.992668 0.003948 0.000564 0.001128 0.000000 0.000000 0.000000 0.000611 0.001283 0.991429 0.004797 0.000576 0.001304 0.000000 0.001128 0.008460 0.002820 0.012408 0.945854 0.013536 0.004512 0.008460 0.002820 0.001188 0.008980 0.003140 0.013630 0.939944 0.015530 0.004758 0.009717 0.003112 
0.000447 0.002685 0.000447 0.002237 0.990604 0.001342 0.000000 0.002237 0.000000 0.000464 0.003132 0.000448 0.002448 0.988672 0.001928 0.000000 0.002908 0.000000 0.002237 0.022819 0.005369 0.031767 0.880537 0.019687 0.007606 0.023714 0.006264 0.002431 0.024860 0.005722 0.033929 0.871609 0.020938 0.008046 0.025925 0.006541 
0.001298 0.001731 0.000433 0.003462 0.991346 0.001298 0.000000 0.000433 0.000000 0.001701 0.002143 0.000625 0.004361 0.989209 0.001482 0.000000 0.000478 0.000000 0.011251 0.019905 0.003029 0.019039 0.896582 0.022934 0.006923 0.014280 0.006058 0.012587 0.021538 0.003324 0.021114 0.887926 0.024695 0.007353 0.015023 0.006440 
0.000000 0.002149 0.000000 0.001075 0.993015 0.002149 0.000537 0.001075 0.000000 0.000000 0.002172 0.000000 0.001249 0.992307 0.002530 0.000537 0.001205 0.000000 0.001075 0.016120 0.002687 0.019882 0.918323 0.020419 0.005911 0.013971 0.001612 0.001129 0.017111 0.002798 0.021135 0.912151 0.022078 0.006460 0.015518 0.001621 
0.000000 0.001771 0.000443 0.002213 0.988490 0.003099 0.000000 0.003099 0.000885 0.000000 0.002076 0.000462 0.003043 0.986377 0.003417 0.000000 0.003527 0.001099 0.004427 0.020806 0.008853 0.016379 0.907924 0.018150 0.002656 0.017707 0.003099 0.004750 0.022442 0.009820 0.018494 0.898805 0.020639 0.002774 0.019034 0.003241 
0.000000 0.003922 0.000000 0.000784 0.990980 0.000000 0.000784 0.002745 0.000784 0.000000 0.004575 0.000000 0.001035 0.989840 0.000000 0.000864 0.002891 0.000795 0.004314 0.020000 0.002353 0.016471 0.919608 0.016471 0.004706 0.013725 0.002353 0.004684 0.022695 0.002491 0.017705 0.912499 0.017402 0.004959 0.015056 0.002507 
0.000000 0.002712 0.000452 0.001808 0.993671 0.000904 0.000000 0.000000 0.000452 0.000000 0.002882 0.000485 0.001966 0.993145 0.001059 0.000000 0.000000 0.000463 0.006329 0.018535 0.005425 0.016727 0.905063 0.020344 0.007685 0.012658 0.007233 0.006680 0.020521 0.005787 0.018022 0.898014 0.021493 0.008195 0.013443 0.007845 
0.000000 0.002418 0.000000 0.002901 0.991296 0.002901 0.000000 0.000484 0.000000 0.000000 0.002944 0.000000 0.003579 0.989360 0.003177 0.000000 0.000940 0.000000 0.003385 0.012089 0.004352 0.024178 0.920696 0.016441 0.002418 0.011122 0.005319 0.003625 0.013718 0.004470 0.026309 0.913715 0.017559 0.002536 0.012031 0.006036 
0.000574 0.001723 0.000000 0.001149 0.994831 0.000574 0.000000 0.000000 0.001149 0.000592 0.002076 0.000000 0.001245 0.994221 0.000599 0.000000 0.000000 0.001267 0.001723 0.005744 0.001723 0.009765 0.958070 0.012636 0.002298 0.002872 0.005169 0.002045 0.006628 0.001945 0.010485 0.954057 0.013402 0.002541 0.003031 0.005866 
0.000000 0.002049 0.001537 0.001537 0.987193 0.003074 0.000000 0.004611 0.000000 0.000000 0.002541 0.001768 0.002082 0.984632 0.003455 0.000000 0.005523 0.000000 0.002561 0.011783 0.003586 0.012807 0.935963 0.014857 0.003074 0.013320 0.002049 0.002749 0.012947 0.004273 0.014479 0.927779 0.016221 0.003599 0.015782 0.002171 
0.000597 0.001195 0.000597 0.001195 0.994624 0.001195 0.000000 0.000000 0.000597 0.000686 0.001211 0.000671 0.001457 0.993945 0.001416 0.000000 0.000000 0.000614 0.000000 0.008961 0.002389 0.014337 0.950418 0.011947 0.000597 0.009558 0.001792 0.000000 0.009728 0.002470 0.015657 0.945142 0.013228 0.000627 0.011211 0.001938 
0.000000 0.001912 0.000000 0.000956 0.994264 0.002868 0.000000 0.000000 0.000000 0.000000 0.002120 0.000000 0.001061 0.993768 0.003051 0.000000 0.000000 0.000000 0.000956 0.005736 0.000000 0.009560 0.964627 0.007648 0.003824 0.006692 0.000956 0.001018 0.006459 0.000000 0.010232 0.961302 0.008723 0.004187 0.007076 0.001004 
0.000000 0.001209 0.000000 0.000000 0.998791 0.000000 0.000000 0.000000 0.000000 0.000000 0.001414 0.000000 0.000000 0.998586 0.000000 0.000000 0.000000 0.000000 0.004837 0.004837 0.000000 0.002418 0.985490 0.001209 0.000000 0.000000 0.001209 0.005049 0.006023 0.000000 0.002558 0.983801 0.001234 0.000000 0.000000 0.001334 
0.000000 0.000875 0.000000 0.000000 0.996500 0.000000 0.000875 0.000875 0.000875 0.000000 0.001092 0.000000 0.000000 0.995939 0.000000 0.001001 0.001075 0.000894 0.000875 0.007874 0.003500 0.007874 0.955381 0.011374 0.003500 0.006999 0.002625 0.000966 0.009077 0.003592 0.008971 0.950461 0.012330 0.003683 0.007924 0.002996 
0.000000 0.002211 0.000000 0.002211 0.993368 0.001474 0.000000 0.000737 0.000000 0.000000 0.003148 0.000000 0.002685 0.991660 0.001593 0.000000 0.000914 0.000000 0.003685 0.017686 0.005158 0.009580 0.930730 0.009580 0.004422 0.013265 0.005895 0.003869 0.019369 0.005464 0.010639 0.925619 0.010302 0.004589 0.013833 0.006314 
0.000970 0.001456 0.000485 0.001941 0.994663 0.000485 0.000000 0.000000 0.000000 0.001027 0.001600 0.000523 0.002077 0.994203 0.000570 0.000000 0.000000 0.000000 0.004852 0.019408 0.005822 0.016497 0.919942 0.012130 0.002911 0.016012 0.002426 0.005176 0.020349 0.006216 0.018310 0.914880 0.012870 0.003044 0.016636 0.002518 
0.000991 0.001981 0.000495 0.000495 0.994056 0.000495 0.000991 0.000000 0.000495 0.001080 0.002556 0.000549 0.000505 0.993047 0.000499 0.001014 0.000000 0.000750 0.005448 0.017335 0.006934 0.016840 0.914809 0.011887 0.010401 0.014364 0.001981 0.006083 0.018636 0.007748 0.017448 0.909696 0.012638 0.010830 0.014870 0.002049 
0.000000 0.000669 0.000000 0.002007 0.995318 0.000669 0.000000 0.001338 0.000000 0.000000 0.000811 0.000000 0.002273 0.994445 0.001005 0.000000 0.001465 0.000000 0.000669 0.008027 0.000669 0.011371 0.957191 0.009365 0.001338 0.008027 0.003344 0.000746 0.009227 0.000692 0.012702 0.953265 0.010050 0.001388 0.008507 0.003423 
0.000000 0.001488 0.000744 0.002976 0.991815 0.002232 0.000000 0.000744 0.000000 0.000000 0.001608 0.000781 0.003207 0.990833 0.002693 0.000000 0.000878 0.000000 0.003720 0.005208 0.001488 0.011161 0.950893 0.016369 0.001488 0.005952 0.003720 0.004092 0.005747 0.001532 0.012094 0.946320 0.018020 0.001617 0.006445 0.004133 
0.000000 0.000692 0.000000 0.002766 0.994467 0.000000 0.000000 0.002075 0.000000 0.000000 0.000705 0.000000 0.002995 0.994056 0.000000 0.000000 0.002243 0.000000 0.002075 0.004149 0.003458 0.010373 0.955740 0.014523 0.004149 0.004841 0.000692 0.002193 0.004392 0.003783 0.011599 0.951411 0.015442 0.004776 0.005666 0.000738 
0.000000 0.001663 0.000000 0.000554 0.995565 0.001109 0.001109 0.000000 0.000000 0.000000 0.001814 0.000000 0.000571 0.995224 0.001165 0.001226 0.000000 0.000000 0.001109 0.011086 0.001663 0.012749 0.950665 0.008869 0.004435 0.007761 0.001663 0.001262 0.012002 0.001852 0.013598 0.946336 0.009271 0.005129 0.008786 0.001764 
0.000000 0.001467 0.000000 0.000000 0.997799 0.000000 0.000000 0.000734 0.000000 0.000000 0.001482 0.000000 0.000000 0.997536 0.000000 0.000000 0.000982 0.000000 0.000734 0.005136 0.000734 0.013206 0.961115 0.006603 0.005869 0.005136 0.001467 0.000789 0.005447 0.000844 0.014033 0.958162 0.006838 0.006527 0.005434 0.001926 
0.000000 0.003835 0.000000 0.000959 0.994247 0.000959 0.000000 0.000000 0.000000 0.000000 0.004980 0.000000 0.001053 0.992827 0.001140 0.000000 0.000000 0.000000 0.000000 0.009588 0.000000 0.007670 0.975072 0.005753 0.000000 0.001918 0.000000 0.000000 0.011170 0.000000 0.008308 0.971976 0.006402 0.000000 0.002144 0.000000 
0.000000 0.000649 0.000000 0.000649 0.995455 0.001299 0.000000 0.001948 0.000000 0.000000 0.000664 0.000000 0.000658 0.993859 0.001698 0.000000 0.003121 0.000000 0.001299 0.006494 0.001948 0.007792 0.966234 0.005844 0.001299 0.009091 0.000000 0.001379 0.006847 0.002051 0.008143 0.962448 0.006605 0.001373 0.011154 0.000000 
0.000000 0.001319 0.000000 0.000660 0.996702 0.000660 0.000000 0.000660 0.000000 0.000000 0.002097 0.000000 0.000756 0.995685 0.000674 0.000000 0.000789 0.000000 0.000660 0.007256 0.001319 0.011214 0.964380 0.007916 0.001979 0.004617 0.000660 0.000691 0.008401 0.001368 0.012353 0.960452 0.008450 0.002237 0.005389 0.000658 
0.000000 0.001318 0.000659 0.000000 0.996704 0.001318 0.000000 0.000000 0.000000 0.000000 0.001558 0.000885 0.000000 0.996171 0.001386 0.000000 0.000000 0.000000 0.000659 0.004614 0.002637 0.003296 0.977587 0.006592 0.000659 0.003955 0.000000 0.000729 0.005100 0.003044 0.003828 0.975164 0.006965 0.000824 0.004345 0.000000 
0.000000 0.002190 0.000730 0.000730 0.994891 0.000000 0.000000 0.001460 0.000000 0.000000 0.002976 0.000836 0.000923 0.993684 0.000000 0.000000 0.001581 0.000000 0.000730 0.010219 0.002920 0.011679 0.962774 0.006569 0.001460 0.002920 0.000730 0.000815 0.011918 0.003206 0.012837 0.958454 0.007067 0.001786 0.003035 0.000882 
0.000000 0.000000 0.000000 0.000000 0.997596 0.000000 0.000000 0.002404 0.000000 0.000000 0.000000 0.000000 0.000000 0.997173 0.000000 0.000000 0.002827 0.000000 0.000000 0.000000 0.001202 0.007212 0.979567 0.009615 0.000000 0.002404 0.000000 0.000000 0.000000 0.001322 0.007568 0.977887 0.010279 0.000000 0.002943 0.000000 
0.000000 0.001401 0.000000 0.000000 0.998599 0.000000 0.000000 0.000000 0.000000 0.000000 0.001416 0.000000 0.000000 0.998584 0.000000 0.000000 0.000000 0.000000 0.000000 0.005602 0.007003 0.012605 0.948179 0.007003 0.002801 0.012605 0.004202 0.000000 0.005770 0.007405 0.013324 0.945273 0.007354 0.002838 0.013223 0.004813 
0.000000 0.003298 0.000000 0.000000 0.992580 0.001649 0.000000 0.001649 0.000824 0.000000 0.003787 0.000000 0.000000 0.991628 0.002097 0.000000 0.001664 0.000824 0.005771 0.012366 0.002473 0.019786 0.918384 0.018961 0.007420 0.009893 0.004946 0.006164 0.013736 0.002606 0.021175 0.911374 0.021031 0.007815 0.010938 0.005162 
0.000000 0.001599 0.000799 0.001599 0.990408 0.000799 0.000000 0.002398 0.002398 0.000000 0.001903 0.000822 0.001649 0.988317 0.000803 0.000000 0.003765 0.002741 0.004796 0.022382 0.002398 0.019185 0.914468 0.012790 0.001599 0.018385 0.003997 0.005030 0.024537 0.002659 0.020495 0.905611 0.013525 0.001989 0.021233 0.004921 
0.000000 0.000000 0.000000 0.000000 0.998563 0.000000 0.000000 0.001437 0.000000 0.000000 0.000000 0.000000 0.000000 0.998360 0.000000 0.000000 0.001640 0.000000 0.004310 0.004310 0.002874 0.002874 0.972701 0.002874 0.000000 0.010057 0.000000 0.004405 0.004901 0.003004 0.002986 0.970170 0.003224 0.000000 0.011310 0.000000 
0.000000 0.000000 0.000000 0.000000 1.000000 0.000000 0.000000 0.000000 0.000000 0.000000 0.000000 0.000000 0.000000 1.000000 0.000000 0.000000 0.000000 0.000000 0.000000 0.002688 0.002688 0.002688 0.986559 0.000000 0.005376 0.000000 0.000000 0.000000 0.002980 0.002726 0.002956 0.985812 0.000000 0.005527 0.000000 0.000000 
0.000000 0.000000 0.000000 0.005871 0.994129 0.000000 0.000000 0.000000 0.000000 0.000000 0.000000 0.000000 0.005920 0.994080 0.000000 0.000000 0.000000 0.000000 0.000000 0.001957 0.001957 0.007828 0.988258 0.000000 0.000000 0.000000 0.000000 0.000000 0.002061 0.001964 0.007887 0.988087 0.000000 0.000000 0.000000 0.000000 
0.000000 0.000000 0.000000 0.002053 0.997947 0.000000 0.000000 0.000000 0.000000 0.000000 0.000000 0.000000 0.002104 0.997896 0.000000 0.000000 0.000000 0.000000 0.000000 0.002053 0.000000 0.004107 0.989733 0.004107 0.000000 0.000000 0.000000 0.000000 0.002189 0.000000 0.004205 0.989452 0.004155 0.000000 0.000000 0.000000 
0.000000 0.000000 0.000000 0.000000 1.000000 0.000000 0.000000 0.000000 0.000000 0.000000 0.000000 0.000000 0.000000 1.000000 0.000000 0.000000 0.000000 0.000000 0.000000 0.006590 0.000000 0.003295 0.981878 0.003295 0.001647 0.003295 0.000000 0.000000 0.006856 0.000000 0.003405 0.980509 0.003683 0.001848 0.003698 0.000000 
0.000000 0.000000 0.000588 0.001764 0.995297 0.000588 0.000000 0.001764 0.000000 0.000000 0.000000 0.000607 0.001788 0.994903 0.000698 0.000000 0.002005 0.000000 0.003527 0.011758 0.005291 0.014697 0.910641 0.028219 0.005291 0.016461 0.004115 0.003745 0.012332 0.005662 0.015939 0.904748 0.030123 0.005387 0.017644 0.004420 
0.000499 0.001497 0.000499 0.001996 0.993014 0.001497 0.000000 0.000499 0.000499 0.000557 0.001605 0.000500 0.002865 0.991823 0.001635 0.000000 0.000510 0.000505 0.003992 0.014471 0.005489 0.022954 0.909182 0.013972 0.006986 0.018962 0.003992 0.004290 0.015365 0.005906 0.025310 0.902904 0.014931 0.007224 0.019880 0.004191 
0.000000 0.000747 0.000000 0.001494 0.994025 0.002240 0.000000 0.001494 0.000000 0.000000 0.001123 0.000000 0.001787 0.992972 0.002519 0.000000 0.001599 0.000000 0.003734 0.010456 0.001494 0.011949 0.944735 0.012696 0.002987 0.011202 0.000747 0.004166 0.011409 0.001600 0.013218 0.939856 0.013742 0.003075 0.012128 0.000807 
0.000852 0.000852 0.000852 0.000000 0.994889 0.000852 0.000000 0.001704 0.000000 0.001038 0.001063 0.000995 0.000000 0.994007 0.000895 0.000000 0.002002 0.000000 0.002555 0.007666 0.002555 0.009370 0.952300 0.008518 0.002555 0.013629 0.000852 0.002688 0.009060 0.002957 0.009932 0.946878 0.009217 0.002688 0.015676 0.000903 
0.000000 0.001309 0.000000 0.002618 0.994764 0.000000 0.000000 0.001309 0.000000 0.000000 0.001367 0.000000 0.002947 0.994002 0.000000 0.000000 0.001684 0.000000 0.003927 0.009162 0.002618 0.007853 0.963351 0.002618 0.001309 0.009162 0.000000 0.004161 0.009935 0.002640 0.009015 0.959481 0.002804 0.001930 0.010034 0.000000 
0.000000 0.000000 0.000000 0.000000 0.995633 0.002183 0.000000 0.002183 0.000000 0.000000 0.000000 0.000000 0.000000 0.995555 0.002253 0.000000 0.002193 0.000000 0.000000 0.002183 0.002183 0.008734 0.971616 0.006550 0.000000 0.008734 0.000000 0.000000 0.002280 0.002816 0.009200 0.969318 0.006921 0.000000 0.009466 0.000000 
0.000000 0.000000 0.000000 0.000000 1.000000 0.000000 0.000000 0.000000 0.000000 0.000000 0.000000 0.000000 0.000000 1.000000 0.000000 0.000000 0.000000 0.000000 0.000000 0.000000 0.000000 0.000000 0.997319 0.000000 0.002681 0.000000 0.000000 0.000000 0.000000 0.000000 0.000000 0.997293 0.000000 0.002707 0.000000 0.000000 
0.000000 0.000000 0.000000 0.001353 0.998647 0.000000 0.000000 0.000000 0.000000 0.000000 0.000000 0.000000 0.001815 0.998185 0.000000 0.000000 0.000000 0.000000 0.004060 0.009472 0.001353 0.004060 0.964817 0.002706 0.002706 0.009472 0.001353 0.004605 0.010873 0.001458 0.005038 0.960191 0.003068 0.003296 0.010107 0.001363 
0.002047 0.002047 0.000000 0.003071 0.989765 0.002047 0.000000 0.001024 0.000000 0.002123 0.002392 0.000000 0.003486 0.988580 0.002085 0.000000 0.001334 0.000000 0.004094 0.007165 0.000000 0.008188 0.963153 0.011259 0.000000 0.004094 0.002047 0.004415 0.008003 0.000000 0.009608 0.959448 0.011769 0.000000 0.004631 0.002125 
0.000000 0.002899 0.000000 0.000000 0.993237 0.001932 0.000000 0.001932 0.000000 0.000000 0.003154 0.000000 0.000000 0.992812 0.002039 0.000000 0.001995 0.000000 0.002899 0.010628 0.000966 0.008696 0.962319 0.005797 0.000966 0.006763 0.000966 0.003198 0.012201 0.000986 0.009484 0.958700 0.006338 0.001037 0.006989 0.001066 
0.000607 0.003034 0.000000 0.000000 0.990898 0.002427 0.000607 0.002427 0.000000 0.000616 0.004009 0.000000 0.000000 0.989234 0.002734 0.000683 0.002723 0.000000 0.001820 0.012743 0.003034 0.018811 0.924757 0.016383 0.004248 0.011529 0.006675 0.001846 0.014233 0.003066 0.019822 0.919044 0.017656 0.004821 0.012605 0.006908 
0.000000 0.000563 0.000563 0.004507 0.984225 0.004507 0.001690 0.003944 0.000000 0.000000 0.000566 0.000582 0.005078 0.981995 0.005526 0.001782 0.004470 0.000000 0.003944 0.016901 0.006197 0.030986 0.880000 0.026479 0.012394 0.021408 0.001690 0.004073 0.018255 0.006502 0.035068 0.868100 0.029394 0.013326 0.023500 0.001782 
0.000000 0.004024 0.000671 0.002012 0.988598 0.001341 0.000000 0.002012 0.001341 0.000000 0.004742 0.000671 0.002268 0.987188 0.001379 0.000000 0.002190 0.001561 0.006707 0.016767 0.004024 0.030181 0.887995 0.024145 0.006707 0.013414 0.010060 0.006997 0.018738 0.004155 0.032701 0.879077 0.025396 0.007272 0.014851 0.010814 
0.000000 0.000644 0.000000 0.000644 0.998069 0.000644 0.000000 0.000000 0.000000 0.000000 0.000785 0.000000 0.000816 0.997669 0.000731 0.000000 0.000000 0.000000 0.003218 0.017375 0.009009 0.010296 0.934363 0.010940 0.003861 0.009009 0.001931 0.003286 0.018860 0.009681 0.011203 0.929193 0.011894 0.004305 0.009555 0.002022 
0.000000 0.000675 0.001350 0.002024 0.989879 0.003374 0.000000 0.002699 0.000000 0.000000 0.000708 0.001745 0.002440 0.987800 0.003704 0.000000 0.003604 0.000000 0.004049 0.014845 0.008772 0.019568 0.910931 0.016194 0.006073 0.016869 0.002699 0.004420 0.015592 0.009868 0.021279 0.902191 0.018283 0.006508 0.018994 0.002863 
0.000000 0.001458 0.000729 0.006560 0.975219 0.006560 0.004373 0.005102 0.000000 0.000000 0.001763 0.001071 0.008074 0.968085 0.009056 0.005323 0.006628 0.000000 0.005102 0.016764 0.007289 0.024052 0.885569 0.021137 0.011662 0.020408 0.008017 0.005322 0.017646 0.008406 0.027469 0.870784 0.024730 0.013784 0.023076 0.008783 
0.000000 0.001580 0.000000 0.000000 0.994471 0.001580 0.000000 0.002370 0.000000 0.000000 0.001598 0.000000 0.000000 0.993574 0.001890 0.000000 0.002937 0.000000 0.000790 0.003949 0.002370 0.012638 0.953397 0.011848 0.004739 0.009479 0.000790 0.000808 0.004155 0.002702 0.013734 0.948905 0.013078 0.005085 0.010739 0.000795 
0.000000 0.001307 0.000000 0.000000 0.990850 0.005882 0.000000 0.001961 0.000000 0.000000 0.001402 0.000000 0.000000 0.988015 0.007723 0.000000 0.002860 0.000000 0.001961 0.012418 0.004575 0.017647 0.922222 0.022222 0.003922 0.015033 0.000000 0.002280 0.013196 0.005043 0.019546 0.912443 0.025877 0.004059 0.017555 0.000000 
0.000000 0.001489 0.000000 0.003723 0.991065 0.001489 0.000000 0.002234 0.000000 0.000000 0.001749 0.000000 0.003803 0.990292 0.001630 0.000000 0.002526 0.000000 0.002978 0.004468 0.001489 0.020104 0.946389 0.014892 0.002978 0.005957 0.000745 0.003496 0.005348 0.001599 0.021675 0.940728 0.015957 0.003304 0.007088 0.000806 
0.000400 0.001199 0.001199 0.001199 0.992406 0.001599 0.000400 0.001599 0.000000 0.000528 0.001659 0.001472 0.001808 0.990197 0.002112 0.000452 0.001771 0.000000 0.004796 0.011591 0.004796 0.020384 0.917266 0.020783 0.003997 0.013189 0.003197 0.005278 0.012939 0.005445 0.022518 0.908421 0.022798 0.004587 0.014479 0.003535 
0.000350 0.003849 0.000700 0.000350 0.991253 0.000700 0.000350 0.001400 0.001050 0.000372 0.004491 0.000808 0.000367 0.990036 0.000730 0.000391 0.001617 0.001188 0.004899 0.016795 0.004549 0.014696 0.927572 0.014696 0.003499 0.010847 0.002449 0.005424 0.018621 0.005033 0.015957 0.920304 0.016101 0.003881 0.012011 0.002667 
0.000000 0.003198 0.000320 0.001919 0.987208 0.001919 0.000640 0.003838 0.000959 0.000000 0.004033 0.000388 0.002268 0.984946 0.002181 0.000650 0.004408 0.001126 0.009914 0.022386 0.006716 0.018228 0.882955 0.022386 0.007995 0.023665 0.005756 0.010370 0.024728 0.007337 0.019455 0.873987 0.024181 0.008453 0.025526 0.005964 
0.000000 0.003290 0.001097 0.002742 0.988209 0.001645 0.000000 0.002468 0.000548 0.000000 0.003896 0.001155 0.003197 0.985944 0.001972 0.000000 0.003231 0.000605 0.006307 0.023855 0.008500 0.020565 0.885659 0.020016 0.007678 0.019468 0.007952 0.006629 0.025981 0.009288 0.022465 0.875497 0.021627 0.008080 0.021478 0.008955 
0.000000 0.001743 0.000349 0.001046 0.993726 0.002091 0.000000 0.001046 0.000000 0.000000 0.002099 0.000349 0.001174 0.992392 0.002646 0.000000 0.001340 0.000000 0.006971 0.014291 0.005577 0.018125 0.921227 0.012199 0.002788 0.014291 0.004531 0.007404 0.015645 0.006006 0.019617 0.914481 0.013498 0.002960 0.015478 0.004910 
0.000000 0.001368 0.000000 0.001026 0.993844 0.001710 0.000000 0.001710 0.000342 0.000000 0.001628 0.000000 0.001218 0.992919 0.002080 0.000000 0.001800 0.000355 0.006498 0.016416 0.003078 0.012312 0.924761 0.015390 0.003078 0.014364 0.004104 0.006798 0.018174 0.003177 0.013294 0.918694 0.016789 0.003233 0.015293 0.004547 
0.000000 0.002877 0.000719 0.002877 0.985976 0.002157 0.001079 0.003596 0.000719 0.000000 0.003232 0.000754 0.003787 0.983708 0.002510 0.001109 0.004056 0.000843 0.004675 0.022294 0.006113 0.021215 0.892844 0.022654 0.009349 0.013664 0.007192 0.005137 0.024132 0.006771 0.023876 0.883607 0.024018 0.010001 0.014504 0.007956 
0.000000 0.000932 0.000466 0.000932 0.992541 0.001865 0.000932 0.002331 0.000000 0.000000 0.000979 0.000468 0.001005 0.991837 0.002032 0.000980 0.002699 0.000000 0.002797 0.013054 0.003263 0.015851 0.932867 0.011189 0.004662 0.013520 0.002797 0.002919 0.014167 0.003457 0.016686 0.927378 0.011911 0.005501 0.014703 0.003278 
0.000000 0.002205 0.002756 0.001654 0.990077 0.001103 0.000551 0.001654 0.000000 0.000000 0.002556 0.002894 0.001895 0.988537 0.001394 0.000701 0.002024 0.000000 0.001103 0.020397 0.005513 0.013782 0.928335 0.015436 0.004410 0.009372 0.001654 0.001185 0.023143 0.006190 0.015308 0.920306 0.016419 0.004875 0.010859 0.001716 
0.000000 0.000753 0.000000 0.000753 0.993976 0.001506 0.000000 0.003012 0.000000 0.000000 0.000809 0.000000 0.000833 0.992721 0.001927 0.000000 0.003709 0.000000 0.000753 0.003765 0.000753 0.013554 0.956325 0.013554 0.002259 0.007530 0.001506 0.000958 0.003956 0.000865 0.014500 0.951392 0.015511 0.002431 0.008532 0.001855 
0.000000 0.004079 0.000000 0.002039 0.988443 0.002039 0.000680 0.002719 0.000000 0.000000 0.004285 0.000000 0.002211 0.985633 0.003484 0.000680 0.003708 0.000000 0.003399 0.015636 0.004759 0.021074 0.913664 0.020394 0.005438 0.014956 0.000680 0.003675 0.017692 0.005167 0.022743 0.904478 0.022626 0.006086 0.016854 0.000680 
0.000474 0.001421 0.000000 0.001421 0.995263 0.000947 0.000000 0.000474 0.000000 0.000656 0.001525 0.000000 0.001865 0.994364 0.000999 0.000000 0.000591 0.000000 0.004263 0.015159 0.007106 0.025107 0.906206 0.014685 0.007579 0.017054 0.002842 0.004764 0.016281 0.007422 0.027463 0.899606 0.015229 0.007824 0.018452 0.002959 
0.000000 0.001918 0.000000 0.000959 0.991850 0.001918 0.000000 0.002397 0.000959 0.000000 0.002525 0.000000 0.001109 0.989647 0.002426 0.000000 0.002834 0.001459 0.006232 0.010547 0.004314 0.011985 0.933365 0.011505 0.001918 0.015340 0.004794 0.006678 0.011780 0.004922 0.012571 0.926538 0.012472 0.002284 0.017172 0.005585 
0.000000 0.001054 0.000527 0.000527 0.995256 0.000527 0.000000 0.002109 0.000000 0.000000 0.001222 0.000598 0.000600 0.993765 0.000562 0.000000 0.003254 0.000000 0.002109 0.010543 0.003163 0.008962 0.958355 0.006853 0.001581 0.007907 0.000527 0.002178 0.012182 0.003493 0.009831 0.953200 0.007208 0.001671 0.009694 0.000543 
0.000977 0.002931 0.000489 0.001466 0.993161 0.000489 0.000000 0.000489 0.000000 0.001043 0.003586 0.000510 0.001798 0.991925 0.000595 0.000000 0.000543 0.000000 0.003420 0.011236 0.004397 0.010259 0.951148 0.007328 0.003420 0.008305 0.000489 0.003777 0.012940 0.005344 0.011342 0.945340 0.007722 0.003950 0.009068 0.000517 
0.001442 0.000000 0.000000 0.000000 0.996395 0.000721 0.000721 0.000721 0.000000 0.001495 0.000000 0.000000 0.000000 0.996193 0.000824 0.000741 0.000747 0.000000 0.005047 0.007210 0.000721 0.007931 0.957462 0.012257 0.002163 0.006489 0.000721 0.005461 0.007725 0.000782 0.008450 0.953247 0.013198 0.002594 0.007746 0.000796 
0.000682 0.001363 0.000000 0.000000 0.997273 0.000000 0.000000 0.000682 0.000000 0.001046 0.001532 0.000000 0.000000 0.996571 0.000000 0.000000 0.000851 0.000000 0.001363 0.004090 0.000682 0.006135 0.970007 0.006135 0.002045 0.009543 0.000000 0.001400 0.004702 0.000707 0.007072 0.966439 0.006374 0.002731 0.010575 0.000000 
0.000000 0.000000 0.000000 0.000939 0.993424 0.000939 0.002349 0.001879 0.000470 0.000000 0.000000 0.000000 0.000959 0.992825 0.001063 0.002523 0.002155 0.000475 0.002818 0.006576 0.001879 0.009864 0.948802 0.009394 0.003758 0.013621 0.003288 0.003104 0.006973 0.002010 0.010475 0.944147 0.010250 0.004400 0.015166 0.003476 
0.000000 0.001628 0.000000 0.001085 0.993489 0.002170 0.001085 0.000543 0.000000 0.000000 0.001938 0.000000 0.001371 0.992059 0.002920 0.001123 0.000589 0.000000 0.000543 0.012480 0.004341 0.012480 0.948454 0.010852 0.003798 0.005426 0.001628 0.000562 0.014156 0.004915 0.013994 0.942035 0.012414 0.004106 0.006056 0.001762 
0.000000 0.001616 0.000000 0.001616 0.991115 0.004039 0.000000 0.000808 0.000808 0.000000 0.001887 0.000000 0.002383 0.988946 0.004770 0.000000 0.001009 0.001006 0.000808 0.004847 0.001616 0.012116 0.958805 0.008885 0.000000 0.011309 0.001616 0.000854 0.005925 0.001692 0.014067 0.951760 0.010496 0.000000 0.013116 0.002090 
0.000000 0.000616 0.000000 0.000616 0.998153 0.000000 0.000000 0.000616 0.000000 0.000000 0.000622 0.000000 0.000709 0.997937 0.000000 0.000000 0.000733 0.000000 0.000000 0.009236 0.003079 0.012315 0.958744 0.008005 0.002463 0.004926 0.001232 0.000000 0.010431 0.003282 0.013592 0.954358 0.008571 0.002588 0.005675 0.001503 
0.000000 0.001207 0.000000 0.001207 0.993965 0.000604 0.000604 0.002414 0.000000 0.000000 0.001357 0.000000 0.001266 0.993057 0.000654 0.000669 0.002996 0.000000 0.000604 0.011467 0.001207 0.009053 0.962583 0.007242 0.000604 0.007242 0.000000 0.000658 0.012982 0.001435 0.009902 0.957590 0.008022 0.000648 0.008763 0.000000 
0.001004 0.000000 0.001004 0.001004 0.994980 0.001004 0.000000 0.001004 0.000000 0.001208 0.000000 0.001064 0.001377 0.993670 0.001653 0.000000 0.001027 0.000000 0.002008 0.003012 0.003012 0.006024 0.975904 0.005020 0.000000 0.004016 0.001004 0.002197 0.003355 0.003968 0.006990 0.972557 0.005446 0.000000 0.004451 0.001035 
0.000000 0.000000 0.000000 0.000994 0.993042 0.003976 0.000000 0.001988 0.000000 0.000000 0.000000 0.000000 0.001020 0.991819 0.004349 0.000000 0.002811 0.000000 0.001988 0.008946 0.000994 0.009940 0.964215 0.005964 0.001988 0.005964 0.000000 0.002116 0.009604 0.001351 0.010628 0.960093 0.006617 0.002346 0.007246 0.000000 
