0.000413 0.004950 0.001238 0.004950 0.975660 0.007632 0.000825 0.003713 0.000619 0.000426 0.005609 0.001330 0.005306 0.972891 0.008460 0.001011 0.004248 0.000720 0.004332 0.030734 0.010314 0.024752 0.850248 0.031559 0.005776 0.033828 0.008457 0.004631 0.032950 0.011243 0.026378 0.839116 0.034214 0.006224 0.035963 0.009281 
0.000381 0.003618 0.001904 0.009139 0.969726 0.009711 0.000762 0.004189 0.000571 0.000388 0.003884 0.002113 0.010177 0.966666 0.010577 0.000840 0.004734 0.000620 0.006664 0.037129 0.009139 0.033892 0.810929 0.044745 0.007045 0.043412 0.007045 0.007008 0.039038 0.009849 0.036603 0.798676 0.048285 0.007418 0.045812 0.007310 
0.000764 0.004200 0.000764 0.004773 0.976900 0.009546 0.000573 0.002291 0.000191 0.000811 0.004671 0.000797 0.005310 0.974533 0.010455 0.000606 0.002601 0.000216 0.008400 0.030928 0.006873 0.026537 0.837533 0.039710 0.010309 0.033601 0.006109 0.008583 0.032740 0.007126 0.028277 0.828115 0.042950 0.010688 0.035185 0.006336 
0.000765 0.002869 0.002104 0.004781 0.976095 0.007267 0.001912 0.003634 0.000574 0.000793 0.003328 0.002351 0.005518 0.972932 0.008112 0.002056 0.004281 0.000629 0.006311 0.034997 0.006693 0.022184 0.865940 0.026009 0.007458 0.025818 0.004590 0.006634 0.036978 0.007541 0.024302 0.854993 0.028808 0.008160 0.027456 0.005128 
0.000565 0.005654 0.001508 0.006785 0.974369 0.006031 0.001508 0.003392 0.000188 0.000633 0.006278 0.001832 0.007527 0.970844 0.006782 0.001683 0.004175 0.000245 0.006596 0.041651 0.006219 0.022804 0.862231 0.024501 0.008104 0.024689 0.003204 0.007113 0.043875 0.006996 0.024980 0.851141 0.027145 0.008707 0.026618 0.003425 
0.000750 0.002437 0.002062 0.005624 0.982002 0.004874 0.000375 0.001500 0.000375 0.000872 0.002567 0.002433 0.006202 0.979742 0.005521 0.000437 0.001845 0.000380 0.004124 0.039745 0.006187 0.020622 0.868579 0.025872 0.007499 0.022872 0.004499 0.004590 0.041769 0.007061 0.022207 0.858983 0.028028 0.008065 0.024465 0.004833 
0.000194 0.003500 0.002333 0.003694 0.981334 0.005444 0.000583 0.002528 0.000389 0.000250 0.003759 0.002879 0.004216 0.978479 0.006227 0.000593 0.003142 0.000455 0.002722 0.042388 0.005055 0.015555 0.877503 0.023138 0.006028 0.024888 0.002722 0.003025 0.044918 0.005991 0.016993 0.867144 0.025449 0.006726 0.026755 0.002999 
0.001342 0.003833 0.000767 0.004025 0.981794 0.005749 0.000192 0.001533 0.000767 0.001497 0.004090 0.000888 0.004661 0.979792 0.006343 0.000203 0.001634 0.000892 0.007857 0.045803 0.006133 0.017248 0.865082 0.026255 0.005366 0.021847 0.004408 0.008404 0.048187 0.006731 0.019019 0.855054 0.028780 0.005702 0.023251 0.004872 
0.000189 0.004736 0.001326 0.004357 0.978594 0.006251 0.000379 0.003789 0.000379 0.000196 0.005615 0.001440 0.005062 0.975098 0.007507 0.000386 0.004294 0.000401 0.006062 0.043948 0.003978 0.023868 0.838795 0.034855 0.006062 0.037128 0.005304 0.006535 0.046328 0.004347 0.025826 0.826961 0.038340 0.006604 0.039345 0.005716 
0.000563 0.005819 0.000751 0.006195 0.974470 0.005632 0.001314 0.004505 0.000751 0.000635 0.006815 0.000843 0.007114 0.970782 0.006510 0.001528 0.004939 0.000835 0.008448 0.046180 0.007321 0.025343 0.817721 0.030974 0.008260 0.046180 0.009574 0.009116 0.048893 0.007676 0.027945 0.804861 0.033465 0.009139 0.048553 0.010351 
0.001079 0.007011 0.001079 0.004494 0.974294 0.005752 0.001618 0.004314 0.000360 0.001255 0.007966 0.001141 0.004909 0.971121 0.006627 0.001804 0.004814 0.000363 0.010426 0.061837 0.009347 0.024267 0.796513 0.028941 0.010246 0.049074 0.009347 0.011535 0.064554 0.009920 0.025572 0.784206 0.031233 0.011176 0.051700 0.010103 
0.001056 0.008446 0.001408 0.006687 0.966215 0.007039 0.000528 0.008094 0.000528 0.001101 0.009277 0.001550 0.007499 0.962955 0.007893 0.000557 0.008628 0.000540 0.010734 0.056132 0.010558 0.032377 0.768960 0.033433 0.009150 0.066514 0.012141 0.011402 0.058521 0.011270 0.034513 0.756374 0.036450 0.009694 0.068838 0.012938 
0.001432 0.006979 0.000537 0.008053 0.967430 0.005190 0.001432 0.007874 0.001074 0.001696 0.007451 0.000537 0.009060 0.964553 0.005593 0.001599 0.008407 0.001102 0.011990 0.068898 0.007337 0.030422 0.768432 0.031854 0.010558 0.059055 0.011453 0.013081 0.071373 0.007703 0.032912 0.756321 0.033500 0.011567 0.061469 0.012075 
0.001124 0.010861 0.000375 0.003745 0.969101 0.004494 0.001311 0.007303 0.001685 0.001248 0.011415 0.000435 0.004253 0.966797 0.004818 0.001373 0.007848 0.001813 0.011049 0.072285 0.010112 0.025655 0.768352 0.029401 0.010112 0.062921 0.010112 0.011811 0.075132 0.010705 0.027532 0.756329 0.031300 0.010884 0.065505 0.010801 
0.001520 0.011020 0.001140 0.004750 0.966939 0.005130 0.000760 0.007790 0.000950 0.001731 0.011610 0.001292 0.005481 0.963758 0.005720 0.000810 0.008483 0.001115 0.013110 0.078662 0.009310 0.024701 0.784724 0.021851 0.007030 0.053772 0.006840 0.014251 0.081707 0.010454 0.026528 0.771746 0.023650 0.007475 0.056805 0.007383 
0.001528 0.009169 0.000573 0.005731 0.967144 0.005158 0.000573 0.008978 0.001146 0.001682 0.009765 0.000585 0.006295 0.964708 0.005608 0.000608 0.009362 0.001386 0.010888 0.072970 0.005731 0.025215 0.760458 0.027889 0.009933 0.074499 0.012416 0.011639 0.075500 0.006072 0.026815 0.748077 0.030153 0.010343 0.077727 0.013672 
0.001391 0.006953 0.000993 0.005562 0.962853 0.003973 0.000397 0.016289 0.001589 0.001542 0.007394 0.001061 0.006017 0.960387 0.004420 0.000447 0.017041 0.001691 0.010926 0.059793 0.006555 0.021057 0.776917 0.026023 0.007747 0.079658 0.011323 0.011593 0.061925 0.006982 0.022632 0.764139 0.027921 0.008398 0.084159 0.012251 
0.001201 0.011612 0.000400 0.006006 0.955756 0.007407 0.000200 0.014815 0.002603 0.001334 0.012094 0.000437 0.007022 0.952596 0.007844 0.000200 0.015699 0.002774 0.009409 0.061261 0.005205 0.023423 0.794194 0.030030 0.005405 0.063664 0.007407 0.010209 0.063881 0.005595 0.025572 0.780479 0.032597 0.005819 0.067544 0.008303 
0.000980 0.009998 0.000196 0.006861 0.963537 0.005293 0.000980 0.010978 0.001176 0.001016 0.010525 0.000196 0.007600 0.960845 0.005725 0.001130 0.011667 0.001296 0.009606 0.054695 0.004705 0.029602 0.783572 0.031955 0.006861 0.066654 0.012351 0.010144 0.056870 0.004858 0.031973 0.769990 0.034388 0.007714 0.070828 0.013236 
0.001757 0.010935 0.000195 0.005663 0.962507 0.006444 0.001172 0.010545 0.000781 0.002015 0.011412 0.000207 0.006288 0.959380 0.007413 0.001207 0.011209 0.000868 0.011521 0.063464 0.002539 0.029291 0.774458 0.031439 0.005663 0.073423 0.008202 0.012604 0.066277 0.002635 0.031139 0.761128 0.033825 0.005987 0.077463 0.008944 
0.001681 0.009712 0.000560 0.006724 0.957602 0.007471 0.001121 0.014195 0.000934 0.001918 0.010362 0.000618 0.007472 0.954104 0.008337 0.001169 0.015029 0.000991 0.009339 0.054539 0.005790 0.035674 0.768771 0.039036 0.008778 0.067800 0.010273 0.010337 0.056800 0.006058 0.037580 0.755501 0.041724 0.009217 0.071647 0.011135 
0.000805 0.010467 0.000805 0.004831 0.961084 0.008052 0.000537 0.011272 0.002147 0.000859 0.011433 0.000845 0.005050 0.958109 0.008776 0.000546 0.012063 0.002318 0.011004 0.062534 0.010199 0.031938 0.762480 0.037574 0.006978 0.064949 0.012346 0.011818 0.065380 0.010727 0.033408 0.749709 0.040408 0.007156 0.068279 0.013115 
