0.000000 0.000000 0.000000 0.000000 0.998831 0.000390 0.000000 0.000390 0.000390 0.000000 0.000000 0.000000 0.000000 0.998773 0.000405 0.000000 0.000427 0.000395 0.000779 0.005066 0.000390 0.009743 0.962588 0.015588 0.000779 0.004677 0.000390 0.000800 0.005347 0.000447 0.010247 0.960410 0.016674 0.000791 0.004893 0.000391 
0.000000 0.000335 0.000000 0.000669 0.998327 0.000335 0.000000 0.000335 0.000000 0.000000 0.000405 0.000000 0.000903 0.997914 0.000439 0.000000 0.000339 0.000000 0.001004 0.009705 0.001004 0.010040 0.958166 0.010375 0.000335 0.006693 0.002677 0.001068 0.010323 0.001045 0.010813 0.954377 0.011612 0.000448 0.007301 0.003014 
0.000410 0.001231 0.000000 0.000000 0.997949 0.000410 0.000000 0.000000 0.000000 0.000713 0.001332 0.000000 0.000000 0.997467 0.000488 0.000000 0.000000 0.000000 0.000820 0.006153 0.000820 0.010664 0.956932 0.013946 0.000820 0.006973 0.002871 0.000942 0.007063 0.001021 0.011198 0.952930 0.015182 0.000888 0.007503 0.003273 
0.000000 0.001998 0.000000 0.000400 0.997203 0.000000 0.000000 0.000400 0.000000 0.000000 0.002504 0.000000 0.000550 0.996520 0.000000 0.000000 0.000426 0.000000 0.001199 0.004794 0.003196 0.008789 0.958450 0.014383 0.001199 0.006792 0.001199 0.001537 0.005336 0.004002 0.009693 0.954213 0.015088 0.001267 0.007529 0.001336 
0.000000 0.000000 0.000000 0.000000 0.999602 0.000000 0.000000 0.000398 0.000000 0.000000 0.000000 0.000000 0.000000 0.999573 0.000000 0.000000 0.000427 0.000000 0.001194 0.005969 0.000796 0.007959 0.962197 0.011938 0.001194 0.007959 0.000796 0.001236 0.006414 0.000985 0.008313 0.959544 0.012719 0.001269 0.008653 0.000866 
0.000000 0.000713 0.000356 0.000000 0.998219 0.000000 0.000000 0.000713 0.000000 0.000000 0.000868 0.000366 0.000000 0.998005 0.000000 0.000000 0.000762 0.000000 0.001425 0.006769 0.001069 0.008194 0.961525 0.011756 0.001781 0.004631 0.002850 0.001604 0.007582 0.001366 0.008414 0.958388 0.012424 0.001997 0.005017 0.003208 
0.000000 0.001059 0.000000 0.000000 0.997883 0.000353 0.000000 0.000706 0.000000 0.000000 0.001233 0.000000 0.000000 0.997494 0.000507 0.000000 0.000766 0.000000 0.002117 0.010233 0.000706 0.005646 0.967537 0.007057 0.001411 0.004234 0.001059 0.002267 0.011455 0.000784 0.005806 0.964587 0.007562 0.001523 0.004776 0.001239 
0.000000 0.000959 0.000320 0.000320 0.997124 0.000639 0.000000 0.000639 0.000000 0.000000 0.001116 0.000369 0.000334 0.996725 0.000679 0.000000 0.000776 0.000000 0.001278 0.008309 0.001598 0.008629 0.963247 0.007031 0.000639 0.007031 0.002237 0.001339 0.009244 0.001995 0.008980 0.959616 0.007640 0.000724 0.007671 0.002791 
0.000000 0.000293 0.000000 0.000000 0.997948 0.000000 0.000000 0.001759 0.000000 0.000000 0.000324 0.000000 0.000000 0.997589 0.000000 0.000000 0.002086 0.000000 0.000880 0.011727 0.000293 0.005570 0.960422 0.010554 0.000586 0.008209 0.001759 0.000929 0.012585 0.000326 0.005877 0.956410 0.011836 0.000745 0.009281 0.002011 
0.000000 0.000329 0.000000 0.000657 0.998686 0.000329 0.000000 0.000000 0.000000 0.000000 0.000353 0.000000 0.000827 0.998356 0.000465 0.000000 0.000000 0.000000 0.001314 0.007556 0.000657 0.006899 0.975033 0.003942 0.000329 0.003285 0.000986 0.001347 0.008110 0.000783 0.007476 0.973114 0.004290 0.000334 0.003457 0.001089 
0.000000 0.000341 0.000000 0.000000 0.998977 0.000000 0.000000 0.000682 0.000000 0.000000 0.000357 0.000000 0.000000 0.998806 0.000000 0.000000 0.000836 0.000000 0.000341 0.006821 0.000341 0.006821 0.975443 0.004775 0.000341 0.004093 0.001023 0.000354 0.007332 0.000383 0.007216 0.973286 0.005285 0.000378 0.004643 0.001123 
0.000000 0.000977 0.000000 0.000000 0.998697 0.000000 0.000000 0.000326 0.000000 0.000000 0.001200 0.000000 0.000000 0.998430 0.000000 0.000000 0.000369 0.000000 0.001628 0.006187 0.000326 0.008141 0.970042 0.007815 0.000000 0.003908 0.001954 0.001774 0.007001 0.000413 0.008556 0.967181 0.008692 0.000000 0.004085 0.002299 
0.000310 0.000310 0.000000 0.000000 0.997518 0.000310 0.000310 0.001241 0.000000 0.000314 0.000545 0.000000 0.000000 0.996954 0.000313 0.000387 0.001486 0.000000 0.002482 0.008998 0.000310 0.010239 0.961216 0.008998 0.000931 0.005895 0.000931 0.002667 0.010159 0.000311 0.010949 0.957418 0.009613 0.001044 0.006759 0.001080 
0.000000 0.001874 0.000000 0.001250 0.995314 0.000937 0.000000 0.000625 0.000000 0.000000 0.002453 0.000000 0.001587 0.994325 0.000968 0.000000 0.000667 0.000000 0.001874 0.006248 0.000937 0.009060 0.967198 0.007498 0.001562 0.004686 0.000937 0.002132 0.007348 0.001351 0.010038 0.963071 0.008217 0.001694 0.005120 0.001030 
0.000000 0.000577 0.000288 0.000577 0.997694 0.000288 0.000000 0.000577 0.000000 0.000000 0.000690 0.000309 0.000585 0.997489 0.000318 0.000000 0.000608 0.000000 0.002018 0.009225 0.000865 0.013260 0.958489 0.008071 0.001153 0.006342 0.000577 0.002071 0.009865 0.000990 0.014367 0.955227 0.008677 0.001224 0.006887 0.000691 
0.000000 0.000265 0.000000 0.000265 0.998676 0.000000 0.000000 0.000794 0.000000 0.000000 0.000287 0.000000 0.000301 0.998489 0.000000 0.000000 0.000923 0.000000 0.002119 0.008739 0.001589 0.009269 0.963189 0.007680 0.001324 0.005561 0.000530 0.002233 0.009210 0.001862 0.009800 0.960494 0.008326 0.001488 0.006031 0.000557 
0.000000 0.000283 0.000000 0.000283 0.997169 0.002265 0.000000 0.000000 0.000000 0.000000 0.000291 0.000000 0.000314 0.996642 0.002753 0.000000 0.000000 0.000000 0.001699 0.010759 0.000000 0.009626 0.961778 0.007644 0.000000 0.007361 0.001133 0.001763 0.011681 0.000000 0.010209 0.958094 0.009131 0.000000 0.007813 0.001310 
0.000000 0.000279 0.000000 0.000000 0.999162 0.000000 0.000000 0.000559 0.000000 0.000000 0.000287 0.000000 0.000000 0.999097 0.000000 0.000000 0.000616 0.000000 0.001677 0.010061 0.000559 0.009503 0.963667 0.006149 0.000559 0.007267 0.000559 0.001739 0.010658 0.000635 0.010189 0.961225 0.006523 0.000587 0.007816 0.000627 
0.000000 0.000593 0.000000 0.000297 0.998516 0.000000 0.000000 0.000593 0.000000 0.000000 0.000630 0.000000 0.000323 0.998409 0.000000 0.000000 0.000638 0.000000 0.000593 0.007122 0.000593 0.007715 0.966469 0.005341 0.000297 0.010386 0.001484 0.000620 0.007643 0.000689 0.008159 0.963965 0.005833 0.000339 0.011025 0.001727 
0.000000 0.000281 0.000000 0.000844 0.998313 0.000281 0.000000 0.000000 0.000281 0.000000 0.000348 0.000000 0.001024 0.998030 0.000289 0.000000 0.000000 0.000309 0.001969 0.011249 0.000000 0.006187 0.964286 0.005906 0.002250 0.007030 0.001125 0.002062 0.012115 0.000000 0.007066 0.961177 0.006455 0.002365 0.007389 0.001370 
0.000290 0.000581 0.000000 0.000000 0.998549 0.000581 0.000000 0.000000 0.000000 0.000313 0.000623 0.000000 0.000000 0.998374 0.000691 0.000000 0.000000 0.000000 0.000581 0.005806 0.001742 0.008708 0.968070 0.004644 0.000871 0.008708 0.000871 0.000670 0.006367 0.002080 0.009121 0.965191 0.005386 0.000935 0.009251 0.000999 
0.000000 0.000000 0.000000 0.000000 0.999152 0.000424 0.000000 0.000424 0.000000 0.000000 0.000000 0.000000 0.000000 0.999070 0.000429 0.000000 0.000502 0.000000 0.002969 0.011450 0.001272 0.008482 0.960984 0.003393 0.000000 0.010178 0.001272 0.003184 0.012342 0.001396 0.009191 0.957504 0.003905 0.000000 0.011111 0.001366 
