0.12025,0.07829,4580.5,0.16253,0.16181,4800.7,-0.0847,-0.019083,453.81,-0.032412,-0.020406,440.18
0.11628,0.073182,3689.5,0.16278,0.15671,3892.7,-0.10394,6.4901e-05,414.37,0.006555,0.052862,406.35
0.12196,0.07317,3266,0.15692,0.15008,3356.1,-0.045824,-0.015762,449.98,0.012577,0.027917,439.33
0.11213,0.057808,2567.5,0.14538,0.13463,2723.6,-0.063456,-0.03727,411.27,-0.022362,-0.026057,398.72
0.082623,0.00893,3055.3,0.10767,0.099114,3216,-0.03153,-0.059147,514.81,-0.044128,-0.065646,498.56
0.076346,0.01457,5301.3,0.11037,0.10006,5416,-0.012071,-0.040822,657.48,-0.019003,-0.014182,643.73
0.076445,-0.0042208,4057.3,0.10158,0.097123,4267.5,-0.10858,-0.045255,563.3,-0.028387,-0.07162,556.12
0.071952,-0.013405,3551.7,0.092445,0.086435,3693.5,-0.060702,-0.08458,567.8,-0.054933,-0.065967,557.61
0.074734,-0.018675,3917.7,0.11183,0.10511,4071,-0.11852,-0.032401,616.75,-0.049898,-0.023909,600.12
0.056145,-0.029408,4672.7,0.089569,0.08532,4838,-0.068302,-0.053771,702.86,-0.053124,-0.039545,687.67
0.074329,-0.020825,4625.2,0.12094,0.11183,4807.1,-0.12005,-0.0093393,627.94,-0.01258,0.0013939,611.76
0.0685,-0.021057,6410.2,0.12388,0.10387,6658.6,-0.099093,-0.040087,637.04,0.012064,0.0055447,624.82
0.084763,-0.0226,3584.7,0.14729,0.11188,3854.6,-0.091713,-0.027201,487.9,-0.029197,0.0044227,471.75
0.07808,-0.012396,5032.2,0.12849,0.095546,5232.6,-0.05949,-0.054088,705.9,-0.045689,-0.019795,693.16
0.07711,-0.012698,5119.2,0.11792,0.077302,5382.5,-0.056818,-0.066927,673.05,-0.034871,0.0024423,654.73
0.074282,-0.031612,4692.2,0.10465,0.04441,4889.4,-0.011975,-0.12557,500.47,-0.044002,-0.027571,481.16
0.068392,-0.019154,6655.7,0.083622,0.038048,6854.9,-0.036263,-0.073607,943.68,-0.044121,-0.029558,929.77
0.059602,-0.029659,4903.1,0.09088,0.043549,5097.4,-0.047772,-0.087254,547.78,-0.074301,-0.055613,530.62
0.053251,-0.026597,5865.7,0.069741,0.028281,6080.4,-0.076519,-0.048751,800.61,-0.048229,-0.025402,787.26
0.051658,-0.034476,4972.6,0.078916,0.025395,5168.4,-0.12392,-0.020722,699.6,-0.068244,-0.022395,679.2
0.066157,-0.017253,4752.7,0.092897,0.029368,4967.9,-0.11442,-0.031483,660.45,-0.054333,-0.0261,645.14
0.056708,-0.0084083,7242.7,0.073419,0.023037,7392.3,-0.054908,-0.068582,1042.7,-0.059466,-0.034026,1029.3
0.059896,-0.023679,5225.2,0.078956,0.018169,5443.3,-0.0357,-0.10443,655.99,-0.060953,-0.030426,644.67
0.05762,-0.033255,4740.1,0.071939,0.0043293,4938.3,-0.08919,-0.05615,667.02,-0.068911,-0.02832,642.17
0.052219,-0.021906,5872.1,0.069567,0.010341,6031.8,-0.061206,-0.070942,772.07,-0.03942,-0.04119,745.2
0.05095,-0.018444,5788.1,0.065113,0.0044458,5962.8,-0.089252,-0.012439,809.02,-0.083663,-0.044609,796.64
0.069428,-0.0045065,5108.2,0.071445,-0.0011394,5333.8,-0.099215,-0.026593,576.5,-0.060241,-0.063037,561.1
0.06006,-0.0046339,6706.2,0.054963,-0.015657,6817.7,-0.090526,-0.040581,551.06,-0.069111,-0.056334,537.61
0.056411,-0.013348,4969.7,0.059313,-0.019434,4922.7,-0.13998,-0.017259,668.51,-0.065289,-0.068332,651.08
0.05739,-0.0022431,5751.2,0.058168,-0.0026682,5633.8,-0.06148,-0.042542,819.91,-0.054597,-0.036969,810.61
0.053806,-0.0066413,6478.2,0.071301,0.014736,6485.8,-0.07573,-0.046799,899.02,-0.055464,-0.031796,884.66
0.051015,-0.00757,5042.6,0.065566,0.0067506,4958.3,-0.063269,-0.063337,583.48,-0.055783,-0.06761,560.6
0.05749,-0.0019626,6902.7,0.070346,0.01871,6913.3,-0.059079,-0.060758,819.73,-0.056014,-0.054153,805.78
0.058399,-0.0026833,4932.6,0.070631,0.022866,4820.8,-0.053041,-0.091542,702.79,-0.07079,-0.082019,695.45
0.06276,-0.0017397,4949.7,0.082667,0.038453,4966.4,-0.067755,-0.052948,699.46,-0.056192,-0.032169,678.11
0.054366,-0.0011376,4289.6,0.072126,0.040421,4397.4,-0.044913,-0.08274,690.88,-0.032281,-0.071443,672.11
0.05898,-0.0042897,4764.6,0.088347,0.071533,4883.4,-0.059346,-0.064996,783.26,-0.01761,-0.076054,767.62
0.067283,0.0098475,6694.2,0.11821,0.11523,6874.6,-0.027838,-0.068959,730.16,0.017722,-0.011863,722.35
0.054454,-0.0046688,4787.6,0.10318,0.10914,4968,-0.090184,-0.050791,671.99,-0.014854,-0.045588,661.24
0.058736,-0.0082508,3684.1,0.095777,0.12284,3854.5,-0.052061,-0.081605,561.85,0.0038142,-0.075448,545.2
0.045271,-0.017896,4464.1,0.079805,0.11534,4671,-0.077915,-0.050748,750.32,0.006631,-0.021246,729.23
0.053749,0.0040967,10405,0.084726,0.11874,10607,-0.063279,-0.022444,1047.9,-0.010772,-0.0036406,1036
0.061504,0.0055383,4273.1,0.10896,0.14711,4564.6,-0.036019,-0.099666,613.82,-0.0508,-0.032479,590.16
0.054865,0.0025855,6667.1,0.086947,0.1165,6920.5,-0.043623,-0.064445,791.93,-0.042764,-0.024293,777.71
0.059738,-0.0048828,3997.6,0.094582,0.13848,4189.1,-0.028824,-0.049802,637.65,-0.034043,-0.066482,618.07
0.054121,-0.0024512,5833.6,0.08012,0.11262,5992.5,-0.067426,-0.030908,927.96,-0.040904,-0.024141,906.24
0.061663,-0.0032272,4490.6,0.10086,0.1361,4757.6,-0.080706,-0.0241,690.89,-0.031121,-0.018295,668.21
0.058829,-0.0045662,4352.6,0.1199,0.14806,4568.6,-0.062559,-0.054001,586.79,-0.024181,0.0098832,563.73
0.052907,-0.0017565,7104.6,0.09904,0.11767,7331.5,-0.04598,-0.057259,967.25,-0.0079164,-0.045944,950.36
0.053326,-0.0014409,5576.1,0.11212,0.11704,5791.1,-0.031117,-0.066214,908.3,-0.052388,0.0047002,891.7
0.052005,-0.013318,4645.6,0.10101,0.093496,4834,-0.044836,-0.083106,702.9,-0.098715,-0.025595,684.67
0.049679,-0.022746,4463.1,0.083456,0.058739,4626.4,-0.04216,-0.076791,626.93,-0.076518,-0.032749,602.18
0.047076,-0.028257,5253.5,0.07687,0.044592,5388.4,-0.056554,-0.078253,720.49,-0.088594,-0.02587,693.2
0.043877,-0.020539,7019.1,0.073623,0.02084,7161.9,-0.07681,-0.038495,1003.8,-0.050743,-0.04253,986.85
0.063833,-0.0091032,4498.6,0.1023,0.026991,4734.4,-0.10427,-0.041627,612.42,-0.050356,-0.025674,597.19
0.072284,-0.0026219,4127.2,0.10889,0.022511,4343.4,-0.053429,-0.056502,508.87,-0.039985,-0.0019556,493.15
0.067643,0.0023843,4788.7,0.092964,0.01046,5056.4,-0.046952,-0.082596,529.83,-0.05188,-0.0022615,513.65
0.064098,-0.0041343,4752.2,0.088615,0.0040319,5010.3,-0.018101,-0.11096,629.86,-0.056967,-0.032582,616.6
0.052511,-0.0070779,5488.1,0.070881,0.0061753,5698.8,-0.024162,-0.11102,581.99,-0.069985,-0.049226,565.6
0.041881,-0.020866,6758.1,0.057417,-0.017351,6939.2,-0.09772,-0.01166,750.54,-0.08321,-0.042641,731.67
0.041107,-0.010357,5708.1,0.060341,-0.0057981,5951.3,-0.063987,-0.050313,935.95,-0.050209,-0.061517,924.1
0.052213,-0.0060286,5068.2,0.080585,0.0074555,5337.8,-0.10403,-0.02434,750.49,-0.059857,-0.016664,741.63
0.054985,0.0043054,5382.2,0.061154,-0.011254,5545.7,-0.095407,-0.038399,721.5,-0.071733,-0.021378,707.14
0.064681,0.0047311,4313.2,0.062859,-0.019592,4284.7,-0.07748,-0.048536,507.94,-0.06765,-0.080142,494.02
0.060395,0.0082232,7235.2,0.057485,-0.0096828,7231.7,-0.050208,-0.064989,644.59,-0.058909,-0.083558,628.13
0.058171,0.010361,4979.2,0.056424,-0.002683,4940.2,-0.076154,-0.061695,544.75,-0.083669,-0.058776,537.92
