0.039956,0.03837,46925,0.042223,0.04293,46890,-0.0066903,-0.024288,10156,0.011365,-0.070763,10147
0.040591,0.041757,45493,0.035381,0.037672,45475,-0.029488,-0.009167,9995.7,-0.015581,0.012119,9987.8
0.043517,0.04128,44972,0.05067,0.049124,45017,-0.034482,-0.00039489,9903.2,-0.0019603,-0.0059797,9892.3
0.048345,0.047754,44839,0.048376,0.049957,44798,-0.020785,-0.020545,9902.2,0.015998,-0.045044,9894.8
0.047567,0.046253,45500,0.041372,0.041588,45491,-0.015394,-0.027689,10081,-0.040609,0.014626,10068
0.042651,0.042164,44679,0.053362,0.052755,44733,-0.049329,0.017722,9856.8,0.020836,-0.035684,9852.8
0.038199,0.037287,46107,0.037379,0.037256,46028,0.0022583,-0.045544,10248,-0.0073779,-0.00011221,10241
0.038204,0.037946,45422,0.041013,0.040951,45527,-0.048586,0.0021635,10103,-0.027531,0.0039169,10094
0.036206,0.034136,46010,0.040248,0.041197,46035,-0.031893,-0.0036299,10245,0.015621,-0.041455,10238
0.040569,0.038854,45275,0.043363,0.045498,45337,-0.028088,0.00021225,10023,-0.051082,-0.0065799,10013
0.03816,0.035868,46263,0.03598,0.035903,46347,0.011599,-0.05699,10191,-0.032435,0.021486,10186
0.038877,0.038316,46347,0.040471,0.041301,46364,-0.011985,-0.0085813,10237,-0.0069785,-0.045446,10232
0.034223,0.032876,46388,0.034382,0.032963,46407,-0.016109,-0.027978,10302,-0.034543,-0.008962,10295
0.035363,0.034688,45719,0.038602,0.040238,45766,-0.0047744,-0.014153,10104,0.0035666,-0.022721,10100
0.035877,0.034992,46007,0.036908,0.037413,46056,-0.0017601,-0.028971,10142,-0.05225,0.012434,10135
0.043017,0.042345,44925,0.046485,0.046488,44985,0.00084914,-0.023238,9980.3,0.013034,-0.061746,9974.3
0.046893,0.044389,44590,0.049325,0.05113,44606,-0.0022641,-0.035101,9827.3,-0.037849,0.014026,9818.3
0.040458,0.041317,45599,0.037212,0.036526,45649,-0.019246,-0.031958,10121,-0.01463,-0.0035509,10112
0.044217,0.043,45324,0.042235,0.0446,45324,-0.019984,-0.0073016,9989.3,0.020027,-0.050405,9978.8
0.047132,0.046199,44878,0.048112,0.048478,44873,-0.020677,-0.016607,9850.7,-0.077871,0.022599,9837.8
0.040589,0.040832,45155,0.046787,0.047981,45115,-0.0048588,0.0075785,10016,0.018189,-0.057739,10009
0.043229,0.042008,45185,0.043674,0.04479,45141,0.018021,-0.02935,9934.3,-0.041664,-0.00019976,9929.8
0.04487,0.042445,44379,0.049196,0.048752,44424,-0.0050923,-0.013447,9889.8,0.00022696,-0.059519,9883.8
0.035953,0.035608,45068,0.042134,0.043378,45024,-0.0059023,-0.029085,10023,0.017408,0.016171,10014
0.04451,0.042577,45044,0.042694,0.043393,45057,-0.013571,-0.036174,10014,-0.05631,0.019654,10009
0.042287,0.043164,45768,0.046079,0.046626,45745,-0.023046,9.9094e-05,10103,0.018092,-0.067653,10097
0.033365,0.033737,47126,0.029415,0.030591,47059,-0.032944,-0.0043774,10455,-0.021304,0.0040505,10450
0.038333,0.038148,45941,0.045223,0.047029,45964,-0.047069,-0.015429,10162,-0.031668,0.00019872,10154
0.035232,0.033142,46472,0.039778,0.040804,46509,-0.020066,-0.042049,10270,0.019598,-0.045029,10263
0.041459,0.040545,45714,0.046918,0.048784,45754,-0.022098,-0.012764,10106,-0.08215,0.016365,10091
0.036571,0.036319,46277,0.042607,0.041949,46280,0.012765,-0.071358,10205,0.012793,-0.079953,10198
0.045076,0.044944,46092,0.041643,0.043306,46070,-0.050785,-0.02971,10198,-0.024667,0.024216,10186
0.041286,0.042226,46399,0.043029,0.045463,46321,-0.030418,-0.044784,10266,0.025289,0.0020543,10246
0.03539,0.035734,47456,0.037039,0.038255,47474,-0.0084283,-0.031889,10417,-0.01475,-0.011992,10412
0.041288,0.042779,47136,0.048993,0.049655,47148,-0.0019759,-0.016245,10310,0.013267,0.034959,10296
0.033259,0.032432,49078,0.026757,0.028212,49138,-0.040746,0.019786,10812,-0.028739,-0.0032953,10802
0.037939,0.037157,47487,0.042643,0.043218,47599,0.0064709,0.0044081,10533,0.024527,-0.034516,10522
0.034353,0.034867,48054,0.039409,0.041034,48097,-0.03327,0.00052227,10562,-0.035472,0.020171,10557
0.033878,0.033731,48472,0.0452,0.046862,48493,-0.01569,0.010441,10719,-0.0147,-0.033587,10711
0.031499,0.031664,48868,0.038512,0.039859,48946,-0.003874,-0.019582,10739,-0.02815,0.026439,10730
0.042488,0.042127,47266,0.049892,0.050707,47384,0.0019785,-0.042608,10367,0.036983,0.0038156,10357
0.02649,0.027438,56539,0.031024,0.032743,56598,-0.0098596,-0.0095013,11880,-0.018057,0.00085985,11870
0.037012,0.036579,48598,0.035953,0.03698,48727,-0.05737,0.0078798,10702,0.0069161,-0.0080924,10693
0.038996,0.04054,48893,0.039338,0.041283,49019,-0.01254,-0.04016,10699,-0.0064464,0.020679,10687
0.03665,0.037737,47930,0.038423,0.039244,48086,-0.016672,-0.018329,10511,0.022139,0.009292,10500
0.031753,0.030983,49260,0.028319,0.030405,49291,-0.011593,-0.0074686,10918,-0.017134,-0.011139,10906
0.037274,0.036618,48126,0.034567,0.035698,48195,-0.0027881,-0.025178,10582,-0.0031419,-0.015356,10566
0.037488,0.03665,48306,0.036288,0.038078,48398,-0.019105,-0.032035,10627,-0.039856,0.0052517,10612
0.032974,0.03359,48309,0.038502,0.040074,48478,-0.036789,-0.023388,10629,-0.019675,-0.00017072,10623
0.040052,0.040898,48465,0.041,0.042518,48588,0.019415,-0.026014,10653,0.014926,0.014685,10641
0.038659,0.040607,47409,0.043614,0.045131,47502,0.0063244,-0.046218,10369,0.023734,-0.018078,10358
0.042921,0.04374,46797,0.046213,0.049128,46788,-0.0077421,-0.060005,10249,-0.0041907,0.0067477,10233
0.034079,0.035428,48043,0.039313,0.040671,48032,-0.029156,-0.028769,10465,0.030088,0.0052894,10443
0.037161,0.037968,47287,0.04556,0.046525,47282,-0.020135,0.00032868,10321,0.025709,0.032668,10305
0.037185,0.038825,47967,0.035735,0.036421,47946,-0.02748,-0.0086808,10517,-0.074057,0.00099616,10500
0.028642,0.028491,48559,0.030417,0.031663,48690,-0.052864,0.0073292,10688,0.0089311,-0.022512,10676
0.037212,0.037486,48148,0.033791,0.034586,48248,-0.013444,-0.042757,10630,-0.019571,0.0018862,10623
0.036805,0.036959,47334,0.044744,0.043957,47487,-0.02616,-0.024853,10406,-0.003167,0.0020308,10394
0.047817,0.048884,47125,0.04463,0.044979,47178,-0.026539,-0.013806,10299,-0.059813,0.016771,10286
0.034634,0.035916,48244,0.033799,0.032968,48254,-0.0066651,-0.037499,10553,-0.00074057,-0.033425,10540
0.033091,0.032773,47945,0.040926,0.040806,48012,-0.0022242,-0.01727,10595,0.0023659,0.0027343,10586
0.037855,0.038719,47630,0.047926,0.047031,47811,-0.058378,-0.00085349,10415,0.025121,0.028279,10401
0.041161,0.042219,46181,0.050967,0.050555,46362,-0.013037,-0.047903,10197,0.010064,0.01288,10185
0.045443,0.04643,45948,0.051423,0.050927,46155,-0.024647,-0.031076,10078,0.014507,0.015616,10071
0.038413,0.038924,46689,0.042727,0.040929,46782,0.014192,-0.0063948,10275,-0.011431,0.013147,10263
0.040732,0.041457,46430,0.047966,0.047218,46629,-0.020824,-0.013964,10145,0.007189,0.013263,10129
0.033826,0.034572,46576,0.04305,0.040933,46647,-0.0063601,-0.045039,10178,-0.020994,0.0014389,10158
0.031111,0.030304,47126,0.035694,0.034872,47303,-0.0053685,-0.043466,10242,-0.0087219,0.0045481,10224
0.033656,0.033565,45318,0.052953,0.05124,45482,-0.027077,0.0011935,9933.9,0.038106,0.04544,9919
0.025565,0.024507,45593,0.032342,0.032941,45691,-0.0057733,-0.035902,9937.4,-0.0051786,-0.040892,9917.4
0.026699,0.026727,46470,0.03728,0.036437,46619,-0.05565,-0.003026,10090,0.0019021,0.0013257,10072
0.025423,0.025716,46673,0.033469,0.033426,46713,-0.012115,-0.028087,10199,-0.014202,0.0087197,10185
0.033854,0.03259,46448,0.037146,0.03668,46572,-0.023936,-0.017016,10235,-0.012254,-0.019318,10215
0.027877,0.026427,47139,0.030303,0.031288,47167,-0.039967,0.011751,10432,-0.012281,-0.017411,10412
0.030344,0.029324,46427,0.036971,0.037999,46471,0.00081991,-0.054862,10167,-0.070066,0.0061997,10163
0.036477,0.035284,46117,0.035959,0.03335,46232,-0.025493,-0.01016,10100,0.014686,-0.041861,10088
0.036112,0.037514,45475,0.05017,0.049969,45636,-0.018531,-0.048876,9974.8,-0.034111,0.021151,9964.4
0.036554,0.035209,45285,0.043919,0.042559,45371,-0.055383,0.010042,10025,0.018993,-0.042482,10010
0.039113,0.039387,45340,0.051679,0.049775,45421,0.020522,-0.024813,9977.8,-0.053687,-0.0045478,9964.3
0.022114,0.022359,47854,0.029547,0.028048,47959,-0.017807,0.0040348,10656,-0.015312,-0.025948,10648
0.041101,0.04207,45425,0.050917,0.049715,45558,-0.005355,-0.054459,10043,-0.047868,0.0084373,10037
0.034662,0.033414,46229,0.042566,0.042476,46249,-0.01035,-5.7022e-05,10228,-0.029324,-0.036651,10220
0.032577,0.033131,46951,0.041096,0.039689,47022,-0.015948,-0.028366,10378,-0.038369,-0.01852,10371
