-0.00082349,-0.00078162,26363,0.012169,0.010144,26365,-0.0044388,-0.0065448,5725.7,0.012895,0.015876,5715.3
-0.00083806,-0.0011244,26316,0.0081542,0.0081542,26339,-0.0055256,-0.0060131,5667.2,0.0057206,0.010011,5655.3
-0.0013807,-0.0002453,25876,0.012171,0.0098225,25870,-0.0015703,-0.0064119,5602.2,0.012987,0.012366,5591.8
-0.0017417,-0.0024244,26452,0.0096757,0.006497,26470,-0.0063012,-0.0026309,5733.7,0.000812,0.00090945,5722.2
-0.0019785,-0.0024329,26095,0.0096365,0.0077373,26103,-0.0073242,-0.0054687,5638.7,0.0025716,0.0016927,5627.3
-0.0012839,-0.0011867,26756,0.0090828,0.0069338,26796,-0.0060127,-0.0051677,5773.7,0.0032501,-0.0070528,5761.2
-0.0012213,-0.0018773,26469,0.010152,0.0088634,26468,-0.0055288,-0.0036425,5699.2,0.011838,0.015481,5687.3
-0.0023517,-0.0022327,26038,0.0087818,0.0065513,26072,-0.0077281,-0.0061235,5612.2,0.010282,0.0016373,5598.8
-0.0018886,-0.002042,26562,0.007233,0.0060252,26578,-0.0061908,-0.0065798,5757.3,0.0053481,0.009659,5746.8
-0.0013321,-0.0017156,26498,0.0091828,0.0070513,26517,-0.0051938,-0.0080179,5755.7,0.015159,0.0066545,5741.7
-0.0029888,-0.0021807,26459,0.010764,0.0097157,26474,-0.0051289,-0.0062975,5708.2,0.0069467,0.010647,5696.2
-0.002184,-0.0026779,26763,0.0087277,0.0060321,26793,-0.0032016,-0.0064355,5788.2,0.014068,0.0075027,5774.8
-0.0021184,-0.0023205,26434,0.013503,0.010908,26431,-0.0070665,-0.0055429,5714.7,0.013712,0.014165,5703.3
-0.0023318,-0.001635,27514,0.005229,0.0036195,27548,-0.0053915,-0.0026316,5983.2,0.0038511,0.0022144,5970.8
-0.0019745,-0.0021327,27584,0.0087742,0.0070235,27600,-0.0064844,-0.0064524,5994.7,0.0004472,0.0035137,5980.2
-0.0010423,-0.0016417,28335,0.0067305,0.0051332,28351,-0.0045837,-0.0043927,6095.7,0.0072256,0.0086898,6082.3
-0.0013204,-0.0015709,28802,0.0073367,0.0053956,28802,-0.003965,-0.0015226,6197.7,0.0092622,0.0044091,6184.2
-0.0012568,-0.0016063,29760,0.0060189,0.0031306,29768,-0.0040373,-0.0051327,6416.2,0.0013771,0.0070418,6402.8
-0.00037452,-0.00074903,30220,0.0055298,0.0054024,30223,-0.0043854,-0.0052625,6477.2,0.0038842,0.0042601,6463.3
-0.00083945,-0.00079948,30653,0.0046547,0.0037264,30647,-0.0019683,-0.0031242,6556.8,0.0057798,0.0044364,6543.8
-0.00080929,-0.00047098,31157,0.0048056,0.0036159,31157,-0.0018883,-0.0035909,6705.2,0.0066865,0.0076771,6693.8
-0.0012269,-0.0010014,31016,0.0054443,0.0040965,31018,-0.0027339,-0.0032,6648.3,0.0055611,0.0068348,6633.8
-0.0014313,-0.0010536,31086,0.0057372,0.0052398,31101,-0.0055897,-0.0041923,6668.7,0.0031986,0.004596,6653.3
-0.00060131,-0.00084184,30342,0.0080292,0.0071661,30335,-0.0028174,-0.0038192,6518.2,0.0096106,0.010393,6506.3
-0.00013333,-0.00022666,30652,0.0046801,0.0044731,30663,-0.0016509,-0.0022116,6603.8,0.0076003,0.0071954,6587.8
-0.00016694,0.00014023,30383,0.0078268,0.0064878,30375,-0.0031628,-0.0034133,6496.8,0.0093317,0.0087994,6481.8
-0.0012609,-0.00066048,30145,0.0079687,0.0075672,30147,-0.003493,-0.0044056,6417.2,0.0086538,0.0073006,6403.3
-0.00029383,-0.00086146,30246,0.0060452,0.0045925,30246,-0.0021863,-0.0025298,6510.2,0.0082454,0.0039353,6495.3
-0.00068712,-0.0012341,30491,0.0044687,0.0036805,30505,-0.0021835,-0.0014661,6527.8,0.0053653,0.0045231,6516.8
-0.00086088,-0.00067403,30335,0.0072264,0.005368,30336,-0.0049222,-0.0023514,6485.3,0.0038563,0.0029784,6472.3
-0.0011102,-0.0010968,30246,0.0050352,0.0038635,30253,-0.0046001,-0.0024409,6487.3,0.0033796,0.0068845,6475.8
-0.0014633,-0.0012438,30758,0.0030829,0.0031495,30765,-0.0056655,-0.00386,6595.8,0.0061947,0.0037044,6582.8
-0.00017336,-0.00064009,30654,0.0046361,0.003594,30657,-0.0030531,-0.0030531,6598.8,0.0084117,0.0055767,6583.3
-0.0011476,-0.00134,31162,0.0033149,0.0011094,31168,-0.0030759,-0.0031069,6667.8,0.004039,0.0054682,6655.8
-0.001053,-0.0011589,31258,0.002975,0.0021004,31263,-0.0030076,-0.0038447,6713.8,0.0048989,0.0037207,6698.8
-0.00046416,-0.0013593,31106,0.0047408,0.0034195,31113,-0.0026042,-0.0048363,6671.8,0.0019221,-0.0032552,6658.3
-0.0010608,-0.00095469,31155,0.0039011,0.0016188,31165,-0.00046517,-0.0019537,6692.3,0.0037834,0.0056751,6681.8
-0.0002114,-0.00059457,31467,0.0045195,0.0023359,31471,-0.0039712,-0.0015513,6725.8,0.0026682,0.0027923,6713.8
-0.00079946,-0.0006541,31423,0.0046358,0.0029891,31451,-0.004459,-0.0035301,6736.3,0.0028488,0.0010528,6726.8
-0.00042585,9.9808e-05,30883,0.0055187,0.0039857,30888,-0.0049872,-0.0026183,6621.8,-0.0015585,0.0003117,6609.3
-0.00021899,-0.00059724,31127,0.0033953,0.00094351,31154,3.1064e-05,-0.0013047,6677.8,0.0025162,0.00438,6665.3
4.5628e-05,-0.00027377,32678,0.004556,0.003727,32677,-0.0016596,-0.0038724,6975.3,0.0003688,0.0043027,6964.3
0.00029257,0.00056519,30836,0.0032739,0.0013242,30855,-0.001402,-0.0014954,6624.8,-0.00090348,0.00096579,6609.3
0.00042693,-2.6683e-05,30497,0.0044556,0.0037141,30500,-0.0025292,-0.0040592,6534.8,-0.0028102,-0.0026541,6521.3
-0.00056642,-0.00063972,30583,0.0031617,0.0018543,30601,-0.0030812,-0.0013072,6579.2,0.0063492,0.0063492,6560.8
-0.00015405,0.00012056,29889,0.005574,0.003877,29901,-0.0033283,-0.0028259,6416.2,0.0058088,0.0047099,6401.3
-0.00038735,0.00020036,30453,0.0049337,0.0038908,30481,-0.0043944,-0.0036153,6554.3,0.003179,0.0052671,6541.8
0.00030856,5.3662e-05,30165,0.0052281,0.0053155,30175,-0.0023199,-0.00040755,6478.8,0.0083391,0.0057684,6468.8
-0.00048504,-0.0012395,29652,0.0055799,0.0044531,29672,-0.0022405,-0.0019565,6355.8,0.006532,0.0081414,6341.3
0.00033129,-0.000311,29206,0.0069411,0.005668,29229,-0.0048092,-0.0020566,6256.7,0.010947,0.0097133,6245.8
0.00064551,0.00027569,29701,0.0069771,0.0059871,29726,-0.0019211,-0.0016062,6362.8,-0.0042832,-0.00022046,6350.8
-0.0003713,-0.00044555,29430,0.0071013,0.006425,29446,-0.0030665,-0.0036988,6306.3,0.0042046,0.0042362,6295.3
-0.00050096,-0.00086653,29031,0.0069835,0.0054038,29049,-0.0037079,-0.0052291,6220.8,0.0012043,0.0046587,6210.3
-0.00014243,-0.00035947,28813,0.0070788,0.0051834,28848,-0.0032041,-0.0020303,6181.3,-0.0010469,0.0011421,6169.3
0.00015596,-0.00018986,28870,0.0080583,0.0067605,28870,-0.0034487,-0.00085427,6193.7,0.003164,0.0082896,6183.3
-0.00057415,0.00031071,29222,0.0049703,0.0045713,29235,-0.0042169,-0.0020292,6259.3,0.011731,0.0072923,6249.3
-0.0012301,-0.00067283,28555,0.0086836,0.0073497,28583,-0.0051792,-0.0033998,6140.2,-0.0053063,-0.0074034,6127.2
-0.00053837,-0.00034074,28238,0.0094623,0.0090936,28261,-0.0041206,-0.0050789,6081.2,0.007251,0.0026193,6068.7
-0.0003521,4.0627e-05,28878,0.0072712,0.0080716,28891,-0.0033312,-0.007519,6184.7,0.0065673,0.0089784,6174.7
0.00053049,-0.00019723,28414,0.0079904,0.0071116,28449,-0.0020359,-0.0027675,6079.2,0.00404,0.00404,6068.3
-0.00059183,-0.0012993,28429,0.0083302,0.0067555,28438,-0.00031674,-0.0035474,6161.2,0.0033574,0.0042126,6147.7
-0.00056575,0.0002113,28233,0.0083644,0.0075245,28231,-0.0032108,-0.002734,6097.2,0.012017,0.011158,6086.2
-0.0017191,-0.0012503,28521,0.0077968,0.0076675,28547,-0.0048605,-0.0051782,6149.2,0.00098481,-0.0040981,6136.7
-0.00059866,-0.00076193,28294,0.0083822,0.0067943,28313,-0.0044867,-0.0026093,6072.7,0.0080507,0.009419,6060.2
-0.00064211,-5.4648e-05,28008,0.010721,0.0093246,28009,-0.0058422,-0.0039586,6033.2,0.0094177,0.0079811,6019.7
-0.0012736,-0.0016686,28427,0.0079834,0.006571,28445,-0.0038643,-0.0035769,6100.3,0.0045669,0.00047905,6088.3
-0.0013617,-0.00059913,28396,0.0085552,0.0066927,28419,-0.0032565,-0.0024264,6086.7,0.0074389,0.004342,6075.3
-0.00037644,0.00034222,27918,0.008741,0.0064649,27947,-0.0032004,-0.0061768,6036.7,0.0097292,0.0092812,6025.7
-0.0010179,-0.0011682,28099,0.0078177,0.0075852,28132,-0.0029449,-0.0043854,6047.2,0.013028,0.0096991,6037.8
-0.00050405,4.0869e-05,28367,0.008362,0.0077959,28409,-0.0035994,-0.0046824,6103.7,0.0099701,0.0053195,6095.2
-0.0013417,-0.0017367,28320,0.0085322,0.0081568,28340,-0.0057116,-0.0046586,6080.7,-0.0015954,0.0068283,6071.3
-0.001055,-0.0011235,27900,0.0088204,0.0079768,27937,-0.0058846,-0.0025585,5994.2,0.011194,0.011034,5982.8
-0.00099712,-0.00099029,27906,0.009961,0.0097628,27960,-0.0035218,-0.0037459,5981.2,-0.0025933,-0.017577,5968.2
-0.00079453,-0.00084248,27607,0.011462,0.010521,27627,-0.0054589,-0.0035964,5920.2,0.0083167,0.0069039,5910.2
-0.0014203,-0.0017686,27912,0.0077434,0.007101,27952,-0.0035121,-0.002682,6001.2,0.0014368,0.00092593,5989.7
-0.00079258,-0.00099072,27883,0.0089288,0.0085251,27903,-0.0022771,-0.0050994,5996.7,0.00076972,-0.00093008,5982.2
-0.00084971,-0.0011307,27727,0.0093045,0.0089543,27754,-0.004947,-0.0048185,5960.7,0.010697,0.010601,5950.3
-0.0015746,-0.0013565,28130,0.0081092,0.0070922,28153,-0.0039569,-0.0061587,6049.2,0.00044674,-0.00015955,6035.7
-0.0020002,-0.0024576,28093,0.0076497,0.0048195,28128,-0.0057936,-0.0035653,6058.2,0.010059,0.010505,6046.2
-0.00085267,-0.00099592,28149,0.0077573,0.0070397,28178,-0.0029354,-0.0026482,6062.7,0.0082318,0.0034778,6050.7
-0.0019518,-0.0023613,28141,0.0090203,0.0084395,28169,-0.0059383,-0.0031926,6048.7,0.005204,0.0095779,6035.3
-0.0018996,-0.0021388,28074,0.0055992,0.0052227,28100,-0.0037106,-0.0012475,6052.2,0.0072932,0.0086367,6040.7
-0.0018267,-0.0021961,28085,0.0066784,0.0060208,28107,-0.0017883,-0.0031935,6061.2,0.0086862,0.0022993,6049.8
