0.17584,0.18181,24421,0.16996,0.16669,24524,0.14067,0.1424,5231.9,0.10339,0.10608,5259.7
0.1653,0.16668,24892,0.15575,0.15596,24956,0.1326,0.13372,5212.9,0.088986,0.0786,5226.7
0.10088,0.098948,40331,0.096787,0.095326,40338,0.048531,0.0468,7765.5,0.045083,0.045387,7770.5
0.07266,0.0705,31392,0.066856,0.067725,31378,0.020548,0.022684,7011.2,0.020504,0.017114,6927.7
0.063876,0.062488,34167,0.055515,0.057383,34147,0.019144,0.019661,7527.8,0.017245,0.017048,7513.3
0.073333,0.071299,32634,0.06718,0.066798,32648,0.01775,0.024076,7090.8,0.021063,0.020418,7137.7
0.071454,0.070649,36965,0.069808,0.065606,36972,0.014822,0.014883,7373.8,0.018102,0.018224,7334.3
0.053954,0.052408,44111,0.051614,0.048332,44131,0.010207,0.010635,8647.5,0.009977,0.0096098,8640
0.033378,0.032351,56884,0.034777,0.031524,56866,0.0086257,0.0086403,11336,0.0086841,0.0085819,11309
0.018934,0.017953,60653,0.021197,0.020444,60663,0.0093109,0.0087797,12368,0.0088535,0.0090305,12450
0.023753,0.019375,46357,0.02712,0.026896,46336,0.01382,0.012615,9358.2,0.0086316,0.0092029,9424.2
0.013547,0.0062644,45057,0.017938,0.019638,45084,0.0069249,0.001082,9184.2,0.0077287,0.0090117,9201.7
0.012122,0.0077614,46977,0.015282,0.013675,47005,0.0034044,-0.00086629,9751.1,0.0063984,0.0072191,9783.6
0.013042,0.010219,47686,0.017729,0.011089,47707,-0.0026365,0.0046439,10021,0.005378,0.0067262,10042
0.010744,0.0061965,49195,0.018065,0.010041,49206,-0.00042622,0.0058201,10471,0.006893,0.0076132,10472
0.0085848,0.002711,51694,0.014993,0.0089197,51705,0.0030729,0.0070258,11077,0.003347,0.0077616,11059
0.0066755,0.0044624,53085,0.0082011,0.0095882,53061,0.00031567,-0.0060122,11368,0.0073897,-0.0057539,11333
0.0066524,0.0053059,51434,0.00447,0.010217,51381,0.0047289,-0.0016052,11065,0.010687,-0.011265,11038
0.010937,0.010352,50984,0.003751,0.012919,50975,0.0058423,-0.0031748,10971,0.011409,-0.019904,10934
0.019057,0.018612,50275,0.014103,0.021731,50254,0.0081795,-0.0061602,10603,0.019915,-0.0072869,10554
0.029825,0.028967,50549,0.030527,0.031863,50548,0.0024666,0.0096902,10591,0.021715,0.018044,10548
0.041307,0.037617,51732,0.046873,0.045008,51816,0.0082242,0.010611,10749,0.031281,0.029112,10710
0.063104,0.061771,53416,0.075535,0.074011,53551,0.01658,0.016168,10512,0.062456,0.059592,10447
0.026506,0.026473,79865,0.029981,0.029673,79862,0.012936,0.012831,16481,0.017535,0.017352,16435
0.013465,0.013976,82188,0.015951,0.016227,82183,0.0096307,0.0097089,17117,0.0097089,0.0098131,17099
0.014568,0.010976,69863,0.013752,0.014575,69859,0.0074117,0.0057864,14112,0.006571,0.0070334,14072
0.026286,0.02146,58914,0.021198,0.024873,58869,0.016742,0.015465,12101,0.013797,0.01326,12060
0.023662,0.019033,56669,0.020986,0.028323,56562,0.0098295,0.0063159,11854,0.0070854,0.013764,11749
0.022355,0.019459,51744,0.014909,0.026452,51631,0.0078662,0.009862,10952,0.0012768,0.0089081,10850
0.015465,0.01469,51282,0.0045043,0.020184,51175,-0.00014525,0.0045754,11064,-5.8101e-05,-0.00087151,10990
0.01476,0.016074,45726,-0.00067039,0.019961,45666,-0.0050546,0.0044846,9820,-0.0061795,-0.0043946,9765.5
0.053793,0.054884,48089,0.041272,0.058814,48023,-0.0032191,0.0026224,9361.6,-0.0053547,-0.0041456,9313.1
0.078276,0.079699,49690,0.073311,0.081278,49652,0.037263,0.032565,7794,0.033635,0.039988,7743.1
0.038683,0.046549,31689,0.028355,0.054855,31659,0.0043032,-0.0033886,6919.7,0.0065373,-0.0031487,6896.3
0.04804,0.054269,32607,0.041758,0.061273,32587,0.014775,0.00070074,6953.2,0.018816,0.019024,6926.3
0.051591,0.052696,45917,0.046251,0.053793,45940,0.018922,0.012639,9418.5,0.022173,0.023432,9445.5
0.028126,0.02764,63379,0.023171,0.025233,63387,0.01181,0.011838,12986,0.010401,0.010598,13038
0.037905,0.040519,51567,0.040489,0.043343,51559,0.018398,0.019688,10333,0.021457,0.020857,10343
0.031126,0.031107,48975,0.035991,0.037133,48921,0.0098734,0.0098287,10093,0.0086821,0.0093373,10067
0.029913,0.028904,51655,0.02952,0.031636,51639,0.0059044,0.0060353,10795,0.0046101,0.0069224,10798
0.028752,0.026489,48334,0.024101,0.028628,48317,0.0024691,0.0026455,10101,0.0043063,0.005291,10120
0.030655,0.022553,36683,0.019807,0.037142,36650,0.0016311,0.0044624,7590.9,-0.00010771,-0.0025697,7568.9
0.058368,0.051894,27008,0.065791,0.08672,27099,0.00036274,0.0083731,5694.1,0.026132,-0.008358,5700.1
0.081491,0.084142,26027,0.090279,0.10126,26014,-0.022983,0.026643,5428.1,0.036408,-0.035844,5477.6
0.073982,0.076898,25147,0.083044,0.096621,25143,0.021251,-0.016426,5232.1,0.034531,0.012993,5239.1
0.079823,0.068238,23119,0.062906,0.092287,23058,0.020127,0.019702,4887.1,-0.0080234,-0.010465,4863.1
0.074565,0.057015,29224,0.039247,0.081596,29301,0.011137,-0.011697,6247.2,0.044987,0.010895,6254.8
0.083719,0.068311,29404,0.056892,0.089684,29481,-0.0024582,0.01565,6188.6,0.058004,0.029651,6191.8
0.10881,0.094347,21603,0.080577,0.11573,21653,-0.0065339,0.011446,4599.9,0.0451,0.057122,4541.1
0.12485,0.11354,18373,0.12153,0.13844,18383,0.015323,0.011686,3785.8,0.026364,0.044853,3738
0.10373,0.099723,19620,0.10644,0.12223,19590,0.017324,0.013008,3878,0.019892,0.044041,3840.7
0.098419,0.10227,17719,0.09023,0.11713,17711,0.017225,0.013039,3547.5,0.0014052,0.051886,3456.2
0.095125,0.10611,15643,0.086975,0.11599,15620,0.0092551,0.003645,3149.9,-0.062551,0.051691,3017.6
0.088035,0.10273,17740,0.086495,0.11388,17823,0.010142,0.0070773,3674.4,-0.072816,0.048653,3525.6
0.082369,0.10042,17557,0.09282,0.11131,17699,0.0095605,-0.011538,3630.3,-0.060887,0.052902,3492.5
0.094495,0.10853,16980,0.10973,0.1121,17211,0.013549,-0.046416,3414.3,-0.023785,0.071074,3293.6
0.084797,0.093368,19271,0.09465,0.087543,19332,-0.027168,0.0065953,3796.5,-0.027621,0.046515,3661.1
0.078126,0.082883,25545,0.079174,0.074861,25528,-0.011853,0.0025289,4872.7,0.0017063,0.019896,4764.7
0.055515,0.056746,43461,0.047328,0.046777,43435,0.0061576,0.008195,8542.5,0.0068971,0.0066858,8454.5
0.10083,0.099412,41564,0.089106,0.091304,41565,0.0066541,0.0055554,7804.8,0.0071957,0.0084956,7737.3
0.15423,0.15125,30336,0.15018,0.1522,30424,0.012546,0.018206,5177.8,0.019879,0.019895,5196.3
0.12677,0.12465,36018,0.1294,0.12931,36132,0.012406,0.017554,6413.4,0.011115,0.006754,6465.4
0.15134,0.14916,28409,0.15364,0.15254,28446,0.024896,0.031155,4946.8,0.01975,0.019562,4987.3
0.18746,0.18454,20387,0.19043,0.19125,20436,0.058579,0.064602,3426.7,0.039085,0.039639,3446.1
0.24246,0.23674,12823,0.2415,0.23937,12905,0.1409,0.15914,2276.4,0.13188,0.10584,2273.2
0.10626,0.10495,48223,0.10198,0.10167,48211,0.04713,0.047476,9991,0.045831,0.036657,10003
0.10949,0.10839,42009,0.097055,0.097515,41861,0.065668,0.06797,8430.3,0.029077,0.02555,8438.2
0.066739,0.066504,48758,0.070471,0.070794,48824,0.020174,0.025846,9837,0.025254,0.024359,9852
0.07525,0.0756,50468,0.076176,0.076089,50518,0.024809,0.030319,10092,0.02543,0.022085,10111
0.13998,0.13516,28897,0.13439,0.13462,28939,0.043735,0.050371,4659.5,0.034524,0.028251,4710.9
0.080059,0.078657,51524,0.064091,0.064064,51353,0.044392,0.045929,10728,0.013903,0.010975,10736
0.064256,0.064918,47693,0.067613,0.066643,47650,0.018163,0.017244,9753.5,0.020374,0.019901,9740.6
0.048729,0.047245,63188,0.053369,0.053383,63154,0.01042,0.0097648,12665,0.021551,0.019971,12617
0.083977,0.083919,56224,0.088886,0.088771,56186,0.015952,0.016377,10502,0.02521,0.024497,10470
0.1616,0.16136,33177,0.18611,0.18612,33221,0.030238,0.030583,5696.2,0.10747,0.10974,5622.4
0.15307,0.15355,32319,0.19222,0.19214,32402,0.023547,0.022385,5701.7,0.12034,0.11792,5644
0.18297,0.18297,30700,0.20918,0.20921,30850,0.070079,0.069724,5215.7,0.12274,0.12388,5194.9
0.23121,0.23061,21367,0.24984,0.25064,21531,0.14275,0.14172,3640.3,0.18382,0.18346,3638.5
0.23392,0.23305,19876,0.25693,0.25623,20111,0.14246,0.14314,3059.9,0.16853,0.17231,3086.5
0.21279,0.21268,28654,0.23262,0.23224,28856,0.12972,0.12988,4661.4,0.1777,0.17762,4670.1
0.16616,0.16596,34628,0.18732,0.18645,34669,0.068687,0.067611,6330.2,0.080225,0.076593,6312.8
0.10987,0.10763,35764,0.12025,0.11901,35892,0.034961,0.035679,6924.4,0.043491,0.042711,6915.4
0.15941,0.15688,22122,0.18467,0.18328,22345,0.040551,0.038452,4401.4,0.12854,0.11522,4309.4
