0.49424,0.49424,1123,0.49424,0.49424,1123,0.5,0.5,1,0.5,0.5,1
0.49424,0.49424,1123,0.49424,0.49424,1123,0.5,0.5,1,0.5,0.5,1
0.39152,0.3915,17506,0.39107,0.39108,17500,0.34946,0.34949,352.32,0.33514,0.33538,353.8
0.30321,0.303,22951,0.30386,0.30414,23046,0.24596,0.2465,1525.7,0.23937,0.23951,1557.2
0.26792,0.26802,22706,0.27113,0.27109,22750,0.20686,0.2069,2288.6,0.21665,0.216,2292.1
0.25482,0.25458,20742,0.26252,0.26204,20748,0.17217,0.17217,2742.5,0.20596,0.20879,2729.1
0.24486,0.24364,20177,0.25527,0.25468,20196,0.15882,0.16039,2791.5,0.20705,0.21168,2770.1
0.22139,0.21979,22666,0.23101,0.2302,22681,0.13483,0.13892,3520.4,0.17795,0.17901,3469.1
0.21907,0.21788,21979,0.23032,0.22989,22016,0.135,0.13675,3604.9,0.17821,0.18085,3573.1
0.22536,0.22387,20748,0.23213,0.23146,20775,0.1457,0.14487,3345.9,0.1686,0.16993,3302.1
0.2188,0.21797,21619,0.22806,0.22744,21627,0.14041,0.13994,3527.4,0.18389,0.18716,3483.1
0.21263,0.21067,20999,0.22403,0.2231,21086,0.12474,0.12378,3843.3,0.17805,0.18152,3798.1
0.19782,0.19729,26210,0.20618,0.20566,26201,0.1304,0.1321,4702.9,0.17175,0.17392,4653.1
0.19093,0.18993,28314,0.20024,0.20001,28344,0.12827,0.12953,5246.4,0.17104,0.17213,5222.6
0.19376,0.19333,30232,0.19738,0.19763,30256,0.13105,0.1337,5804,0.17097,0.17076,5786.1
0.20392,0.20365,26364,0.20722,0.20702,26390,0.15339,0.15169,4731,0.17992,0.18229,4708.1
0.18876,0.18801,28702,0.19118,0.19088,28650,0.12488,0.1243,5361.9,0.16057,0.16148,5340.1
0.19462,0.19331,25842,0.19924,0.19891,25839,0.12495,0.12276,4844.4,0.16698,0.16896,4819.6
0.21032,0.2092,22569,0.21065,0.21006,22549,0.14773,0.14853,4219.4,0.17759,0.17793,4190.6
0.16786,0.16734,44140,0.16693,0.16715,44102,0.12178,0.12066,8524,0.14187,0.14271,8497.6
0.24313,0.24312,46750,0.24357,0.24355,46755,0.19013,0.17608,6278.2,0.23284,0.23284,6269.8
0.26013,0.26016,31081,0.25969,0.2597,31065,0.21312,0.21318,3985.7,0.21861,0.21843,3981.7
0.22085,0.22062,29707,0.22056,0.22079,29632,0.17835,0.17659,4909.6,0.18889,0.19139,4886.2
0.21436,0.2143,26953,0.21486,0.21581,26880,0.16289,0.16207,4962.6,0.17564,0.1805,4931.1
0.20846,0.20763,26103,0.20884,0.20945,26016,0.15377,0.14164,4815.5,0.16589,0.17624,4775.6
0.21773,0.21692,21419,0.21974,0.22029,21362,0.14829,0.11318,4104.9,0.16538,0.17381,4054.1
0.23654,0.23503,14562,0.24325,0.24413,14531,0.13627,0.085771,2810.3,0.17675,0.18717,2774.6
0.24022,0.24177,14139,0.24681,0.24647,14113,0.13527,0.084659,2744.8,0.19226,0.19288,2709.6
0.23834,0.23963,15998,0.24739,0.24815,15971,0.15078,0.11133,3143.9,0.19588,0.18844,3112.1
0.23427,0.2345,16515,0.24276,0.2428,16467,0.14467,0.11741,3242.4,0.19973,0.19063,3192.6
0.22801,0.22903,16431,0.24294,0.24328,16402,0.13391,0.10741,3204.3,0.20789,0.19748,3158.6
0.21031,0.2098,24955,0.22161,0.22136,24895,0.12167,0.098661,4103.3,0.18997,0.18083,4049.6
0.12977,0.12991,56415,0.13424,0.13396,56340,0.09478,0.094982,11629,0.13143,0.13127,11604
0.12917,0.12914,58244,0.13481,0.13462,58173,0.098353,0.097506,12091,0.13312,0.13232,12057
0.10775,0.10776,65568,0.11058,0.1105,65514,0.08918,0.08892,12466,0.10481,0.10475,12462
0.13727,0.13714,59645,0.13796,0.13788,59649,0.11941,0.12054,12105,0.12852,0.12862,12119
0.13848,0.13854,61520,0.13881,0.13861,61488,0.11228,0.11147,12303,0.11502,0.115,12286
0.37062,0.37015,22299,0.37509,0.37505,22270,0.39251,0.39362,2553.5,0.40542,0.40542,2539.5
0.48274,0.48287,1440,0.48395,0.48348,1422.5,0.48178,0.47883,118.99,0.47902,0.47337,110.49
0.48194,0.48131,1439,0.48654,0.48641,1438,0.47213,0.47304,108.48,0.49209,0.48565,106.99
0.47937,0.47863,1470.5,0.48425,0.48416,1469.5,0.47774,0.47594,120.49,0.48249,0.47952,118.49
0.47567,0.47391,1451.5,0.4833,0.48329,1448,0.45768,0.45673,111.98,0.46275,0.4641,108.98
0.47228,0.47006,1443,0.47933,0.47918,1442.5,0.44786,0.45022,111.97,0.45377,0.46825,110.98
0.47315,0.47254,1427,0.47593,0.47556,1423,0.44849,0.45342,110.97,0.45793,0.47637,108.98
0.47376,0.47388,1327.5,0.48008,0.48022,1336.5,0.42607,0.42361,71.458,0.42953,0.4293,78.457
0.48634,0.48641,1479,0.48505,0.48475,1483.5,0.49069,0.48627,109.99,0.48158,0.48547,112.49
0.49424,0.49424,1123,0.49424,0.49424,1123,0.5,0.5,1,0.5,0.5,1
0.40298,0.40297,13492,0.40238,0.40242,13486,0.38782,0.3871,1756.4,0.38188,0.38207,1755.4
0.20892,0.2111,20958,0.21828,0.21619,20938,0.14258,0.10925,3271.9,0.14922,0.15433,3253.5
0.20303,0.19693,12689,0.21264,0.19937,12711,0.10169,0.090828,2416.2,0.097163,0.15316,2431.4
0.20238,0.19547,14668,0.20829,0.19235,14630,0.080297,0.12201,2808.7,0.12401,0.12403,2829.4
0.24207,0.23446,10088,0.24397,0.23357,10079,0.076483,0.12821,2147.6,0.15226,0.13269,2136.5
0.24718,0.23985,10071,0.25591,0.24412,10090,0.12295,0.10558,2134.8,0.14027,0.17589,2122.5
0.24132,0.23758,10297,0.24982,0.23947,10324,0.12686,0.052595,2197.1,0.17571,0.12305,2198
0.27572,0.27485,8642.3,0.29724,0.29096,8702.8,0.16103,0.12084,1744.4,0.24363,0.18896,1742.7
0.30176,0.30149,17101,0.31197,0.3108,17111,0.24776,0.23025,1575.2,0.23941,0.24732,1576.2
0.37051,0.37056,2820.4,0.36985,0.37135,2808.4,0.32421,0.32481,361.85,0.33406,0.3525,347.86
0.37849,0.37985,4702.9,0.37431,0.37526,4688.4,0.35337,0.34984,738.37,0.35186,0.35941,726.37
0.37707,0.37878,3578.9,0.37322,0.37335,3568.9,0.34051,0.35356,607.37,0.35116,0.35117,596.86
0.35607,0.3571,6066.4,0.36236,0.36337,6046.9,0.31422,0.32286,909.32,0.33846,0.34344,897.35
0.32765,0.32908,8317.8,0.34184,0.34129,8305.9,0.2912,0.30161,1147.3,0.32895,0.33269,1135.8
0.32608,0.32587,9649.8,0.33559,0.33589,9629.9,0.29799,0.29897,1342.3,0.32696,0.32531,1324.3
0.34301,0.34366,10193,0.35415,0.35367,10189,0.321,0.3183,1419.8,0.34687,0.345,1408.9
0.35911,0.35924,10851,0.3686,0.36839,10817,0.34363,0.34494,1382.8,0.36645,0.36582,1347.9
0.4098,0.40972,8071.4,0.4208,0.42086,7977,0.39999,0.40017,774.4,0.42639,0.427,719.94
0.40625,0.40624,16824,0.40916,0.40911,16808,0.39125,0.39132,44.372,0.39729,0.39732,41.881
0.12907,0.12869,48932,0.13558,0.13537,48943,0.10043,0.10074,10064,0.13661,0.13666,10032
0.1508,0.15065,53437,0.15077,0.15083,53405,0.13248,0.13277,10069,0.1434,0.14348,10071
0.11369,0.11368,65677,0.11789,0.11787,65649,0.08343,0.083262,13537,0.12519,0.12524,13500
0.12645,0.12611,54119,0.12899,0.12923,54109,0.10295,0.10303,10762,0.13092,0.131,10771
0.49424,0.49424,1123,0.49424,0.49424,1123,0.5,0.5,1,0.5,0.5,1
0.49424,0.49424,1123,0.49424,0.49424,1123,0.5,0.5,1,0.5,0.5,1
0.3249,0.32518,21569,0.3273,0.32804,21511,0.26983,0.27303,3065.3,0.27896,0.2797,3002.3
0.18408,0.1841,19753,0.18811,0.19178,19790,0.10903,0.11369,3217.9,0.1295,0.12828,3205.5
0.16698,0.16701,12453,0.18175,0.18381,12505,0.096414,0.10798,2054.4,0.12817,0.12368,2046.5
0.17528,0.17143,8037.1,0.18278,0.18306,8062.7,0.084016,0.082464,1362.3,0.11583,0.11732,1361
0.17479,0.17123,7502.1,0.18217,0.181,7550.2,0.11774,0.12866,1329,0.15097,0.14889,1328.1
0.17828,0.17258,7092.7,0.19166,0.18686,7162.2,0.11781,0.12365,1396.1,0.15324,0.15437,1394.1
0.17842,0.17391,7984.2,0.19411,0.1885,8063.7,0.12128,0.12569,1581.6,0.16221,0.15838,1582.1
0.2215,0.21261,5930.8,0.24143,0.23259,6014.8,0.090805,0.095837,1355.6,0.1665,0.16701,1355.7
0.21549,0.21012,6197.7,0.24412,0.23522,6296.8,0.097174,0.10304,1423.6,0.18062,0.17949,1427.2
0.21131,0.20485,8092.2,0.23928,0.23262,8194.8,0.11123,0.1145,1677.5,0.19037,0.18993,1680.2
0.18842,0.18296,11749,0.21012,0.2038,11823,0.12467,0.13146,2395,0.17873,0.17963,2396.7
