0.14265,0.13895,12321,0.13221,0.13364,12318,0.096642,0.027698,3115.4,0.11358,-0.017188,3107.3
0.13405,0.1354,12375,0.10269,0.10544,12303,0.015543,0.055324,3063.2,0.016728,0.079218,3056.2
0.13065,0.12565,12280,0.14664,0.14574,12339,0.0097409,0.074397,3038.6,0.074945,0.067735,3030.9
0.11751,0.11769,12166,0.098464,0.1,12097,0.023635,0.024953,2998.9,0.071056,0.011426,2992.2
0.12862,0.12757,12658,0.12013,0.12163,12659,0.036299,0.029333,3130.6,-0.03061,0.070322,3127.6
0.13495,0.13275,12039,0.16851,0.16777,12113,-0.0086374,0.12222,2996.3,0.14145,0.05286,2990.5
0.099527,0.09599,12113,0.10114,0.099005,12066,0.060074,-0.071152,3101.6,0.0082051,0.04765,3104.1
0.10178,0.098056,12156,0.1203,0.11881,12252,-0.059597,0.064819,3104.1,0.0083655,0.089628,3095.3
0.086021,0.083432,12585,0.10155,0.10262,12586,-0.040484,0.015629,3224.6,0.061868,-0.081449,3219.5
0.11399,0.11112,12607,0.10974,0.11088,12662,0.0023312,0.067289,3180.6,-0.03734,0.036216,3182.5
0.11041,0.10828,12813,0.12209,0.12079,12934,0.10074,-0.082054,3236.7,-0.01425,0.12194,3226.9
0.098192,0.095625,12606,0.10624,0.10708,12622,0.0079475,0.013167,3215.9,0.031153,-0.057834,3201.5
0.10383,0.10039,12629,0.10275,0.10032,12666,0.030438,-0.0065924,3197.1,-0.0082749,0.038327,3185.1
0.071234,0.071151,12837,0.086998,0.091605,12857,0.019765,-0.0051992,3371.1,0.030638,-0.0078197,3354.7
0.10107,0.1012,12437,0.10662,0.10809,12512,0.048836,-0.022727,3139.1,-0.039875,0.10297,3133.3
0.11404,0.11097,12111,0.12314,0.12292,12158,0.069351,0.010287,3174.7,0.090393,-0.017352,3166.3
0.12044,0.11639,12094,0.12488,0.13074,12103,0.07149,-0.013537,3099.2,-0.0016886,0.090895,3088.8
0.12523,0.12827,12326,0.13617,0.13419,12407,0.029078,0.034535,3095.6,0.073898,0.092855,3089
0.10092,0.099228,12563,0.11352,0.11417,12578,0.028745,0.047495,3253.3,0.089629,-0.02326,3237.7
0.13053,0.13139,12328,0.12143,0.12402,12324,0.025956,0.05695,3072.7,-0.024625,0.12127,3059.8
0.1392,0.14285,12557,0.14316,0.14453,12508,0.094416,0.1122,3191.5,0.12731,0.015246,3186.4
0.11694,0.11648,12813,0.10363,0.10563,12684,0.088143,-0.029574,3274.3,-0.053457,0.033207,3270.9
0.12412,0.12106,12169,0.12782,0.12827,12219,0.076652,0.068996,3099.8,0.078845,0.0096445,3093.3
0.075489,0.078115,12644,0.063251,0.063995,12549,0.039143,-0.015905,3166.5,0.011123,0.015423,3163.1
0.11451,0.11386,12436,0.10541,0.10643,12404,0.038011,-0.0071296,3148,-0.055227,0.10363,3145.2
0.12679,0.13046,12756,0.12526,0.12405,12676,0.04532,0.086532,3176.9,0.10617,-0.038029,3168.3
0.098604,0.10104,12599,0.089813,0.091546,12466,-0.043375,0.046783,3190.6,-0.014338,0.054306,3178.6
0.13184,0.13441,12390,0.14131,0.14356,12429,0.005879,0.069023,3012.1,0.036551,0.1042,3013.9
0.087369,0.087288,11971,0.10287,0.10658,11990,0.0159,-0.031005,3032.4,0.081947,-0.02499,3032.2
0.10787,0.1115,12539,0.11787,0.12193,12558,0.021736,0.038269,3142.2,-0.041002,0.11231,3135.2
0.10257,0.10353,12410,0.1091,0.11226,12428,0.10466,-0.069751,3140.7,0.10254,-0.045575,3130.8
0.10833,0.11003,12519,0.075947,0.080706,12390,-0.054513,8.2804e-05,3157.5,-0.032611,0.057342,3144.5
0.098813,0.099749,12619,0.083033,0.090717,12577,-0.00018038,-0.03688,3176.8,0.035229,0.027473,3170.6
0.10697,0.10861,12752,0.090919,0.0977,12757,0.051133,-0.0017642,3203.2,0.024519,0.034883,3197.7
0.07436,0.08049,13231,0.077078,0.08321,13213,0.046823,0.012206,3437.2,0.011761,0.062639,3425.6
0.085495,0.089118,12669,0.07131,0.078423,12650,-0.04989,0.094956,3239.8,-0.022911,0.054137,3238.1
0.069222,0.069931,13043,0.10115,0.10606,13120,0.030053,0.015096,3410.1,0.087888,0.0047518,3405.3
0.077732,0.080139,12685,0.06664,0.071844,12703,-0.040907,0.062296,3306.7,-0.06055,0.04962,3301
0.067233,0.071618,12961,0.089667,0.093138,12917,-0.029253,0.042245,3361.1,0.0012102,-0.028502,3356
0.078758,0.083737,12673,0.10028,0.10458,12761,0.031034,-0.02724,3300.1,-0.032642,0.104,3289.3
0.099553,0.10359,12814,0.1463,0.14632,12947,0.076887,-0.026091,3284.2,0.14024,0.096377,3278.5
0.11074,0.1157,13051,0.10356,0.10741,13142,0.05071,0.059337,3334.7,0.027891,0.055837,3321.8
0.12449,0.12786,13454,0.14217,0.14605,13545,-0.008726,0.11434,3338.4,0.1167,0.10304,3325
0.10504,0.1081,13248,0.11393,0.11944,13370,0.034659,-0.044192,3303,0.024406,0.10496,3287.4
0.087429,0.09255,13033,0.12958,0.13039,13201,0.026399,0.030703,3265.2,0.10407,0.083046,3260
0.073402,0.079005,13125,0.060905,0.06421,13092,-0.0087316,0.024728,3275.9,-0.020148,0.027426,3265.5
0.086604,0.087686,13132,0.080626,0.086887,13207,0.022987,-0.010067,3281.2,0.015537,0.0015371,3271.1
0.095238,0.096287,13238,0.090447,0.093643,13330,0.0024935,-0.024002,3301.4,-0.038183,0.05313,3295.1
0.06885,0.0704,12934,0.098393,0.10278,13134,-0.041494,-0.023069,3276.7,-0.0023221,0.044701,3268.2
0.13546,0.13888,13680,0.14446,0.14714,13760,0.11863,0.027227,3356.8,0.10146,0.10884,3350.5
0.096414,0.10246,13365,0.10733,0.11215,13471,0.06022,-0.051918,3248,0.067611,0.006426,3238.3
0.087641,0.093967,13602,0.068901,0.075788,13563,0.026739,-0.071967,3207.9,-0.0050144,0.019778,3203.5
0.058434,0.063275,14521,0.065935,0.06576,14490,-0.065279,-0.04592,3432.2,0.038988,-0.021708,3420.1
0.0689,0.07364,13966,0.11201,0.1127,13904,-0.032719,0.013627,3390.2,0.083103,0.096447,3374.9
0.056941,0.062445,13814,0.074421,0.075771,13839,-0.053939,0.021441,3325.5,-0.043933,0.055509,3314.5
0.10154,0.10473,13473,0.11079,0.11105,13574,-0.074912,0.087854,3316.6,0.069969,0.015723,3309.3
0.090357,0.092062,13858,0.09217,0.095056,13949,0.041505,-0.0079749,3345.1,-0.014775,0.035548,3336.1
0.066666,0.07035,12993,0.084913,0.081988,13178,-0.026963,-0.0072198,3309.8,-0.0042208,0.011524,3300.6
0.079195,0.082386,13787,0.083013,0.081307,13862,-0.021147,-0.016583,3397.2,-0.053512,0.068172,3386.1
0.11062,0.11696,13844,0.12217,0.11942,13923,0.073474,0.0080277,3316.7,0.077105,0.038233,3304.3
0.10985,0.11304,13975,0.13156,0.12976,14090,0.07732,0.0077542,3283.2,0.078277,0.095048,3275.4
0.094253,0.096882,13985,0.13585,0.13282,14197,-0.099789,0.034034,3314,0.090554,0.10259,3305.5
0.08728,0.090862,13729,0.12815,0.1264,13943,0.011777,-0.089048,3296.5,0.053593,0.064717,3280.8
0.091484,0.095045,13627,0.13838,0.13513,13879,-0.051556,-0.036456,3229.9,0.083711,0.086073,3223.4
0.051098,0.055481,13711,0.080555,0.074607,13866,0.026697,-0.042032,3266.5,-0.031174,0.023758,3248.1
0.09281,0.095133,14106,0.11323,0.10863,14332,-0.031015,-0.027947,3301.3,0.041569,0.058048,3283.8
0.060416,0.062624,14218,0.10104,0.093414,14374,0.0029782,-0.0626,3290,-0.0083763,0.026561,3274.1
0.063964,0.065499,13979,0.10044,0.095568,14166,0.0084224,-0.11055,3255.4,0.034767,0.042849,3233.3
0.062889,0.064435,13170,0.1423,0.13701,13396,-0.051106,0.024705,3133,0.11631,0.13638,3112
0.041084,0.04178,13465,0.07705,0.073804,13566,-0.012056,-0.093899,3092.4,-0.0023766,-0.076398,3072
0.065012,0.068096,13686,0.1002,0.096163,13913,-0.12211,0.016248,3150.5,0.044423,0.04286,3132.2
0.073441,0.076191,14345,0.067952,0.064424,14349,-0.04352,-0.067579,3373.5,-0.040976,0.019216,3349
0.061273,0.061007,14065,0.085045,0.083046,14216,-0.058955,-0.018047,3278.4,0.01481,-0.01756,3262.1
0.047657,0.04668,13659,0.061411,0.059738,13641,-0.1214,0.050054,3252.5,0.013776,-0.017127,3238.4
0.066241,0.065417,14311,0.077587,0.07352,14336,0.011381,-0.09736,3320.4,-0.16059,0.032997,3305
0.071991,0.073022,13924,0.070968,0.065358,14011,-0.066505,-0.0010335,3327.4,0.051921,-0.064208,3308.1
0.082294,0.085997,14109,0.090654,0.084931,14227,-0.0051032,-0.066567,3328.4,-0.050412,0.057615,3315.6
0.055857,0.059732,13658,0.063591,0.058848,13714,-0.11081,0.055334,3295.9,0.036927,-0.05413,3274
0.041647,0.042421,13696,0.072608,0.065691,13742,0.048016,-0.071803,3292.4,-0.030592,0.04188,3275.5
0.057926,0.062292,13283,0.082989,0.078506,13375,-0.016903,0.045055,3322.9,0.014614,0.0051643,3313.5
0.071256,0.071341,13234,0.078204,0.074703,13316,0.0068819,-0.042229,3285.2,-0.038312,-0.0040564,3264.9
0.078453,0.081567,13439,0.10621,0.1021,13480,0.0089006,0.037782,3303,0.029368,0.0068455,3296.5
0.062521,0.065321,13337,0.097257,0.092295,13418,-0.0099863,-0.019973,3261.8,-0.011469,0.021273,3246.5
