0.090148,0.088844,47215,0.090098,0.089838,47499,0.054143,0.053079,9268,0.082868,0.081908,9280.1
0.038868,0.038724,67999,0.026488,0.026344,68061,0.034438,0.034329,14324,0.02422,0.024261,14395
0.013503,0.012762,63504,0.0031246,0.0039576,63545,0.011651,0.011805,13260,0.0075107,0.0076925,13310
0.0087165,0.0081852,66116,0.0022279,0.0030219,66109,0.0068347,0.0062582,13800,0.0070131,0.0069307,13789
0.022077,0.022042,65001,0.013885,0.014664,64966,0.015101,0.015003,13793,0.01286,0.011599,13708
0.058458,0.060824,36528,0.052223,0.054484,36577,0.025074,0.02435,7350.3,0.022414,0.020163,7260.8
0.079601,0.085499,21517,0.080882,0.087513,21572,0.026117,0.02766,4499.7,0.032288,0.027707,4439.7
0.12058,0.12904,14526,0.12977,0.13736,14531,0.019944,0.029227,3101.9,0.034037,0.025964,3065.4
0.14152,0.15239,12725,0.15102,0.15566,12701,0.022916,0.050201,2794.4,0.046042,0.041191,2762.3
0.15697,0.16695,11372,0.16939,0.17266,11275,0.069382,0.063851,2548.1,0.084686,0.070269,2502.9
0.15515,0.16535,10488,0.1681,0.16952,10458,0.085263,0.060997,2322.6,0.095432,0.094542,2271.5
0.1522,0.16026,10468,0.16439,0.16824,10420,0.085901,0.041073,2376,0.077828,0.089109,2340.5
0.15126,0.15766,11766,0.14863,0.15157,11682,0.070258,0.039264,2559,0.054043,0.053126,2518.8
0.15714,0.16241,14095,0.13579,0.14282,14007,0.060675,0.032123,2906,0.028221,0.029803,2904.3
0.15956,0.16492,17139,0.14715,0.15314,17134,0.066111,0.037739,3074.6,0.043456,0.050404,3085
0.16434,0.1663,20051,0.16094,0.16692,20170,0.079163,0.06562,3558.7,0.089471,0.080072,3570.2
0.18679,0.18753,18897,0.18515,0.19135,19091,0.12495,0.12553,3573.4,0.14696,0.14567,3581.9
0.24295,0.24281,13581,0.23909,0.24156,13648,0.19966,0.20402,2536.1,0.21118,0.21287,2516.1
0.19516,0.19631,18964,0.19293,0.19387,19161,0.13056,0.12948,3622.8,0.14982,0.16311,3621.5
0.13895,0.14084,27272,0.14552,0.14745,27352,0.096265,0.093645,5125.8,0.11643,0.11702,5073.9
0.10008,0.099898,35960,0.11039,0.11075,35948,0.059758,0.058274,7050.4,0.085859,0.08493,7001.4
0.0611,0.060744,43395,0.067783,0.067567,43375,0.030677,0.031554,8649.5,0.045592,0.044624,8628
0.060154,0.060064,39949,0.069944,0.071796,40017,0.023018,0.028681,7989.4,0.043873,0.04642,7987
0.064381,0.060937,34683,0.067017,0.071443,34821,0.028943,0.0338,7124.8,0.038702,0.044318,7130.3
0.05356,0.050174,34874,0.05115,0.053416,34908,0.029908,0.035628,7354.8,0.029142,0.031425,7346.3
0.074471,0.074229,33154,0.076292,0.078189,33103,0.047677,0.059996,6958.3,0.053238,0.054659,6939.2
0.11551,0.11597,28115,0.11886,0.12426,28181,0.096878,0.094747,6021.2,0.10299,0.11276,5989.9
0.09237,0.092608,30575,0.10051,0.10712,30602,0.051693,0.051271,6208.2,0.061944,0.077803,6139.4
0.07058,0.071421,36767,0.081694,0.088376,36749,0.03312,0.032262,7268.8,0.03494,0.058343,7176.4
0.053083,0.052381,54172,0.056282,0.058201,54190,0.026489,0.025263,11118,0.015499,0.03042,11020
0.059376,0.058994,58921,0.055511,0.055927,58894,0.051558,0.051816,12062,0.049589,0.050092,12008
0.10727,0.10479,42034,0.10399,0.10437,42065,0.097315,0.098835,8129.5,0.087948,0.093103,8132
0.12677,0.12355,32392,0.11842,0.11796,32365,0.10406,0.10433,6288.5,0.090728,0.091809,6308.5
0.15133,0.14927,29060,0.14143,0.13984,29185,0.11325,0.11311,5585.9,0.10284,0.09984,5581.4
0.16025,0.15867,27762,0.14838,0.14634,27932,0.10962,0.11123,5288.9,0.10467,0.082012,5303.4
0.19072,0.18915,22948,0.17985,0.1789,23108,0.15451,0.15563,4461,0.14677,0.12829,4509.4
0.33598,0.33621,8548.4,0.3442,0.34566,8584.9,0.33626,0.35004,1483.4,0.35886,0.35157,1530.4
0.36398,0.36415,5691.9,0.36872,0.36847,5690.4,0.35459,0.37086,1233.9,0.3658,0.3602,1223.4
0.34373,0.34123,7181.9,0.34135,0.3404,7184.4,0.34341,0.34974,1528.9,0.34161,0.34187,1534.9
0.32735,0.32629,7663.8,0.32516,0.32351,7624.3,0.32715,0.32656,1609.8,0.31925,0.31746,1572.3
0.29763,0.29645,12412,0.29162,0.29078,12353,0.29214,0.29378,2667.3,0.28684,0.28386,2628.8
0.28271,0.28207,13474,0.27258,0.27193,13466,0.28234,0.28306,2853.8,0.26669,0.26217,2850.8
0.26756,0.26858,12997,0.25892,0.25838,13011,0.26088,0.26419,2698.7,0.24629,0.24318,2722.2
0.23386,0.23595,16358,0.22787,0.22887,16359,0.2242,0.22712,3349.2,0.21416,0.21242,3381.2
0.24146,0.24395,13856,0.23062,0.23128,13892,0.23683,0.24087,2910.2,0.22104,0.21865,2946.6
0.23598,0.23651,11510,0.2174,0.21761,11572,0.22946,0.22614,2464.2,0.18563,0.19575,2521.1
0.24168,0.24188,9984.2,0.22045,0.21914,10061,0.2258,0.2245,2057.2,0.18352,0.1842,2092
0.21654,0.21535,12731,0.18975,0.18812,12763,0.20405,0.19925,2735.1,0.1503,0.15396,2751.9
0.20825,0.20715,14831,0.18245,0.18111,14870,0.19623,0.18965,3182.1,0.14658,0.14816,3188.4
0.18851,0.18793,16838,0.16931,0.16872,16888,0.17618,0.17048,3576.6,0.13853,0.13632,3589.9
0.1824,0.18369,16762,0.16508,0.16393,16817,0.16533,0.16734,3545,0.1374,0.13529,3566.4
0.1958,0.19753,13142,0.18247,0.18275,13189,0.19444,0.18812,2880.1,0.15973,0.1619,2909.4
0.2242,0.2215,10880,0.20136,0.20119,10987,0.22527,0.21763,2545.2,0.18617,0.18279,2586
0.19948,0.1969,16736,0.18179,0.18092,16756,0.19111,0.18535,3623.6,0.15274,0.15959,3661.5
0.18248,0.18255,18563,0.17416,0.17303,18655,0.1803,0.17508,4126.6,0.16168,0.16078,4172
0.19511,0.19499,18832,0.18498,0.18219,18910,0.19674,0.18922,4153.7,0.17399,0.17203,4195.6
