0.1494,0.15972,15410,0.15521,0.14847,15477,0.14919,0.15032,3164.3,0.14915,0.14888,3182.3
0.16716,0.16885,14234,0.1652,0.16399,14260,0.16533,0.16421,2963.4,0.16425,0.15047,2981.4
0.087125,0.086035,32226,0.08447,0.081252,32264,0.059185,0.058734,6052.5,0.062204,0.0618,6057
0.070006,0.069738,19481,0.058932,0.059763,19456,0.062764,0.063635,4498.6,0.065041,0.063085,4437.1
0.053284,0.053244,22125,0.037692,0.040079,22131,0.04206,0.042825,4988.7,0.042716,0.040747,4977.7
0.059887,0.05698,22268,0.04613,0.045973,22276,0.044339,0.050095,4939.2,0.045881,0.046064,4990.2
0.044895,0.041877,31731,0.041501,0.03981,31790,0.02528,0.025216,6193.9,0.030425,0.030026,6185.4
0.011003,0.01405,62798,0.013003,0.011466,62853,0.0073387,0.0073248,13007,0.0092911,0.0092218,13008
0.0029538,0.0029538,85081,0.0042513,0.004235,85080,0.0062789,0.0063047,18046,0.0078163,0.0078293,18016
0.0040888,0.0041624,76617,0.0055576,0.0053849,76653,0.0057396,0.005862,16079,0.0080246,0.0082014,16060
0.0096359,0.0056512,45335,0.014237,0.011922,45354,0.0062236,0.004366,9087.5,0.006811,0.0084463,9122.5
0.0061956,0.00015235,38275,0.013674,0.010012,38304,0.0017183,-0.0048285,6445.4,0.0087807,0.0098632,6500.4
0.010315,0.0049594,26010,0.023832,0.015799,26051,0.0019055,-0.0030648,5518.4,0.012196,0.013101,5545.4
0.011224,0.0061794,26945,0.026882,0.016881,26996,-0.0046291,-0.0022363,5817.9,0.007835,0.010634,5852.9
0.01163,0.0038918,28658,0.027801,0.017377,28651,-0.0048808,0.00595,6148.3,0.0086306,0.010691,6158.3
0.009624,0.00052021,29647,0.029127,0.02305,29691,-0.0016791,0.0043352,6342.8,0.0022287,0.010517,6336.8
0.0071251,0.002265,30612,0.027509,0.028998,30580,-0.0017198,-0.0097202,6557.8,0.022435,0.0094745,6505.8
0.0082197,0.005814,29421,0.02195,0.02679,29338,0.0026552,-0.0039065,6351.2,0.023439,-0.0010071,6301.8
0.011351,0.0093914,31413,0.0080065,0.020553,31383,0.0069311,-0.0048216,6784.3,0.021938,-0.020085,6761.8
0.018292,0.015103,32103,0.012822,0.020717,32110,0.0082378,-0.0081316,6829.8,0.022529,-0.0070848,6796.3
0.023488,0.01979,33620,0.030634,0.032086,33657,-0.006891,0.0067229,7019.3,0.025898,0.024798,6979.9
0.027803,0.022265,38930,0.035641,0.033352,39053,0.00053884,0.0038617,8117.9,0.027646,0.028005,8076.4
0.039609,0.03688,48444,0.047753,0.046122,48606,0.006821,0.0071015,9729.5,0.037855,0.035478,9686.6
0.020513,0.0204,67353,0.024026,0.023565,67467,0.0059063,0.0090738,13891,0.020471,0.020471,13861
0.0047889,0.0046336,84297,0.0061629,0.006103,84314,0.0065642,0.0066417,17837,0.0091743,0.0089934,17815
0.0078608,0.0020389,63772,0.005876,0.0068942,63786,0.0056952,0.0019031,13045,0.0069876,0.0069592,12998
0.02009,0.012701,49030,0.015541,0.020164,48982,0.015145,0.013394,10138,0.014329,0.014596,10075
0.012513,0.0062645,44102,0.01024,0.02264,43986,0.0070797,0.0044823,9399.9,0.0067828,0.017573,9279.9
0.01949,0.014326,35056,0.014559,0.032143,34943,0.012787,0.01445,7510.3,0.014755,0.02565,7407.4
0.017959,0.014873,31867,0.010188,0.032207,31795,0.0088661,0.015504,7010.3,0.015413,0.018278,6937.3
0.012589,0.012628,30042,-0.0030453,0.024131,29967,-0.0021475,0.0088218,6630.8,-0.0017458,0.0076631,6571.4
0.013323,0.014162,45059,0.00030067,0.021765,44968,0.0010325,0.0084056,8756.1,0.00085801,0.0080711,8690.1
0.019537,0.021944,54845,0.015103,0.023389,54806,0.011573,0.01055,10871,0.012147,0.016895,10838
0.039693,0.047194,20053,0.037807,0.062231,20025,0.028926,0.025276,4581.1,0.045199,0.033504,4557.7
0.055511,0.061182,20509,0.054001,0.072515,20485,0.04322,0.04203,4616.2,0.060291,0.053456,4598.3
0.042992,0.043343,35589,0.03581,0.044564,35555,0.032278,0.030644,7339.4,0.034002,0.032383,7337.4
0.010875,0.01066,60679,0.0096264,0.011528,60735,0.008411,0.0084252,12254,0.008681,0.0086383,12331
0.020228,0.023009,44144,0.029134,0.031887,44167,0.018658,0.019867,8606.9,0.025207,0.025192,8593.4
0.015729,0.018008,39656,0.022065,0.021873,39680,0.010844,0.01089,8315,0.013593,0.013194,8308.1
0.017331,0.018214,37481,0.01566,0.014247,37471,0.0060781,0.0047735,7744.9,0.0098385,0.010867,7727.4
0.014922,0.0076248,30903,-0.0063274,0.010742,30839,-0.0011775,-0.0053216,6490.2,0.0021562,0.0092363,6449.7
0.0078879,-0.0025426,19213,-0.015107,0.023804,19148,-0.0034066,0.0014271,3976.9,-0.00023017,-0.0073042,3940
0.058684,0.054061,13241,0.059036,0.083356,13281,0.030967,0.04064,2804.9,0.05443,0.024035,2821.2
0.095942,0.098219,12237,0.09682,0.11112,12261,0.02442,0.068243,2513.8,0.090501,0.019587,2570.5
0.08754,0.09014,12126,0.085551,0.1017,12101,0.05141,0.01122,2510.8,0.057534,0.022006,2524.3
0.075349,0.064032,11835,0.056235,0.086846,11814,0.032006,0.030544,2488,0.0076322,0.018803,2481.7
0.055657,0.034493,18690,0.010024,0.065429,18712,0.016256,-0.013422,3819.9,0.032572,-0.012707,3830.9
0.069875,0.053493,19367,0.025302,0.0762,19372,0.0057317,0.031977,3996.9,0.049443,0.012218,3989
0.10005,0.090372,16492,0.063262,0.097696,16383,0.022689,0.043633,3381,0.03605,0.04437,3316.5
0.1241,0.11668,17035,0.11358,0.12113,16908,0.046565,0.042921,3339.9,0.045237,0.054503,3303
0.11022,0.10788,17206,0.11014,0.11643,17119,0.045893,0.039624,3335.3,0.048924,0.057514,3328.1
0.10525,0.10742,14980,0.10939,0.12155,14927,0.043312,0.039278,3066.7,0.041105,0.065721,2999.6
0.1172,0.11863,13645,0.11955,0.13231,13630,0.038127,0.030118,2835.6,0.025888,0.076632,2717.5
0.09759,0.1001,16033,0.10271,0.11477,16099,0.023803,0.01212,3303.1,-0.0031028,0.060949,3162.9
0.09133,0.094085,16563,0.097075,0.10497,16677,0.022381,0.0010882,3424.2,-0.0082936,0.058982,3280.4
0.087885,0.090686,18505,0.091555,0.092705,18598,0.016735,-0.00095883,3671.9,0.0082699,0.054593,3523
0.082828,0.084976,18930,0.084085,0.082863,18926,0.0016096,0.014548,3728.5,0.015437,0.038846,3588.1
0.085166,0.085604,20718,0.077592,0.075071,20620,0.0094063,0.021149,4005.6,0.022462,0.02799,3882.1
0.062391,0.063679,33520,0.042768,0.039102,33431,0.026831,0.028155,6671.9,0.013392,0.013813,6611.9
0.065005,0.064536,44314,0.048494,0.046563,44343,0.035454,0.035439,8835.1,0.023402,0.024104,8826.1
0.050411,0.048683,54850,0.044104,0.042496,54912,0.028779,0.029058,11263,0.027193,0.026092,11277
0.061244,0.058239,48702,0.062337,0.059797,48763,0.021975,0.022782,9584.5,0.026893,0.026774,9606.5
0.060129,0.058496,42221,0.068888,0.065029,42234,0.024861,0.027454,8408.9,0.030228,0.029834,8414.4
0.10153,0.098309,29439,0.11497,0.11199,29494,0.056446,0.059809,5843.2,0.058299,0.057661,5856.7
0.22196,0.21681,12840,0.23066,0.22653,12955,0.20638,0.2145,2628.1,0.23382,0.21996,2651.2
0.10484,0.10115,42465,0.10534,0.10598,42467,0.070843,0.07304,8971,0.079783,0.076587,8960.5
0.096623,0.093365,35349,0.093,0.094866,35291,0.072523,0.073278,7104.4,0.057172,0.059469,7074.3
0.076024,0.074266,35916,0.074819,0.07574,36019,0.051378,0.054187,7325.4,0.059244,0.053773,7330.4
0.052232,0.052515,43350,0.05175,0.050863,43362,0.038805,0.040442,9182.9,0.040888,0.03699,9183.9
0.11131,0.10319,29027,0.10595,0.1059,29117,0.082099,0.087026,5389.9,0.080958,0.07495,5448.4
0.049698,0.04653,46760,0.039336,0.041898,46649,0.03825,0.039391,9836.4,0.024823,0.022437,9838.9
0.05227,0.05282,39091,0.042435,0.040817,39054,0.033415,0.032695,8143.9,0.01786,0.016274,8154.4
0.029046,0.026172,55559,0.023398,0.024615,55580,0.020991,0.020482,11538,0.019146,0.017911,11531
0.048692,0.048478,53818,0.044109,0.044453,53782,0.034988,0.0349,11114,0.03247,0.032885,11124
0.086008,0.086005,45239,0.08818,0.087734,45222,0.043993,0.044425,9014,0.056924,0.057893,8999.5
0.088769,0.088954,47367,0.10154,0.10066,47432,0.011834,0.012956,9213.4,0.070108,0.070033,9182.5
0.12569,0.12532,42653,0.13816,0.13812,42843,0.046604,0.046241,7847.4,0.10916,0.10831,7841.6
0.16853,0.16721,33376,0.17706,0.17716,33530,0.12814,0.12888,5872.5,0.15938,0.15994,5879.1
0.17005,0.16964,33091,0.18464,0.1842,33289,0.10671,0.11036,5820,0.14916,0.14973,5843.6
0.15037,0.15016,43019,0.16298,0.16249,43122,0.12412,0.12463,8044.1,0.14662,0.14693,8037.2
0.080736,0.079723,58047,0.10142,0.10153,58196,0.062738,0.062371,11494,0.08686,0.08734,11431
0.061343,0.06,49612,0.072561,0.072686,49849,0.03724,0.037363,9899,0.061653,0.062573,9904.1
0.12026,0.11873,30983,0.13265,0.13063,31002,0.061581,0.060681,6081.8,0.089923,0.084325,6020.4
