0.26997,0.2648,340.8,0.26307,0.27176,337.3,0.29323,0.29455,46.841,0.30698,0.28741,45.84
0.28446,0.28266,465.82,0.29081,0.29721,464.84,0.30228,0.33546,70.352,0.32006,0.32803,69.869
0.28367,0.28643,594.32,0.2934,0.29722,591.34,0.33324,0.31793,98.859,0.33488,0.33762,96.875
0.2977,0.30035,527.35,0.31525,0.3137,532.37,0.32688,0.33616,85.88,0.32688,0.34862,82.386
0.2979,0.30203,488.34,0.32137,0.3263,483.88,0.35493,0.33619,64.386,0.36108,0.35733,62.9
0.30124,0.29339,470.84,0.30838,0.30695,465.85,0.30911,0.33439,70.356,0.34676,0.33781,67.877
0.27612,0.28058,437.8,0.30682,0.29592,444.84,0.30334,0.33068,73.357,0.31635,0.34793,72.873
0.27285,0.28679,329.8,0.31499,0.31186,329.36,0.31097,0.30078,47.852,0.32037,0.33394,44.875
0.27362,0.29671,356.32,0.31496,0.31028,361.36,0.32508,0.311,49.367,0.34932,0.3024,52.373
0.26116,0.2865,358.81,0.29503,0.29028,364.84,0.31385,0.33781,52.379,0.3307,0.34492,51.886
0.28267,0.29766,330.33,0.30848,0.31041,328.37,0.34006,0.31017,46.874,0.33901,0.32381,44.888
0.32961,0.33078,325.39,0.32635,0.32719,323.89,0.38273,0.34948,34.415,0.34485,0.33918,32.897
0.31413,0.30806,382.86,0.33659,0.33545,391.39,0.3558,0.343,48.394,0.36102,0.36886,46.405
0.30327,0.30177,284.37,0.33317,0.33577,283.89,0.31451,0.34119,16.875,0.37021,0.35648,17.402
0.28827,0.27166,500.8,0.29062,0.28927,501.82,0.31845,0.30914,89.344,0.32217,0.3025,88.847
0.29551,0.28765,496.33,0.29546,0.30349,503.34,0.32339,0.3121,70.856,0.30134,0.34677,75.363
0.28206,0.27589,452.31,0.28366,0.28936,456.83,0.31555,0.29598,65.343,0.31689,0.30188,62.858
0.30526,0.29259,365.85,0.31659,0.31823,365.37,0.30858,0.33028,42.362,0.33682,0.33473,41.377
0.3016,0.28717,432.84,0.294,0.2917,423.34,0.30407,0.31571,57.351,0.32708,0.32337,53.366
0.27157,0.2764,547.31,0.2881,0.28734,546.83,0.30415,0.31293,88.353,0.31825,0.32038,87.865
0.28768,0.28751,460.83,0.28935,0.28905,472.83,0.30767,0.31486,75.358,0.3399,0.3162,82.373
0.28819,0.29433,530.33,0.27864,0.28215,552.82,0.32586,0.32748,87.363,0.31803,0.33207,89.361
0.28611,0.28957,464.32,0.28377,0.28047,462.32,0.328,0.32933,68.364,0.32693,0.31147,70.853
0.27332,0.28649,437.81,0.28432,0.27995,441.32,0.29817,0.31854,81.857,0.31279,0.30209,85.349
0.27137,0.27787,492.3,0.28319,0.2775,484.82,0.31069,0.29108,76.834,0.32358,0.32009,71.859
0.28534,0.28672,444.32,0.29281,0.28998,442.33,0.3313,0.33448,68.872,0.3268,0.33898,66.871
0.29539,0.28097,485.83,0.29605,0.29605,496.84,0.3406,0.29915,80.37,0.32837,0.3297,84.882
0.28915,0.27329,493.31,0.29188,0.29862,492.84,0.32603,0.31053,78.362,0.33378,0.33111,81.372
0.28095,0.27138,441.29,0.29145,0.28579,439.82,0.30322,0.32225,63.842,0.30912,0.32735,63.855
0.28932,0.28955,421.33,0.30863,0.30897,420.85,0.28472,0.3378,58.852,0.3563,0.32815,53.873
0.31836,0.32125,289.88,0.31177,0.31455,289.36,0.306,0.35956,24.88,0.34751,0.33547,22.386
0.28381,0.29012,478.31,0.28091,0.28074,486.31,0.3328,0.30868,78.862,0.30439,0.32449,82.856
0.26681,0.27342,435.79,0.27674,0.27929,427.81,0.29715,0.31009,76.344,0.31247,0.299,74.346
0.26123,0.2804,465.8,0.28495,0.28103,474.32,0.31675,0.30364,78.859,0.2924,0.32531,79.354
0.27471,0.27477,407.82,0.28619,0.28544,409.33,0.32893,0.29852,59.356,0.312,0.31068,57.848
0.27664,0.25917,510.8,0.26125,0.27229,519.79,0.32114,0.27999,85.842,0.30285,0.2929,89.837
0.282,0.2571,396.79,0.25922,0.26806,391.8,0.3027,0.30773,63.345,0.308,0.29926,59.851
0.28263,0.27123,537.31,0.28257,0.28585,536.32,0.29995,0.31726,96.354,0.32552,0.30554,93.863
0.27372,0.27699,519.29,0.2904,0.28399,506.31,0.31623,0.33008,85.855,0.31759,0.33578,85.359
0.34191,0.34235,258.4,0.34064,0.3429,254.4,0.35872,0.37103,13.902,0.36974,0.35615,12.406
0.32002,0.31776,382.87,0.3153,0.31462,383.36,0.33333,0.35099,43.878,0.34242,0.33489,46.373
0.28699,0.28371,413.82,0.29375,0.29916,418.84,0.30288,0.3101,61.347,0.32318,0.32639,61.358
0.29495,0.29581,390.83,0.29427,0.30116,380.34,0.30961,0.31408,61.351,0.31907,0.32012,58.357
0.29014,0.29002,441.32,0.29803,0.30164,442.34,0.31356,0.33138,63.356,0.31941,0.32926,62.364
0.29164,0.29792,359.32,0.31319,0.30765,353.35,0.33307,0.31648,54.859,0.32807,0.35598,58.38
0.29799,0.30592,472.85,0.30167,0.30173,478.85,0.34226,0.33378,68.377,0.34226,0.34173,70.879
0.30959,0.30759,463.86,0.32039,0.31749,466.37,0.34406,0.32732,70.378,0.33516,0.35479,72.885
0.30813,0.30456,523.35,0.308,0.31047,525.36,0.34388,0.33511,71.877,0.35133,0.32952,72.877
0.30473,0.29956,517.33,0.30268,0.30536,499.84,0.33965,0.33485,89.874,0.33191,0.34712,87.374
0.2953,0.28866,469.81,0.30313,0.30157,453.35,0.32154,0.30993,81.348,0.32577,0.33263,69.869
0.29776,0.29684,461.83,0.30613,0.29935,451.84,0.31377,0.34872,73.37,0.33618,0.32898,69.374
0.30949,0.30801,421.85,0.32495,0.32364,416.86,0.3365,0.34892,55.877,0.35182,0.36027,54.893
0.2781,0.28029,389.79,0.302,0.29763,386.84,0.31374,0.31828,52.854,0.34046,0.34233,52.879
0.28729,0.30501,311.33,0.30793,0.30143,305.36,0.33455,0.31532,35.374,0.33896,0.34078,33.893
0.27916,0.28291,301.82,0.29505,0.29069,296.36,0.32124,0.30881,31.864,0.30337,0.3171,28.364
0.2935,0.29288,345.35,0.31872,0.31155,352.87,0.33143,0.32106,38.372,0.34933,0.34466,37.89
0.32528,0.33517,338.39,0.35297,0.3487,351.4,0.3803,0.36354,34.916,0.39235,0.36197,37.412
0.29869,0.29388,474.34,0.30352,0.31131,480.36,0.31587,0.32672,69.853,0.3463,0.34127,67.382
0.29081,0.29405,537.83,0.31197,0.3063,527.86,0.31777,0.32551,91.35,0.33084,0.34258,85.884
0.28836,0.28041,553.31,0.29357,0.28931,560.32,0.32296,0.30633,107.86,0.32403,0.32162,106.87
0.27357,0.27544,453.31,0.27445,0.27661,448.31,0.29365,0.31607,75.342,0.30352,0.29738,78.334
0.28078,0.2767,375.33,0.29277,0.29479,375.34,0.30095,0.29674,54.342,0.3099,0.32517,52.855
0.2791,0.26996,513.8,0.27645,0.27769,525.31,0.32129,0.29133,99.356,0.31514,0.2932,102.85
0.28377,0.27329,458.32,0.2802,0.2859,455.33,0.30488,0.31336,65.344,0.30779,0.31336,64.846
0.28717,0.28409,479.32,0.28461,0.28473,480.33,0.3293,0.32446,69.868,0.31667,0.32796,64.865
0.3174,0.31935,313.88,0.32795,0.3289,316.88,0.33734,0.33394,23.885,0.36997,0.35483,26.898
0.3337,0.3425,278.9,0.3549,0.35634,276.91,0.3395,0.35747,20.895,0.36646,0.38649,20.916
0.31298,0.31564,358.87,0.31237,0.32018,354.86,0.3611,0.33551,42.896,0.35744,0.29713,45.368
0.30242,0.30282,339.85,0.31451,0.3174,331.36,0.33055,0.32689,46.879,0.32637,0.3436,41.879
0.29605,0.29306,476.33,0.30017,0.29747,477.84,0.33395,0.33632,76.379,0.32711,0.33158,78.869
0.28687,0.2893,469.32,0.30437,0.30448,475.85,0.31622,0.32021,80.365,0.33484,0.33457,79.878
0.29563,0.2954,440.33,0.30688,0.30883,435.35,0.31777,0.32911,65.858,0.34283,0.33096,67.875
0.29216,0.29445,462.84,0.28243,0.28335,465.83,0.3084,0.3189,67.86,0.30604,0.31417,70.852
0.28506,0.28733,504.32,0.28445,0.28509,508.82,0.32784,0.33838,76.871,0.33297,0.31027,80.857
0.28856,0.30029,473.83,0.29814,0.29107,476.33,0.33876,0.3209,76.867,0.32747,0.33482,78.87
0.28467,0.29079,481.82,0.29573,0.29833,473.84,0.31709,0.32854,76.856,0.32934,0.33626,74.371
0.27173,0.28773,391.3,0.28993,0.28884,389.83,0.32782,0.32648,59.364,0.33102,0.32248,57.368
0.28806,0.2919,393.82,0.29555,0.29653,393.34,0.3096,0.30882,53.343,0.3109,0.34142,52.361
0.28569,0.28331,504.33,0.27849,0.28233,501.32,0.33029,0.3072,71.361,0.3311,0.29511,73.849
0.27379,0.26977,532.29,0.26527,0.26533,550.79,0.31352,0.30972,96.846,0.30972,0.31705,99.85
0.27518,0.28202,665.3,0.2857,0.28058,667.32,0.30803,0.32375,127.86,0.31562,0.31508,126.36
0.26011,0.27932,451.78,0.26368,0.26055,457.29,0.31213,0.29892,76.847,0.30216,0.29596,75.343
0.25854,0.27642,417.81,0.2807,0.27249,433.32,0.32061,0.2859,61.347,0.29889,0.31267,61.85
0.26258,0.26645,354.31,0.2662,0.2596,361.29,0.3053,0.27236,48.337,0.29405,0.312,47.837
0.26648,0.27628,533.82,0.25945,0.25636,547.79,0.31638,0.27837,87.344,0.28399,0.30541,90.335
0.291,0.2818,399.83,0.29246,0.28579,399.84,0.30277,0.32649,58.861,0.32649,0.30544,56.86
0.29982,0.27454,264.33,0.30562,0.30102,261.86,0.3171,0.29469,23.852,0.33179,0.32354,22.376
0.30855,0.28173,265.85,0.31843,0.32449,261.38,0.32444,0.34035,27.384,0.35344,0.33984,23.401
0.31223,0.30427,253.87,0.32804,0.32975,249.89,0.32976,0.35988,20.889,0.35452,0.36039,17.408
