0.32304,0.32132,267.38,0.33614,0.33614,265.39,0.3611,0.36904,23.909,0.36033,0.37827,24.417
0.27412,0.27241,278.82,0.32057,0.31963,280.88,0.31537,0.31231,25.863,0.36006,0.36389,28.404
0.29835,0.2928,259.85,0.34316,0.34409,263.4,0.31973,0.29934,20.355,0.36308,0.35339,21.901
0.35225,0.35094,247.9,0.37138,0.37232,247.93,0.37666,0.39399,11.926,0.4001,0.40061,13.438
0.33861,0.34343,249.39,0.36978,0.37028,245.42,0.3566,0.36271,16.408,0.39506,0.39251,14.931
0.34628,0.34841,244.91,0.391,0.39111,244.94,0.36364,0.35678,12.404,0.41569,0.41747,13.449
0.34178,0.34643,252.4,0.34714,0.34599,246.91,0.36854,0.35678,10.408,0.36138,0.3665,9.9079
0.33686,0.34176,246.4,0.34446,0.34315,246.41,0.35794,0.37475,8.909,0.36685,0.36787,10.411
0.26342,0.27208,257.32,0.28309,0.28634,252.83,0.29346,0.29678,14.345,0.32515,0.31288,14.86
0.29096,0.28632,285.34,0.29913,0.29857,289.84,0.32749,0.30634,35.866,0.31047,0.31846,36.861
0.29378,0.28383,248.84,0.29351,0.29557,255.84,0.35274,0.31914,22.883,0.33992,0.33427,25.879
0.25962,0.24941,286.29,0.30793,0.30339,299.35,0.30114,0.30943,28.349,0.34775,0.34852,25.388
0.25984,0.26299,323.28,0.28226,0.27992,332.81,0.30532,0.30558,52.85,0.31602,0.32672,52.362
0.23357,0.23679,304.24,0.25641,0.24353,311.28,0.26349,0.26582,42.312,0.26219,0.28138,43.809
0.23354,0.23969,331.76,0.22842,0.22478,337.24,0.25183,0.26775,46.805,0.26253,0.25574,49.788
0.27417,0.2763,289.32,0.27942,0.27847,298.32,0.31366,0.32039,34.364,0.30435,0.30927,37.849
0.27827,0.27648,280.32,0.29264,0.29259,278.33,0.31211,0.31004,24.856,0.32867,0.31004,25.352
0.27858,0.27457,304.82,0.2941,0.2915,306.33,0.30166,0.33255,34.866,0.30374,0.33333,39.855
0.24087,0.2474,301.78,0.27827,0.28017,307.82,0.2866,0.28893,32.835,0.31247,0.31169,36.854
0.24929,0.25174,331.78,0.24123,0.24994,329.77,0.29527,0.29188,48.844,0.2794,0.28928,47.825
0.19958,0.21002,336.2,0.2286,0.23189,336.75,0.24102,0.24287,49.266,0.27244,0.25686,50.294
0.20267,0.1899,271.68,0.2304,0.22921,277.25,0.24474,0.23158,30.767,0.25921,0.29079,26.812
0.1964,0.19809,281.7,0.23136,0.22693,289.76,0.23205,0.23569,30.268,0.25832,0.25832,32.292
0.28261,0.28249,308.83,0.30714,0.31169,313.85,0.32624,0.33843,33.875,0.35373,0.33351,38.88
0.2516,0.25942,284.3,0.28997,0.28306,279.33,0.28705,0.30369,27.846,0.31591,0.32397,29.865
0.23176,0.23807,278.27,0.26438,0.26919,275.31,0.26883,0.25221,25.3,0.2761,0.28571,25.827
0.26063,0.26991,246.31,0.29641,0.29602,248.85,0.31493,0.28783,17.349,0.33052,0.32183,17.375
0.27777,0.27424,242.82,0.31543,0.31334,241.87,0.3023,0.29847,16.85,0.34668,0.3375,16.39
0.25553,0.25782,256.29,0.26942,0.26624,262.82,0.31137,0.31369,24.867,0.30468,0.29465,27.85
0.25846,0.26244,268.29,0.3041,0.30505,271.36,0.31449,0.31526,37.869,0.34584,0.33967,35.395
0.25776,0.2642,240.81,0.31427,0.31658,243.87,0.33111,0.31727,14.374,0.34777,0.3429,16.887
0.27572,0.26962,249.83,0.34094,0.33874,248.89,0.31627,0.30629,18.865,0.36361,0.36668,18.409
0.32149,0.31887,240.39,0.35459,0.35257,240.91,0.3301,0.34439,8.8854,0.37653,0.37883,11.418
0.36606,0.36747,240.43,0.38297,0.38525,242.94,0.37988,0.39838,7.9281,0.40573,0.40573,7.9385
0.37336,0.37477,236.43,0.37748,0.37927,240.43,0.38875,0.37684,6.4204,0.38165,0.38216,6.4217
0.36592,0.36477,239.92,0.37244,0.37152,241.93,0.36149,0.3587,8.4037,0.38762,0.38661,10.924
0.36446,0.36135,242.42,0.39763,0.39714,245.45,0.36739,0.3608,10.408,0.4039,0.41253,11.442
0.30037,0.29917,271.86,0.33637,0.33428,267.4,0.29659,0.30804,18.352,0.36431,0.34572,20.403
0.31729,0.31344,267.88,0.37045,0.36913,270.42,0.30795,0.31304,23.361,0.39098,0.40092,24.936
0.31765,0.31298,264.38,0.33959,0.34272,261.4,0.32172,0.3353,15.377,0.36168,0.36066,18.402
0.22863,0.23801,281.28,0.27319,0.27446,282.33,0.2386,0.23373,27.784,0.30446,0.29677,29.851
0.23955,0.2385,284.78,0.29114,0.29259,288.34,0.24679,0.2419,33.282,0.29923,0.31799,36.855
0.25649,0.25044,290.81,0.2876,0.29698,285.35,0.26632,0.24036,27.798,0.31362,0.30231,28.354
0.27122,0.26881,298.32,0.2686,0.26406,297.81,0.29407,0.26989,31.332,0.28159,0.28471,33.823
0.28053,0.27899,251.84,0.30487,0.30068,253.36,0.30486,0.29616,15.855,0.34604,0.32072,17.882
0.29607,0.29721,247.36,0.31912,0.32125,244.88,0.30285,0.31431,9.8581,0.33571,0.35201,12.387
0.31558,0.31781,252.38,0.3241,0.32317,241.89,0.34036,0.36472,9.4009,0.36701,0.36218,8.4065
0.30242,0.30018,260.37,0.33277,0.33195,258.39,0.3275,0.3209,20.375,0.3587,0.3653,21.409
0.31108,0.31228,245.88,0.34878,0.34356,258.4,0.36287,0.33748,10.398,0.35246,0.36922,16.904
0.25991,0.25083,239.8,0.3018,0.30791,250.36,0.2974,0.31524,18.359,0.34404,0.33002,17.882
0.2447,0.25166,245.79,0.29278,0.28583,250.84,0.30584,0.29918,20.852,0.31224,0.32223,20.366
0.26546,0.27514,255.82,0.30539,0.30805,256.86,0.32813,0.31737,20.37,0.3522,0.35886,19.899
0.27529,0.28072,239.33,0.32931,0.33194,242.89,0.318,0.33461,13.374,0.38318,0.36426,16.414
0.32643,0.32872,246.39,0.36448,0.36562,240.42,0.3574,0.36019,15.4,0.38841,0.39858,11.428
0.33004,0.33315,241.4,0.35526,0.35493,236.92,0.34829,0.36053,10.401,0.36843,0.36486,7.9109
0.36209,0.36363,250.42,0.35887,0.3598,247.42,0.37506,0.39678,12.425,0.36127,0.37251,12.91
0.30086,0.30448,254.86,0.32771,0.3243,251.88,0.33214,0.32501,17.379,0.34819,0.3515,17.895
0.29074,0.29058,245.35,0.27779,0.27735,241.33,0.33665,0.32212,14.877,0.30912,0.29358,13.347
0.25855,0.26107,243.32,0.32212,0.32042,244.88,0.29211,0.28392,9.835,0.32975,0.33743,11.877
0.28635,0.28405,241.35,0.31165,0.31372,245.37,0.32117,0.30867,10.861,0.34337,0.31913,13.376
0.25625,0.25384,237.82,0.28093,0.27682,240.34,0.30285,0.2998,13.849,0.3054,0.32272,14.865
0.29,0.29082,238.35,0.29839,0.29998,237.86,0.33316,0.34388,13.383,0.32066,0.31199,10.863
0.27349,0.26686,243.33,0.32034,0.32325,246.38,0.30312,0.28652,12.843,0.33172,0.3524,12.884
0.32813,0.32666,242.39,0.33412,0.3351,246.89,0.33452,0.33095,9.3802,0.35212,0.34345,14.391
0.36449,0.3659,240.42,0.37922,0.37949,244.43,0.36608,0.36911,9.4118,0.38835,0.3881,9.9252
0.37576,0.37543,238.43,0.39336,0.39379,244.44,0.38717,0.38869,7.4289,0.41253,0.40948,9.4435
0.4125,0.4125,244.96,0.4269,0.42761,241.47,0.43744,0.42908,12.456,0.45289,0.45719,10.473
0.39347,0.38941,259.93,0.37646,0.3753,256.42,0.41141,0.4058,21.443,0.39537,0.38798,19.928
0.31508,0.3148,260.87,0.31901,0.31973,258.87,0.32526,0.34031,23.386,0.34184,0.33724,24.885
0.35363,0.3533,245.91,0.36793,0.36672,247.42,0.38029,0.38767,9.9223,0.38945,0.39888,10.433
0.3562,0.35925,280.41,0.34254,0.34548,275.4,0.38258,0.37539,22.917,0.36023,0.35483,22.897
0.37033,0.37327,290.42,0.36203,0.36308,279.91,0.39256,0.40103,28.435,0.38026,0.37692,28.42
0.39423,0.39575,253.94,0.3942,0.39093,248.94,0.42253,0.41718,11.447,0.421,0.41616,10.95
0.39951,0.40141,239.45,0.40585,0.40715,239.46,0.43089,0.42076,8.9555,0.42481,0.42101,7.454
0.45102,0.45075,240.98,0.44068,0.43933,239.98,0.47897,0.47111,5.4846,0.46097,0.46528,4.9778
0.44066,0.43985,239.98,0.42685,0.42863,237.97,0.4608,0.46282,6.4784,0.4522,0.4436,5.4694
0.43994,0.43908,237.48,0.42785,0.42715,240.97,0.458,0.46913,4.9795,0.44737,0.45496,8.4711
0.40955,0.41063,240.96,0.40509,0.40428,240.95,0.4323,0.42748,6.9567,0.43281,0.42039,7.9549
0.44323,0.44285,240.48,0.43474,0.43403,242.97,0.47269,0.46687,5.9825,0.4522,0.4608,9.4731
0.41979,0.41973,242.47,0.40634,0.40477,243.96,0.43316,0.44127,5.9619,0.42405,0.41519,7.9496
0.41238,0.41168,240.96,0.4235,0.42079,237.97,0.43389,0.43972,6.4627,0.4349,0.45365,5.466
0.40947,0.4086,243.95,0.39707,0.39821,245.45,0.43889,0.43585,6.9585,0.4323,0.41227,10.45
0.33727,0.33023,284.38,0.32617,0.32912,285.37,0.36605,0.3433,32.899,0.36452,0.35941,33.898
0.27156,0.25702,308.3,0.27415,0.27122,308.31,0.29645,0.3052,44.354,0.30391,0.31034,47.354
0.29205,0.27394,297.33,0.25881,0.26262,294.31,0.33264,0.35859,30.393,0.30176,0.31111,33.352
0.29526,0.29699,312.85,0.29165,0.28297,305.84,0.32829,0.33008,34.382,0.30801,0.32598,33.369
0.31721,0.32281,268.88,0.30986,0.30986,261.37,0.3458,0.35835,16.899,0.34426,0.31762,17.884
0.34091,0.34429,251.41,0.33457,0.32501,250.89,0.39113,0.38399,10.93,0.35926,0.36537,13.405
0.34001,0.33974,260.4,0.34096,0.33976,251.4,0.37028,0.36517,13.91,0.36415,0.36466,13.407
0.37781,0.38137,265.43,0.35294,0.35749,260.91,0.41097,0.41403,19.444,0.3801,0.38801,18.427
0.37621,0.3789,251.93,0.37797,0.37808,244.43,0.38946,0.39099,14.926,0.413,0.40046,13.936
0.40283,0.40299,241.45,0.41074,0.41042,245.46,0.42984,0.42349,11.453,0.43442,0.43976,14.962
0.44191,0.44148,243.98,0.4322,0.43079,242.97,0.46293,0.46343,6.9783,0.45861,0.45302,6.9727
0.39822,0.39741,241.95,0.42393,0.42334,242.47,0.42593,0.4244,7.4552,0.44521,0.45307,7.9684
0.42247,0.42155,237.97,0.42239,0.42217,236.47,0.43655,0.43984,4.9622,0.4406,0.44186,4.9663
0.44318,0.44205,242.48,0.44535,0.44659,239.48,0.4621,0.4669,7.4784,0.46614,0.46716,4.9803
0.39614,0.39413,248.44,0.39011,0.39217,242.94,0.41924,0.41089,10.945,0.42076,0.41772,7.4498
0.38222,0.38222,260.93,0.39556,0.38983,256.94,0.40554,0.40808,16.943,0.42128,0.4195,14.452
0.39117,0.38111,264.43,0.37787,0.38482,262.43,0.40893,0.41276,17.445,0.40026,0.40536,17.939
0.35975,0.35975,242.92,0.3677,0.36808,238.42,0.38305,0.40208,11.931,0.38483,0.39574,9.9284
0.37168,0.37299,248.92,0.35534,0.35249,247.41,0.38951,0.40097,14.433,0.37093,0.35871,15.909
0.3553,0.35763,243.42,0.36919,0.37012,241.43,0.36911,0.36835,8.9089,0.38329,0.3919,8.4265
0.30062,0.29851,280.36,0.29484,0.29262,281.34,0.33797,0.33411,22.885,0.3323,0.33694,25.876
0.27764,0.27476,272.84,0.30838,0.31265,276.36,0.30686,0.29892,24.356,0.33145,0.33837,28.88
0.3108,0.29921,296.85,0.31964,0.32128,300.36,0.33902,0.34341,42.89,0.35478,0.33721,42.387
0.30121,0.30495,298.36,0.32729,0.32539,297.88,0.32971,0.32686,32.377,0.34808,0.34834,31.891
0.31555,0.31656,295.87,0.33988,0.33854,296.39,0.35157,0.35983,34.399,0.36267,0.36526,33.403
0.32211,0.31737,279.87,0.31603,0.31793,281.37,0.3544,0.36891,25.905,0.35026,0.35674,25.89
0.32209,0.32337,260.87,0.32387,0.32654,259.38,0.35568,0.35542,28.404,0.36235,0.34232,27.399
0.31391,0.3174,267.86,0.32199,0.32498,272.38,0.35572,0.35317,27.399,0.35138,0.35368,25.896
0.30592,0.31959,273.36,0.34592,0.34569,273.89,0.33917,0.35178,31.388,0.3667,0.37597,32.41
0.32954,0.33049,283.38,0.34767,0.34928,287.9,0.37436,0.34584,29.907,0.37898,0.37975,31.92
0.34122,0.34166,298.39,0.35212,0.35156,298.9,0.37959,0.37752,29.922,0.38527,0.3832,33.922
0.36208,0.35638,263.91,0.36234,0.36704,259.91,0.38367,0.3906,23.428,0.38906,0.39753,23.429
0.33515,0.33752,247.89,0.36957,0.36677,243.42,0.38383,0.37334,19.916,0.39816,0.39355,17.428
0.33686,0.32951,247.38,0.36412,0.36256,255.4,0.38222,0.3732,20.414,0.39433,0.39381,21.423
0.3485,0.34216,273.88,0.35787,0.36034,285.4,0.39706,0.3937,32.429,0.39861,0.3937,34.43
0.34409,0.3218,265.37,0.34275,0.34131,262.39,0.38875,0.38824,25.423,0.37698,0.38389,25.417
0.33422,0.33014,247.39,0.36356,0.36466,252.91,0.34148,0.38729,14.906,0.39681,0.39655,19.429
0.32795,0.32664,243.39,0.33611,0.33775,247.89,0.35627,0.37895,12.412,0.37768,0.35984,15.407
0.23386,0.23176,273.75,0.23142,0.23341,281.25,0.27677,0.27989,32.314,0.2526,0.28093,33.792
0.17161,0.18232,311.14,0.20797,0.20466,310.72,0.21595,0.239,53.256,0.2557,0.23185,51.283
0.1864,0.17058,303.63,0.19961,0.20146,311.7,0.22562,0.21666,51.249,0.20638,0.2272,53.741
0.15547,0.16193,323.61,0.18237,0.19678,323.68,0.19479,0.20321,53.709,0.22818,0.21346,50.249
0.15785,0.16161,351.11,0.19904,0.20754,344.7,0.1837,0.19602,63.198,0.24528,0.24581,60.277
0.16151,0.18348,353.62,0.17865,0.17109,345.65,0.20979,0.1873,54.713,0.23783,0.22275,54.256
0.13875,0.17263,448.05,0.18721,0.17724,437.66,0.18993,0.1846,102.7,0.20511,0.24481,98.759
0.14449,0.15601,365.56,0.169,0.15093,369.1,0.19807,0.20236,75.212,0.18814,0.19377,75.699
0.19231,0.20001,292.67,0.20445,0.19419,299.68,0.23302,0.23855,42.25,0.2425,0.23539,45.255
0.20223,0.20444,279.69,0.21322,0.21015,290.7,0.25026,0.25182,33.78,0.26142,0.25831,36.784
0.17641,0.17351,325.61,0.16636,0.16763,331.6,0.2226,0.2279,55.751,0.19508,0.21361,57.699
0.18265,0.18328,277.17,0.22139,0.22743,281.24,0.2291,0.20141,36.722,0.25914,0.24451,38.29
0.20536,0.20857,287.71,0.21418,0.21733,294.22,0.27156,0.21798,35.271,0.24699,0.26607,40.276
0.2132,0.21881,352.71,0.21155,0.21316,353.71,0.22155,0.26787,56.771,0.25331,0.24246,60.268
0.21759,0.22104,282.24,0.24625,0.2498,287.77,0.24518,0.28162,32.31,0.27668,0.28995,37.814
0.26168,0.25976,289.29,0.29161,0.29319,296.83,0.29438,0.31338,32.339,0.33941,0.32015,32.867
0.27401,0.28737,297.81,0.29582,0.29389,299.33,0.32068,0.30969,35.358,0.30759,0.32173,35.855
0.29519,0.30643,260.84,0.32236,0.31825,271.37,0.35302,0.33961,19.885,0.34915,0.34605,23.388
0.34074,0.34014,239.9,0.34551,0.34508,245.39,0.39478,0.34281,10.909,0.37378,0.35612,11.399
0.29734,0.29553,245.36,0.34721,0.3466,254.4,0.32697,0.33206,12.874,0.37506,0.37506,13.912
0.33433,0.33118,244.88,0.33807,0.3368,249.89,0.35546,0.3667,16.899,0.35981,0.35904,18.897
0.29431,0.29436,278.34,0.30572,0.3038,280.84,0.33833,0.33523,39.877,0.33394,0.33316,38.863
0.26161,0.25323,263.29,0.29835,0.29902,264.83,0.30757,0.30705,27.349,0.34047,0.34386,28.373
0.23016,0.23166,310.23,0.27162,0.26605,311.78,0.27158,0.25684,48.792,0.29579,0.30289,49.831
0.20652,0.20809,271.72,0.24702,0.24579,275.79,0.21144,0.2632,27.261,0.27795,0.27692,28.819
0.25246,0.25373,257.3,0.29411,0.28903,254.84,0.28516,0.30698,19.343,0.33291,0.32213,20.371
0.23503,0.2396,248.79,0.28414,0.28832,254.84,0.29371,0.26074,14.817,0.32771,0.3047,17.859
0.22521,0.22599,260.25,0.26058,0.26365,257.31,0.28269,0.27313,24.32,0.31499,0.32248,23.364
0.2091,0.21681,262.22,0.26187,0.25807,270.3,0.22819,0.25519,23.275,0.29569,0.30452,24.847
0.22616,0.23717,251.28,0.2858,0.28602,252.84,0.27878,0.2631,20.819,0.3222,0.30832,20.864
0.30375,0.30601,250.86,0.32765,0.326,255.38,0.34895,0.33026,14.383,0.36098,0.36918,16.901
0.31753,0.32239,241.38,0.35785,0.3601,242.91,0.34192,0.33401,11.387,0.38807,0.36486,12.413
0.33364,0.3289,247.39,0.34192,0.33744,245.39,0.37766,0.36018,13.91,0.35233,0.36449,13.899
0.26862,0.26546,250.31,0.27835,0.27746,255.82,0.31057,0.2962,19.351,0.32649,0.31879,19.86
0.24077,0.23842,257.77,0.27736,0.2675,262.81,0.29485,0.26959,25.832,0.2951,0.30799,24.844
0.21202,0.2159,242.74,0.2845,0.28157,254.33,0.2314,0.26449,22.286,0.31016,0.30605,23.354
0.26191,0.25615,258.79,0.28238,0.28333,264.33,0.30373,0.30709,21.846,0.32185,0.31849,24.861
0.28908,0.26898,267.32,0.29964,0.30366,275.35,0.34065,0.31689,27.871,0.31302,0.34607,32.871
0.32209,0.30501,249.37,0.3288,0.32935,259.38,0.34785,0.37551,22.407,0.36347,0.35886,26.899
0.37882,0.37454,240.93,0.36288,0.36337,244.92,0.38979,0.42113,9.9415,0.37664,0.38296,11.423
0.28601,0.28871,248.85,0.33418,0.33864,251.39,0.33137,0.34211,19.887,0.36893,0.37941,21.413
0.24622,0.25428,250.79,0.27759,0.28227,253.82,0.28414,0.29569,21.84,0.30647,0.30878,24.85
0.26988,0.27826,247.82,0.29649,0.29845,254.35,0.33531,0.32527,27.382,0.32862,0.33145,29.383
0.24852,0.25335,246.8,0.30999,0.30846,251.37,0.27037,0.27268,13.314,0.32624,0.32547,16.372
0.35027,0.35032,238.91,0.39655,0.39797,240.95,0.38022,0.37717,10.412,0.40749,0.40749,11.44
0.33082,0.3389,240.39,0.37055,0.37143,244.43,0.35845,0.35616,12.4,0.39092,0.39168,13.929
0.35449,0.35739,245.91,0.38886,0.38771,247.44,0.36965,0.37144,13.414,0.42032,0.41573,14.449
