  0.00256279  0.01486417  0.01102941  0.01838235  0.00903614  0.10240964  0.00000000  0.00301205  0.00000000  0.05371901  0.00000000  0.00000000 
  0.00042790  0.00727428  0.00272480  0.00544959  0.00000000  0.08083832  0.00000000  0.00000000  0.00354610  0.03900709  0.00000000  0.00000000 
  0.00068989  0.01138324  0.00684932  0.00342466  0.00273224  0.09289617  0.00273224  0.00819672  0.00000000  0.03065134  0.00000000  0.00000000 
  0.00105189  0.01016830  0.00677966  0.00000000  0.00000000  0.10893855  0.00000000  0.00000000  0.00000000  0.04743083  0.00000000  0.00000000 
  0.00121618  0.00912131  0.00857143  0.01142857  0.00253807  0.08883249  0.00000000  0.00253807  0.00000000  0.06081081  0.00000000  0.00000000 
  0.00281136  0.00702839  0.00638298  0.00212766  0.00000000  0.11478599  0.00194553  0.00389105  0.00000000  0.04088050  0.00000000  0.00000000 
  0.00197908  0.00593723  0.00563380  0.01126761  0.00000000  0.08742004  0.00000000  0.00000000  0.00000000  0.04918033  0.00000000  0.00000000 
  0.00169492  0.00790960  0.01246883  0.00997506  0.00212766  0.09574468  0.00000000  0.00212766  0.00000000  0.03296703  0.00000000  0.00000000 
  0.00138812  0.00999445  0.00502513  0.01005025  0.00000000  0.08778626  0.00190840  0.00000000  0.00000000  0.04014599  0.00000000  0.00000000 
  0.00103493  0.00724450  0.00335570  0.00503356  0.00348432  0.06097561  0.00000000  0.00000000  0.00000000  0.02590674  0.00000000  0.00000000 
  0.00266525  0.00799574  0.00232019  0.00928074  0.00000000  0.08582090  0.00000000  0.00000000  0.00000000  0.03194888  0.00000000  0.00000000 
  0.00107498  0.00644988  0.00000000  0.00767263  0.00000000  0.13308688  0.00000000  0.00554529  0.00000000  0.02857143  0.00000000  0.00000000 
  0.00127673  0.01053304  0.00787402  0.00524934  0.00000000  0.08188586  0.00000000  0.00000000  0.00386100  0.05405405  0.00000000  0.00000000 
  0.00104439  0.00678851  0.00362976  0.00181488  0.00000000  0.10000000  0.00000000  0.00175439  0.00000000  0.02981030  0.00000000  0.00000000 
  0.00159151  0.00716180  0.00606061  0.00404040  0.00173310  0.08838821  0.00000000  0.00000000  0.00000000  0.03030303  0.00000000  0.00000000 
  0.00185332  0.00794281  0.00446429  0.00223214  0.00000000  0.08145581  0.00173310  0.00173310  0.00000000  0.03146853  0.00000000  0.00000000 
  0.00104932  0.00577125  0.01015228  0.00761421  0.00495050  0.09075908  0.00000000  0.00165017  0.00384615  0.03076923  0.00000000  0.00000000 
  0.00162911  0.01004616  0.00710480  0.00710480  0.00000000  0.09983633  0.00000000  0.00000000  0.00000000  0.03342618  0.00000000  0.00000000 
  0.00141844  0.00567376  0.00465116  0.00310078  0.00000000  0.08333333  0.00000000  0.00292398  0.00000000  0.02786378  0.00000000  0.00000000 
  0.00126486  0.00885403  0.00537634  0.00537634  0.00163399  0.08333333  0.00000000  0.00000000  0.00000000  0.02247191  0.00000000  0.00000000 
  0.00188679  0.00754717  0.01018330  0.01221996  0.00363636  0.10181818  0.00000000  0.00000000  0.00000000  0.02795031  0.00000000  0.00000000 
  0.00265957  0.00507737  0.00904977  0.00301659  0.00155521  0.09642302  0.00000000  0.00000000  0.00000000  0.02758621  0.00000000  0.00000000 
  0.00282965  0.00877193  0.00775194  0.00775194  0.00374532  0.09925094  0.00000000  0.00000000  0.00000000  0.02958580  0.00000000  0.00000000 
  0.00198469  0.00935639  0.00225734  0.00902935  0.00000000  0.10147601  0.00000000  0.00000000  0.00000000  0.05423729  0.00000000  0.00000000 
  0.00252717  0.00682335  0.00788644  0.00315457  0.00000000  0.07898659  0.00149031  0.00000000  0.00000000  0.02528090  0.00000000  0.00000000 
  0.00312744  0.00547303  0.00648298  0.00648298  0.00161551  0.07754443  0.00000000  0.00000000  0.00225225  0.04279279  0.00225225  0.00000000 
  0.00275735  0.00520833  0.00653595  0.00653595  0.00000000  0.07500000  0.00000000  0.00000000  0.00287356  0.01724138  0.00000000  0.00000000 
  0.00289436  0.00810420  0.00621118  0.00931677  0.00552486  0.09760589  0.00184162  0.00184162  0.00448430  0.06278027  0.00000000  0.00448430 
  0.00174267  0.00464711  0.00647948  0.00863931  0.00520833  0.08680556  0.00000000  0.00000000  0.00000000  0.05157593  0.00000000  0.00000000 
  0.00027189  0.00435019  0.00819672  0.00163934  0.00149701  0.07485030  0.00000000  0.00000000  0.00000000  0.05570292  0.00000000  0.00000000 
  0.00159957  0.00613170  0.00468384  0.01873536  0.00425532  0.07943262  0.00000000  0.00000000  0.00000000  0.05405405  0.00000000  0.00000000 
  0.00224152  0.00784533  0.01552795  0.00931677  0.00380952  0.09142857  0.00380952  0.00000000  0.00000000  0.04301075  0.00000000  0.00000000 
  0.00151883  0.00911300  0.01488095  0.00892857  0.00205339  0.08829569  0.00000000  0.00000000  0.00000000  0.04494382  0.00000000  0.00000000 
  0.00082169  0.00794303  0.01278772  0.00255754  0.00000000  0.07462687  0.00186567  0.00000000  0.00000000  0.04609929  0.00000000  0.00000000 
  0.00225035  0.00843882  0.00000000  0.00501253  0.00211416  0.07399577  0.00000000  0.00211416  0.00000000  0.00803213  0.00000000  0.00000000 
  0.00218235  0.00484966  0.00896861  0.00672646  0.00373832  0.07850467  0.00186916  0.00000000  0.00000000  0.01754386  0.00000000  0.00000000 
  0.00100705  0.00427996  0.00634249  0.00634249  0.00000000  0.07847082  0.00402414  0.00000000  0.00000000  0.04744526  0.00000000  0.00000000 
  0.00256996  0.00713878  0.00244499  0.00244499  0.00197628  0.06719368  0.00000000  0.00000000  0.00000000  0.03968254  0.00000000  0.00000000 
  0.00312012  0.00806032  0.00819672  0.00546448  0.00000000  0.07006369  0.00212314  0.00424628  0.00000000  0.03317536  0.00000000  0.00000000 
  0.00137855  0.00744417  0.00909091  0.00303030  0.00217391  0.08695652  0.00217391  0.00217391  0.00000000  0.03550296  0.00000000  0.00000000 
  0.00095238  0.00428571  0.01307190  0.00217865  0.00000000  0.07986111  0.00173611  0.00000000  0.00000000  0.04029304  0.00000000  0.00000000 
  0.00150693  0.00723327  0.00815217  0.00815217  0.00428266  0.08351178  0.00214133  0.00000000  0.00000000  0.07253886  0.00000000  0.00000000 
  0.00151362  0.00580222  0.01612903  0.00230415  0.00321027  0.07223114  0.00160514  0.00000000  0.00000000  0.05555556  0.00000000  0.00000000 
  0.00053191  0.00851064  0.00319489  0.00319489  0.00000000  0.08984375  0.00390625  0.00585938  0.00000000  0.05729167  0.00000000  0.00000000 
  0.00228050  0.00826682  0.00598802  0.00000000  0.00626305  0.08559499  0.00000000  0.00208768  0.00000000  0.04790419  0.00000000  0.00000000 
  0.00077081  0.00796506  0.00000000  0.00220264  0.00320513  0.09775641  0.00000000  0.00000000  0.00000000  0.04669261  0.00000000  0.00000000 
  0.00070061  0.00443718  0.01030928  0.00824742  0.00176678  0.07067138  0.00000000  0.00000000  0.00000000  0.04453441  0.00000000  0.00000000 
  0.00076433  0.00484076  0.00806452  0.01075269  0.00182149  0.07103825  0.00000000  0.00182149  0.00000000  0.05911330  0.00000000  0.00000000 
  0.00109242  0.00436967  0.01277955  0.00638978  0.00000000  0.08885299  0.00323102  0.00000000  0.00000000  0.03703704  0.00000000  0.00000000 
  0.00092443  0.00369771  0.00778210  0.00194553  0.00000000  0.05918058  0.00000000  0.00000000  0.00000000  0.02734375  0.00000000  0.00000000 
  0.00080364  0.00696491  0.00000000  0.00000000  0.00000000  0.09579832  0.00000000  0.00000000  0.00000000  0.02212389  0.00000000  0.00000000 
  0.00171359  0.00416157  0.00000000  0.00709220  0.00329489  0.10378913  0.00164745  0.00000000  0.00000000  0.02000000  0.00000000  0.00000000 
  0.00128700  0.00283140  0.00486618  0.00729927  0.00183824  0.07720588  0.00000000  0.00000000  0.00000000  0.06521739  0.00000000  0.00000000 
  0.00116550  0.00326340  0.00196464  0.00589391  0.00000000  0.08472012  0.00000000  0.00000000  0.00000000  0.03292181  0.00000000  0.00000000 
  0.00050607  0.00430162  0.00228311  0.00913242  0.00000000  0.08617886  0.00162602  0.00162602  0.00000000  0.05472637  0.00000000  0.00000000 
  0.00084128  0.00504767  0.00000000  0.00313480  0.00000000  0.09851301  0.00185874  0.00000000  0.00000000  0.06818182  0.00000000  0.00000000 
  0.00139743  0.00503074  0.00817439  0.00817439  0.00000000  0.06307978  0.00000000  0.00371058  0.00000000  0.03365385  0.00000000  0.00000000 
  0.00108313  0.00731113  0.00472813  0.01182033  0.00151745  0.05918058  0.00151745  0.00151745  0.00000000  0.03587444  0.00000000  0.00000000 
  0.00191257  0.00601093  0.00254453  0.00254453  0.00191205  0.09560229  0.00000000  0.00191205  0.00000000  0.04205607  0.00000000  0.00000000 
  0.00169164  0.00362494  0.00583090  0.00583090  0.00493421  0.07565789  0.00000000  0.00000000  0.00000000  0.02747253  0.00000000  0.00000000 
  0.00223658  0.00323062  0.00315457  0.00946372  0.00357143  0.05535714  0.00000000  0.00000000  0.00000000  0.02793296  0.00000000  0.00000000 
  0.00158353  0.00395883  0.01015228  0.00253807  0.00176056  0.08450704  0.00000000  0.00000000  0.00000000  0.02072539  0.00000000  0.00000000 
  0.00161681  0.00431151  0.00000000  0.00763359  0.00195313  0.07421875  0.00000000  0.00195313  0.00000000  0.04147465  0.00000000  0.00000000 
  0.00115075  0.00402762  0.00342466  0.01027397  0.00194553  0.06225681  0.00000000  0.00000000  0.00000000  0.04487179  0.00000000  0.00000000 
  0.00098393  0.00590357  0.00432900  0.00432900  0.00000000  0.05760369  0.00230415  0.00000000  0.00000000  0.03731343  0.00000000  0.00746269 
  0.00098717  0.00789733  0.00369004  0.00369004  0.00000000  0.06336088  0.00000000  0.00000000  0.00000000  0.04895105  0.00000000  0.00000000 
