  0.00132450  0.02649007  0.00000000  0.00000000  0.04761905  0.21428571  0.00000000  0.00000000  0.00000000  0.12500000  0.00000000  0.00000000 
  0.00707214  0.02404526  0.00000000  0.00000000  0.02040816  0.24489796  0.02040816  0.00000000  0.00000000  0.12500000  0.00000000  0.00000000 
  0.00257400  0.03346203  0.04166667  0.08333333  0.00000000  0.16666667  0.00000000  0.00000000  0.00000000  0.00000000  0.00000000  0.00000000 
  0.00190295  0.03330162  0.00000000  0.00000000  0.04081633  0.12244898  0.00000000  0.02040816  0.00000000  0.00000000  0.00000000  0.00000000 
  0.00483425  0.03107735  0.08620690  0.00000000  0.06306306  0.15315315  0.01801802  0.00000000  0.00000000  0.06666667  0.06666667  0.00000000 
  0.00763942  0.02368220  0.00000000  0.01562500  0.02727273  0.10909091  0.01818182  0.00000000  0.00000000  0.03846154  0.00000000  0.00000000 
  0.00000000  0.02795031  0.00000000  0.00000000  0.00000000  0.14634146  0.00000000  0.00000000  0.00000000  0.33333333  0.00000000  0.00000000 
  0.00727273  0.02787879  0.00000000  0.04000000  0.00000000  0.19148936  0.00000000  0.04255319  0.00000000  0.33333333  0.00000000  0.00000000 
  0.00111483  0.02564103  0.06666667  0.00000000  0.01694915  0.20338983  0.01694915  0.00000000  0.00000000  0.00000000  0.00000000  0.00000000 
  0.00496689  0.03890728  0.05660377  0.05660377  0.01219512  0.13414634  0.03658537  0.00000000  0.00000000  0.06250000  0.00000000  0.00000000 
  0.01099707  0.03885630  0.05298013  0.03973510  0.02542373  0.11016949  0.01694915  0.01694915  0.00000000  0.04545455  0.02272727  0.00000000 
  0.00503235  0.02156722  0.03370787  0.02247191  0.01562500  0.14062500  0.02343750  0.00000000  0.00000000  0.20000000  0.00000000  0.00000000 
  0.00175439  0.02456140  0.01754386  0.03508772  0.00000000  0.15957447  0.01063830  0.00000000  0.00000000  0.05263158  0.00000000  0.00000000 
  0.00383142  0.02777778  0.00000000  0.01449275  0.01052632  0.13684211  0.00000000  0.01052632  0.00000000  0.00000000  0.00000000  0.00000000 
  0.00968188  0.02351314  0.05844156  0.00649351  0.02272727  0.12121212  0.00000000  0.00000000  0.00000000  0.02325581  0.00000000  0.00000000 
  0.00347705  0.02086231  0.04402516  0.01886792  0.02777778  0.11111111  0.02083333  0.00694444  0.00000000  0.06060606  0.00000000  0.00000000 
  0.00553506  0.03228782  0.00000000  0.02564103  0.01098901  0.08791209  0.02197802  0.00000000  0.00000000  0.00000000  0.00000000  0.00000000 
  0.00435540  0.03658537  0.00892857  0.03571429  0.00793651  0.09523810  0.00793651  0.00000000  0.00000000  0.10526316  0.00000000  0.00000000 
  0.00714796  0.03359543  0.11818182  0.04545455  0.04137931  0.11034483  0.02758621  0.00000000  0.00000000  0.14285714  0.00000000  0.00000000 
  0.00510576  0.03282276  0.04477612  0.02985075  0.01769912  0.15044248  0.00000000  0.00000000  0.00000000  0.11111111  0.00000000  0.00000000 
  0.00385604  0.02185090  0.00000000  0.00000000  0.05084746  0.06779661  0.00000000  0.01694915  0.00000000  0.11111111  0.00000000  0.11111111 
  0.00109769  0.02854007  0.00000000  0.00000000  0.03174603  0.12698413  0.00000000  0.01587302  0.00000000  0.00000000  0.00000000  0.00000000 
  0.01153846  0.02000000  0.02380952  0.07142857  0.04950495  0.15841584  0.01980198  0.00990099  0.00000000  0.00000000  0.00000000  0.00000000 
  0.00584795  0.02339181  0.03174603  0.06349206  0.04629630  0.12962963  0.00925926  0.00000000  0.00000000  0.00000000  0.00000000  0.00000000 
  0.00890585  0.02035623  0.02597403  0.03896104  0.02272727  0.17424242  0.04545455  0.00757576  0.00000000  0.18750000  0.00000000  0.00000000 
  0.00627803  0.01524664  0.05714286  0.02857143  0.04054054  0.06756757  0.00000000  0.01351351  0.00000000  0.06250000  0.00000000  0.00000000 
  0.00498008  0.01992032  0.03448276  0.00000000  0.01408451  0.12676056  0.01408451  0.00000000  0.00000000  0.00000000  0.00000000  0.00000000 
  0.00314465  0.01781971  0.01587302  0.07936508  0.01666667  0.05000000  0.00000000  0.00000000  0.00000000  0.07692308  0.00000000  0.00000000 
  0.00483092  0.01086957  0.03030303  0.00000000  0.00000000  0.15000000  0.00000000  0.00000000  0.10000000  0.10000000  0.00000000  0.00000000 
  0.01093294  0.02988338  0.08333333  0.01388889  0.01666667  0.14166667  0.00833333  0.00000000  0.00000000  0.00000000  0.00000000  0.00000000 
  0.00656276  0.02789171  0.03278689  0.01639344  0.00840336  0.13445378  0.01680672  0.00000000  0.00000000  0.00000000  0.00000000  0.00000000 
  0.00370828  0.04202719  0.02439024  0.00000000  0.01428571  0.11428571  0.00000000  0.00000000  0.00000000  0.00000000  0.00000000  0.00000000 
  0.00112108  0.02466368  0.02564103  0.00000000  0.00000000  0.04166667  0.02777778  0.00000000  0.00000000  0.00000000  0.00000000  0.00000000 
  0.00253807  0.02453469  0.00000000  0.06060606  0.00000000  0.20895522  0.00000000  0.00000000  0.06666667  0.00000000  0.00000000  0.00000000 
  0.00224972  0.01912261  0.03448276  0.00000000  0.01408451  0.16901408  0.00000000  0.01408451  0.00000000  0.00000000  0.00000000  0.00000000 
  0.00284091  0.03835227  0.04347826  0.04347826  0.00000000  0.14583333  0.00000000  0.00000000  0.00000000  0.09090909  0.00000000  0.00000000 
  0.00564175  0.05218618  0.00000000  0.02040816  0.02816901  0.19718310  0.00000000  0.02816901  0.00000000  0.06250000  0.00000000  0.00000000 
  0.00505051  0.03367003  0.09890110  0.00000000  0.02752294  0.11009174  0.04587156  0.00917431  0.03333333  0.03333333  0.00000000  0.00000000 
  0.01047120  0.04057592  0.01123596  0.04494382  0.04347826  0.15652174  0.00869565  0.00000000  0.00000000  0.11764706  0.00000000  0.02941176 
  0.00097752  0.03812317  0.00000000  0.01960784  0.00000000  0.15625000  0.00000000  0.00000000  0.00000000  0.13636364  0.00000000  0.00000000 
  0.00392157  0.02549020  0.05660377  0.03773585  0.00000000  0.13114754  0.00000000  0.00000000  0.00000000  0.05263158  0.00000000  0.00000000 
  0.00456621  0.02739726  0.02380952  0.04761905  0.02816901  0.12676056  0.01408451  0.00000000  0.00000000  0.00000000  0.00000000  0.00000000 
  0.00662252  0.02384106  0.01030928  0.04123711  0.04477612  0.13432836  0.02238806  0.00746269  0.00000000  0.03846154  0.00000000  0.00000000 
  0.00914849  0.03026038  0.00000000  0.01333333  0.06666667  0.13333333  0.02500000  0.00833333  0.00000000  0.06250000  0.00000000  0.00000000 
  0.00109409  0.03610503  0.00000000  0.05882353  0.01538462  0.15384615  0.01538462  0.00000000  0.00000000  0.00000000  0.00000000  0.00000000 
  0.00871460  0.04248366  0.07142857  0.07142857  0.00000000  0.16129032  0.00000000  0.01612903  0.00000000  0.14285714  0.00000000  0.04761905 
  0.00517598  0.03623188  0.02272727  0.02272727  0.02898551  0.10144928  0.00000000  0.00000000  0.00000000  0.14285714  0.00000000  0.00000000 
  0.00373134  0.01343284  0.02631579  0.03947368  0.01562500  0.09375000  0.00781250  0.00000000  0.00000000  0.08000000  0.00000000  0.00000000 
  0.00395648  0.02967359  0.00000000  0.06451613  0.02469136  0.18518519  0.00000000  0.00000000  0.00000000  0.14285714  0.00000000  0.00000000 
  0.00243112  0.02188006  0.07500000  0.00000000  0.02678571  0.16964286  0.00892857  0.00000000  0.00000000  0.00000000  0.00000000  0.00000000 
  0.00840880  0.03363519  0.06593407  0.07692308  0.03816794  0.12213740  0.01526718  0.00000000  0.04545455  0.09090909  0.00000000  0.00000000 
  0.00412201  0.02143446  0.01538462  0.04615385  0.04166667  0.10416667  0.02083333  0.02083333  0.04545455  0.04545455  0.00000000  0.00000000 
  0.00277521  0.03145236  0.05405405  0.02702703  0.00000000  0.15714286  0.01428571  0.00000000  0.00000000  0.13333333  0.00000000  0.00000000 
  0.00520833  0.02500000  0.00000000  0.00000000  0.01492537  0.22388060  0.00000000  0.00000000  0.00000000  0.05882353  0.00000000  0.00000000 
  0.00725689  0.01378810  0.03846154  0.05128205  0.00826446  0.13223140  0.01652893  0.01652893  0.00000000  0.00000000  0.00000000  0.00000000 
  0.00598007  0.02990033  0.01408451  0.01408451  0.02721088  0.08163265  0.03401361  0.00680272  0.00000000  0.00000000  0.06250000  0.00000000 
  0.00723982  0.02443439  0.03448276  0.03448276  0.02020202  0.17171717  0.00000000  0.00000000  0.00000000  0.00000000  0.00000000  0.00000000 
  0.00127226  0.02926209  0.04545455  0.00000000  0.00000000  0.20338983  0.00000000  0.00000000  0.00000000  0.00000000  0.00000000  0.00000000 
  0.00230415  0.03686636  0.00000000  0.03030303  0.01515152  0.10606061  0.01515152  0.00000000  0.00000000  0.00000000  0.00000000  0.00000000 
  0.00698216  0.02792863  0.04938272  0.02469136  0.01923077  0.10576923  0.01923077  0.00000000  0.00000000  0.04000000  0.00000000  0.00000000 
  0.00308325  0.02055498  0.02702703  0.02702703  0.01369863  0.15068493  0.00000000  0.00000000  0.00000000  0.00000000  0.00000000  0.00000000 
  0.00200200  0.02002002  0.02439024  0.02439024  0.00000000  0.26562500  0.00000000  0.00000000  0.00000000  0.07142857  0.00000000  0.00000000 
  0.00175285  0.03067485  0.02352941  0.01176471  0.04255319  0.11702128  0.00000000  0.00000000  0.00000000  0.00000000  0.00000000  0.00000000 
  0.00736842  0.02105263  0.04878049  0.02439024  0.02272727  0.12500000  0.00000000  0.00000000  0.00000000  0.02941176  0.00000000  0.00000000 
  0.01008827  0.03278689  0.04255319  0.03191489  0.02290076  0.09923664  0.01526718  0.00763359  0.03333333  0.00000000  0.00000000  0.00000000 
  0.00502513  0.02345059  0.04938272  0.01234568  0.01282051  0.21794872  0.00000000  0.00000000  0.00000000  0.08823529  0.00000000  0.00000000 
  0.00246711  0.02220395  0.01612903  0.04838710  0.01176471  0.18823529  0.00000000  0.00000000  0.00000000  0.00000000  0.00000000  0.00000000 
  0.00578704  0.01967593  0.05882353  0.05882353  0.00000000  0.19696970  0.01515152  0.01515152  0.00000000  0.13333333  0.00000000  0.00000000 
  0.00577617  0.03682310  0.05970149  0.02985075  0.03409091  0.14772727  0.01136364  0.00000000  0.00000000  0.08000000  0.00000000  0.00000000 
  0.00894988  0.01849642  0.04761905  0.01587302  0.03333333  0.08666667  0.00000000  0.00000000  0.00000000  0.11428571  0.00000000  0.02857143 
  0.00531561  0.03056478  0.02941176  0.00980392  0.01754386  0.12280702  0.00877193  0.01754386  0.00000000  0.10714286  0.00000000  0.00000000 
  0.00489237  0.03424658  0.01282051  0.02564103  0.03409091  0.09090909  0.00000000  0.02272727  0.00000000  0.03846154  0.00000000  0.00000000 
