  0.00107181  0.01822079  0.00233372  0.00350058  0.00185185  0.12407407  0.00185185  0.00000000  0.00000000  0.03693931  0.00000000  0.00000000 
  0.00110436  0.00607399  0.00231214  0.00231214  0.00198807  0.11133201  0.00000000  0.00000000  0.00000000  0.03116147  0.00000000  0.00000000 
  0.00049801  0.00896414  0.00243013  0.00243013  0.00000000  0.10423453  0.00000000  0.00000000  0.00000000  0.04225352  0.00000000  0.00000000 
  0.00125786  0.01174004  0.00246914  0.00123457  0.00000000  0.12918660  0.00000000  0.00159490  0.00000000  0.06881406  0.00000000  0.00000000 
  0.00145560  0.00339641  0.00097276  0.00389105  0.00170940  0.12991453  0.00000000  0.00000000  0.00000000  0.03476246  0.00000000  0.00000000 
  0.00044189  0.00309324  0.00237530  0.00237530  0.00000000  0.13106796  0.00000000  0.00000000  0.00000000  0.04485050  0.00000000  0.00000000 
  0.00269058  0.01121076  0.00492126  0.00000000  0.00000000  0.12135922  0.00000000  0.00000000  0.00000000  0.03128492  0.00000000  0.00000000 
  0.00278681  0.01021830  0.00000000  0.00111982  0.00000000  0.08780488  0.00000000  0.00000000  0.00134590  0.04441454  0.00000000  0.00000000 
  0.00049529  0.01386825  0.00113250  0.00566251  0.00000000  0.10877193  0.00000000  0.00000000  0.00000000  0.02801120  0.00000000  0.00000000 
  0.00235738  0.00848656  0.00250941  0.00000000  0.00170648  0.12286689  0.00170648  0.00000000  0.00000000  0.03750000  0.00000000  0.00000000 
  0.00184843  0.00508318  0.00340909  0.00340909  0.00000000  0.07827476  0.00319489  0.00000000  0.00132450  0.03708609  0.00000000  0.00000000 
  0.00082136  0.00821355  0.00261438  0.00261438  0.00156986  0.11459969  0.00000000  0.00156986  0.00000000  0.04362416  0.00000000  0.00000000 
  0.00152362  0.02183850  0.00447928  0.00447928  0.00000000  0.09172662  0.00000000  0.00000000  0.00122699  0.02699387  0.00000000  0.00000000 
  0.00194269  0.01457018  0.00455927  0.00303951  0.00000000  0.11044177  0.00000000  0.00000000  0.00000000  0.02768166  0.00000000  0.00000000 
  0.00185529  0.01205937  0.00244798  0.00489596  0.00000000  0.11257036  0.00000000  0.00375235  0.00000000  0.02074689  0.00000000  0.00000000 
  0.00109609  0.01424918  0.00625978  0.00156495  0.00000000  0.12173913  0.00173913  0.00000000  0.00000000  0.04428044  0.00000000  0.00000000 
  0.00113809  0.01024279  0.00250941  0.00250941  0.00000000  0.10070671  0.00176678  0.00176678  0.00000000  0.03453947  0.00000000  0.00000000 
  0.00075216  0.00940203  0.00173611  0.00347222  0.00000000  0.11612903  0.00161290  0.00000000  0.00000000  0.05057471  0.00000000  0.00000000 
  0.00149365  0.00672143  0.00273598  0.00547196  0.00000000  0.10796460  0.00176991  0.00000000  0.00000000  0.03333333  0.00000000  0.00000000 
  0.00034698  0.00589868  0.00149701  0.00149701  0.00166945  0.14023372  0.00000000  0.00333890  0.00000000  0.04303279  0.00000000  0.00000000 
  0.00076687  0.00805215  0.00130719  0.00130719  0.00000000  0.13527397  0.00171233  0.00000000  0.00000000  0.04659498  0.00000000  0.00000000 
  0.00147221  0.00883327  0.00172712  0.00172712  0.00173010  0.13667820  0.00173010  0.00000000  0.00000000  0.02806122  0.00000000  0.00000000 
  0.00107219  0.01036455  0.00156495  0.00469484  0.00159236  0.11624204  0.00000000  0.00159236  0.00000000  0.05376344  0.00000000  0.00000000 
  0.00000000  0.00527009  0.00000000  0.00302115  0.00000000  0.10962963  0.00000000  0.00000000  0.00000000  0.04356436  0.00000000  0.00000000 
  0.00082169  0.00862777  0.00000000  0.00444444  0.00000000  0.13848921  0.00179856  0.00000000  0.00000000  0.04179104  0.00000000  0.00000000 
  0.00073475  0.00440852  0.00000000  0.00000000  0.00000000  0.14113597  0.00000000  0.00000000  0.00000000  0.03785489  0.00000000  0.00000000 
  0.00238908  0.00580205  0.00000000  0.00209644  0.00000000  0.10851419  0.00166945  0.00000000  0.00000000  0.04430380  0.00000000  0.00000000 
  0.00105671  0.00493131  0.00000000  0.00000000  0.00000000  0.10214168  0.00164745  0.00000000  0.00000000  0.04132231  0.00000000  0.00000000 
  0.00191205  0.00994264  0.00431034  0.00215517  0.00352734  0.08818342  0.00000000  0.00000000  0.00000000  0.02721088  0.00000000  0.00000000 
  0.00278441  0.00994431  0.00333333  0.00333333  0.00000000  0.10586011  0.00189036  0.00000000  0.00000000  0.02358491  0.00000000  0.00000000 
  0.00210172  0.00882724  0.00000000  0.00207900  0.00196850  0.09842520  0.00000000  0.00196850  0.00000000  0.03819444  0.00000000  0.00000000 
  0.00137457  0.00756014  0.00000000  0.00373134  0.00000000  0.10236220  0.00000000  0.00000000  0.00000000  0.03482587  0.00000000  0.00000000 
  0.00075131  0.00713749  0.00496278  0.00248139  0.00000000  0.09187279  0.00176678  0.00176678  0.00000000  0.06910569  0.00000000  0.00000000 
  0.00220588  0.00882353  0.00318471  0.00955414  0.00333890  0.10851419  0.00000000  0.00000000  0.00000000  0.04712042  0.00000000  0.00000000 
  0.00156678  0.00705053  0.00000000  0.00000000  0.00204082  0.06326531  0.00000000  0.00000000  0.00411523  0.06172840  0.00000000  0.00000000 
  0.00123001  0.00830258  0.00257069  0.00000000  0.00000000  0.09160305  0.00000000  0.00000000  0.00448430  0.03139013  0.00000000  0.00000000 
  0.00184162  0.00589319  0.01181102  0.00787402  0.00000000  0.09233792  0.00000000  0.00196464  0.00000000  0.08875740  0.00000000  0.00000000 
  0.00119012  0.00952098  0.00451467  0.00000000  0.00171821  0.08419244  0.00343643  0.00000000  0.00000000  0.03728814  0.00000000  0.00000000 
  0.00187406  0.00749625  0.01052632  0.00701754  0.00000000  0.11383929  0.00000000  0.00000000  0.00000000  0.03205128  0.00000000  0.00000000 
  0.00067820  0.00644286  0.00819672  0.00000000  0.00401606  0.06827309  0.00401606  0.00401606  0.00000000  0.04961832  0.00000000  0.00000000 
  0.00132217  0.00837373  0.00000000  0.00000000  0.00272480  0.09536785  0.00272480  0.00544959  0.00000000  0.04477612  0.00000000  0.00000000 
  0.00114416  0.00915332  0.00317460  0.00317460  0.00210970  0.07805907  0.00000000  0.00210970  0.00000000  0.02955665  0.00000000  0.00000000 
  0.00115607  0.00963391  0.01423488  0.00000000  0.00254453  0.09160305  0.00000000  0.00000000  0.00000000  0.01104972  0.00000000  0.00000000 
  0.00178253  0.00499109  0.00218818  0.00218818  0.00187617  0.08067542  0.00187617  0.00375235  0.00000000  0.04561404  0.00000000  0.00000000 
  0.00183352  0.00880088  0.00000000  0.00000000  0.00430108  0.09892473  0.00000000  0.00215054  0.00000000  0.04591837  0.00000000  0.00000000 
  0.00188679  0.00830189  0.01086957  0.00815217  0.00219298  0.08333333  0.00000000  0.00000000  0.00000000  0.04924242  0.00000000  0.00000000 
  0.00192012  0.00576037  0.00464037  0.00464037  0.00000000  0.08277405  0.00447427  0.00000000  0.00000000  0.01818182  0.00000000  0.00000000 
  0.00221239  0.00663717  0.00242131  0.00484262  0.00000000  0.04255319  0.00236407  0.00000000  0.00000000  0.06410256  0.00000000  0.00000000 
