  0.00039857  0.00478278  0.01327434  0.01327434  0.00000000  0.32571429  0.00000000  0.00142857  0.00000000  0.22689076  0.00000000  0.00840336 
  0.00107219  0.00321658  0.00000000  0.01119403  0.00296736  0.35163205  0.00000000  0.00148368  0.00000000  0.18939394  0.00000000  0.00378788 
  0.00158730  0.00476190  0.00000000  0.00218818  0.00000000  0.33040422  0.00000000  0.00000000  0.00000000  0.15073529  0.00000000  0.00367647 
  0.00073638  0.00589102  0.00372439  0.01117318  0.00000000  0.33018868  0.00000000  0.00000000  0.00000000  0.18666667  0.00000000  0.00666667 
  0.00113336  0.00415565  0.01301115  0.01301115  0.00149925  0.29235382  0.00149925  0.00149925  0.00298507  0.18805970  0.00000000  0.00895522 
  0.00037175  0.00408922  0.00368324  0.00920810  0.00340716  0.32538330  0.00000000  0.00000000  0.00000000  0.16491228  0.00000000  0.00350877 
  0.00000000  0.00325851  0.00000000  0.01757469  0.00000000  0.32972973  0.00000000  0.00180180  0.00000000  0.15807560  0.00000000  0.00000000 
  0.00038197  0.00305577  0.00785855  0.02554028  0.00179856  0.33273381  0.00000000  0.00179856  0.00000000  0.18996416  0.00000000  0.00000000 
  0.00073394  0.00366972  0.00537634  0.01612903  0.00349040  0.36823735  0.00000000  0.00000000  0.00000000  0.17333333  0.00000000  0.00000000 
  0.00074047  0.00555350  0.00505902  0.01686341  0.00519931  0.26863085  0.00000000  0.00346620  0.00000000  0.16987179  0.00000000  0.00000000 
  0.00038895  0.00466744  0.00798403  0.00798403  0.00187266  0.32958801  0.00000000  0.00000000  0.00336700  0.19865320  0.00000000  0.00000000 
  0.00040258  0.00483092  0.00760456  0.00570342  0.00000000  0.30943396  0.00000000  0.00566038  0.00000000  0.16250000  0.00000000  0.00000000 
  0.00069324  0.00242634  0.00475436  0.01426307  0.00000000  0.30733229  0.00000000  0.00156006  0.00000000  0.19841270  0.00000000  0.00793651 
  0.00036337  0.00363372  0.00899281  0.01079137  0.00163399  0.29411765  0.00000000  0.00000000  0.00000000  0.15335463  0.00000000  0.00000000 
  0.00034305  0.00480274  0.00738552  0.00590842  0.00000000  0.23006135  0.00000000  0.00153374  0.00000000  0.15721649  0.00000000  0.00000000 
  0.00000000  0.00339328  0.00186567  0.02052239  0.00149925  0.28935532  0.00000000  0.00000000  0.00000000  0.16917293  0.00000000  0.00375940 
  0.00036377  0.00145507  0.00515464  0.01546392  0.00000000  0.29984779  0.00000000  0.00000000  0.00000000  0.17785235  0.00000000  0.00335570 
  0.00039124  0.00391236  0.01063830  0.01489362  0.00332779  0.29617304  0.00000000  0.00000000  0.00000000  0.17490494  0.00000000  0.00380228 
  0.00000000  0.00458365  0.00000000  0.01046025  0.00618238  0.28129830  0.00000000  0.00000000  0.00000000  0.15079365  0.00000000  0.00000000 
  0.00034578  0.00622407  0.00995025  0.00829187  0.00155763  0.27414330  0.00155763  0.00000000  0.00000000  0.17737003  0.00000000  0.00917431 
  0.00081566  0.00326264  0.00584795  0.01559454  0.00000000  0.31951641  0.00000000  0.00000000  0.00000000  0.15241636  0.00000000  0.00743494 
  0.00237812  0.00356718  0.00601202  0.01402806  0.00357143  0.36071429  0.00000000  0.00357143  0.00000000  0.18928571  0.00000000  0.01071429 
  0.00041220  0.00412201  0.00434783  0.01956522  0.00674536  0.33052277  0.00000000  0.00168634  0.00000000  0.16605166  0.00000000  0.00738007 
  0.00041374  0.00496483  0.00572519  0.01717557  0.00196850  0.34645669  0.00000000  0.00000000  0.00000000  0.16800000  0.00000000  0.00400000 
  0.00042088  0.00715488  0.00921659  0.02073733  0.00000000  0.31250000  0.00000000  0.00347222  0.00000000  0.16279070  0.00000000  0.00387597 
  0.00086994  0.00434972  0.00503778  0.00755668  0.00190476  0.34476190  0.00000000  0.00000000  0.00000000  0.17500000  0.00000000  0.00416667 
  0.00038971  0.00740452  0.00356506  0.01069519  0.00000000  0.31217839  0.00171527  0.00000000  0.00000000  0.26736111  0.00000000  0.00694444 
  0.00258732  0.00388098  0.00000000  0.02398082  0.00000000  0.30522088  0.00000000  0.00200803  0.00413223  0.20661157  0.00000000  0.00413223 
  0.00035829  0.00537442  0.00340716  0.01362862  0.00000000  0.29204893  0.00000000  0.00000000  0.00000000  0.17088608  0.00000000  0.00632911 
  0.00120773  0.00483092  0.00165017  0.00990099  0.00000000  0.29532710  0.00000000  0.00000000  0.00000000  0.12320917  0.00000000  0.00000000 
  0.00000000  0.00599925  0.00724638  0.00966184  0.00331675  0.33996683  0.00000000  0.00000000  0.00000000  0.17699115  0.00000000  0.00000000 
  0.00177148  0.00398583  0.00255102  0.01275510  0.00000000  0.31189084  0.00000000  0.00194932  0.00000000  0.23206751  0.00000000  0.00843882 
  0.00083264  0.00499584  0.00457666  0.01830664  0.00357143  0.31607143  0.00000000  0.00000000  0.00418410  0.15899582  0.00000000  0.00418410 
  0.00194024  0.00426853  0.01050788  0.01050788  0.00181159  0.26449275  0.00000000  0.00000000  0.00328947  0.17763158  0.00000000  0.00328947 
  0.00085727  0.00385769  0.00277008  0.01662050  0.00545455  0.31818182  0.00000000  0.00363636  0.00450450  0.14864865  0.00000000  0.01351351 
  0.00087413  0.00131119  0.00674157  0.01348315  0.00000000  0.31870229  0.00190840  0.00190840  0.00000000  0.14410480  0.00000000  0.00436681 
  0.00174064  0.00391645  0.00943396  0.02122642  0.00362319  0.26992754  0.00362319  0.00000000  0.00000000  0.15740741  0.00000000  0.00462963 
  0.00093371  0.00233427  0.00781250  0.00781250  0.00384615  0.31730769  0.00000000  0.00192308  0.00000000  0.12669683  0.00000000  0.00000000 
  0.00042034  0.00588483  0.00726392  0.01694915  0.00000000  0.29065041  0.00203252  0.00406504  0.00384615  0.15000000  0.00000000  0.00384615 
  0.00094206  0.00706547  0.00274725  0.00549451  0.00000000  0.29273504  0.00000000  0.00213675  0.00000000  0.20338983  0.00000000  0.00423729 
  0.00198118  0.00495295  0.00249377  0.02493766  0.00394477  0.27613412  0.00000000  0.00000000  0.00000000  0.13829787  0.00000000  0.00000000 
  0.00099900  0.00249750  0.00549451  0.02197802  0.00385356  0.29287091  0.00000000  0.00000000  0.00000000  0.15238095  0.00000000  0.00476190 
  0.00000000  0.00404313  0.00653595  0.01960784  0.00000000  0.34157651  0.00000000  0.00154560  0.00000000  0.17322835  0.00000000  0.00787402 
  0.00131926  0.00527704  0.01084599  0.00867679  0.00000000  0.30450450  0.00000000  0.00000000  0.00000000  0.16599190  0.00000000  0.00404858 
  0.00090909  0.00500000  0.01014199  0.00202840  0.00000000  0.28460039  0.00000000  0.00000000  0.00000000  0.11784512  0.00000000  0.00673401 
  0.00085288  0.00255864  0.00236407  0.01654846  0.00000000  0.32148627  0.00000000  0.00484653  0.00806452  0.19354839  0.00000000  0.00000000 
  0.00244499  0.00342298  0.01036269  0.01036269  0.00425532  0.31063830  0.00212766  0.00000000  0.00000000  0.11453744  0.00000000  0.00440529 
  0.00132450  0.00441501  0.00245700  0.00491400  0.00000000  0.29193900  0.00000000  0.00435730  0.00813008  0.15447154  0.00000000  0.00406504 
  0.00044663  0.00446628  0.00475059  0.01187648  0.00000000  0.23728814  0.00188324  0.00000000  0.00000000  0.15873016  0.00000000  0.00396825 
  0.00044346  0.00354767  0.00512821  0.00000000  0.00392157  0.28823529  0.00000000  0.00000000  0.00000000  0.20289855  0.00000000  0.00483092 
  0.00102564  0.00358974  0.01404494  0.01404494  0.00431965  0.31317495  0.00000000  0.00431965  0.00512821  0.18974359  0.00000000  0.00512821 
  0.00045641  0.00365130  0.00943396  0.01650943  0.00583658  0.31322957  0.00000000  0.00000000  0.00909091  0.15000000  0.00000000  0.00000000 
  0.00130719  0.00392157  0.00737101  0.01228501  0.00378072  0.26086957  0.00189036  0.00000000  0.00000000  0.17129630  0.00000000  0.00462963 
  0.00051600  0.00567595  0.00769231  0.01538462  0.00225225  0.33333333  0.00000000  0.00000000  0.00432900  0.13419913  0.00000000  0.00000000 
  0.00105988  0.00688924  0.00526316  0.02105263  0.00234742  0.35915493  0.00000000  0.00234742  0.00000000  0.13592233  0.00000000  0.00485437 
  0.00041356  0.00537634  0.00596421  0.01590457  0.00000000  0.33333333  0.00000000  0.00175439  0.00000000  0.18951613  0.00000000  0.00000000 
  0.00147856  0.00443568  0.00247525  0.00495050  0.00439560  0.31868132  0.00219780  0.00000000  0.00000000  0.13793103  0.00000000  0.00431034 
  0.00046232  0.00878410  0.00700935  0.00700935  0.00191205  0.25047801  0.00191205  0.00191205  0.00000000  0.15116279  0.00000000  0.00775194 
  0.00169062  0.00422654  0.00869565  0.01521739  0.00181488  0.31941924  0.00181488  0.00000000  0.00000000  0.13671875  0.00000000  0.00000000 
  0.00131984  0.00175979  0.00000000  0.00581395  0.00000000  0.28367347  0.00000000  0.00204082  0.00288184  0.14409222  0.00000000  0.00288184 
  0.00123001  0.00082001  0.00828157  0.01035197  0.00000000  0.28039216  0.00000000  0.00588235  0.00000000  0.13732394  0.00000000  0.00000000 
  0.00090293  0.00180587  0.00617284  0.00205761  0.00000000  0.32600000  0.00000000  0.00000000  0.00000000  0.14179104  0.00000000  0.00373134 
  0.00036483  0.00255381  0.00185529  0.01298701  0.00155763  0.28348910  0.00000000  0.00000000  0.00000000  0.15772871  0.00000000  0.00315457 
  0.00149925  0.00399800  0.00238663  0.00954654  0.00000000  0.27352298  0.00000000  0.00000000  0.00411523  0.13168724  0.00000000  0.00000000 
  0.00000000  0.00228415  0.00198413  0.01785714  0.00170940  0.30427350  0.00000000  0.00000000  0.00353357  0.13074205  0.00000000  0.00000000 
  0.00084175  0.00505051  0.00198020  0.00792079  0.00000000  0.32046980  0.00000000  0.00167785  0.00000000  0.12893983  0.00000000  0.00286533 
  0.00046664  0.00373308  0.00898876  0.01573034  0.00188324  0.28436911  0.00188324  0.00188324  0.00000000  0.15770609  0.00000000  0.00358423 
  0.00140449  0.00187266  0.00378788  0.00946970  0.00000000  0.24813433  0.00000000  0.00186567  0.00000000  0.13754647  0.00000000  0.00743494 
  0.00000000  0.00166667  0.00591716  0.00887574  0.00000000  0.28719008  0.00000000  0.00000000  0.00000000  0.12121212  0.00000000  0.00000000 
  0.00051073  0.00153218  0.00797872  0.01063830  0.00436681  0.31222707  0.00218341  0.00218341  0.00000000  0.09691630  0.00000000  0.00440529 
  0.00058548  0.00234192  0.01474926  0.01179941  0.00219298  0.27631579  0.00000000  0.00219298  0.00000000  0.18224299  0.00000000  0.00467290 
  0.00058445  0.00175336  0.00281690  0.00281690  0.00251256  0.27386935  0.00000000  0.00502513  0.00000000  0.10169492  0.00000000  0.00000000 
  0.00100705  0.00503525  0.00505051  0.00505051  0.00000000  0.24228029  0.00000000  0.00237530  0.00000000  0.11504425  0.00000000  0.00000000 
  0.00000000  0.00306905  0.00253807  0.00761421  0.00197239  0.28994083  0.00000000  0.00000000  0.00000000  0.08812261  0.00000000  0.00383142 
  0.00098232  0.00294695  0.00377358  0.00188679  0.00000000  0.24025974  0.00000000  0.00000000  0.00000000  0.12078652  0.00000000  0.00000000 
  0.00209096  0.00209096  0.00824176  0.01648352  0.00210970  0.29535865  0.00000000  0.00000000  0.00000000  0.09712230  0.00000000  0.01079137 
  0.00160643  0.00040161  0.00327869  0.01639344  0.00000000  0.29422067  0.00000000  0.00000000  0.00000000  0.11926606  0.00000000  0.00000000 
  0.00186306  0.00419190  0.00177620  0.00710480  0.00469484  0.22065728  0.00000000  0.00234742  0.00000000  0.15588235  0.00000000  0.00000000 
  0.00091785  0.00229463  0.01847575  0.00692841  0.00645161  0.30107527  0.00000000  0.00215054  0.00000000  0.13196481  0.00000000  0.00293255 
  0.00217746  0.00272183  0.00256410  0.00512821  0.00250000  0.26000000  0.00000000  0.00000000  0.00000000  0.13761468  0.00000000  0.00458716 
  0.00094607  0.00473037  0.00851064  0.01276596  0.00502513  0.31658291  0.00000000  0.00000000  0.00000000  0.13395639  0.00000000  0.00311526 
  0.00000000  0.00348837  0.00371058  0.00927644  0.00521739  0.24521739  0.00173913  0.00173913  0.00000000  0.13872832  0.00289017  0.00289017 
  0.00000000  0.00580271  0.00611621  0.02752294  0.00000000  0.26647564  0.00000000  0.00286533  0.00000000  0.12916667  0.00000000  0.00000000 
  0.00049140  0.00442260  0.00987654  0.00493827  0.00591716  0.32741617  0.00197239  0.00000000  0.00000000  0.12145749  0.00000000  0.00000000 
  0.00000000  0.00196367  0.01424501  0.00284900  0.00546448  0.35519126  0.00000000  0.00182149  0.00000000  0.13944223  0.00000000  0.00000000 
  0.00051177  0.00614125  0.00246914  0.01234568  0.00000000  0.29943503  0.00000000  0.00188324  0.00000000  0.10546875  0.00000000  0.00390625 
  0.00045788  0.00457875  0.00663717  0.00442478  0.00524476  0.28321678  0.00000000  0.00174825  0.00358423  0.16845878  0.00000000  0.00000000 
  0.00169972  0.00849858  0.00555556  0.00833333  0.00000000  0.25348837  0.00000000  0.00000000  0.00000000  0.09623431  0.00000000  0.00000000 
  0.00000000  0.00281849  0.00294118  0.00000000  0.00235294  0.26117647  0.00235294  0.00000000  0.00000000  0.10280374  0.00000000  0.00000000 
  0.00137868  0.00413603  0.00396040  0.00990099  0.00000000  0.24729242  0.00000000  0.00180505  0.00309598  0.10835913  0.00000000  0.00000000 
  0.00114943  0.00287356  0.00560224  0.01120448  0.00751880  0.25313283  0.00000000  0.00000000  0.00000000  0.11158798  0.00000000  0.00000000 
  0.00143541  0.00622010  0.00869565  0.00869565  0.00000000  0.21818182  0.00000000  0.00000000  0.00341297  0.09897611  0.00000000  0.00341297 
  0.00000000  0.00576241  0.00220751  0.00662252  0.00000000  0.33020638  0.00000000  0.00187617  0.00000000  0.15000000  0.00000000  0.00000000 
  0.00120822  0.00443012  0.00736648  0.00920810  0.00000000  0.29933110  0.00000000  0.00000000  0.00000000  0.16265060  0.00000000  0.00000000 
  0.00110619  0.00165929  0.00246305  0.00738916  0.00228833  0.25858124  0.00228833  0.00457666  0.00000000  0.07335907  0.00000000  0.00000000 
  0.00368227  0.00263019  0.00817996  0.00408998  0.00412371  0.28041237  0.00000000  0.00000000  0.00000000  0.12903226  0.00000000  0.00000000 
  0.00301508  0.00351759  0.00612245  0.01224490  0.00204499  0.28220859  0.00000000  0.00000000  0.00312500  0.12812500  0.00000000  0.00312500 
  0.00048852  0.00341964  0.00421941  0.02109705  0.00369686  0.29205176  0.00000000  0.00000000  0.00000000  0.16078431  0.00000000  0.00000000 
  0.00055157  0.00661886  0.00502513  0.00502513  0.00225225  0.25675676  0.00000000  0.00000000  0.00000000  0.13147410  0.00000000  0.00000000 
  0.00287632  0.00479386  0.00705882  0.01176471  0.00177936  0.33451957  0.00000000  0.00000000  0.00359712  0.15467626  0.00000000  0.00000000 
  0.00046041  0.00414365  0.00657895  0.01973684  0.00380228  0.30418251  0.00000000  0.00000000  0.00386100  0.09652510  0.00000000  0.00386100 
  0.00195886  0.00097943  0.00000000  0.01201923  0.00000000  0.22580645  0.00000000  0.00000000  0.00000000  0.11489362  0.00000000  0.00000000 
  0.00085106  0.00255319  0.00584795  0.01364522  0.00173010  0.32871972  0.00000000  0.00346021  0.00343643  0.17525773  0.00000000  0.00000000 
  0.00181406  0.00408163  0.00437637  0.01312910  0.00000000  0.29090909  0.00000000  0.00165289  0.00000000  0.18750000  0.00000000  0.00347222 
  0.00172488  0.00129366  0.00334448  0.01003344  0.00000000  0.25042882  0.00000000  0.00000000  0.00000000  0.14168937  0.00000000  0.00000000 
  0.00035386  0.00318471  0.00946372  0.01577287  0.00000000  0.26293103  0.00000000  0.00000000  0.00000000  0.14153846  0.00000000  0.00307692 
  0.00272331  0.00762527  0.00269542  0.00808625  0.00000000  0.23623853  0.00000000  0.00229358  0.00000000  0.10859729  0.00000000  0.00904977 
  0.00086356  0.00215889  0.01713062  0.01498929  0.00000000  0.30129390  0.00000000  0.00000000  0.00000000  0.13559322  0.00000000  0.00338983 
  0.00000000  0.00456158  0.00702576  0.01405152  0.00443459  0.23059867  0.00000000  0.00221729  0.00732601  0.10989011  0.00000000  0.00000000 
  0.00113507  0.00454030  0.00341297  0.01706485  0.00141243  0.30367232  0.00000000  0.00000000  0.00000000  0.17241379  0.00000000  0.00287356 
  0.00251046  0.00209205  0.00896057  0.00179211  0.00514580  0.23327616  0.00000000  0.00000000  0.00000000  0.11009174  0.00000000  0.00000000 
  0.00044111  0.00529334  0.00372439  0.01489758  0.00190840  0.26335878  0.00000000  0.00000000  0.00000000  0.10097720  0.00000000  0.00000000 
  0.00145560  0.00242601  0.01084599  0.00867679  0.00000000  0.27738516  0.00176678  0.00000000  0.00348432  0.09407666  0.00000000  0.00348432 
  0.00044092  0.00352734  0.00429185  0.01502146  0.00202840  0.31440162  0.00000000  0.00000000  0.00000000  0.14827586  0.00000000  0.00344828 
  0.00092293  0.00230734  0.00826446  0.00413223  0.00373832  0.27850467  0.00000000  0.00000000  0.00000000  0.16423358  0.00000000  0.00000000 
  0.00040290  0.00322321  0.00841751  0.01010101  0.00476948  0.25914149  0.00000000  0.00000000  0.00000000  0.14248705  0.00000000  0.00259067 
  0.00044366  0.00133097  0.00760456  0.00760456  0.00000000  0.24909747  0.00000000  0.00000000  0.00311526  0.12772586  0.00000000  0.00311526 
  0.00049529  0.00396236  0.00628931  0.01467505  0.00424628  0.27176221  0.00000000  0.00212314  0.00000000  0.12631579  0.00000000  0.00000000 
  0.00094922  0.00142383  0.01200000  0.00800000  0.00538600  0.27827648  0.00000000  0.00359066  0.00000000  0.11196911  0.00000000  0.00000000 
  0.00256959  0.00299786  0.01098901  0.00784929  0.00187266  0.23408240  0.00000000  0.00000000  0.00000000  0.11167513  0.00000000  0.00507614 
  0.00000000  0.00445525  0.00550459  0.01651376  0.00171527  0.23327616  0.00000000  0.00343053  0.00000000  0.16118421  0.00000000  0.00328947 
  0.00146056  0.00389484  0.00527704  0.01055409  0.00208768  0.28810021  0.00000000  0.00000000  0.00000000  0.14814815  0.00000000  0.00000000 
  0.00047870  0.00478698  0.00696056  0.00232019  0.00190476  0.29333333  0.00000000  0.00190476  0.00000000  0.16370107  0.00000000  0.00355872 
  0.00177778  0.00311111  0.00635593  0.00635593  0.00344234  0.32702238  0.00000000  0.00000000  0.00000000  0.13804714  0.00000000  0.00336700 
  0.00142383  0.00379687  0.01165501  0.01398601  0.00369004  0.29704797  0.00553506  0.00000000  0.00000000  0.15018315  0.00000000  0.00000000 
  0.00157295  0.00511207  0.00652529  0.00978793  0.00320000  0.29920000  0.00000000  0.00000000  0.00000000  0.11051213  0.00000000  0.00000000 
  0.00132392  0.00529568  0.00000000  0.02040816  0.00162602  0.33983740  0.00000000  0.00162602  0.00000000  0.15771812  0.00000000  0.00671141 
  0.00047893  0.00431034  0.00236967  0.00947867  0.00543478  0.32246377  0.00000000  0.00362319  0.00000000  0.13028169  0.00000000  0.00352113 
  0.00047664  0.00381316  0.00645161  0.00860215  0.00610998  0.31364562  0.00000000  0.00203666  0.00393701  0.13385827  0.00000000  0.00000000 
  0.00122599  0.00531263  0.00814332  0.01140065  0.00174216  0.28571429  0.00000000  0.00174216  0.00000000  0.17232376  0.00000000  0.00522193 
  0.00238777  0.00811843  0.01154734  0.00692841  0.00000000  0.31106472  0.00208768  0.00208768  0.00377358  0.11320755  0.00000000  0.01132075 
  0.00153296  0.00459888  0.00436681  0.01310044  0.00376648  0.26553672  0.00000000  0.00188324  0.00000000  0.09811321  0.00000000  0.00377358 
  0.00000000  0.00203459  0.00793651  0.01322751  0.00199203  0.28486056  0.00000000  0.00000000  0.00000000  0.11522634  0.00000000  0.00000000 
  0.00140187  0.00280374  0.00556586  0.01113173  0.00178253  0.29768271  0.00000000  0.00000000  0.00328947  0.16447368  0.00000000  0.00000000 
  0.00104167  0.00277778  0.00277008  0.01662050  0.00151515  0.26060606  0.00303030  0.00000000  0.00000000  0.18119266  0.00000000  0.00229358 
  0.00137678  0.00183570  0.00484262  0.02179177  0.00192308  0.29230769  0.00000000  0.00000000  0.00000000  0.15322581  0.00000000  0.00403226 
  0.00097182  0.00194363  0.00000000  0.00963855  0.00355240  0.32149201  0.00000000  0.00355240  0.00000000  0.13011152  0.00000000  0.00000000 
  0.00086356  0.00259067  0.00796813  0.00398406  0.00000000  0.28000000  0.00000000  0.00000000  0.00000000  0.13057325  0.00000000  0.00000000 
  0.00096899  0.00629845  0.00215054  0.00860215  0.00196078  0.29607843  0.00196078  0.00196078  0.00000000  0.13442623  0.00000000  0.00327869 
  0.00175747  0.00702988  0.00938086  0.01125704  0.00388350  0.21165049  0.00000000  0.00000000  0.00000000  0.08787879  0.00000000  0.00000000 
  0.00054289  0.00488599  0.00442478  0.00442478  0.00000000  0.23222749  0.00000000  0.00000000  0.00354610  0.10283688  0.00000000  0.00000000 
  0.00045767  0.00411899  0.00567108  0.01323251  0.00594059  0.28910891  0.00000000  0.00000000  0.00000000  0.18789809  0.00000000  0.00000000 
  0.00000000  0.00373134  0.01237624  0.01485149  0.00236967  0.26777251  0.00000000  0.00000000  0.00390625  0.14062500  0.00000000  0.00000000 
  0.00185185  0.00138889  0.00413223  0.00619835  0.00000000  0.32206406  0.00177936  0.00177936  0.00000000  0.15286624  0.00000000  0.00000000 
  0.00046382  0.00417440  0.00823723  0.00823723  0.00182149  0.22404372  0.00000000  0.00000000  0.00000000  0.13881748  0.00000000  0.00000000 
  0.00145560  0.00291121  0.00858369  0.00858369  0.00204918  0.29303279  0.00000000  0.00204918  0.00000000  0.12286689  0.00000000  0.00000000 
  0.00000000  0.00827653  0.01068376  0.00213675  0.00000000  0.25098039  0.00196078  0.00196078  0.00000000  0.12264151  0.00000000  0.00000000 
  0.00000000  0.00475059  0.00561798  0.00936330  0.00175747  0.33391916  0.00000000  0.00000000  0.00000000  0.14024390  0.00000000  0.00304878 
  0.00192957  0.00289436  0.00000000  0.01209677  0.00000000  0.26879699  0.00000000  0.00000000  0.00000000  0.10863510  0.00000000  0.00000000 
  0.00185943  0.00297508  0.00872093  0.01017442  0.00000000  0.24319728  0.00000000  0.00000000  0.00000000  0.09154930  0.00000000  0.00234742 
  0.00183739  0.00413413  0.00790514  0.00395257  0.00000000  0.26666667  0.00000000  0.00000000  0.00000000  0.12285714  0.00000000  0.00571429 
  0.00089047  0.00445236  0.00557621  0.00743494  0.00178571  0.29107143  0.00000000  0.00000000  0.00000000  0.10397554  0.00000000  0.00000000 
  0.00044504  0.00267023  0.00561798  0.00749064  0.00336700  0.27272727  0.00000000  0.00168350  0.00000000  0.15789474  0.00000000  0.00292398 
  0.00000000  0.00659794  0.00000000  0.00793651  0.00161812  0.27508091  0.00161812  0.00161812  0.00000000  0.16711590  0.00000000  0.00000000 
  0.00078094  0.00234283  0.00447761  0.00447761  0.00000000  0.27049180  0.00000000  0.00000000  0.00000000  0.14851485  0.00000000  0.00000000 
  0.00043802  0.00131406  0.00470958  0.00784929  0.00177305  0.28723404  0.00000000  0.00000000  0.00000000  0.15243902  0.00000000  0.00304878 
  0.00094473  0.00377893  0.00193050  0.00386100  0.00549451  0.24358974  0.00000000  0.00183150  0.00000000  0.11929825  0.00000000  0.00000000 
  0.00000000  0.00498546  0.00341880  0.00854701  0.00462250  0.29583975  0.00000000  0.00000000  0.00298507  0.14029851  0.00000000  0.01194030 
  0.00040145  0.00281012  0.00632911  0.00316456  0.00154560  0.26738794  0.00000000  0.00154560  0.00259740  0.13246753  0.00000000  0.00000000 
  0.00130605  0.00261210  0.00000000  0.01405622  0.00000000  0.34113712  0.00000000  0.00334448  0.00000000  0.11309524  0.00000000  0.00000000 
  0.00046062  0.00322432  0.00380952  0.01142857  0.00186220  0.23649907  0.00000000  0.00000000  0.00000000  0.08383234  0.00000000  0.00000000 
  0.00139211  0.00371230  0.00378072  0.01890359  0.00000000  0.27964602  0.00000000  0.00176991  0.00000000  0.15548780  0.00000000  0.00304878 
  0.00101215  0.00506073  0.00000000  0.00686499  0.00000000  0.24719101  0.00000000  0.00000000  0.00000000  0.12068966  0.00000000  0.00344828 
  0.00156740  0.00548589  0.00462250  0.01078582  0.00418410  0.29149233  0.00000000  0.00139470  0.00000000  0.14417178  0.00000000  0.00306748 
  0.00196618  0.00235942  0.00735294  0.00147059  0.00168634  0.27655987  0.00000000  0.00168634  0.00000000  0.11926606  0.00000000  0.00229358 
  0.00042882  0.00214408  0.00184162  0.01289134  0.00000000  0.32392027  0.00166113  0.00000000  0.00000000  0.15384615  0.00000000  0.00320513 
  0.00049950  0.00349650  0.01369863  0.01761252  0.00176056  0.30281690  0.00000000  0.00176056  0.00373134  0.14552239  0.00000000  0.00373134 
  0.00000000  0.00547345  0.00684932  0.00684932  0.00235849  0.23820755  0.00000000  0.00235849  0.00000000  0.09090909  0.00000000  0.00000000 
  0.00088183  0.00396825  0.00415800  0.01247401  0.00526316  0.24736842  0.00000000  0.00000000  0.00321543  0.14147910  0.00000000  0.00000000 
  0.00150527  0.00451581  0.00206186  0.00824742  0.00174216  0.30836237  0.00000000  0.00000000  0.00000000  0.09790210  0.00000000  0.00000000 
  0.00224090  0.00392157  0.00239234  0.01196172  0.00000000  0.28215768  0.00000000  0.00207469  0.00000000  0.14000000  0.00000000  0.00400000 
  0.00237530  0.00356295  0.01028278  0.00514139  0.00659341  0.28351648  0.00000000  0.00000000  0.00000000  0.12653061  0.00000000  0.00000000 
  0.00204082  0.00255102  0.00470588  0.00470588  0.00000000  0.30086580  0.00000000  0.00216450  0.00000000  0.11555556  0.00000000  0.00000000 
  0.00135135  0.00360360  0.00606061  0.01616162  0.00498339  0.33056478  0.00166113  0.00166113  0.00000000  0.12459016  0.00000000  0.00327869 
  0.00196754  0.00098377  0.00190476  0.01333333  0.00000000  0.32110092  0.00000000  0.00366972  0.00300300  0.15015015  0.00000000  0.00300300 
  0.00191571  0.00095785  0.00000000  0.00973236  0.00359066  0.31238779  0.00179533  0.00000000  0.00000000  0.12267658  0.00000000  0.00000000 
  0.00048757  0.00341297  0.00806452  0.01008065  0.00000000  0.27992278  0.00000000  0.00000000  0.00000000  0.13437500  0.00312500  0.00625000 
  0.00097087  0.00291262  0.00591716  0.01380671  0.00766284  0.25095785  0.00000000  0.00191571  0.00000000  0.13968254  0.00000000  0.00317460 
  0.00046468  0.00464684  0.01138520  0.00000000  0.00551471  0.20588235  0.00183824  0.00000000  0.00000000  0.13988095  0.00000000  0.00000000 
  0.00139018  0.00278035  0.00526316  0.00701754  0.00000000  0.22465209  0.00000000  0.00000000  0.00294118  0.11470588  0.00000000  0.00000000 
  0.00183150  0.00091575  0.00795229  0.01192843  0.00378788  0.26515152  0.00000000  0.00000000  0.00389105  0.15953307  0.00000000  0.00000000 
  0.00089405  0.00402325  0.00653595  0.01307190  0.00180180  0.27927928  0.00000000  0.00180180  0.00000000  0.14925373  0.00000000  0.00000000 
  0.00205508  0.00369914  0.00671141  0.00335570  0.00656814  0.23973727  0.00000000  0.00164204  0.00000000  0.09939759  0.00000000  0.00000000 
  0.00157480  0.00314961  0.01118568  0.01342282  0.00229885  0.27126437  0.00000000  0.00000000  0.00000000  0.11522634  0.00000000  0.00000000 
  0.00194932  0.00292398  0.00798403  0.01197605  0.00189753  0.26755218  0.00189753  0.00189753  0.00000000  0.15151515  0.00000000  0.00378788 
  0.00053967  0.00107933  0.00446429  0.00892857  0.00221239  0.23230088  0.00221239  0.00000000  0.00000000  0.11267606  0.00000000  0.00469484 
  0.00042481  0.00339847  0.00345423  0.01381693  0.00482315  0.34244373  0.00160772  0.00321543  0.00000000  0.15273775  0.00000000  0.00000000 
  0.00046447  0.00510915  0.00814664  0.01221996  0.00174520  0.31064572  0.00000000  0.00000000  0.00000000  0.15133531  0.00000000  0.00000000 
  0.00051099  0.00408789  0.00650759  0.01084599  0.00729927  0.31204380  0.00000000  0.00000000  0.00000000  0.14465409  0.00000000  0.00000000 
  0.00047037  0.00235183  0.01397206  0.00998004  0.00000000  0.30056711  0.00000000  0.00000000  0.00000000  0.15644172  0.00000000  0.00613497 
  0.00093985  0.00516917  0.01307190  0.01089325  0.00178891  0.27549195  0.00000000  0.00536673  0.00000000  0.15175097  0.00000000  0.00000000 
  0.00201207  0.00352113  0.01287554  0.00429185  0.00523560  0.26527051  0.00000000  0.00000000  0.00000000  0.14726027  0.00000000  0.00342466 
  0.00047148  0.00141443  0.01234568  0.00205761  0.00194553  0.31906615  0.00000000  0.00194553  0.00000000  0.14748201  0.00000000  0.00359712 
  0.00215750  0.00107875  0.00879121  0.01318681  0.00206612  0.23966942  0.00000000  0.00000000  0.00371747  0.09665428  0.00000000  0.00743494 
  0.00122599  0.00204332  0.00829187  0.00497512  0.00173310  0.25476603  0.00173310  0.00000000  0.00000000  0.13440860  0.00000000  0.00000000 
  0.00048876  0.00488759  0.00888889  0.01111111  0.00193424  0.29400387  0.00000000  0.00193424  0.00346021  0.13840830  0.00000000  0.00000000 
  0.00044524  0.00400712  0.00385356  0.00770713  0.00179211  0.27956989  0.00000000  0.00179211  0.00000000  0.15772871  0.00000000  0.00315457 
  0.00218055  0.00436110  0.01590457  0.00795229  0.00192308  0.26153846  0.00192308  0.00192308  0.00000000  0.15561960  0.00000000  0.00000000 
  0.00256148  0.00153689  0.01026694  0.00821355  0.00412371  0.31134021  0.00000000  0.00206186  0.00000000  0.12698413  0.00000000  0.00000000 
  0.00190114  0.00665399  0.00568182  0.01704545  0.00000000  0.29363450  0.00205339  0.00205339  0.00000000  0.12903226  0.00000000  0.00268817 
  0.00057078  0.00285388  0.00498753  0.00498753  0.00000000  0.24565757  0.00000000  0.00000000  0.00350877  0.15087719  0.00000000  0.00000000 
  0.00119119  0.00476474  0.00481928  0.00481928  0.00251889  0.22418136  0.00000000  0.00000000  0.00000000  0.10967742  0.00322581  0.00000000 
  0.00000000  0.00380771  0.00395257  0.00592885  0.00410678  0.25256674  0.00000000  0.00410678  0.00000000  0.09375000  0.00000000  0.00625000 
  0.00100050  0.00300150  0.00417537  0.00000000  0.00000000  0.28031809  0.00000000  0.00000000  0.00000000  0.11072664  0.00000000  0.00000000 
  0.00141844  0.00661939  0.00217865  0.00871460  0.00364299  0.30418944  0.00000000  0.00000000  0.00000000  0.15853659  0.00000000  0.00000000 
  0.00103520  0.00051760  0.00896861  0.01121076  0.00614754  0.27459016  0.00000000  0.00000000  0.00000000  0.10652921  0.00000000  0.00343643 
