  0.00516917  0.02584586  0.01574803  0.02362205  0.00704225  0.07746479  0.00000000  0.02112676  0.00000000  0.00000000  0.00000000  0.00000000 
  0.00363343  0.01493742  0.02678571  0.01785714  0.00595238  0.10714286  0.00000000  0.00000000  0.00000000  0.00000000  0.00000000  0.00000000 
  0.00380623  0.01522491  0.00000000  0.08035714  0.00000000  0.06132075  0.00471698  0.00000000  0.00000000  0.02777778  0.00000000  0.02777778 
  0.00528455  0.01585366  0.02083333  0.01041667  0.00628931  0.10062893  0.00000000  0.00628931  0.00000000  0.03225806  0.00000000  0.03225806 
  0.00441696  0.02517668  0.02970297  0.02970297  0.00680272  0.06802721  0.00680272  0.00680272  0.00000000  0.05714286  0.00000000  0.00000000 
  0.00232450  0.02324500  0.01123596  0.03370787  0.01470588  0.08823529  0.01470588  0.00000000  0.00000000  0.09090909  0.00000000  0.00000000 
  0.00338696  0.01989839  0.02352941  0.01176471  0.00769231  0.06923077  0.00000000  0.00000000  0.00000000  0.00000000  0.04166667  0.04166667 
  0.00652341  0.02148887  0.04511278  0.05263158  0.01485149  0.05940594  0.00990099  0.01485149  0.00000000  0.04166667  0.00000000  0.00000000 
  0.00343119  0.01753717  0.00925926  0.08333333  0.01587302  0.09523810  0.01587302  0.01587302  0.00000000  0.05263158  0.00000000  0.05263158 
  0.00436508  0.02103175  0.00000000  0.02380952  0.03208556  0.06417112  0.01069519  0.00000000  0.05000000  0.00000000  0.00000000  0.00000000 
  0.00313603  0.01920815  0.04411765  0.07352941  0.02027027  0.06756757  0.01351351  0.00675676  0.00000000  0.14285714  0.00000000  0.00000000 
  0.00510806  0.02436149  0.05617978  0.07865169  0.01948052  0.09740260  0.00000000  0.01298701  0.00000000  0.09523810  0.00000000  0.00000000 
  0.00243506  0.01866883  0.01098901  0.04395604  0.00657895  0.07236842  0.00657895  0.00657895  0.00000000  0.00000000  0.00000000  0.00000000 
  0.00709812  0.01878914  0.01075269  0.03225806  0.01219512  0.12195122  0.00609756  0.00000000  0.00000000  0.09523810  0.00000000  0.00000000 
  0.00482315  0.02250804  0.00000000  0.01000000  0.01807229  0.04819277  0.00602410  0.00000000  0.00000000  0.07317073  0.00000000  0.02439024 
  0.00762332  0.01748879  0.02500000  0.01250000  0.00645161  0.03870968  0.01290323  0.00000000  0.00000000  0.00000000  0.00000000  0.00000000 
  0.00392670  0.01876091  0.03960396  0.00990099  0.02515723  0.06289308  0.01257862  0.00628931  0.02857143  0.00000000  0.00000000  0.02857143 
  0.00361664  0.02441230  0.00000000  0.01694915  0.03906250  0.05468750  0.00000000  0.00781250  0.00000000  0.00000000  0.00000000  0.00000000 
  0.00452694  0.02399276  0.01000000  0.04000000  0.01449275  0.05797101  0.00724638  0.00000000  0.00000000  0.05000000  0.00000000  0.00000000 
  0.00424528  0.02547170  0.00909091  0.01818182  0.03278689  0.04098361  0.01639344  0.00819672  0.00000000  0.02173913  0.00000000  0.00000000 
  0.00356030  0.01958166  0.00934579  0.00934579  0.00714286  0.05000000  0.00000000  0.02142857  0.00000000  0.00000000  0.00000000  0.00000000 
  0.00225836  0.02168022  0.00000000  0.02083333  0.01986755  0.09933775  0.00000000  0.00000000  0.00000000  0.00000000  0.00000000  0.00000000 
  0.00312640  0.02545779  0.02459016  0.04098361  0.03623188  0.09420290  0.00724638  0.01449275  0.00000000  0.06451613  0.00000000  0.03225806 
  0.00534998  0.01649576  0.02352941  0.02352941  0.01333333  0.09333333  0.00666667  0.01333333  0.00000000  0.00000000  0.00000000  0.00000000 
  0.00271616  0.02172929  0.03409091  0.00000000  0.03076923  0.06923077  0.00000000  0.00769231  0.00000000  0.00000000  0.00000000  0.00000000 
  0.00403587  0.02197309  0.02500000  0.01666667  0.01307190  0.06535948  0.00000000  0.00653595  0.00000000  0.03225806  0.00000000  0.00000000 
  0.00313152  0.02713987  0.03571429  0.00000000  0.00000000  0.10218978  0.00729927  0.00000000  0.00000000  0.06666667  0.00000000  0.00000000 
  0.00524934  0.01364829  0.02197802  0.03296703  0.00787402  0.05511811  0.00000000  0.00000000  0.00000000  0.03333333  0.00000000  0.00000000 
  0.00469885  0.02178556  0.00000000  0.08823529  0.01898734  0.06329114  0.00000000  0.01898734  0.00000000  0.03448276  0.00000000  0.00000000 
  0.00563502  0.01993932  0.05063291  0.01265823  0.00763359  0.07633588  0.00000000  0.00763359  0.03448276  0.06896552  0.00000000  0.00000000 
  0.00309000  0.01738123  0.01754386  0.03508772  0.01183432  0.10650888  0.00000000  0.00591716  0.00000000  0.02857143  0.00000000  0.00000000 
  0.00279776  0.02038369  0.01503759  0.03759398  0.00000000  0.07692308  0.00591716  0.00000000  0.00000000  0.00000000  0.00000000  0.00000000 
  0.00411831  0.02283789  0.04687500  0.09375000  0.01086957  0.10326087  0.00543478  0.01630435  0.00000000  0.04347826  0.00000000  0.00000000 
  0.00375235  0.02157598  0.02941176  0.02941176  0.00943396  0.08490566  0.00000000  0.00000000  0.00000000  0.00000000  0.00000000  0.00000000 
  0.00584795  0.02255639  0.04166667  0.02083333  0.02439024  0.11382114  0.00000000  0.01626016  0.00000000  0.05263158  0.00000000  0.05263158 
  0.00179211  0.02240143  0.03571429  0.01785714  0.03252033  0.14634146  0.00813008  0.00813008  0.00000000  0.04761905  0.00000000  0.00000000 
  0.00376648  0.02448211  0.00000000  0.09090909  0.00943396  0.05660377  0.00000000  0.01886792  0.00000000  0.00000000  0.00000000  0.14285714 
  0.00627943  0.02354788  0.03030303  0.03030303  0.02234637  0.08938547  0.01117318  0.01117318  0.00000000  0.06666667  0.00000000  0.00000000 
  0.00608596  0.02206162  0.00000000  0.06896552  0.00531915  0.05851064  0.00531915  0.00531915  0.00000000  0.02702703  0.02702703  0.00000000 
  0.00616197  0.01848592  0.02898551  0.04347826  0.02189781  0.10218978  0.00000000  0.01459854  0.00000000  0.05263158  0.00000000  0.05263158 
  0.00402325  0.02101028  0.01960784  0.03921569  0.00000000  0.12037037  0.00000000  0.00925926  0.00000000  0.13333333  0.00000000  0.00000000 
  0.00766284  0.02639421  0.04545455  0.09090909  0.02173913  0.09420290  0.03623188  0.00000000  0.07142857  0.07142857  0.00000000  0.00000000 
  0.00594648  0.02428147  0.01098901  0.03296703  0.03200000  0.06400000  0.02400000  0.00800000  0.00000000  0.00000000  0.00000000  0.00000000 
  0.00493692  0.02413604  0.01960784  0.05882353  0.04000000  0.10000000  0.01000000  0.00000000  0.00000000  0.09523810  0.00000000  0.00000000 
  0.00657586  0.02771254  0.01666667  0.05000000  0.01666667  0.11666667  0.02500000  0.01666667  0.00000000  0.00000000  0.00000000  0.00000000 
