  0.00000000  0.06250000  0.00000000  0.00000000  0.00000000  0.25000000  0.00000000  0.00000000  0.00000000  0.00000000  0.00000000  0.00000000 
  0.00000000  0.01052632  0.00000000  0.02564103  0.00000000  0.15384615  0.00000000  0.00000000  0.00000000  0.20000000  0.00000000  0.00000000 
  0.00000000  0.01145038  0.00000000  0.02040816  0.00000000  0.18918919  0.00000000  0.00000000  0.00000000  0.10000000  0.00000000  0.00000000 
  0.00000000  0.00398406  0.00000000  0.00000000  0.00000000  0.22500000  0.00000000  0.00000000  0.00000000  0.20000000  0.00000000  0.00000000 
  0.00000000  0.00000000  0.00000000  0.00000000  0.00000000  0.18604651  0.00000000  0.00000000  0.00000000  0.10526316  0.00000000  0.00000000 
  0.00000000  0.00000000  0.00000000  0.01923077  0.00000000  0.09523810  0.00000000  0.00000000  0.00000000  0.16000000  0.00000000  0.00000000 
  0.00000000  0.00909091  0.00000000  0.00000000  0.00000000  0.25000000  0.00000000  0.00000000  0.00000000  0.09677419  0.03225806  0.00000000 
  0.00000000  0.01041667  0.00000000  0.03703704  0.00000000  0.19230769  0.00000000  0.00000000  0.00000000  0.28571429  0.00000000  0.00000000 
  0.00000000  0.00000000  0.00000000  0.00000000  0.00000000  0.14285714  0.00000000  0.00000000  0.00000000  0.00000000  0.00000000  0.00000000 
  0.00000000  0.00966184  0.00000000  0.00000000  0.03333333  0.26666667  0.00000000  0.00000000  0.00000000  0.00000000  0.00000000  0.00000000 
  0.00000000  0.00000000  0.05405405  0.00000000  0.00000000  0.15000000  0.00000000  0.00000000  0.00000000  0.13636364  0.00000000  0.00000000 
  0.00000000  0.00000000  0.00000000  0.01388889  0.00000000  0.15555556  0.00000000  0.00000000  0.00000000  0.11764706  0.00000000  0.00000000 
  0.00000000  0.00961538  0.00000000  0.00000000  0.00000000  0.27272727  0.00000000  0.00000000  0.00000000  0.05714286  0.00000000  0.00000000 
  0.00000000  0.00432900  0.01694915  0.00000000  0.00000000  0.21739130  0.00000000  0.00000000  0.02564103  0.05128205  0.00000000  0.00000000 
  0.00000000  0.00000000  0.00000000  0.01785714  0.00000000  0.18181818  0.00000000  0.03030303  0.00000000  0.10000000  0.00000000  0.00000000 
  0.00000000  0.00722022  0.05405405  0.00000000  0.00000000  0.11904762  0.00000000  0.00000000  0.00000000  0.10000000  0.00000000  0.00000000 
  0.00000000  0.00485437  0.00000000  0.00000000  0.00000000  0.18518519  0.00000000  0.00000000  0.00000000  0.11111111  0.00000000  0.00000000 
  0.00000000  0.01239669  0.01818182  0.00000000  0.00000000  0.17142857  0.00000000  0.00000000  0.00000000  0.16129032  0.00000000  0.00000000 
  0.00000000  0.00000000  0.00000000  0.00000000  0.00000000  0.17948718  0.00000000  0.00000000  0.00000000  0.17647059  0.00000000  0.00000000 
  0.00000000  0.01398601  0.00000000  0.05263158  0.00000000  0.26666667  0.00000000  0.00000000  0.00000000  0.12500000  0.00000000  0.00000000 
  0.00000000  0.00000000  0.00000000  0.04545455  0.00000000  0.20000000  0.00000000  0.00000000  0.00000000  0.06666667  0.00000000  0.00000000 
  0.00000000  0.00000000  0.00000000  0.00000000  0.00000000  0.37037037  0.00000000  0.00000000  0.00000000  0.15384615  0.00000000  0.00000000 
  0.00000000  0.00000000  0.01250000  0.00000000  0.00000000  0.15789474  0.00000000  0.00000000  0.00000000  0.10909091  0.00000000  0.00000000 
  0.00000000  0.00000000  0.00000000  0.00000000  0.00000000  0.17142857  0.00000000  0.00000000  0.00000000  0.12500000  0.00000000  0.00000000 
  0.00000000  0.00000000  0.05000000  0.00000000  0.00000000  0.17391304  0.00000000  0.00000000  0.00000000  0.16666667  0.00000000  0.00000000 
  0.00000000  0.00000000  0.00000000  0.00000000  0.00000000  0.15384615  0.00000000  0.00000000  0.00000000  0.12195122  0.00000000  0.00000000 
  0.00000000  0.00540541  0.00000000  0.03571429  0.00000000  0.15151515  0.00000000  0.00000000  0.00000000  0.17857143  0.00000000  0.00000000 
  0.00000000  0.00531915  0.00000000  0.00000000  0.00000000  0.26666667  0.00000000  0.00000000  0.00000000  0.07142857  0.00000000  0.00000000 
  0.00000000  0.00833333  0.00000000  0.11111111  0.00000000  0.18181818  0.00000000  0.00000000  0.00000000  0.50000000  0.00000000  0.00000000 
  0.00000000  0.01234568  0.00000000  0.03448276  0.00000000  0.22727273  0.00000000  0.00000000  0.00000000  0.00000000  0.00000000  0.00000000 
  0.00000000  0.00699301  0.00000000  0.00000000  0.00000000  0.21428571  0.00000000  0.00000000  0.00000000  0.18181818  0.00000000  0.00000000 
  0.00000000  0.00724638  0.00000000  0.00000000  0.00000000  0.07142857  0.00000000  0.00000000  0.00000000  0.13333333  0.00000000  0.00000000 
  0.00000000  0.02919708  0.00000000  0.00000000  0.00000000  0.33333333  0.00000000  0.00000000  0.00000000  1.00000000  0.00000000  0.00000000 
  0.00000000  0.00645161  0.00000000  0.08333333  0.00000000  0.28571429  0.00000000  0.00000000  0.00000000  0.00000000  0.00000000  0.00000000 
  0.00000000  0.00000000  0.00000000  0.00000000  0.00000000  0.06250000  0.00000000  0.00000000  0.00000000  0.13333333  0.00000000  0.00000000 
  0.00000000  0.00578035  0.00952381  0.00000000  0.00000000  0.07692308  0.00000000  0.00000000  0.00000000  0.14285714  0.00000000  0.00000000 
  0.00000000  0.00000000  0.00000000  0.01562500  0.00000000  0.10810811  0.00000000  0.00000000  0.00000000  0.10714286  0.00000000  0.00000000 
  0.00000000  0.00000000  0.00000000  0.02739726  0.00000000  0.23333333  0.00000000  0.00000000  0.00000000  0.16666667  0.00000000  0.00000000 
  0.00000000  0.00000000  0.00000000  0.00000000  0.00000000  0.00000000  0.00000000  0.00000000  0.00000000  0.14285714  0.00000000  0.07142857 
  0.00000000  0.00523560  0.00000000  0.00000000  0.00000000  0.17073171  0.00000000  0.00000000  0.00000000  0.05882353  0.00000000  0.00000000 
  0.00000000  0.00502513  0.03448276  0.01724138  0.00000000  0.28571429  0.00000000  0.00000000  0.00000000  0.23809524  0.00000000  0.00000000 
  0.00000000  0.00000000  0.04255319  0.00000000  0.00000000  0.19444444  0.00000000  0.00000000  0.00000000  0.20000000  0.00000000  0.00000000 
  0.00000000  0.00625000  0.00000000  0.00000000  0.00000000  0.29729730  0.00000000  0.00000000  0.00000000  0.14285714  0.00000000  0.00000000 
  0.00000000  0.01176471  0.00000000  0.00000000  0.00000000  0.16216216  0.00000000  0.00000000  0.00000000  0.00000000  0.00000000  0.00000000 
  0.00578035  0.01734104  0.00000000  0.00000000  0.00000000  0.31578947  0.00000000  0.00000000  0.00000000  0.00000000  0.00000000  0.00000000 
  0.00000000  0.01435407  0.03125000  0.00000000  0.00000000  0.21052632  0.00000000  0.00000000  0.00000000  0.11764706  0.00000000  0.00000000 
  0.00000000  0.00434783  0.00000000  0.00000000  0.00000000  0.11538462  0.00000000  0.00000000  0.00000000  0.03846154  0.00000000  0.00000000 
  0.00000000  0.00000000  0.00000000  0.06060606  0.00000000  0.15625000  0.00000000  0.00000000  0.00000000  0.07142857  0.00000000  0.00000000 
  0.00000000  0.00598802  0.00000000  0.02941176  0.00000000  0.25000000  0.00000000  0.00000000  0.00000000  0.09523810  0.00000000  0.00000000 
