  0.00233294  0.01033161  0.00817236  0.02005944  0.00319744  0.22781775  0.00079936  0.00159872  0.00000000  0.05095541  0.00000000  0.00000000 
  0.00129450  0.00776699  0.00538462  0.01000000  0.00473186  0.18533123  0.00315457  0.00078864  0.00000000  0.05972696  0.00000000  0.00000000 
  0.00213500  0.00739038  0.00631136  0.01612903  0.00422833  0.19732206  0.00281889  0.00070472  0.00148588  0.06389302  0.00000000  0.00000000 
  0.00114286  0.00734694  0.00377596  0.01636249  0.00497512  0.20255864  0.00000000  0.00000000  0.00130719  0.04575163  0.00000000  0.00000000 
  0.00097640  0.00976404  0.00884397  0.01389766  0.00286328  0.22261990  0.00000000  0.00214746  0.00000000  0.06976744  0.00000000  0.00000000 
  0.00189544  0.00837151  0.00682382  0.01364764  0.00068587  0.20850480  0.00000000  0.00068587  0.00000000  0.05391528  0.00000000  0.00000000 
  0.00139340  0.00743149  0.00696056  0.01682135  0.00276243  0.19751381  0.00000000  0.00000000  0.00000000  0.07117008  0.00000000  0.00000000 
  0.00266627  0.00562880  0.00362976  0.01209921  0.00539447  0.19554956  0.00067431  0.00000000  0.00000000  0.05575758  0.00000000  0.00000000 
  0.00233338  0.00656264  0.00538503  0.01238557  0.00246761  0.21344849  0.00000000  0.00000000  0.00000000  0.05831533  0.00000000  0.00000000 
  0.00199829  0.00585213  0.00779626  0.01507277  0.00189394  0.20012626  0.00063131  0.00252525  0.00000000  0.06389776  0.00000000  0.00000000 
  0.00192519  0.00577558  0.00528262  0.01426307  0.00183599  0.20257038  0.00000000  0.00122399  0.00110497  0.06298343  0.00000000  0.00110497 
  0.00091731  0.00629013  0.00679561  0.01150026  0.00275179  0.20693451  0.00055036  0.00110072  0.00109769  0.07135016  0.00000000  0.00000000 
  0.00135752  0.00580032  0.00665716  0.01236329  0.00369004  0.19820770  0.00052715  0.00052715  0.00000000  0.07240294  0.00000000  0.00000000 
  0.00176991  0.00589971  0.00493963  0.01591658  0.00364773  0.18759771  0.00104221  0.00052110  0.00000000  0.06884481  0.00000000  0.00116686 
  0.00124434  0.00531674  0.00533903  0.00854245  0.00557244  0.19756839  0.00253293  0.00202634  0.00000000  0.07297605  0.00000000  0.00000000 
  0.00205383  0.00529672  0.00477327  0.01670644  0.00347395  0.18560794  0.00049628  0.00099256  0.00000000  0.05150632  0.00000000  0.00000000 
  0.00178440  0.00556314  0.00690676  0.01628022  0.00399800  0.19090455  0.00049975  0.00199900  0.00000000  0.06387435  0.00000000  0.00209424 
  0.00123317  0.00596033  0.00466853  0.01260504  0.00461255  0.19095941  0.00184502  0.00322878  0.00000000  0.07939509  0.00000000  0.00094518 
  0.00161290  0.00625000  0.00519603  0.01180916  0.00459348  0.18557648  0.00091870  0.00091870  0.00090992  0.08553230  0.00000000  0.00090992 
  0.00087651  0.00516167  0.00413413  0.01837391  0.00186654  0.19785348  0.00093327  0.00139991  0.00000000  0.07833656  0.00000000  0.00000000 
  0.00145349  0.00532946  0.00482456  0.01184211  0.00305543  0.18332606  0.00000000  0.00130947  0.00000000  0.07394669  0.00000000  0.00000000 
  0.00093257  0.00634151  0.00513779  0.01214386  0.00279590  0.18219944  0.00093197  0.00186393  0.00000000  0.05189621  0.00000000  0.00000000 
  0.00120818  0.00678439  0.00743310  0.01585728  0.00239808  0.20767386  0.00143885  0.00143885  0.00100000  0.07000000  0.00100000  0.00100000 
  0.00120170  0.00582363  0.00738689  0.01985226  0.00177541  0.21304927  0.00177541  0.00177541  0.00000000  0.06653426  0.00000000  0.00198610 
  0.00111379  0.00538333  0.00500000  0.01409091  0.00133571  0.21816563  0.00000000  0.00133571  0.00095969  0.06909789  0.00000000  0.00000000 
  0.00072813  0.00518795  0.00386266  0.01716738  0.00272232  0.20780399  0.00045372  0.00226860  0.00000000  0.07712766  0.00000000  0.00000000 
  0.00090498  0.00615385  0.00764732  0.02114260  0.00180668  0.22177055  0.00225836  0.00135501  0.00000000  0.08147513  0.00000000  0.00000000 
  0.00091174  0.00455872  0.00491730  0.01877515  0.00090171  0.22678088  0.00135257  0.00090171  0.00092251  0.08118081  0.00000000  0.00276753 
  0.00064923  0.00510109  0.00424219  0.01504049  0.00182066  0.22712790  0.00000000  0.00182066  0.00074129  0.08376575  0.00000000  0.00296516 
  0.00092490  0.00369959  0.00441673  0.01454923  0.00172712  0.22754750  0.00043178  0.00086356  0.00093853  0.09103707  0.00000000  0.00140779 
  0.00090416  0.00443038  0.00427447  0.01259843  0.00080939  0.25819506  0.00000000  0.00080939  0.00000000  0.09670080  0.00000000  0.00227531 
  0.00087055  0.00426569  0.00612662  0.01497617  0.00000000  0.25361767  0.00038081  0.00038081  0.00000000  0.09842368  0.00000000  0.00038447 
  0.00120306  0.00369511  0.00373575  0.01199371  0.00036350  0.24100327  0.00036350  0.00036350  0.00061031  0.09765029  0.00000000  0.00122063 
  0.00095147  0.00259493  0.00583090  0.01509175  0.00000000  0.24181264  0.00000000  0.00038081  0.00050416  0.11394001  0.00000000  0.00050416 
  0.00119749  0.00285556  0.00327209  0.00943871  0.00039541  0.22143140  0.00000000  0.00039541  0.00000000  0.10613288  0.00000000  0.00051107 
  0.00087353  0.00174706  0.00174744  0.00803821  0.00000000  0.23891722  0.00000000  0.00039231  0.00000000  0.10681680  0.00000000  0.00106512 
