  0.00000000  0.00000000  0.00000000  0.00000000  0.00000000  0.00000000  0.00000000  0.00000000  0.00000000  0.00000000  0.00000000  0.00000000 
  0.00000000  0.00000000  0.00000000  0.00000000  0.00000000  1.00000000  0.00000000  0.00000000  0.00000000  0.00000000  0.00000000  0.00000000 
  0.00000000  0.00000000  0.00000000  0.00000000  0.00000000  0.00000000  0.00000000  0.00000000  0.00000000  0.00000000  0.00000000  0.00000000 
  0.00000000  0.12500000  0.00000000  0.00000000  0.00000000  0.50000000  0.00000000  0.00000000  0.00000000  0.00000000  0.00000000  0.00000000 
  0.00000000  0.20000000  0.00000000  0.00000000  0.00000000  1.00000000  0.00000000  0.00000000  0.00000000  0.00000000  0.00000000  0.00000000 
  0.00000000  0.06250000  0.00000000  0.00000000  0.00000000  0.00000000  0.00000000  0.00000000  0.00000000  0.00000000  0.00000000  0.00000000 
  0.05555556  0.02777778  0.00000000  0.00000000  0.50000000  0.50000000  0.00000000  0.00000000  0.00000000  0.00000000  0.00000000  0.00000000 
  0.02857143  0.00000000  0.00000000  0.00000000  0.25000000  0.00000000  0.00000000  0.00000000  0.00000000  0.00000000  0.00000000  0.00000000 
  0.00000000  0.00909091  0.00000000  0.00000000  0.14285714  0.00000000  0.00000000  0.00000000  0.00000000  0.00000000  0.00000000  0.00000000 
  0.00531915  0.01595745  0.04347826  0.04347826  0.00000000  0.13725490  0.00000000  0.00000000  0.00000000  0.00000000  0.00000000  0.00000000 
  0.00438596  0.00877193  0.00000000  0.00000000  0.01408451  0.09859155  0.00000000  0.00000000  0.00000000  0.00000000  0.00000000  0.00000000 
  0.00000000  0.00000000  0.02702703  0.00000000  0.00000000  0.06557377  0.00000000  0.00000000  0.00000000  0.06250000  0.00000000  0.00000000 
  0.00000000  0.00589971  0.00000000  0.02777778  0.00000000  0.17021277  0.00000000  0.00000000  0.00000000  0.12000000  0.00000000  0.00000000 
  0.00821918  0.01095890  0.00000000  0.00000000  0.01851852  0.18518519  0.00000000  0.00000000  0.00000000  0.19354839  0.00000000  0.00000000 
  0.00000000  0.00491400  0.00000000  0.00000000  0.00000000  0.05882353  0.00000000  0.00000000  0.00000000  0.03846154  0.00000000  0.00000000 
  0.00000000  0.01000000  0.02040816  0.00000000  0.00000000  0.05263158  0.00000000  0.00000000  0.00000000  0.05882353  0.00000000  0.00000000 
  0.00000000  0.01048951  0.03030303  0.00000000  0.00000000  0.11764706  0.00000000  0.00000000  0.10000000  0.00000000  0.00000000  0.00000000 
  0.00836820  0.01255230  0.05882353  0.00000000  0.00000000  0.14285714  0.00000000  0.00000000  0.00000000  0.00000000  0.00000000  0.00000000 
  0.00328947  0.00986842  0.02325581  0.00000000  0.00000000  0.08333333  0.00000000  0.00000000  0.00000000  0.12500000  0.00000000  0.00000000 
  0.00000000  0.00306748  0.00000000  0.02564103  0.00000000  0.12903226  0.00000000  0.00000000  0.00000000  0.26315789  0.00000000  0.00000000 
  0.00000000  0.00264550  0.04166667  0.00000000  0.00000000  0.09523810  0.00000000  0.00000000  0.00000000  0.20000000  0.00000000  0.00000000 
  0.00216450  0.00432900  0.03508772  0.01754386  0.01075269  0.09677419  0.00000000  0.00000000  0.00000000  0.02702703  0.00000000  0.00000000 
  0.01025641  0.01538462  0.06493506  0.01298701  0.03030303  0.09090909  0.00000000  0.00000000  0.00000000  0.11428571  0.00000000  0.00000000 
  0.00591716  0.00591716  0.02777778  0.05555556  0.09090909  0.27272727  0.00000000  0.00000000  0.00000000  0.03703704  0.00000000  0.00000000 
  0.00793651  0.01587302  0.00000000  0.00000000  0.00000000  0.27272727  0.00000000  0.00000000  0.00000000  0.13043478  0.00000000  0.00000000 
  0.01530612  0.02040816  0.04347826  0.00000000  0.05405405  0.10810811  0.00000000  0.00000000  0.00000000  0.05555556  0.00000000  0.00000000 
  0.00436681  0.00218341  0.01369863  0.01369863  0.00000000  0.10843373  0.00000000  0.00000000  0.02272727  0.15909091  0.00000000  0.00000000 
  0.00000000  0.00422833  0.03125000  0.00000000  0.00000000  0.12643678  0.00000000  0.00000000  0.00000000  0.00000000  0.00000000  0.00000000 
  0.00000000  0.00540541  0.00000000  0.00000000  0.00000000  0.11764706  0.00000000  0.00000000  0.00000000  0.00000000  0.00000000  0.00000000 
  0.00000000  0.00877193  0.00000000  0.00000000  0.00000000  0.18750000  0.00000000  0.00000000  0.00000000  0.00000000  0.00000000  0.00000000 
  0.00000000  0.01355932  0.00000000  0.00000000  0.00000000  0.18421053  0.00000000  0.00000000  0.00000000  0.14285714  0.00000000  0.00000000 
  0.00000000  0.00401606  0.01785714  0.00000000  0.01123596  0.05617978  0.00000000  0.00000000  0.00000000  0.16666667  0.00000000  0.00000000 
  0.00199203  0.00199203  0.02380952  0.00595238  0.01724138  0.03448276  0.01724138  0.00000000  0.00000000  0.04761905  0.00000000  0.00000000 
  0.00000000  0.00240385  0.05063291  0.01265823  0.01449275  0.05797101  0.00000000  0.00000000  0.00000000  0.03571429  0.00000000  0.00000000 
  0.00446429  0.00446429  0.00000000  0.05555556  0.00000000  0.04761905  0.00000000  0.00000000  0.00000000  0.00000000  0.00000000  0.00000000 
  0.00000000  0.01481481  0.33333333  0.00000000  0.40000000  0.00000000  0.00000000  0.00000000  0.00000000  0.00000000  0.00000000  0.00000000 
  0.02298851  0.02298851  0.00000000  0.00000000  0.00000000  0.50000000  0.00000000  0.00000000  0.00000000  0.00000000  0.00000000  0.00000000 
  0.04166667  0.04166667  0.00000000  0.00000000  0.00000000  0.00000000  0.00000000  0.00000000  0.00000000  0.00000000  0.00000000  0.00000000 
  0.00000000  0.08695652  0.00000000  0.00000000  0.00000000  0.00000000  0.00000000  0.00000000  0.00000000  0.00000000  0.00000000  0.00000000 
  0.00000000  0.00000000  0.00000000  0.00000000  0.00000000  0.00000000  0.00000000  0.00000000  0.00000000  0.00000000  0.00000000  0.00000000 
  0.00000000  0.22222222  0.00000000  0.00000000  0.00000000  0.00000000  0.00000000  0.00000000  0.00000000  0.00000000  0.00000000  0.00000000 
  0.00000000  0.00000000  0.00000000  0.00000000  0.00000000  1.00000000  0.00000000  0.00000000  0.00000000  0.00000000  0.00000000  0.00000000 
  0.00000000  0.00000000  0.00000000  0.00000000  0.00000000  1.00000000  0.00000000  0.00000000  0.00000000  0.00000000  0.00000000  0.00000000 
  0.00000000  0.00000000  0.00000000  0.00000000  0.00000000  0.50000000  0.00000000  0.00000000  0.00000000  0.00000000  0.00000000  0.00000000 
  0.00000000  0.00000000  0.00000000  0.00000000  0.00000000  0.33333333  0.00000000  0.33333333  0.00000000  0.00000000  0.00000000  0.00000000 
  0.00000000  0.00000000  0.00000000  0.00000000  0.00000000  0.00000000  0.00000000  0.00000000  0.00000000  0.00000000  0.00000000  0.00000000 
  0.00000000  0.08333333  0.00000000  0.00000000  0.00000000  0.00000000  0.00000000  0.25000000  0.00000000  0.00000000  0.00000000  0.00000000 
  0.00000000  0.08333333  0.00000000  1.00000000  0.00000000  1.00000000  0.00000000  0.00000000  0.00000000  0.00000000  0.00000000  0.00000000 
  0.00000000  0.00000000  0.00000000  0.00000000  0.00000000  1.00000000  0.00000000  0.00000000  0.00000000  0.00000000  0.00000000  0.00000000 
