  0.00000000  0.00303030  0.00980392  0.00490196  0.00000000  0.38281250  0.00000000  0.00000000  0.00000000  0.07692308  0.00000000  0.00000000 
  0.00147929  0.00739645  0.00354610  0.02127660  0.00000000  0.33333333  0.00000000  0.00000000  0.00000000  0.09166667  0.00000000  0.00000000 
  0.00304414  0.00761035  0.00000000  0.00823045  0.00000000  0.36283186  0.00000000  0.00000000  0.00000000  0.09016393  0.00000000  0.00000000 
  0.00142450  0.00284900  0.00000000  0.00518135  0.00000000  0.33333333  0.00000000  0.00000000  0.00000000  0.05511811  0.00000000  0.00000000 
  0.00000000  0.00000000  0.00763359  0.01908397  0.00000000  0.26400000  0.00000000  0.00800000  0.00000000  0.09701493  0.00000000  0.01492537 
  0.00153139  0.00153139  0.00387597  0.00387597  0.00751880  0.28571429  0.00000000  0.00751880  0.00000000  0.14173228  0.00000000  0.00000000 
  0.00147493  0.00147493  0.00000000  0.00398406  0.00000000  0.32075472  0.00000000  0.00000000  0.00000000  0.10084034  0.00000000  0.00000000 
  0.00000000  0.00155280  0.00806452  0.00403226  0.00826446  0.35537190  0.00000000  0.00000000  0.00666667  0.09333333  0.00000000  0.00666667 
  0.00000000  0.00320000  0.00434783  0.00434783  0.00000000  0.31159420  0.00000000  0.00000000  0.00000000  0.08196721  0.00000000  0.00000000 
  0.00000000  0.00152207  0.00416667  0.00833333  0.00000000  0.27131783  0.00000000  0.00000000  0.00000000  0.14482759  0.00000000  0.00000000 
  0.00000000  0.00160514  0.00000000  0.01339286  0.00000000  0.27380952  0.00000000  0.00000000  0.00000000  0.08620690  0.00000000  0.00000000 
  0.00000000  0.00146199  0.00000000  0.01339286  0.00000000  0.29914530  0.00000000  0.00000000  0.00000000  0.06015038  0.00000000  0.00000000 
  0.00143885  0.00143885  0.00000000  0.00000000  0.00000000  0.27433628  0.00000000  0.00000000  0.00000000  0.05555556  0.00000000  0.00000000 
  0.00000000  0.00000000  0.00540541  0.01081081  0.00000000  0.30555556  0.00000000  0.00000000  0.00000000  0.10606061  0.00000000  0.00000000 
  0.00125156  0.00250313  0.00000000  0.00000000  0.00000000  0.27731092  0.00000000  0.00000000  0.00000000  0.13978495  0.00000000  0.00000000 
  0.00280112  0.00280112  0.00000000  0.00000000  0.00000000  0.18699187  0.00000000  0.00000000  0.00000000  0.08080808  0.00000000  0.00000000 
  0.00132275  0.00396825  0.00000000  0.01522843  0.00000000  0.26923077  0.00000000  0.00000000  0.00000000  0.08653846  0.00000000  0.00000000 
  0.00000000  0.00277778  0.00456621  0.01369863  0.00000000  0.29457364  0.00000000  0.00000000  0.00000000  0.11818182  0.00000000  0.00000000 
  0.00144928  0.00434783  0.00873362  0.00436681  0.00000000  0.28099174  0.00000000  0.00000000  0.00000000  0.08823529  0.00000000  0.00000000 
  0.00333890  0.00166945  0.00000000  0.00862069  0.00000000  0.29661017  0.00000000  0.00000000  0.00000000  0.09420290  0.00000000  0.00000000 
  0.00000000  0.00159236  0.00000000  0.00571429  0.00000000  0.34259259  0.00000000  0.00000000  0.00000000  0.12087912  0.00000000  0.00000000 
  0.00152672  0.00152672  0.00000000  0.00495050  0.00000000  0.42857143  0.00000000  0.00000000  0.00000000  0.09401709  0.00000000  0.00854701 
  0.00000000  0.00287770  0.00000000  0.00546448  0.00000000  0.24390244  0.00000000  0.00000000  0.00000000  0.12244898  0.00000000  0.00000000 
  0.00293255  0.00000000  0.00476190  0.00952381  0.00000000  0.22857143  0.00000000  0.00000000  0.00000000  0.07216495  0.00000000  0.00000000 
  0.00158479  0.00158479  0.00000000  0.00490196  0.00000000  0.33333333  0.00000000  0.01149425  0.00000000  0.10967742  0.00000000  0.00000000 
  0.00172117  0.00000000  0.00000000  0.00000000  0.00000000  0.34343434  0.00000000  0.00000000  0.00000000  0.10909091  0.00000000  0.00000000 
  0.00000000  0.00000000  0.00000000  0.01063830  0.00000000  0.37168142  0.00000000  0.00000000  0.00000000  0.07142857  0.00000000  0.00000000 
  0.00138504  0.00277008  0.00975610  0.00487805  0.00806452  0.24193548  0.00000000  0.00000000  0.00000000  0.05681818  0.00000000  0.00000000 
  0.00924499  0.00308166  0.00518135  0.00000000  0.00800000  0.32000000  0.00000000  0.00000000  0.00729927  0.11678832  0.00000000  0.00000000 
  0.00316456  0.00000000  0.00000000  0.01470588  0.00000000  0.27500000  0.00000000  0.00000000  0.00800000  0.12000000  0.00000000  0.00000000 
  0.00144092  0.00000000  0.00000000  0.00523560  0.00000000  0.25471698  0.00000000  0.00000000  0.00000000  0.09174312  0.00000000  0.00000000 
  0.00000000  0.00159236  0.00512821  0.02564103  0.00000000  0.27450980  0.00000000  0.00980392  0.00000000  0.07291667  0.00000000  0.01041667 
  0.00000000  0.00323625  0.00000000  0.00000000  0.00000000  0.29411765  0.00000000  0.00000000  0.00000000  0.06722689  0.00000000  0.00000000 
  0.00000000  0.00150830  0.00000000  0.00000000  0.00000000  0.37735849  0.00000000  0.00000000  0.00000000  0.07766990  0.00000000  0.00000000 
  0.00000000  0.00000000  0.00000000  0.00000000  0.00000000  0.25263158  0.00000000  0.00000000  0.00000000  0.06422018  0.00000000  0.00000000 
  0.00000000  0.00000000  0.00000000  0.01271186  0.00000000  0.25384615  0.00000000  0.00000000  0.00000000  0.08571429  0.00000000  0.00000000 
  0.00000000  0.00153846  0.00000000  0.00000000  0.00000000  0.28205128  0.00000000  0.00000000  0.00000000  0.11864407  0.00000000  0.00000000 
  0.00000000  0.00000000  0.00515464  0.02061856  0.00000000  0.26605505  0.00000000  0.00917431  0.00000000  0.09259259  0.00000000  0.00925926 
  0.00000000  0.00000000  0.00000000  0.00537634  0.00000000  0.35344828  0.00000000  0.00000000  0.00000000  0.10377358  0.00000000  0.00943396 
  0.00298063  0.00000000  0.00000000  0.00448430  0.00000000  0.21153846  0.00000000  0.00000000  0.00000000  0.12244898  0.00000000  0.00000000 
  0.00000000  0.00000000  0.00000000  0.01047120  0.00000000  0.30714286  0.00000000  0.00714286  0.00000000  0.11494253  0.00000000  0.00000000 
  0.00319489  0.00159744  0.00645161  0.00645161  0.00917431  0.29357798  0.00000000  0.00000000  0.00000000  0.05882353  0.00000000  0.00000000 
  0.00154560  0.00154560  0.01176471  0.01176471  0.00000000  0.33333333  0.00000000  0.00000000  0.00000000  0.13636364  0.00000000  0.00000000 
  0.00150150  0.00150150  0.00000000  0.00000000  0.00000000  0.30275229  0.00000000  0.00000000  0.00000000  0.07246377  0.00000000  0.00000000 
  0.00000000  0.00144509  0.00510204  0.01020408  0.00000000  0.24812030  0.00000000  0.00000000  0.00000000  0.09401709  0.00000000  0.00000000 
  0.00000000  0.00141243  0.00000000  0.00851064  0.00000000  0.35156250  0.00000000  0.00000000  0.00000000  0.05691057  0.00000000  0.00000000 
  0.00000000  0.00162075  0.00000000  0.00000000  0.00000000  0.32203390  0.00000000  0.00000000  0.00000000  0.06875000  0.00000000  0.00625000 
  0.00000000  0.00457317  0.00427350  0.00427350  0.00000000  0.26666667  0.00000000  0.00000000  0.00000000  0.09146341  0.00000000  0.00000000 
  0.00000000  0.00160514  0.00000000  0.00000000  0.00000000  0.23893805  0.00000000  0.00884956  0.00000000  0.11111111  0.00000000  0.00000000 
