  0.00425532  0.00283688  0.00000000  0.00191939  0.00000000  0.14102564  0.00000000  0.00000000  0.00442478  0.06858407  0.00000000  0.00000000 
  0.00316456  0.00000000  0.00166945  0.00166945  0.00000000  0.15923567  0.00000000  0.00000000  0.00191205  0.06118547  0.00000000  0.00000000 
  0.00179856  0.00179856  0.00183486  0.00183486  0.00000000  0.20625000  0.00000000  0.00000000  0.00181159  0.06340580  0.00000000  0.00000000 
  0.00000000  0.00000000  0.01020408  0.00170068  0.00000000  0.13836478  0.00000000  0.00000000  0.00000000  0.05025997  0.00000000  0.00000000 
  0.00000000  0.00000000  0.00624025  0.00000000  0.00000000  0.16049383  0.00000000  0.00000000  0.00335008  0.05025126  0.00000000  0.00000000 
  0.00000000  0.00350263  0.00607903  0.00303951  0.00000000  0.10843373  0.00000000  0.00000000  0.00156740  0.07523511  0.00000000  0.00000000 
  0.00178891  0.00000000  0.00408719  0.00408719  0.00000000  0.12121212  0.00000000  0.00000000  0.00000000  0.04711246  0.00000000  0.00000000 
  0.00000000  0.00330033  0.00854701  0.00427350  0.00000000  0.12244898  0.00000000  0.00000000  0.00147710  0.06646972  0.00000000  0.00000000 
  0.00483871  0.00000000  0.00800000  0.00266667  0.00000000  0.13939394  0.00000000  0.00000000  0.00299850  0.04197901  0.00000000  0.00000000 
  0.00169205  0.00000000  0.00539084  0.00134771  0.00000000  0.10559006  0.00000000  0.00000000  0.00136054  0.06666667  0.00000000  0.00000000 
  0.00000000  0.00176367  0.00109529  0.00438116  0.00000000  0.14666667  0.00000000  0.00000000  0.00263158  0.05394737  0.00000000  0.00000000 
  0.00432277  0.00000000  0.00000000  0.00653595  0.00000000  0.09090909  0.00000000  0.00000000  0.00000000  0.04918033  0.00000000  0.00000000 
  0.00146413  0.00292826  0.00333890  0.00500835  0.00000000  0.12903226  0.00000000  0.00000000  0.00400802  0.05611222  0.00000000  0.00000000 
  0.00158983  0.00000000  0.00770416  0.00308166  0.00000000  0.16564417  0.00000000  0.00000000  0.00541516  0.07581227  0.00000000  0.00000000 
  0.00308166  0.00308166  0.00806452  0.00483871  0.00000000  0.18238994  0.00000000  0.00000000  0.00000000  0.07490637  0.00000000  0.00000000 
  0.00000000  0.00311526  0.00299850  0.00449775  0.00000000  0.16384181  0.00000000  0.00000000  0.00000000  0.05326460  0.00000000  0.00171821 
  0.00000000  0.00000000  0.00487013  0.00487013  0.00000000  0.19496855  0.00000000  0.00000000  0.00421941  0.06540084  0.00000000  0.00000000 
  0.00000000  0.00000000  0.00497512  0.00000000  0.00000000  0.17682927  0.00000000  0.00000000  0.00440529  0.09691630  0.00000000  0.00000000 
  0.00163666  0.00163666  0.00779727  0.00194932  0.00000000  0.14093960  0.00000000  0.00000000  0.00729927  0.06569343  0.00000000  0.00000000 
  0.00000000  0.00160000  0.00827815  0.00165563  0.00578035  0.13294798  0.00000000  0.00000000  0.00000000  0.08333333  0.00000000  0.00000000 
  0.00000000  0.00000000  0.00414079  0.00207039  0.00000000  0.15568862  0.00000000  0.00000000  0.00000000  0.06052632  0.00000000  0.00000000 
  0.00000000  0.00000000  0.00000000  0.00753296  0.00000000  0.17877095  0.00000000  0.00000000  0.00000000  0.07556675  0.00000000  0.00000000 
  0.00000000  0.00149925  0.00877193  0.00175439  0.00000000  0.19594595  0.00000000  0.00000000  0.00867679  0.07592191  0.00000000  0.00000000 
  0.00000000  0.00000000  0.00000000  0.00416667  0.00000000  0.15976331  0.00000000  0.00000000  0.00243309  0.07299270  0.00000000  0.00000000 
  0.00137931  0.00137931  0.00941176  0.00000000  0.00000000  0.17514124  0.00000000  0.00000000  0.00473934  0.07819905  0.00000000  0.00000000 
  0.00151286  0.00151286  0.01070664  0.00214133  0.00000000  0.17021277  0.00000000  0.00000000  0.00000000  0.06772009  0.00000000  0.00000000 
  0.00000000  0.00000000  0.00000000  0.00425532  0.00000000  0.10126582  0.00000000  0.00000000  0.00000000  0.09466019  0.00000000  0.00000000 
  0.00150376  0.00150376  0.00994036  0.00596421  0.00719424  0.18705036  0.00000000  0.00000000  0.00700935  0.09345794  0.00000000  0.00000000 
  0.00000000  0.00148810  0.01242236  0.00621118  0.00000000  0.16384181  0.00000000  0.00000000  0.00485437  0.08252427  0.00000000  0.00000000 
  0.00148588  0.00148588  0.00808081  0.00404040  0.00000000  0.21985816  0.00000000  0.00000000  0.00236407  0.05673759  0.00000000  0.00000000 
  0.00143062  0.00143062  0.00204918  0.00409836  0.00000000  0.18709677  0.00000000  0.00000000  0.00497512  0.08208955  0.00000000  0.00000000 
  0.00476948  0.00158983  0.01052632  0.00000000  0.00000000  0.17543860  0.00000000  0.00000000  0.00238663  0.08353222  0.00000000  0.00000000 
  0.00166113  0.00332226  0.00884956  0.00221239  0.00671141  0.16778523  0.00000000  0.00000000  0.01272265  0.09160305  0.00000000  0.00000000 
  0.00000000  0.00311526  0.00688073  0.00000000  0.00000000  0.20645161  0.00000000  0.00000000  0.00963855  0.08915663  0.00000000  0.00000000 
  0.00147493  0.00147493  0.00680272  0.00453515  0.00000000  0.24503311  0.00000000  0.00000000  0.00781250  0.06510417  0.00000000  0.00000000 
  0.00139082  0.00139082  0.00441501  0.00662252  0.00000000  0.16233766  0.00000000  0.00000000  0.00751880  0.06265664  0.00000000  0.00000000 
  0.00000000  0.00000000  0.00411523  0.00205761  0.00000000  0.14393939  0.00000000  0.00000000  0.00235294  0.08235294  0.00000000  0.00000000 
  0.00000000  0.00000000  0.00961538  0.00000000  0.00000000  0.16546763  0.00000000  0.00000000  0.01020408  0.07142857  0.00000000  0.00000000 
  0.00152207  0.00152207  0.00678733  0.00000000  0.00000000  0.17159763  0.00000000  0.00000000  0.00719424  0.09112710  0.00000000  0.00000000 
  0.00150830  0.00000000  0.00523560  0.00785340  0.00000000  0.21232877  0.00000000  0.00000000  0.01036269  0.10621762  0.00000000  0.00000000 
  0.00000000  0.00000000  0.01210654  0.00000000  0.00000000  0.17391304  0.00000000  0.00000000  0.00000000  0.08955224  0.00000000  0.00000000 
  0.00145985  0.00145985  0.00700935  0.00934579  0.00000000  0.18354430  0.00000000  0.00000000  0.00488998  0.08801956  0.00000000  0.00000000 
  0.00000000  0.00146413  0.00894855  0.00000000  0.00000000  0.20155039  0.00000000  0.00000000  0.00241546  0.12560386  0.00000000  0.00000000 
  0.00000000  0.00438596  0.01020408  0.00000000  0.00000000  0.20270270  0.00000000  0.00000000  0.00000000  0.08685446  0.00234742  0.00000000 
  0.00286123  0.00000000  0.01882353  0.00000000  0.00000000  0.19540230  0.00000000  0.00000000  0.00683371  0.07972665  0.00000000  0.00000000 
  0.00295858  0.00295858  0.00669643  0.00223214  0.00000000  0.14473684  0.00000000  0.00000000  0.00502513  0.11809045  0.00000000  0.00000000 
  0.00304414  0.00000000  0.01566580  0.00261097  0.00000000  0.17391304  0.00000000  0.00000000  0.00251889  0.08060453  0.00000000  0.00000000 
  0.00000000  0.00428571  0.00266667  0.00533333  0.00000000  0.12162162  0.00000000  0.00000000  0.00705882  0.07764706  0.00000000  0.00000000 
  0.00143885  0.00431655  0.00479616  0.00000000  0.00621118  0.15527950  0.00000000  0.00000000  0.00493827  0.09629630  0.00000000  0.00246914 
