  0.00505051  0.00252525  0.00961538  0.01923077  0.00000000  0.05825243  0.00000000  0.00000000  0.00000000  0.02777778  0.00000000  0.00000000 
  0.00000000  0.00191571  0.01769912  0.00884956  0.00000000  0.08888889  0.00000000  0.00000000  0.00000000  0.02380952  0.00000000  0.00000000 
  0.00000000  0.00575816  0.01298701  0.00865801  0.00000000  0.07142857  0.00000000  0.00000000  0.01052632  0.03157895  0.00000000  0.00000000 
  0.00000000  0.00211864  0.00934579  0.00467290  0.00000000  0.04651163  0.00000000  0.00000000  0.00000000  0.03125000  0.00000000  0.00000000 
  0.00766284  0.00000000  0.00706714  0.00000000  0.00000000  0.07812500  0.00000000  0.00000000  0.00000000  0.07051282  0.00000000  0.00000000 
  0.00206186  0.00412371  0.00276243  0.00000000  0.00000000  0.03351955  0.00000000  0.00000000  0.00473934  0.04265403  0.00000000  0.00000000 
  0.00166113  0.00664452  0.00273973  0.00273973  0.00540541  0.07027027  0.00000000  0.00000000  0.00000000  0.05988024  0.00000000  0.00000000 
  0.00505902  0.00337268  0.00888889  0.00222222  0.00000000  0.03465347  0.00495050  0.00000000  0.00000000  0.07619048  0.00000000  0.00000000 
  0.00166667  0.00500000  0.00932401  0.00000000  0.00485437  0.03883495  0.00000000  0.00000000  0.00469484  0.04694836  0.00000000  0.00000000 
  0.00860585  0.00344234  0.01648352  0.00000000  0.00510204  0.02551020  0.00000000  0.00000000  0.00000000  0.01190476  0.00000000  0.00000000 
  0.00793651  0.00595238  0.01358696  0.01086957  0.00000000  0.00956938  0.00000000  0.00000000  0.00625000  0.03750000  0.00000000  0.00000000 
  0.00412088  0.00274725  0.02976190  0.00000000  0.00000000  0.06779661  0.00000000  0.00000000  0.00574713  0.05747126  0.00574713  0.00000000 
  0.00294985  0.00589971  0.01646091  0.00205761  0.00000000  0.04291845  0.00000000  0.00000000  0.00000000  0.04347826  0.00000000  0.00000000 
  0.00572246  0.00143062  0.01498929  0.00428266  0.00854701  0.05128205  0.00000000  0.00000000  0.00000000  0.04081633  0.00000000  0.00000000 
  0.00235294  0.01176471  0.00744417  0.00248139  0.00000000  0.00617284  0.00000000  0.00000000  0.00454545  0.02272727  0.00000000  0.00454545 
  0.01086957  0.00310559  0.02702703  0.00415800  0.00416667  0.03333333  0.00416667  0.00000000  0.00000000  0.06837607  0.00000000  0.00427350 
  0.00352734  0.00705467  0.01666667  0.01296296  0.00418410  0.04602510  0.00000000  0.00000000  0.00000000  0.04074074  0.00000000  0.00000000 
  0.00412371  0.01030928  0.00190840  0.00572519  0.00000000  0.01913876  0.00000000  0.00000000  0.00327869  0.05901639  0.00000000  0.00000000 
  0.00000000  0.00314961  0.02173913  0.01086957  0.00000000  0.06130268  0.00383142  0.00000000  0.00000000  0.06319703  0.00000000  0.00371747 
  0.00128535  0.00000000  0.02380952  0.00634921  0.00000000  0.04633205  0.00000000  0.00000000  0.00000000  0.03460208  0.00000000  0.00000000 
  0.00281690  0.00140845  0.01815182  0.00825083  0.00000000  0.04868914  0.00000000  0.00000000  0.00000000  0.05882353  0.00000000  0.00000000 
  0.00289436  0.00000000  0.01958042  0.00559441  0.01000000  0.05000000  0.00000000  0.00000000  0.00306748  0.04601227  0.00000000  0.00000000 
  0.00000000  0.00369686  0.00589391  0.00196464  0.00000000  0.06639004  0.00000000  0.00000000  0.00000000  0.03484321  0.00000000  0.00000000 
  0.00356506  0.00713012  0.00829187  0.00663350  0.00400000  0.06000000  0.00000000  0.00000000  0.00319489  0.04472843  0.00000000  0.00000000 
  0.00449438  0.00000000  0.00814664  0.00610998  0.00000000  0.01754386  0.00000000  0.00000000  0.00413223  0.03719008  0.00000000  0.00000000 
  0.00332226  0.00498339  0.01160093  0.00464037  0.00000000  0.05454545  0.00000000  0.00000000  0.00366300  0.04029304  0.00000000  0.00000000 
  0.00788955  0.00986193  0.01209677  0.01209677  0.00000000  0.04494382  0.00000000  0.00000000  0.00630915  0.02208202  0.00000000  0.00000000 
  0.00345423  0.00172712  0.01165049  0.00388350  0.00000000  0.03448276  0.00000000  0.00000000  0.00000000  0.03202847  0.00000000  0.00355872 
  0.00202020  0.00606061  0.02267574  0.00907029  0.00000000  0.03763441  0.00000000  0.00537634  0.00400000  0.02800000  0.00000000  0.00000000 
  0.00555556  0.01111111  0.02405498  0.01030928  0.00751880  0.03759398  0.00000000  0.00000000  0.00709220  0.04255319  0.00000000  0.00000000 
  0.01408451  0.01207243  0.01948052  0.01948052  0.00540541  0.04324324  0.00540541  0.00000000  0.00000000  0.02484472  0.00621118  0.00621118 
  0.00645161  0.00161290  0.03061224  0.00765306  0.00884956  0.03539823  0.00442478  0.00000000  0.01169591  0.04093567  0.00000000  0.00000000 
  0.00411523  0.00823045  0.01591512  0.00795756  0.00497512  0.02985075  0.00000000  0.00000000  0.00913242  0.03196347  0.00000000  0.00000000 
  0.00343643  0.00515464  0.00729927  0.00486618  0.00421941  0.03797468  0.00000000  0.00000000  0.00000000  0.03157895  0.00000000  0.00526316 
  0.00162338  0.00324675  0.02419355  0.01612903  0.00000000  0.01345291  0.00448430  0.00000000  0.00512821  0.01538462  0.00000000  0.00512821 
  0.00291971  0.00291971  0.00974026  0.00324675  0.00000000  0.04072398  0.00000000  0.00000000  0.00000000  0.05921053  0.00000000  0.00657895 
  0.00385356  0.00192678  0.01857585  0.01238390  0.00526316  0.04210526  0.00000000  0.00000000  0.00000000  0.06666667  0.00000000  0.00000000 
  0.00519031  0.00000000  0.02593660  0.01152738  0.00487805  0.02926829  0.00000000  0.00000000  0.00628931  0.01257862  0.00000000  0.00000000 
  0.00977199  0.00651466  0.02727273  0.01136364  0.01200000  0.02000000  0.00400000  0.00000000  0.01260504  0.02521008  0.00840336  0.00000000 
  0.00331675  0.01326700  0.01906780  0.00847458  0.00000000  0.05462185  0.00000000  0.00000000  0.00456621  0.04566210  0.00456621  0.00456621 
  0.00734214  0.00000000  0.02250000  0.01000000  0.00000000  0.05494505  0.00000000  0.00000000  0.00000000  0.03508772  0.00000000  0.00000000 
  0.00000000  0.00154799  0.01377953  0.01377953  0.00000000  0.02666667  0.00000000  0.00000000  0.00000000  0.03418803  0.00427350  0.00427350 
  0.00000000  0.00618238  0.01587302  0.00198413  0.00000000  0.07812500  0.00000000  0.00000000  0.01158301  0.05405405  0.00000000  0.00000000 
  0.00340136  0.00680272  0.01596806  0.00399202  0.00420168  0.02521008  0.00420168  0.00000000  0.00383142  0.03448276  0.00000000  0.00000000 
  0.00159744  0.00958466  0.01686747  0.00722892  0.00473934  0.02843602  0.00000000  0.00000000  0.00000000  0.06280193  0.00000000  0.00000000 
  0.00398406  0.00796813  0.01383399  0.02173913  0.00000000  0.04255319  0.00000000  0.00000000  0.00400000  0.03200000  0.00000000  0.00000000 
  0.00214133  0.00856531  0.01890756  0.00840336  0.00507614  0.03553299  0.00507614  0.00000000  0.00342466  0.02397260  0.00000000  0.00000000 
  0.00532860  0.00710480  0.01650943  0.00471698  0.00000000  0.05418719  0.00000000  0.00000000  0.00000000  0.03947368  0.00000000  0.00000000 
  0.00850340  0.00340136  0.01577287  0.01892744  0.00581395  0.02325581  0.00000000  0.00000000  0.00000000  0.05586592  0.00000000  0.00558659 
