  0.01395349  0.00465116  0.00000000  0.00465116  0.00000000  0.16923077  0.00000000  0.00000000  0.00000000  0.07936508  0.00000000  0.00000000 
  0.00000000  0.00000000  0.00307692  0.00307692  0.00000000  0.05333333  0.00000000  0.00000000  0.00000000  0.05347594  0.00000000  0.00000000 
  0.00000000  0.00000000  0.01005025  0.00502513  0.00000000  0.19565217  0.00000000  0.00000000  0.00000000  0.04672897  0.00000000  0.00000000 
  0.00000000  0.00000000  0.00448430  0.01345291  0.00000000  0.11764706  0.00000000  0.00000000  0.00000000  0.09090909  0.00000000  0.00000000 
  0.00000000  0.00471698  0.00473934  0.01421801  0.00000000  0.23943662  0.00000000  0.00000000  0.00000000  0.09615385  0.00000000  0.00000000 
  0.00000000  0.00000000  0.00581395  0.01744186  0.00000000  0.24074074  0.00000000  0.00000000  0.00000000  0.13580247  0.00000000  0.02469136 
  0.01415094  0.01415094  0.01169591  0.00000000  0.00000000  0.11320755  0.00000000  0.00000000  0.00909091  0.07272727  0.00000000  0.00000000 
  0.00000000  0.01538462  0.01739130  0.01739130  0.00000000  0.18518519  0.00000000  0.00000000  0.00000000  0.07594937  0.00000000  0.00000000 
  0.00000000  0.00478469  0.00800000  0.01600000  0.00000000  0.22222222  0.00000000  0.00000000  0.00000000  0.10937500  0.00000000  0.00000000 
  0.00574713  0.00000000  0.00000000  0.01086957  0.00000000  0.38636364  0.00000000  0.00000000  0.00000000  0.10606061  0.00000000  0.00000000 
  0.00000000  0.00490196  0.00000000  0.03947368  0.00000000  0.15217391  0.00000000  0.00000000  0.00000000  0.06976744  0.00000000  0.00000000 
  0.00000000  0.00000000  0.00000000  0.02654867  0.00000000  0.29787234  0.00000000  0.00000000  0.00000000  0.06000000  0.00000000  0.00000000 
  0.00000000  0.00448430  0.00800000  0.00000000  0.00000000  0.14545455  0.00000000  0.00000000  0.00000000  0.08695652  0.00000000  0.00000000 
  0.00000000  0.00840336  0.00000000  0.01538462  0.00000000  0.15000000  0.00000000  0.00000000  0.00000000  0.06194690  0.00000000  0.00000000 
  0.00000000  0.00000000  0.00000000  0.00913242  0.00000000  0.12121212  0.00000000  0.00000000  0.00000000  0.13709677  0.00806452  0.00000000 
  0.00000000  0.00423729  0.00386100  0.00386100  0.00000000  0.16393443  0.01639344  0.00000000  0.00000000  0.09696970  0.00000000  0.00000000 
  0.00420168  0.00420168  0.00374532  0.00749064  0.00000000  0.12500000  0.00000000  0.00000000  0.00000000  0.11392405  0.00000000  0.00000000 
  0.00000000  0.00000000  0.00000000  0.00000000  0.00000000  0.10769231  0.00000000  0.00000000  0.00000000  0.10000000  0.00000000  0.00000000 
  0.00000000  0.00366300  0.00000000  0.00000000  0.00000000  0.11864407  0.00000000  0.00000000  0.00000000  0.12844037  0.00000000  0.00000000 
  0.00000000  0.00378788  0.02347418  0.00469484  0.00000000  0.14285714  0.00000000  0.00000000  0.00000000  0.13114754  0.00000000  0.00000000 
  0.00358423  0.00716846  0.00881057  0.00440529  0.00000000  0.16071429  0.00000000  0.00000000  0.00000000  0.06081081  0.00000000  0.00000000 
  0.00369004  0.00000000  0.01923077  0.00480769  0.00000000  0.08333333  0.00000000  0.00000000  0.00000000  0.05521472  0.00000000  0.00000000 
  0.00000000  0.00809717  0.01915709  0.00383142  0.00000000  0.12359551  0.00000000  0.00000000  0.00000000  0.07843137  0.00000000  0.00000000 
  0.00000000  0.00743494  0.01041667  0.00347222  0.00000000  0.13114754  0.00000000  0.00000000  0.00000000  0.09090909  0.00000000  0.00000000 
  0.00476190  0.00000000  0.00305810  0.01223242  0.01234568  0.09876543  0.00000000  0.00000000  0.00000000  0.05479452  0.00000000  0.00000000 
  0.00462963  0.00000000  0.00714286  0.01071429  0.00000000  0.06944444  0.00000000  0.00000000  0.00000000  0.08796296  0.00000000  0.00000000 
  0.00000000  0.00000000  0.00836820  0.00836820  0.00000000  0.16129032  0.00000000  0.00000000  0.00000000  0.10071942  0.00000000  0.00000000 
  0.00000000  0.00387597  0.01785714  0.00000000  0.00000000  0.13924051  0.00000000  0.00000000  0.00709220  0.08510638  0.00000000  0.00000000 
  0.00000000  0.00778210  0.00823045  0.01234568  0.00000000  0.16883117  0.00000000  0.00000000  0.00000000  0.07031250  0.00000000  0.00000000 
  0.00000000  0.00711744  0.00324675  0.00649351  0.00000000  0.08695652  0.00000000  0.00000000  0.00458716  0.07798165  0.00000000  0.00000000 
  0.00701754  0.00000000  0.01194030  0.00298507  0.00000000  0.10937500  0.00000000  0.00000000  0.00000000  0.11267606  0.00000000  0.00000000 
  0.00000000  0.00000000  0.00431034  0.00862069  0.00000000  0.06756757  0.00000000  0.00000000  0.00000000  0.06944444  0.00000000  0.00000000 
  0.00000000  0.00823045  0.00000000  0.00467290  0.01515152  0.15151515  0.00000000  0.00000000  0.00000000  0.11643836  0.00000000  0.00000000 
  0.00431034  0.00000000  0.00000000  0.00000000  0.00000000  0.20833333  0.00000000  0.00000000  0.00000000  0.09836066  0.00000000  0.00000000 
  0.00000000  0.01287554  0.00000000  0.00000000  0.00000000  0.24324324  0.00000000  0.00000000  0.00000000  0.05405405  0.00000000  0.00000000 
  0.00432900  0.00000000  0.00757576  0.02272727  0.00000000  0.15873016  0.00000000  0.00000000  0.00000000  0.16091954  0.00000000  0.00000000 
  0.00000000  0.01304348  0.00000000  0.01612903  0.00000000  0.20689655  0.00000000  0.00000000  0.00000000  0.08955224  0.00000000  0.01492537 
  0.00000000  0.01463415  0.01063830  0.00000000  0.00000000  0.20000000  0.00000000  0.00000000  0.00000000  0.11764706  0.00000000  0.00000000 
  0.00000000  0.00000000  0.00884956  0.00884956  0.00000000  0.21276596  0.00000000  0.00000000  0.00000000  0.11688312  0.00000000  0.00000000 
  0.00000000  0.00518135  0.00000000  0.00000000  0.00000000  0.21212121  0.00000000  0.00000000  0.00000000  0.08333333  0.00000000  0.00000000 
  0.00000000  0.01030928  0.00956938  0.00000000  0.00000000  0.15625000  0.00000000  0.00000000  0.00000000  0.10852713  0.00000000  0.00000000 
  0.00000000  0.02051282  0.00452489  0.00000000  0.00000000  0.18333333  0.00000000  0.00000000  0.00000000  0.11029412  0.00000000  0.00000000 
  0.00000000  0.00000000  0.00000000  0.00000000  0.00000000  0.05882353  0.00000000  0.00000000  0.00746269  0.11194030  0.00000000  0.00000000 
  0.00000000  0.00427350  0.01276596  0.00000000  0.00000000  0.16071429  0.00000000  0.00000000  0.00625000  0.07500000  0.00000000  0.00000000 
  0.00000000  0.00873362  0.00751880  0.01503759  0.00000000  0.13725490  0.00000000  0.00000000  0.00000000  0.08474576  0.00000000  0.00000000 
  0.00000000  0.00450450  0.00000000  0.01142857  0.00000000  0.14814815  0.00000000  0.00000000  0.00000000  0.05319149  0.00000000  0.00000000 
  0.00000000  0.00431034  0.00000000  0.00000000  0.00000000  0.16666667  0.00000000  0.00000000  0.00000000  0.11363636  0.00000000  0.00000000 
  0.00000000  0.01382488  0.00699301  0.00699301  0.00000000  0.11538462  0.00000000  0.00000000  0.00000000  0.09090909  0.00000000  0.00000000 
  0.00000000  0.00000000  0.00000000  0.00000000  0.00000000  0.32142857  0.00000000  0.00000000  0.00000000  0.09259259  0.00000000  0.00000000 
  0.00000000  0.00476190  0.01162791  0.01162791  0.00000000  0.18181818  0.00000000  0.00000000  0.00000000  0.11475410  0.00000000  0.00000000 
  0.00000000  0.00438596  0.01142857  0.02285714  0.00000000  0.18867925  0.00000000  0.00000000  0.00000000  0.08547009  0.00000000  0.00000000 
  0.00000000  0.00843882  0.00000000  0.01769912  0.00000000  0.25581395  0.00000000  0.00000000  0.00000000  0.05797101  0.00000000  0.00000000 
  0.00000000  0.01244813  0.00000000  0.00000000  0.00000000  0.15873016  0.00000000  0.00000000  0.00000000  0.04800000  0.00000000  0.00000000 
  0.00000000  0.00000000  0.01459854  0.00729927  0.00000000  0.20833333  0.00000000  0.00000000  0.00000000  0.06944444  0.00000000  0.00000000 
  0.00000000  0.01895735  0.00000000  0.03846154  0.00000000  0.21739130  0.00000000  0.00000000  0.00000000  0.06000000  0.00000000  0.02000000 
  0.00000000  0.00450450  0.00000000  0.02631579  0.00000000  0.29787234  0.00000000  0.00000000  0.00000000  0.09523810  0.00000000  0.00000000 
  0.00000000  0.01470588  0.00000000  0.03773585  0.00000000  0.39130435  0.00000000  0.00000000  0.00000000  0.11764706  0.00000000  0.00000000 
  0.00000000  0.00904977  0.00000000  0.00000000  0.00000000  0.24528302  0.00000000  0.00000000  0.00000000  0.16279070  0.00000000  0.00000000 
  0.00000000  0.00000000  0.01010101  0.00505051  0.00000000  0.20779221  0.00000000  0.00000000  0.00000000  0.11200000  0.00000000  0.00000000 
  0.00000000  0.00000000  0.01351351  0.00900901  0.01923077  0.19230769  0.00000000  0.00000000  0.00000000  0.06666667  0.00000000  0.00000000 
  0.00000000  0.00000000  0.00000000  0.00751880  0.00000000  0.19607843  0.00000000  0.00000000  0.00000000  0.07058824  0.00000000  0.00000000 
  0.00000000  0.00000000  0.00598802  0.00598802  0.00000000  0.26785714  0.00000000  0.00000000  0.00000000  0.07216495  0.00000000  0.00000000 
  0.00000000  0.00478469  0.00000000  0.02941176  0.00000000  0.31250000  0.00000000  0.00000000  0.00000000  0.13333333  0.00000000  0.00000000 
  0.00000000  0.00995025  0.00900901  0.01801802  0.00000000  0.31707317  0.00000000  0.00000000  0.00000000  0.16129032  0.00000000  0.00000000 
  0.00000000  0.00425532  0.00000000  0.00800000  0.00000000  0.19047619  0.00000000  0.00000000  0.00000000  0.16304348  0.00000000  0.00000000 
  0.00000000  0.00000000  0.00000000  0.00800000  0.00000000  0.17073171  0.00000000  0.00000000  0.00000000  0.06451613  0.00000000  0.00000000 
  0.00000000  0.00000000  0.00000000  0.00000000  0.00000000  0.15000000  0.00000000  0.00000000  0.00000000  0.10869565  0.00000000  0.00000000 
  0.00000000  0.00000000  0.01000000  0.02000000  0.00000000  0.17073171  0.00000000  0.00000000  0.00000000  0.25000000  0.00000000  0.00000000 
  0.00000000  0.01554404  0.00000000  0.00000000  0.00000000  0.26666667  0.00000000  0.03333333  0.00000000  0.05263158  0.00000000  0.00000000 
  0.00000000  0.00613497  0.00000000  0.01612903  0.00000000  0.13333333  0.00000000  0.00000000  0.00000000  0.03703704  0.00000000  0.00000000 
  0.00000000  0.01025641  0.01587302  0.03174603  0.00000000  0.31250000  0.00000000  0.03125000  0.00000000  0.11111111  0.00000000  0.00000000 
  0.00000000  0.00000000  0.00000000  0.00000000  0.00000000  0.31111111  0.00000000  0.00000000  0.00000000  0.02941176  0.00000000  0.00000000 
  0.00000000  0.00833333  0.00000000  0.00495050  0.00000000  0.05660377  0.00000000  0.00000000  0.00645161  0.09032258  0.00000000  0.00000000 
  0.00000000  0.00000000  0.02341137  0.00334448  0.00000000  0.09523810  0.00000000  0.00000000  0.00913242  0.09132420  0.00000000  0.00000000 
  0.00000000  0.00375940  0.00297619  0.00297619  0.00000000  0.16666667  0.00000000  0.00000000  0.00862069  0.09051724  0.00000000  0.00000000 
  0.00364964  0.00364964  0.01166181  0.00583090  0.00925926  0.07407407  0.00000000  0.00000000  0.00000000  0.06880734  0.00000000  0.00000000 
  0.00000000  0.00370370  0.01754386  0.00250627  0.00000000  0.07291667  0.00000000  0.00000000  0.00000000  0.08396947  0.00000000  0.00000000 
  0.00716846  0.00358423  0.01171875  0.01171875  0.00000000  0.13513514  0.00000000  0.00000000  0.00000000  0.10191083  0.00000000  0.00000000 
  0.00000000  0.00000000  0.01818182  0.00727273  0.01562500  0.09375000  0.00000000  0.00000000  0.00552486  0.12154696  0.00000000  0.00000000 
  0.00000000  0.01219512  0.01384083  0.02076125  0.00000000  0.12857143  0.00000000  0.00000000  0.00000000  0.06632653  0.00000000  0.00000000 
  0.00000000  0.00406504  0.01941748  0.00000000  0.00000000  0.15686275  0.00000000  0.00000000  0.00555556  0.11111111  0.00000000  0.00000000 
  0.00000000  0.00442478  0.00000000  0.00403226  0.01639344  0.13114754  0.00000000  0.00000000  0.00568182  0.06818182  0.00000000  0.00000000 
  0.00393701  0.00393701  0.00330033  0.01320132  0.00000000  0.17948718  0.00000000  0.00000000  0.01129944  0.05084746  0.00000000  0.00000000 
  0.00000000  0.00843882  0.00357143  0.00357143  0.00000000  0.20588235  0.00000000  0.00000000  0.00526316  0.12105263  0.00000000  0.00000000 
  0.00000000  0.00000000  0.00380228  0.01140684  0.00000000  0.06153846  0.00000000  0.00000000  0.00000000  0.11475410  0.00000000  0.00000000 
  0.00000000  0.00420168  0.01477833  0.00985222  0.00000000  0.09259259  0.00000000  0.00000000  0.00000000  0.05673759  0.00000000  0.00000000 
  0.00000000  0.00000000  0.01507538  0.02010050  0.00000000  0.18604651  0.00000000  0.00000000  0.00000000  0.15909091  0.00000000  0.00000000 
  0.00000000  0.00434783  0.01298701  0.00649351  0.00000000  0.04255319  0.00000000  0.00000000  0.00000000  0.14285714  0.00000000  0.00000000 
  0.00000000  0.00806452  0.00000000  0.02702703  0.00000000  0.10000000  0.00000000  0.00000000  0.00000000  0.10937500  0.00000000  0.00000000 
  0.00000000  0.00000000  0.00512821  0.00000000  0.00000000  0.22448980  0.00000000  0.00000000  0.00000000  0.13541667  0.00000000  0.00000000 
  0.00404858  0.00404858  0.00000000  0.00000000  0.00000000  0.14814815  0.00000000  0.00000000  0.00000000  0.09615385  0.00000000  0.00000000 
  0.00000000  0.01315789  0.00000000  0.01554404  0.00000000  0.20000000  0.00000000  0.00000000  0.00000000  0.11111111  0.00000000  0.00000000 
  0.00000000  0.00427350  0.00000000  0.00515464  0.00000000  0.16666667  0.00000000  0.00000000  0.00000000  0.07258065  0.00000000  0.00000000 
  0.00000000  0.00404858  0.00581395  0.01162791  0.00000000  0.13953488  0.00000000  0.00000000  0.00952381  0.05714286  0.00000000  0.00000000 
  0.00000000  0.01298701  0.00000000  0.01219512  0.00000000  0.10909091  0.00000000  0.00000000  0.00000000  0.05660377  0.00000000  0.00000000 
  0.00000000  0.00000000  0.00769231  0.02307692  0.00000000  0.25531915  0.00000000  0.00000000  0.00000000  0.20312500  0.00000000  0.00000000 
  0.00000000  0.00869565  0.00943396  0.01886792  0.00000000  0.22641509  0.00000000  0.00000000  0.00000000  0.06382979  0.00000000  0.00000000 
  0.00000000  0.00000000  0.00689655  0.02068966  0.00000000  0.19298246  0.00000000  0.00000000  0.00000000  0.12500000  0.00000000  0.00000000 
  0.00000000  0.00403226  0.00000000  0.01648352  0.00000000  0.17777778  0.00000000  0.00000000  0.00000000  0.10000000  0.00000000  0.00000000 
  0.00000000  0.00000000  0.00000000  0.01724138  0.00000000  0.21739130  0.00000000  0.00000000  0.00000000  0.08474576  0.00000000  0.00000000 
  0.00487805  0.00487805  0.00000000  0.00558659  0.00000000  0.11627907  0.00000000  0.00000000  0.00000000  0.07476636  0.00000000  0.00000000 
  0.00000000  0.00000000  0.00869565  0.00000000  0.00000000  0.11363636  0.00000000  0.00000000  0.00000000  0.08450704  0.00000000  0.00000000 
  0.00000000  0.01052632  0.00000000  0.00000000  0.00000000  0.10526316  0.00000000  0.00000000  0.00000000  0.06250000  0.00000000  0.00000000 
  0.00000000  0.01351351  0.00000000  0.00000000  0.00000000  0.14000000  0.00000000  0.00000000  0.00000000  0.05970149  0.00000000  0.00000000 
  0.00000000  0.00429185  0.00540541  0.00540541  0.00000000  0.18032787  0.00000000  0.00000000  0.00000000  0.11363636  0.00000000  0.00000000 
  0.00000000  0.00000000  0.00000000  0.02000000  0.00000000  0.22413793  0.00000000  0.00000000  0.00000000  0.09909910  0.00000000  0.00000000 
  0.00000000  0.00465116  0.00529101  0.02645503  0.00000000  0.18181818  0.00000000  0.01818182  0.00000000  0.13636364  0.00000000  0.00000000 
  0.00000000  0.01136364  0.00420168  0.01680672  0.00000000  0.06060606  0.00000000  0.00000000  0.00000000  0.05072464  0.00000000  0.00000000 
  0.00000000  0.00000000  0.00000000  0.00510204  0.00000000  0.14035088  0.00000000  0.00000000  0.00000000  0.07913669  0.00000000  0.00000000 
  0.00000000  0.00781250  0.00995025  0.00995025  0.00000000  0.10000000  0.00000000  0.00000000  0.00000000  0.08333333  0.00000000  0.00000000 
  0.00000000  0.00371747  0.00526316  0.00526316  0.00000000  0.17307692  0.00000000  0.00000000  0.00000000  0.11650485  0.00000000  0.00000000 
  0.00000000  0.01171875  0.00480769  0.00480769  0.00000000  0.20512821  0.00000000  0.00000000  0.00000000  0.10204082  0.00000000  0.00000000 
  0.00000000  0.00429185  0.00000000  0.00000000  0.00000000  0.06060606  0.00000000  0.00000000  0.00000000  0.08904110  0.00000000  0.00000000 
  0.00000000  0.00450450  0.00000000  0.00588235  0.00000000  0.12903226  0.00000000  0.00000000  0.00000000  0.09473684  0.00000000  0.00000000 
  0.00000000  0.00000000  0.00609756  0.01219512  0.00000000  0.19642857  0.00000000  0.00000000  0.00000000  0.13636364  0.00000000  0.00000000 
  0.00000000  0.00478469  0.00000000  0.00709220  0.00000000  0.14285714  0.00000000  0.00000000  0.00000000  0.07526882  0.00000000  0.02150538 
  0.00000000  0.01716738  0.00000000  0.00483092  0.00000000  0.25000000  0.00000000  0.00000000  0.00675676  0.08783784  0.00000000  0.00000000 
  0.00000000  0.00000000  0.00436681  0.00000000  0.00000000  0.04761905  0.00000000  0.00000000  0.00694444  0.04166667  0.00000000  0.00000000 
  0.00425532  0.00425532  0.00778210  0.00000000  0.00000000  0.09638554  0.00000000  0.00000000  0.00000000  0.06896552  0.00000000  0.00000000 
  0.00446429  0.00000000  0.01412429  0.00282486  0.00000000  0.03947368  0.00000000  0.00000000  0.00000000  0.06878307  0.00000000  0.00000000 
  0.00000000  0.00367647  0.00536193  0.00268097  0.00000000  0.06250000  0.00000000  0.00000000  0.00000000  0.07456140  0.00000000  0.00000000 
  0.00000000  0.00000000  0.00000000  0.00268097  0.00000000  0.09677419  0.00000000  0.00000000  0.00000000  0.06779661  0.00000000  0.00000000 
  0.00000000  0.00421941  0.00815217  0.00271739  0.00000000  0.06666667  0.00000000  0.00000000  0.00000000  0.06976744  0.00000000  0.00000000 
  0.00000000  0.00413223  0.00000000  0.00550964  0.00000000  0.10000000  0.00000000  0.00000000  0.00000000  0.08627451  0.00000000  0.00000000 
  0.00000000  0.00000000  0.00325733  0.00977199  0.00000000  0.13636364  0.00000000  0.00000000  0.00000000  0.05670103  0.00000000  0.00000000 
  0.00000000  0.00000000  0.00980392  0.00980392  0.00000000  0.10606061  0.00000000  0.00000000  0.00000000  0.07142857  0.00000000  0.00000000 
  0.00000000  0.00000000  0.00000000  0.00375940  0.00000000  0.11764706  0.01960784  0.00000000  0.00000000  0.08542714  0.00000000  0.00000000 
  0.00454545  0.00000000  0.00364964  0.00364964  0.01851852  0.12962963  0.00000000  0.00000000  0.00000000  0.08695652  0.00000000  0.00000000 
  0.00000000  0.00000000  0.00865801  0.00432900  0.00000000  0.16393443  0.00000000  0.00000000  0.00000000  0.06756757  0.00000000  0.00000000 
  0.00000000  0.00000000  0.00790514  0.00790514  0.00000000  0.08000000  0.00000000  0.00000000  0.00000000  0.10059172  0.00000000  0.00000000 
  0.00000000  0.00555556  0.00485437  0.00970874  0.00000000  0.18867925  0.00000000  0.00000000  0.00000000  0.06666667  0.00000000  0.00000000 
  0.00473934  0.00000000  0.01315789  0.00000000  0.00000000  0.08000000  0.00000000  0.00000000  0.00000000  0.07207207  0.00000000  0.00000000 
  0.00000000  0.00000000  0.00706714  0.00353357  0.00000000  0.12162162  0.00000000  0.00000000  0.00000000  0.05263158  0.00000000  0.00000000 
  0.00421941  0.00000000  0.00862069  0.01293103  0.00000000  0.12280702  0.00000000  0.00000000  0.00000000  0.11382114  0.00000000  0.00000000 
  0.00000000  0.00000000  0.02654867  0.00884956  0.00000000  0.07692308  0.00000000  0.00000000  0.00000000  0.07857143  0.00000000  0.00000000 
  0.00425532  0.00425532  0.01522843  0.00507614  0.00000000  0.16393443  0.00000000  0.00000000  0.00719424  0.10071942  0.00000000  0.00000000 
  0.00000000  0.00829876  0.01069519  0.01069519  0.00000000  0.08000000  0.00000000  0.02000000  0.00000000  0.09448819  0.00000000  0.00000000 
  0.00406504  0.00000000  0.01250000  0.01250000  0.00000000  0.14035088  0.00000000  0.00000000  0.00000000  0.07377049  0.00000000  0.00000000 
  0.00429185  0.00000000  0.00763359  0.02290076  0.00000000  0.13888889  0.00000000  0.00000000  0.00000000  0.11111111  0.00000000  0.00000000 
  0.00000000  0.00450450  0.00625000  0.01875000  0.00000000  0.07843137  0.00000000  0.00000000  0.00000000  0.12844037  0.00000000  0.00000000 
  0.00790514  0.00395257  0.00689655  0.00689655  0.00000000  0.20000000  0.00000000  0.00000000  0.00000000  0.13978495  0.00000000  0.00000000 
  0.00502513  0.00502513  0.01162791  0.00775194  0.00000000  0.15094340  0.00000000  0.00000000  0.00000000  0.06015038  0.00000000  0.00000000 
  0.00000000  0.00000000  0.00374532  0.00749064  0.00000000  0.06153846  0.01538462  0.00000000  0.00000000  0.04137931  0.00000000  0.00000000 
  0.00000000  0.00913242  0.00000000  0.00000000  0.00000000  0.09302326  0.00000000  0.00000000  0.00000000  0.08035714  0.00000000  0.00000000 
  0.00000000  0.01298701  0.00606061  0.00606061  0.00000000  0.13725490  0.00000000  0.00000000  0.00000000  0.07894737  0.00000000  0.00000000 
  0.00000000  0.00000000  0.00000000  0.00568182  0.00000000  0.09615385  0.00000000  0.00000000  0.00000000  0.03960396  0.00000000  0.00000000 
  0.00465116  0.00000000  0.01282051  0.00000000  0.00000000  0.03278689  0.00000000  0.00000000  0.00000000  0.07746479  0.00000000  0.00000000 
  0.00000000  0.00431034  0.00425532  0.00425532  0.00000000  0.13432836  0.00000000  0.00000000  0.00000000  0.08064516  0.00000000  0.00000000 
  0.00413223  0.00826446  0.00896861  0.00000000  0.00000000  0.15789474  0.00000000  0.00000000  0.00000000  0.07200000  0.00000000  0.00000000 
  0.00000000  0.00000000  0.01530612  0.01020408  0.01388889  0.13888889  0.00000000  0.00000000  0.00000000  0.07284768  0.00000000  0.00000000 
  0.00000000  0.00373134  0.00476190  0.00952381  0.00000000  0.08045977  0.00000000  0.00000000  0.00000000  0.06250000  0.00000000  0.00000000 
  0.00000000  0.00374532  0.00361011  0.00722022  0.00000000  0.10606061  0.00000000  0.00000000  0.00000000  0.08196721  0.00000000  0.00000000 
  0.00444444  0.00888889  0.01593625  0.01195219  0.00000000  0.12987013  0.00000000  0.00000000  0.00000000  0.07284768  0.00000000  0.00000000 
  0.00000000  0.00000000  0.00462963  0.00000000  0.00000000  0.07462687  0.00000000  0.00000000  0.00000000  0.08474576  0.00000000  0.00000000 
  0.00000000  0.00370370  0.00462963  0.00462963  0.00000000  0.21052632  0.00000000  0.00000000  0.00000000  0.03305785  0.00000000  0.00000000 
  0.00000000  0.00000000  0.00000000  0.00000000  0.00000000  0.14942529  0.00000000  0.00000000  0.00781250  0.10156250  0.00000000  0.00000000 
  0.00000000  0.00000000  0.00000000  0.01769912  0.00000000  0.19696970  0.00000000  0.00000000  0.00000000  0.05454545  0.00000000  0.00000000 
  0.00000000  0.00423729  0.01307190  0.00653595  0.00000000  0.16981132  0.00000000  0.00000000  0.00000000  0.16091954  0.00000000  0.00000000 
  0.00000000  0.00913242  0.00000000  0.02654867  0.00000000  0.21739130  0.00000000  0.00000000  0.00000000  0.13636364  0.00000000  0.00000000 
  0.00000000  0.00000000  0.00000000  0.00000000  0.00000000  0.06172840  0.00000000  0.00000000  0.00000000  0.11702128  0.00000000  0.00000000 
  0.00000000  0.00000000  0.00537634  0.01075269  0.00000000  0.08571429  0.00000000  0.00000000  0.00000000  0.03750000  0.00000000  0.00000000 
  0.00436681  0.00436681  0.00751880  0.01503759  0.00000000  0.18750000  0.00000000  0.00000000  0.00000000  0.11340206  0.00000000  0.00000000 
  0.00000000  0.00000000  0.00000000  0.00000000  0.00000000  0.08333333  0.00000000  0.00000000  0.00000000  0.04545455  0.00000000  0.00000000 
  0.00000000  0.00952381  0.00854701  0.00854701  0.00000000  0.14285714  0.00000000  0.00000000  0.00000000  0.09375000  0.00000000  0.00000000 
  0.00000000  0.00917431  0.00000000  0.00000000  0.00000000  0.10256410  0.00000000  0.00000000  0.00000000  0.09090909  0.00000000  0.00000000 
  0.00000000  0.01123596  0.00000000  0.00000000  0.00000000  0.26666667  0.00000000  0.00000000  0.00000000  0.15277778  0.00000000  0.00000000 
  0.00000000  0.00462963  0.00719424  0.00000000  0.00000000  0.17647059  0.00000000  0.00000000  0.00000000  0.15714286  0.00000000  0.01428571 
  0.00000000  0.00440529  0.00487805  0.00487805  0.00000000  0.04615385  0.00000000  0.00000000  0.00000000  0.07526882  0.00000000  0.00000000 
  0.00000000  0.00436681  0.00000000  0.01442308  0.00000000  0.04761905  0.00000000  0.00000000  0.00000000  0.05223881  0.00000000  0.00000000 
  0.00427350  0.00427350  0.00000000  0.00671141  0.01449275  0.11594203  0.00000000  0.00000000  0.00598802  0.08383234  0.00000000  0.00000000 
  0.00000000  0.00444444  0.00000000  0.00000000  0.00000000  0.07792208  0.00000000  0.00000000  0.00000000  0.04790419  0.00000000  0.00000000 
  0.00000000  0.00000000  0.00359712  0.00719424  0.00000000  0.17910448  0.00000000  0.00000000  0.00000000  0.05882353  0.00000000  0.00000000 
  0.00000000  0.00865801  0.01052632  0.00701754  0.00000000  0.11594203  0.00000000  0.00000000  0.00000000  0.10050251  0.00000000  0.00000000 
  0.00364964  0.00000000  0.00879765  0.00586510  0.00000000  0.07894737  0.00000000  0.00000000  0.00000000  0.06122449  0.00000000  0.00000000 
  0.00000000  0.00000000  0.00711744  0.00355872  0.00000000  0.16393443  0.00000000  0.00000000  0.00000000  0.04615385  0.00000000  0.00000000 
  0.00000000  0.00000000  0.01006711  0.01342282  0.01190476  0.08333333  0.00000000  0.00000000  0.00000000  0.08152174  0.00000000  0.00000000 
  0.00000000  0.00000000  0.00934579  0.00934579  0.00000000  0.08000000  0.00000000  0.00000000  0.00000000  0.06122449  0.00000000  0.00680272 
  0.00000000  0.00403226  0.00806452  0.01612903  0.00000000  0.17857143  0.00000000  0.00000000  0.00000000  0.06493506  0.00000000  0.00000000 
  0.00000000  0.01893939  0.00000000  0.01290323  0.00000000  0.12698413  0.00000000  0.00000000  0.00000000  0.13953488  0.00000000  0.00000000 
  0.00000000  0.00483092  0.00000000  0.00961538  0.00000000  0.26190476  0.00000000  0.00000000  0.00000000  0.20000000  0.00000000  0.00000000 
  0.00000000  0.00473934  0.00800000  0.00800000  0.00000000  0.25581395  0.00000000  0.00000000  0.00000000  0.08064516  0.00000000  0.00000000 
  0.00000000  0.00938967  0.00000000  0.02531646  0.00000000  0.23529412  0.00000000  0.00000000  0.00000000  0.17857143  0.00000000  0.00000000 
  0.00000000  0.00000000  0.00000000  0.03278689  0.00000000  0.26470588  0.00000000  0.02941176  0.00000000  0.21212121  0.00000000  0.03030303 
  0.00000000  0.00884956  0.00990099  0.00000000  0.00000000  0.25000000  0.00000000  0.02083333  0.00000000  0.10416667  0.00000000  0.00000000 
  0.00000000  0.00473934  0.00000000  0.02884615  0.00000000  0.17021277  0.00000000  0.00000000  0.00000000  0.14814815  0.00000000  0.00000000 
  0.00497512  0.00497512  0.03174603  0.00793651  0.00000000  0.14893617  0.00000000  0.00000000  0.00000000  0.08771930  0.00000000  0.00000000 
  0.00000000  0.01351351  0.00000000  0.01136364  0.00000000  0.17073171  0.00000000  0.00000000  0.00000000  0.17187500  0.00000000  0.00000000 
  0.00000000  0.00000000  0.00000000  0.00000000  0.00000000  0.17391304  0.00000000  0.00000000  0.00000000  0.13333333  0.00000000  0.02222222 
  0.00000000  0.00473934  0.00552486  0.00000000  0.00000000  0.10606061  0.00000000  0.00000000  0.00000000  0.09782609  0.00000000  0.00000000 
  0.00432900  0.00432900  0.01081081  0.00540541  0.00000000  0.13725490  0.00000000  0.00000000  0.00000000  0.05172414  0.00000000  0.00000000 
  0.00000000  0.01229508  0.00000000  0.01395349  0.00000000  0.23437500  0.00000000  0.00000000  0.00000000  0.08527132  0.00000000  0.00000000 
  0.00000000  0.00389105  0.01498127  0.00000000  0.00000000  0.12698413  0.00000000  0.00000000  0.00000000  0.07843137  0.00000000  0.00000000 
  0.00000000  0.00000000  0.01459854  0.00729927  0.00000000  0.04000000  0.00000000  0.00000000  0.00000000  0.05434783  0.00000000  0.00000000 
  0.00423729  0.00000000  0.01107011  0.01476015  0.00000000  0.10810811  0.00000000  0.00000000  0.00000000  0.07647059  0.00000000  0.00000000 
  0.00000000  0.00956938  0.00452489  0.01357466  0.00000000  0.04545455  0.00000000  0.00000000  0.00000000  0.12925170  0.00000000  0.00000000 
  0.00000000  0.00000000  0.00555556  0.00000000  0.00000000  0.21818182  0.00000000  0.00000000  0.00000000  0.02654867  0.00000000  0.00000000 
  0.00000000  0.00507614  0.00500000  0.01000000  0.00000000  0.05000000  0.00000000  0.00000000  0.00000000  0.07000000  0.00000000  0.00000000 
  0.00000000  0.00000000  0.01271186  0.00847458  0.01408451  0.04225352  0.00000000  0.00000000  0.01600000  0.07200000  0.00000000  0.00000000 
  0.00000000  0.01746725  0.00425532  0.00000000  0.00000000  0.03389831  0.00000000  0.00000000  0.00000000  0.03846154  0.00000000  0.00000000 
  0.00452489  0.00452489  0.00000000  0.01724138  0.00000000  0.05555556  0.00000000  0.00000000  0.00000000  0.12500000  0.00000000  0.00000000 
  0.00467290  0.00000000  0.00000000  0.01000000  0.00000000  0.13157895  0.00000000  0.00000000  0.00000000  0.12195122  0.00000000  0.00000000 
  0.00574713  0.00574713  0.01612903  0.01612903  0.00000000  0.28205128  0.00000000  0.00000000  0.00000000  0.04878049  0.00000000  0.00000000 
  0.00000000  0.00571429  0.00000000  0.03773585  0.00000000  0.30434783  0.00000000  0.04347826  0.00000000  0.04166667  0.00000000  0.00000000 
  0.00561798  0.00561798  0.00000000  0.04838710  0.00000000  0.23076923  0.00000000  0.00000000  0.00000000  0.06451613  0.00000000  0.00000000 
  0.00000000  0.00495050  0.00000000  0.03773585  0.00000000  0.25581395  0.00000000  0.00000000  0.00000000  0.16666667  0.00000000  0.00000000 
  0.00000000  0.00000000  0.00000000  0.00000000  0.00000000  0.28260870  0.00000000  0.00000000  0.00000000  0.12820513  0.00000000  0.00000000 
  0.00000000  0.01015228  0.01587302  0.06349206  0.00000000  0.23809524  0.00000000  0.00000000  0.00000000  0.13043478  0.00000000  0.00000000 
  0.00000000  0.00480769  0.00000000  0.01851852  0.00000000  0.20930233  0.00000000  0.00000000  0.00000000  0.15000000  0.00000000  0.00000000 
  0.00000000  0.00000000  0.00000000  0.00375940  0.00000000  0.08219178  0.00000000  0.00000000  0.00000000  0.07303371  0.00000000  0.00561798 
  0.00000000  0.00000000  0.02230483  0.00000000  0.00000000  0.05633803  0.00000000  0.00000000  0.00000000  0.04081633  0.00000000  0.00000000 
  0.00000000  0.00826446  0.01785714  0.00446429  0.00000000  0.11538462  0.00000000  0.00000000  0.00000000  0.03164557  0.00000000  0.00000000 
  0.00000000  0.00000000  0.00442478  0.00000000  0.01315789  0.17105263  0.00000000  0.00000000  0.00000000  0.09090909  0.00000000  0.00000000 
  0.00425532  0.00000000  0.00000000  0.00641026  0.01351351  0.04054054  0.00000000  0.00000000  0.00000000  0.09473684  0.00000000  0.00000000 
  0.00000000  0.00833333  0.01886792  0.00000000  0.00000000  0.07936508  0.00000000  0.00000000  0.00000000  0.06122449  0.00000000  0.00000000 
  0.00380228  0.00380228  0.01923077  0.00480769  0.00000000  0.07142857  0.00000000  0.00000000  0.00000000  0.08888889  0.00000000  0.00000000 
  0.00347222  0.00694444  0.01183432  0.01183432  0.00000000  0.10843373  0.00000000  0.00000000  0.00000000  0.09210526  0.00000000  0.00000000 
  0.00000000  0.00000000  0.00621118  0.01242236  0.00000000  0.05555556  0.01851852  0.00000000  0.00000000  0.06097561  0.00000000  0.00000000 
  0.00000000  0.00800000  0.02238806  0.01492537  0.00000000  0.15789474  0.00000000  0.00000000  0.00000000  0.02941176  0.00000000  0.00000000 
  0.00364964  0.00729927  0.00892857  0.00000000  0.00000000  0.09677419  0.00000000  0.00000000  0.00000000  0.04615385  0.00000000  0.00000000 
  0.00000000  0.01060071  0.01379310  0.00000000  0.00000000  0.11290323  0.00000000  0.00000000  0.00000000  0.12903226  0.00000000  0.00000000 
  0.00000000  0.01486989  0.00000000  0.01923077  0.00000000  0.14634146  0.00000000  0.00000000  0.00000000  0.06382979  0.00000000  0.00000000 
  0.00000000  0.00342466  0.01204819  0.03614458  0.00000000  0.18181818  0.00000000  0.00000000  0.00000000  0.16000000  0.00000000  0.00000000 
  0.00000000  0.00735294  0.00819672  0.01639344  0.00000000  0.09302326  0.00000000  0.00000000  0.00000000  0.13432836  0.00000000  0.00000000 
  0.00000000  0.00746269  0.00884956  0.00884956  0.00000000  0.18750000  0.00000000  0.00000000  0.00000000  0.14814815  0.00000000  0.00000000 
  0.00000000  0.00377358  0.01492537  0.00746269  0.00000000  0.05454545  0.00000000  0.00000000  0.00000000  0.16455696  0.00000000  0.00000000 
  0.00000000  0.00000000  0.01149425  0.00000000  0.00000000  0.05000000  0.00000000  0.00000000  0.00000000  0.08860759  0.00000000  0.00000000 
  0.00400000  0.00400000  0.01342282  0.00671141  0.00000000  0.10256410  0.00000000  0.00000000  0.00000000  0.11842105  0.00000000  0.00000000 
  0.00000000  0.00851064  0.00662252  0.00662252  0.00000000  0.24444444  0.00000000  0.00000000  0.00000000  0.20895522  0.00000000  0.00000000 
