  0.00102987  0.00223138  0.00357255  0.00294210  0.00045725  0.05121171  0.00045725  0.00000000  0.00032520  0.04422764  0.00000000  0.00000000 
  0.00140154  0.00192712  0.00266639  0.00307661  0.00000000  0.04180682  0.00000000  0.00048054  0.00030558  0.03880825  0.00000000  0.00000000 
  0.00243351  0.00225969  0.00399957  0.00324289  0.00092678  0.04402224  0.00000000  0.00000000  0.00031969  0.04251918  0.00000000  0.00000000 
  0.00086415  0.00207397  0.00438185  0.00396453  0.00000000  0.04898157  0.00000000  0.00048497  0.00076348  0.04367079  0.00000000  0.00015270 
  0.00069180  0.00328606  0.00321978  0.00425841  0.00147131  0.05296714  0.00049044  0.00000000  0.00061059  0.03938330  0.00000000  0.00000000 
  0.00195730  0.00302491  0.00320083  0.00237481  0.00094967  0.05413105  0.00000000  0.00000000  0.00030713  0.04330467  0.00000000  0.00015356 
  0.00084090  0.00218634  0.00277363  0.00266695  0.00000000  0.04825368  0.00000000  0.00000000  0.00015765  0.03894056  0.00000000  0.00000000 
  0.00119617  0.00324675  0.00381841  0.00296988  0.00000000  0.04845606  0.00000000  0.00047506  0.00015557  0.04029247  0.00000000  0.00015557 
  0.00103022  0.00291896  0.00315225  0.00273195  0.00046926  0.04598780  0.00000000  0.00000000  0.00030855  0.03949398  0.00015427  0.00000000 
  0.00123544  0.00335334  0.00396743  0.00365421  0.00095831  0.05079061  0.00047916  0.00000000  0.00014830  0.03796530  0.00000000  0.00014830 
  0.00107411  0.00214823  0.00320413  0.00351421  0.00000000  0.03652335  0.00000000  0.00000000  0.00045188  0.03690315  0.00000000  0.00000000 
  0.00177117  0.00265675  0.00458248  0.00437882  0.00138058  0.04095720  0.00000000  0.00000000  0.00058038  0.04033662  0.00000000  0.00000000 
  0.00087214  0.00174429  0.00423816  0.00248088  0.00000000  0.04497221  0.00000000  0.00000000  0.00042986  0.03567846  0.00000000  0.00000000 
  0.00125045  0.00321543  0.00340955  0.00320899  0.00048591  0.04130224  0.00000000  0.00097182  0.00065885  0.03360126  0.00000000  0.00000000 
  0.00096043  0.00249712  0.00347222  0.00250772  0.00054735  0.04433498  0.00000000  0.00054735  0.00011526  0.02939142  0.00000000  0.00000000 
  0.00082764  0.00206911  0.00349150  0.00277529  0.00057837  0.04453441  0.00000000  0.00000000  0.00009678  0.02042001  0.00000000  0.00000000 
  0.00089405  0.00223514  0.00324533  0.00315762  0.00000000  0.04895961  0.00000000  0.00000000  0.00016700  0.02020708  0.00000000  0.00000000 
  0.00093831  0.00164204  0.00237666  0.00262252  0.00000000  0.04971591  0.00000000  0.00000000  0.00022088  0.01899573  0.00000000  0.00007363 
  0.00127453  0.00254907  0.00271402  0.00333437  0.00000000  0.04449008  0.00000000  0.00136893  0.00026375  0.01747330  0.00000000  0.00013187 
  0.00133833  0.00240899  0.00237511  0.00252835  0.00000000  0.04277700  0.00000000  0.00000000  0.00006152  0.01888650  0.00000000  0.00006152 
  0.00212993  0.00292865  0.00230363  0.00185777  0.00155400  0.05205905  0.00000000  0.00000000  0.00017312  0.02031277  0.00000000  0.00000000 
  0.00143968  0.00086381  0.00212660  0.00219749  0.00000000  0.06314948  0.00000000  0.00000000  0.00000000  0.02003896  0.00000000  0.00000000 
  0.00232221  0.00319303  0.00263370  0.00285317  0.00000000  0.04141104  0.00000000  0.00000000  0.00043587  0.02075842  0.00000000  0.00000000 
  0.00083426  0.00083426  0.00174090  0.00253881  0.00000000  0.03709810  0.00000000  0.00000000  0.00010694  0.02053256  0.00000000  0.00000000 
  0.00084175  0.00252525  0.00251684  0.00273891  0.00081833  0.05073650  0.00000000  0.00000000  0.00005262  0.02062832  0.00000000  0.00000000 
  0.00110436  0.00193263  0.00182575  0.00219090  0.00246711  0.04523026  0.00000000  0.00000000  0.00005126  0.01983802  0.00000000  0.00000000 
  0.00113250  0.00226501  0.00228441  0.00264135  0.00000000  0.05898123  0.00000000  0.00000000  0.00000000  0.02315308  0.00000000  0.00000000 
  0.00082804  0.00248413  0.00131291  0.00269876  0.00000000  0.05022026  0.00000000  0.00000000  0.00004910  0.01909859  0.00000000  0.00004910 
  0.00054526  0.00381679  0.00189160  0.00247363  0.00088261  0.04060018  0.00000000  0.00000000  0.00004837  0.02065296  0.00000000  0.00000000 
  0.00114449  0.00371960  0.00142399  0.00277679  0.00000000  0.04761905  0.00000000  0.00093371  0.00014223  0.02124028  0.00000000  0.00000000 
  0.00224215  0.00420404  0.00155433  0.00190759  0.00000000  0.05021645  0.00000000  0.00000000  0.00000000  0.02132499  0.00000000  0.00000000 
  0.00057571  0.00230282  0.00152386  0.00387892  0.00092678  0.04726599  0.00000000  0.00000000  0.00000000  0.02325896  0.00000000  0.00000000 
  0.00029283  0.00234261  0.00123984  0.00247968  0.00000000  0.05512573  0.00000000  0.00000000  0.00004607  0.02243413  0.00000000  0.00000000 
  0.00060624  0.00272810  0.00134753  0.00242555  0.00000000  0.05597015  0.00093284  0.00000000  0.00009203  0.02130401  0.00000000  0.00000000 
  0.00309119  0.00309119  0.00160460  0.00280805  0.00097371  0.04479065  0.00000000  0.00000000  0.00004486  0.02202683  0.00000000  0.00000000 
  0.00214329  0.00244948  0.00139563  0.00225959  0.00000000  0.06483301  0.00000000  0.00000000  0.00000000  0.02319402  0.00000000  0.00009007 
  0.00250000  0.00281250  0.00135248  0.00238295  0.00000000  0.05353535  0.00000000  0.00000000  0.00013410  0.02288575  0.00000000  0.00000000 
  0.00198085  0.00264114  0.00168056  0.00323185  0.00103734  0.05809129  0.00103734  0.00000000  0.00008884  0.02149964  0.00000000  0.00008884 
  0.00063674  0.00318370  0.00102874  0.00315052  0.00107991  0.05075594  0.00215983  0.00107991  0.00000000  0.02196856  0.00000000  0.00000000 
  0.00125156  0.00156446  0.00143192  0.00331945  0.00000000  0.05537099  0.00000000  0.00000000  0.00004568  0.02366377  0.00000000  0.00000000 
  0.00127592  0.00191388  0.00149196  0.00265957  0.00103520  0.05383023  0.00000000  0.00000000  0.00004659  0.02282892  0.00000000  0.00000000 
  0.00124533  0.00249066  0.00126734  0.00300160  0.00000000  0.06109980  0.00000000  0.00101833  0.00009494  0.02311672  0.00000000  0.00000000 
  0.00212895  0.00334550  0.00193217  0.00213205  0.00000000  0.06349206  0.00000000  0.00000000  0.00000000  0.02408888  0.00000000  0.00000000 
  0.00177989  0.00326313  0.00105604  0.00217807  0.00000000  0.06530612  0.00000000  0.00000000  0.00004992  0.02655486  0.00000000  0.00000000 
  0.00119832  0.00209706  0.00153415  0.00393543  0.00101626  0.05894309  0.00000000  0.00101626  0.00015191  0.02572412  0.00000000  0.00005064 
  0.00120012  0.00180018  0.00141348  0.00370196  0.00195695  0.06164384  0.00000000  0.00000000  0.00000000  0.02650314  0.00000000  0.00005197 
  0.00174774  0.00291290  0.00202552  0.00384849  0.00288462  0.06250000  0.00000000  0.00000000  0.00005235  0.02559673  0.00000000  0.00005235 
  0.00227920  0.00142450  0.00109898  0.00295350  0.00096525  0.06370656  0.00000000  0.00000000  0.00005314  0.02518865  0.00000000  0.00000000 
  0.00055203  0.00358819  0.00172449  0.00317307  0.00098425  0.05216535  0.00000000  0.00000000  0.00005565  0.02560107  0.00000000  0.00011131 
  0.00164294  0.00301205  0.00147121  0.00336276  0.00000000  0.04812320  0.00096246  0.00000000  0.00005592  0.02488536  0.00000000  0.00000000 
  0.00136724  0.00246103  0.00144968  0.00365870  0.00000000  0.05311355  0.00000000  0.00000000  0.00011416  0.02825504  0.00000000  0.00000000 
  0.00157439  0.00341118  0.00170879  0.00306159  0.00000000  0.07909605  0.00094162  0.00000000  0.00000000  0.02776147  0.00000000  0.00000000 
  0.00235233  0.00287507  0.00194315  0.00338251  0.00000000  0.06692532  0.00000000  0.00000000  0.00006060  0.02763469  0.00000000  0.00000000 
  0.00052938  0.00158814  0.00135414  0.00313591  0.00184672  0.06371191  0.00000000  0.00000000  0.00006119  0.02704687  0.00000000  0.00018358 
  0.00079365  0.00370370  0.00178648  0.00371588  0.00000000  0.05898123  0.00000000  0.00000000  0.00000000  0.02848297  0.00000000  0.00000000 
  0.00079051  0.00368906  0.00201482  0.00388573  0.00000000  0.05623902  0.00000000  0.00000000  0.00012382  0.03083210  0.00006191  0.00006191 
  0.00131130  0.00314713  0.00207187  0.00328642  0.00088261  0.06707855  0.00000000  0.00000000  0.00000000  0.02755982  0.00000000  0.00006485 
  0.00236407  0.00210139  0.00129310  0.00380747  0.00000000  0.07179487  0.00000000  0.00000000  0.00000000  0.03086420  0.00000000  0.00000000 
  0.00177395  0.00354790  0.00156975  0.00256868  0.00000000  0.07530648  0.00000000  0.00000000  0.00000000  0.02937512  0.00000000  0.00006557 
  0.00151095  0.00176278  0.00146628  0.00344575  0.00000000  0.06042553  0.00000000  0.00000000  0.00006741  0.02804179  0.00000000  0.00000000 
  0.00050277  0.00276521  0.00173636  0.00405151  0.00000000  0.05794557  0.00000000  0.00000000  0.00000000  0.02930824  0.00000000  0.00006769 
  0.00075605  0.00252016  0.00236844  0.00325661  0.00080841  0.05578011  0.00000000  0.00000000  0.00000000  0.03226465  0.00000000  0.00006807 
  0.00173568  0.00347136  0.00219925  0.00315226  0.00087489  0.04724409  0.00000000  0.00000000  0.00006970  0.03178365  0.00000000  0.00006970 
  0.00167464  0.00406699  0.00229070  0.00280795  0.00000000  0.06110652  0.00000000  0.00000000  0.00014083  0.03006619  0.00000000  0.00000000 
  0.00170815  0.00341630  0.00209502  0.00351665  0.00000000  0.05523495  0.00000000  0.00000000  0.00007235  0.02923088  0.00000000  0.00007235 
  0.00191985  0.00407967  0.00247265  0.00382137  0.00000000  0.05647841  0.00000000  0.00000000  0.00014398  0.03160320  0.00000000  0.00007199 
  0.00119589  0.00191342  0.00253750  0.00373162  0.00000000  0.06180666  0.00000000  0.00000000  0.00007384  0.03130769  0.00000000  0.00007384 
  0.00185787  0.00348351  0.00163800  0.00282928  0.00000000  0.05645161  0.00000000  0.00000000  0.00015168  0.03139694  0.00000000  0.00007584 
  0.00096293  0.00409244  0.00193582  0.00335046  0.00000000  0.05965463  0.00078493  0.00000000  0.00000000  0.03135176  0.00000000  0.00000000 
  0.00093284  0.00093284  0.00246489  0.00291306  0.00000000  0.05657371  0.00000000  0.00000000  0.00007568  0.03291963  0.00000000  0.00000000 
  0.00114574  0.00297892  0.00243661  0.00258890  0.00075358  0.06480784  0.00075358  0.00000000  0.00015113  0.03022518  0.00000000  0.00000000 
  0.00165798  0.00142113  0.00196865  0.00371015  0.00000000  0.05243161  0.00000000  0.00075988  0.00000000  0.03297962  0.00000000  0.00007634 
  0.00046232  0.00277393  0.00223197  0.00361733  0.00072150  0.05050505  0.00000000  0.00000000  0.00007909  0.03266371  0.00000000  0.00007909 
  0.00160440  0.00206280  0.00229446  0.00298279  0.00000000  0.05474171  0.00000000  0.00000000  0.00024000  0.03120000  0.00000000  0.00000000 
  0.00115580  0.00462321  0.00198534  0.00198534  0.00000000  0.06404321  0.00000000  0.00000000  0.00000000  0.03290921  0.00000000  0.00000000 
  0.00045321  0.00294584  0.00176313  0.00421617  0.00000000  0.06424792  0.00000000  0.00000000  0.00016059  0.03324233  0.00000000  0.00000000 
  0.00092208  0.00184417  0.00174163  0.00310465  0.00000000  0.04740406  0.00000000  0.00000000  0.00000000  0.03147818  0.00000000  0.00000000 
  0.00178372  0.00267559  0.00243217  0.00463632  0.00000000  0.05312500  0.00000000  0.00000000  0.00008383  0.03302875  0.00008383  0.00000000 
  0.00000000  0.00309598  0.00244163  0.00259423  0.00000000  0.05604720  0.00000000  0.00073746  0.00024884  0.03069011  0.00008295  0.00008295 
  0.00200267  0.00267023  0.00170728  0.00395778  0.00069784  0.06838800  0.00000000  0.00069784  0.00008384  0.03320198  0.00000000  0.00008384 
  0.00201930  0.00336549  0.00206296  0.00320905  0.00070621  0.06214689  0.00000000  0.00000000  0.00008421  0.03183158  0.00000000  0.00000000 
  0.00044014  0.00352113  0.00262143  0.00424056  0.00000000  0.05311077  0.00000000  0.00000000  0.00008269  0.03034814  0.00000000  0.00000000 
  0.00134018  0.00223364  0.00239050  0.00331585  0.00070671  0.05229682  0.00000000  0.00000000  0.00000000  0.03475002  0.00008517  0.00017034 
