  0.00860949  0.01510721  0.02130937  0.01540436  0.01789976  0.12649165  0.00298329  0.00238663  0.00392437  0.07420621  0.00107028  0.00249732 
  0.00802752  0.01212320  0.02115385  0.01510989  0.01014585  0.12935954  0.00190235  0.00317058  0.00310680  0.05941748  0.00000000  0.00116505 
  0.00839653  0.01652221  0.03509342  0.01787165  0.01746931  0.10953730  0.00424929  0.00188857  0.00669241  0.06409266  0.00025740  0.00025740 
  0.00646147  0.01351034  0.03823608  0.01612044  0.01760131  0.11788784  0.00286533  0.00040933  0.00697320  0.06994988  0.00043582  0.00065374 
  0.00846119  0.01658394  0.03366197  0.01816901  0.01269451  0.10810811  0.00286650  0.00450450  0.00714764  0.06924280  0.00044673  0.00156355 
  0.00806655  0.01436854  0.03660688  0.01970009  0.02115656  0.12129760  0.00376117  0.00094029  0.00702009  0.05664488  0.00048414  0.00048414 
  0.00822718  0.01605626  0.03484378  0.01750368  0.01714602  0.08075221  0.00387168  0.00276549  0.00772311  0.05806636  0.00028604  0.00057208 
  0.00680918  0.01504355  0.02380952  0.01332200  0.00996169  0.03295019  0.00229885  0.00076628  0.00582242  0.04560893  0.00000000  0.00048520 
  0.00795948  0.01429088  0.01690141  0.01161972  0.00703606  0.03605981  0.00087951  0.00087951  0.00271555  0.03258656  0.00067889  0.00203666 
  0.00986895  0.01536968  0.02182469  0.01967800  0.01210287  0.03328290  0.00151286  0.00000000  0.00326584  0.03396473  0.00065317  0.00130634 
  0.00744160  0.01036172  0.02404227  0.01664465  0.00681141  0.05065986  0.00255428  0.00085143  0.00125313  0.03696742  0.00062657  0.00062657 
  0.00566068  0.01188743  0.02354463  0.01526520  0.00669145  0.03866171  0.00148699  0.00037175  0.00450450  0.03732304  0.00257400  0.00064350 
  0.00464554  0.01105640  0.02476014  0.01516558  0.00429923  0.03998280  0.00343938  0.00128977  0.00072727  0.03418182  0.00072727  0.00218182 
  0.00766363  0.01284176  0.02667814  0.01592083  0.01107420  0.04928018  0.00387597  0.00055371  0.00418848  0.04083770  0.00000000  0.00000000 
  0.00547765  0.01402279  0.02434158  0.01755786  0.01031593  0.04448743  0.00386847  0.00128949  0.00301811  0.04828974  0.00201207  0.00000000 
  0.00583973  0.01319347  0.02357881  0.01550388  0.00987654  0.04135802  0.00246914  0.00061728  0.00470588  0.03529412  0.00156863  0.00156863 
  0.00591911  0.00975556  0.02225914  0.01993355  0.00700935  0.04147196  0.00116822  0.00058411  0.00546875  0.04609375  0.00000000  0.00234375 
  0.00417307  0.00823633  0.02486911  0.01897906  0.00828057  0.04237701  0.00097418  0.00097418  0.00408163  0.05224490  0.00244898  0.00163265 
  0.00573003  0.00914601  0.03397028  0.01953291  0.00850662  0.05812854  0.00189036  0.00000000  0.00497018  0.05367793  0.00596421  0.00397614 
  0.00390117  0.00815699  0.03437065  0.01764979  0.00603809  0.05387831  0.00232234  0.00046447  0.01141553  0.05251142  0.00114155  0.00799087 
  0.00303260  0.00935052  0.03254818  0.01970021  0.00552486  0.03959484  0.00138122  0.00138122  0.00698487  0.05937136  0.00116414  0.00116414 
  0.00398406  0.00844622  0.03038936  0.01614435  0.00829082  0.03698980  0.00063776  0.00000000  0.00358852  0.03110048  0.00119617  0.00239234 
  0.00431034  0.01217039  0.04453441  0.01079622  0.00561798  0.03483146  0.00000000  0.00112360  0.00965251  0.05984556  0.00386100  0.00193050 
  0.00902935  0.03950339  0.03667954  0.03088803  0.02962963  0.04444444  0.00000000  0.00000000  0.00943396  0.04716981  0.00000000  0.00000000 
  0.00650407  0.02764228  0.01878453  0.02209945  0.01056338  0.04225352  0.00352113  0.00352113  0.00518135  0.04145078  0.00000000  0.00000000 
  0.00683371  0.01457859  0.02271715  0.00801782  0.01267159  0.03273495  0.00211193  0.00105597  0.00303644  0.03947368  0.00202429  0.00000000 
  0.00691244  0.01316656  0.02209052  0.01293103  0.01743745  0.01895375  0.00227445  0.00000000  0.00551724  0.03310345  0.00000000  0.00827586 
  0.00363259  0.01050856  0.01809045  0.01859296  0.00836820  0.03207810  0.00209205  0.00069735  0.00509338  0.03735144  0.00169779  0.00339559 
  0.00411020  0.01121973  0.01629914  0.01198466  0.00863214  0.02656042  0.00132802  0.00066401  0.00000000  0.04430380  0.00000000  0.00158228 
  0.00617284  0.01374330  0.01519757  0.01773050  0.00855365  0.03965785  0.00233281  0.00000000  0.00162338  0.05844156  0.00000000  0.00000000 
  0.00600141  0.01176747  0.02048726  0.01771872  0.01158301  0.04710425  0.00308880  0.00000000  0.00330033  0.05115512  0.00000000  0.00165017 
  0.00709882  0.01382402  0.01223990  0.01468788  0.02258065  0.04677419  0.00322581  0.00000000  0.00359712  0.02877698  0.00000000  0.00000000 
  0.00459318  0.00929571  0.01728521  0.01423488  0.01614205  0.04116223  0.00484262  0.00161421  0.00792393  0.03486529  0.00000000  0.00000000 
  0.00441362  0.00882724  0.01637765  0.01445087  0.00957290  0.04933726  0.00515464  0.00073638  0.00128205  0.03717949  0.00000000  0.00000000 
  0.00440478  0.01031645  0.01905184  0.01816571  0.01130742  0.04310954  0.00282686  0.00070671  0.00259067  0.04145078  0.00129534  0.00129534 
  0.00316027  0.01399549  0.01742817  0.01106924  0.00569476  0.02790433  0.00284738  0.00113895  0.00352941  0.04470588  0.00058824  0.00117647 
  0.00495050  0.01122112  0.01065969  0.00824618  0.00579710  0.04057971  0.00072464  0.00000000  0.00054555  0.03764321  0.00054555  0.00109111 
  0.00624532  0.01386460  0.01637153  0.01269629  0.01454824  0.04134763  0.00535988  0.00076570  0.00164474  0.04358553  0.00164474  0.00164474 
  0.00653253  0.01149726  0.02519380  0.02131783  0.01097046  0.03881857  0.00337553  0.00000000  0.00391134  0.04302477  0.00130378  0.00000000 
  0.00502226  0.01152836  0.02125076  0.01608986  0.00698324  0.03305400  0.00279330  0.00046555  0.00259965  0.04072790  0.00000000  0.00086655 
  0.00402802  0.00901926  0.02251528  0.01608234  0.00559076  0.04435334  0.00111815  0.00037272  0.00541028  0.04779080  0.00000000  0.00000000 
  0.00346082  0.01162481  0.02217973  0.01529637  0.00590909  0.05681818  0.00227273  0.00181818  0.00300300  0.04004004  0.00100100  0.00200200 
  0.00341930  0.01084408  0.01838392  0.01453613  0.00488865  0.06952743  0.00054318  0.00108637  0.00220751  0.04746137  0.00110375  0.00000000 
  0.00452097  0.00865718  0.02333333  0.01333333  0.00816743  0.05972435  0.00102093  0.00306279  0.00431034  0.03987069  0.00000000  0.00107759 
  0.00382153  0.01356645  0.01998002  0.01148851  0.00659703  0.08136339  0.00109951  0.00219901  0.00522876  0.05228758  0.00261438  0.00000000 
  0.00404429  0.01463649  0.01912732  0.01733413  0.01138406  0.05632115  0.00179748  0.00179748  0.00000000  0.04721754  0.00000000  0.00000000 
  0.00344762  0.01369469  0.03232062  0.01292825  0.01075269  0.05878136  0.00286738  0.00000000  0.00584795  0.04288499  0.00000000  0.00000000 
  0.00348065  0.01234047  0.01574803  0.01968504  0.01235658  0.04148279  0.00353045  0.00000000  0.00000000  0.04885057  0.00000000  0.00000000 
  0.00513625  0.01241261  0.02732240  0.01639344  0.01694915  0.05606258  0.00651890  0.00000000  0.00956938  0.06698565  0.00000000  0.00000000 
  0.00653290  0.01182143  0.02049780  0.01464129  0.01739130  0.06666667  0.00579710  0.00289855  0.00537634  0.03763441  0.00000000  0.00000000 
  0.00341491  0.01209448  0.01878914  0.01878914  0.02173913  0.04968944  0.00155280  0.00155280  0.00000000  0.06521739  0.00000000  0.00000000 
  0.00463499  0.01607764  0.01424501  0.03133903  0.01812191  0.05930807  0.00658979  0.00164745  0.00000000  0.09210526  0.00000000  0.00000000 
  0.00528621  0.01419725  0.01886792  0.03066038  0.01027397  0.05650685  0.00342466  0.00000000  0.00757576  0.06818182  0.00000000  0.00000000 
  0.00364742  0.01565350  0.03365385  0.02403846  0.02305476  0.06195965  0.00864553  0.00144092  0.01515152  0.08080808  0.00000000  0.00000000 
  0.00713946  0.01412026  0.03626220  0.03765690  0.02100840  0.07983193  0.00560224  0.00700280  0.00271003  0.08130081  0.00271003  0.00000000 
  0.00865052  0.01525637  0.04321729  0.02641056  0.02564103  0.08791209  0.00854701  0.00366300  0.00927644  0.13729128  0.00185529  0.00000000 
  0.01078680  0.01459391  0.03286853  0.02689243  0.01906578  0.10009533  0.00762631  0.00381316  0.00000000  0.14166667  0.00000000  0.00166667 
  0.01361772  0.01607875  0.04079696  0.03510436  0.01888668  0.09840954  0.00596421  0.00397614  0.00921659  0.09523810  0.00000000  0.00307220 
  0.01343952  0.01891488  0.03225806  0.02365591  0.02842809  0.06521739  0.00501672  0.00167224  0.00207900  0.10187110  0.00207900  0.00207900 
  0.01547721  0.02622528  0.01465201  0.01831502  0.01238390  0.07739938  0.01238390  0.00000000  0.00389105  0.06614786  0.00000000  0.00000000 
  0.01523438  0.01796875  0.02588997  0.01941748  0.01867220  0.08506224  0.00622407  0.00000000  0.00305810  0.11314985  0.00000000  0.00305810 
  0.01103931  0.01453958  0.02941176  0.02173913  0.01462766  0.11170213  0.00664894  0.00531915  0.00506329  0.13670886  0.00000000  0.00253165 
  0.01083871  0.01987097  0.04232804  0.03439153  0.01950585  0.10663199  0.00260078  0.00130039  0.00000000  0.10714286  0.00000000  0.00000000 
  0.01186064  0.02174450  0.04769001  0.02384501  0.02937576  0.10159119  0.00856793  0.00000000  0.01000000  0.08000000  0.00000000  0.00000000 
  0.01001318  0.02239789  0.04060914  0.02639594  0.02472188  0.09270705  0.00370828  0.00247219  0.00702576  0.10070258  0.00000000  0.00234192 
  0.00907364  0.02067947  0.04969778  0.03089322  0.01301518  0.04229935  0.00433839  0.00433839  0.01063830  0.06648936  0.00265957  0.00265957 
  0.01281316  0.02256646  0.05483405  0.03463203  0.01558203  0.07149404  0.00733272  0.00274977  0.00553506  0.10332103  0.00369004  0.00553506 
  0.00547166  0.01816590  0.03388036  0.02752779  0.01750772  0.05664264  0.00720906  0.00514933  0.00327154  0.05452563  0.00218103  0.00109051 
  0.01114445  0.01585941  0.02734375  0.02500000  0.01565996  0.08612975  0.00782998  0.00559284  0.00625000  0.08437500  0.00000000  0.00156250 
  0.00891429  0.02011429  0.02762084  0.02197112  0.00701754  0.07134503  0.00467836  0.00116959  0.00561010  0.06311360  0.00420757  0.00561010 
  0.01066464  0.01999619  0.04191033  0.02241715  0.01673228  0.07086614  0.00393701  0.00492126  0.01047120  0.10732984  0.00523560  0.01570681 
  0.00829445  0.01555210  0.05103970  0.03024575  0.00626566  0.04511278  0.00626566  0.00125313  0.01025641  0.08717949  0.00000000  0.01538462 
  0.00916643  0.01403609  0.04955752  0.02920354  0.01070950  0.05220884  0.00267738  0.00133869  0.00847458  0.06497175  0.00282486  0.00847458 
  0.01271028  0.02093458  0.07466063  0.04298643  0.02626263  0.08484848  0.00404040  0.00404040  0.00763359  0.12213740  0.00000000  0.00763359 
  0.01289134  0.02302026  0.07918969  0.02762431  0.00873362  0.07423581  0.00218341  0.00436681  0.02463054  0.06403941  0.00000000  0.00492611 
  0.00684932  0.02009132  0.07181329  0.01436266  0.02409639  0.05542169  0.00722892  0.00000000  0.01063830  0.10106383  0.00000000  0.00000000 
  0.01438535  0.02005231  0.04672897  0.02570093  0.01176471  0.08470588  0.01176471  0.00470588  0.00000000  0.10144928  0.00000000  0.00000000 
  0.00893855  0.01620112  0.03333333  0.01428571  0.01785714  0.07142857  0.00357143  0.00357143  0.00000000  0.06741573  0.00000000  0.00000000 
  0.01071155  0.02830910  0.01052632  0.01842105  0.01052632  0.05263158  0.01052632  0.00000000  0.00000000  0.03030303  0.00000000  0.00000000 
  0.00840336  0.03921569  0.01131419  0.01653612  0.00000000  0.06046512  0.01395349  0.00000000  0.00000000  0.03588144  0.00000000  0.00000000 
  0.00791937  0.01655868  0.01420455  0.01278409  0.02247191  0.04213483  0.00280899  0.00000000  0.00000000  0.04166667  0.00347222  0.00000000 
  0.00753604  0.02457405  0.02390438  0.01593625  0.00558659  0.04469274  0.00279330  0.00558659  0.00000000  0.04189944  0.00000000  0.00558659 
