  0.00161491  0.01267081  0.00852878  0.01172708  0.00591716  0.12820513  0.00394477  0.00493097  0.00000000  0.08090615  0.00000000  0.00323625 
  0.00108739  0.00869909  0.01178451  0.01599327  0.00220913  0.13402062  0.00220913  0.00220913  0.00000000  0.05249344  0.00000000  0.00787402 
  0.00120072  0.01130678  0.01421801  0.01990521  0.00500835  0.10350584  0.00166945  0.00250417  0.00000000  0.03311258  0.00000000  0.00220751 
  0.00216539  0.00804290  0.01757632  0.02035153  0.00651466  0.13355049  0.00407166  0.00162866  0.00493827  0.03703704  0.00000000  0.00000000 
  0.00191301  0.00634313  0.00982318  0.01964637  0.00452830  0.10641509  0.00301887  0.00150943  0.00303951  0.04559271  0.00000000  0.00303951 
  0.00209732  0.00702601  0.01686747  0.01445783  0.00240000  0.10640000  0.00080000  0.00080000  0.00386100  0.02702703  0.00000000  0.00000000 
  0.00192575  0.00663314  0.01923077  0.02958580  0.00354610  0.07358156  0.00354610  0.00000000  0.00374532  0.03745318  0.00374532  0.01498127 
  0.00164618  0.00592625  0.02483444  0.01655629  0.01160542  0.10154739  0.00290135  0.00193424  0.00000000  0.02252252  0.00000000  0.00450450 
  0.00226649  0.00763450  0.00397614  0.03777336  0.00784753  0.08183857  0.00336323  0.00112108  0.00534759  0.06951872  0.00000000  0.00000000 
  0.00341168  0.00682335  0.02325581  0.03359173  0.00588928  0.09187279  0.00235571  0.00235571  0.00000000  0.03649635  0.00000000  0.00729927 
  0.00289897  0.00739238  0.03305785  0.02479339  0.01066667  0.08533333  0.00400000  0.00000000  0.01418440  0.07092199  0.00000000  0.01418440 
  0.00350570  0.00806310  0.03430079  0.02638522  0.02106969  0.08914100  0.00162075  0.00000000  0.00000000  0.04929577  0.00000000  0.00704225 
  0.00485633  0.00991501  0.01983003  0.03966006  0.02090592  0.10627178  0.00348432  0.00348432  0.00000000  0.07051282  0.00000000  0.01282051 
  0.00635231  0.00928414  0.02905569  0.06537530  0.01489758  0.09310987  0.00558659  0.00000000  0.00000000  0.04624277  0.00000000  0.00000000 
  0.00670163  0.01019814  0.04242424  0.03636364  0.02165354  0.05118110  0.01574803  0.00000000  0.00446429  0.03125000  0.00000000  0.00000000 
  0.00577868  0.01011268  0.01612903  0.02073733  0.01386482  0.06932409  0.00519931  0.00000000  0.00000000  0.05294118  0.00000000  0.00000000 
  0.00617602  0.01132270  0.03225806  0.01173021  0.01068702  0.05343511  0.00000000  0.00152672  0.01005025  0.06281407  0.00251256  0.00000000 
  0.00186480  0.00652681  0.01333926  0.01378390  0.00164880  0.04534213  0.00082440  0.00000000  0.00175593  0.02546093  0.00000000  0.00087796 
  0.00246305  0.00134348  0.00234022  0.00532602  0.00081125  0.01514332  0.00000000  0.00000000  0.00052854  0.02457717  0.00000000  0.00000000 
  0.00097383  0.00255630  0.00372266  0.00349000  0.00051086  0.07228608  0.00000000  0.00000000  0.00035032  0.01839201  0.00017516  0.00017516 
  0.00232229  0.00848142  0.00762631  0.01239276  0.00225734  0.13769752  0.00112867  0.00169300  0.00061920  0.02012384  0.00000000  0.00000000 
  0.00140937  0.00878144  0.01537476  0.02178091  0.00381388  0.18154081  0.00000000  0.00076278  0.00128700  0.06435006  0.00000000  0.00000000 
  0.00198911  0.00764238  0.01869159  0.01649258  0.00075586  0.19727891  0.00000000  0.00075586  0.00590319  0.05312869  0.00118064  0.00000000 
  0.00175711  0.00899225  0.01985981  0.01518692  0.00218023  0.16715116  0.00145349  0.00436047  0.00234742  0.05633803  0.00000000  0.00000000 
  0.00127321  0.00551724  0.01111111  0.00935673  0.00316706  0.16943785  0.00079177  0.00316706  0.00693642  0.05549133  0.00000000  0.00000000 
  0.00187199  0.00659654  0.01466667  0.01422222  0.00167131  0.13259053  0.00000000  0.00055710  0.00000000  0.05915493  0.00000000  0.00000000 
  0.00180180  0.00345946  0.00682320  0.00862934  0.00117925  0.03125000  0.00039308  0.00000000  0.00088378  0.04904993  0.00000000  0.00309324 
  0.00403814  0.00325294  0.00469900  0.00354641  0.00050787  0.00744879  0.00000000  0.00000000  0.00134409  0.02784178  0.00019201  0.00000000 
  0.00684346  0.00926718  0.00810777  0.00798304  0.00271592  0.01765345  0.00190114  0.00000000  0.00052288  0.04000000  0.00026144  0.00026144 
  0.00803268  0.00898570  0.01138664  0.01315789  0.00487092  0.04919630  0.00194837  0.00000000  0.00053107  0.06160382  0.00053107  0.00000000 
  0.00534586  0.01052973  0.00800278  0.01287404  0.00402145  0.06032172  0.00134048  0.00000000  0.00077340  0.07424594  0.00000000  0.00000000 
  0.00709939  0.00872211  0.00861715  0.00984817  0.00248550  0.08864954  0.00165700  0.00165700  0.00109170  0.07314410  0.00000000  0.00109170 
  0.00749415  0.01311475  0.00610998  0.00543109  0.00962861  0.12654746  0.00550206  0.00137552  0.00218818  0.07002188  0.00000000  0.00000000 
  0.00590551  0.00769506  0.02262774  0.01678832  0.00246508  0.08545604  0.00164339  0.00000000  0.00189036  0.07183365  0.00189036  0.00189036 
  0.00461437  0.01153593  0.01706642  0.01706642  0.00524246  0.04980341  0.00131062  0.00000000  0.00451977  0.05875706  0.00000000  0.00112994 
  0.00725209  0.00961690  0.01753531  0.01850950  0.00236967  0.04087678  0.00000000  0.00000000  0.00351288  0.05971897  0.00000000  0.00117096 
  0.00681481  0.00800000  0.01256208  0.01256208  0.00183066  0.03935927  0.00137300  0.00000000  0.00609756  0.06368564  0.00067751  0.00271003 
  0.00404669  0.01042802  0.00870956  0.00977604  0.00158228  0.03125000  0.00039557  0.00000000  0.00074156  0.04857249  0.00000000  0.00037078 
  0.00529538  0.01307298  0.01011074  0.01420318  0.00158479  0.04701532  0.00052826  0.00052826  0.00059559  0.05955926  0.00000000  0.00238237 
  0.00495710  0.01487131  0.01656579  0.01401720  0.00449006  0.03335471  0.00128287  0.00256575  0.00143988  0.05759539  0.00071994  0.00071994 
  0.00331966  0.01366921  0.01373995  0.01407507  0.00732303  0.04556550  0.00406835  0.00000000  0.00062893  0.02955975  0.00000000  0.00062893 
  0.00422907  0.01162996  0.01656805  0.00733728  0.00791557  0.03562005  0.00131926  0.00000000  0.00243902  0.03414634  0.00000000  0.00081301 
  0.00689398  0.01117943  0.01952527  0.00861409  0.01316945  0.03950834  0.00351185  0.00087796  0.00193370  0.02348066  0.00000000  0.00000000 
  0.00772849  0.01092070  0.01680000  0.00816000  0.01031637  0.04676754  0.00412655  0.00137552  0.00211317  0.02535807  0.00000000  0.00023480 
  0.00745823  0.00880072  0.01867354  0.00721185  0.01028433  0.04476709  0.00241984  0.00181488  0.00212684  0.02126837  0.00019335  0.00019335 
  0.00655242  0.00882056  0.01555226  0.00846382  0.00904159  0.04520796  0.00226040  0.00045208  0.00302369  0.02166975  0.00000000  0.00016798 
  0.00541067  0.00692566  0.02156428  0.00920853  0.00685484  0.05241935  0.00080645  0.00040323  0.00305002  0.03294022  0.00020333  0.00020333 
  0.00400311  0.01023018  0.01915954  0.01034615  0.00956938  0.05143541  0.00079745  0.00079745  0.00279851  0.04291045  0.00023321  0.00000000 
  0.00435846  0.00956734  0.01848400  0.01102827  0.00499584  0.05245629  0.00166528  0.00083264  0.00557021  0.04602756  0.00000000  0.00058634 
  0.00437926  0.00835116  0.02076255  0.01019253  0.00283401  0.05789474  0.00242915  0.00000000  0.00529902  0.04769114  0.00000000  0.00075700 
  0.00645161  0.00759625  0.01965318  0.01310212  0.00421941  0.05140008  0.00230150  0.00038358  0.00463548  0.06110409  0.00000000  0.00084282 
  0.00775925  0.01038062  0.02537706  0.01029447  0.01019108  0.04713376  0.00254777  0.00084926  0.00711160  0.06783370  0.00109409  0.00054705 
  0.00748854  0.01140047  0.04317133  0.01248982  0.00838770  0.04846226  0.00279590  0.00000000  0.00864553  0.06340058  0.00000000  0.00072046 
  0.00811001  0.01010813  0.03192142  0.01289134  0.00901857  0.04137931  0.00371353  0.00000000  0.00500417  0.06672227  0.00333611  0.00083403 
  0.01111917  0.01281122  0.04449388  0.01334816  0.01679731  0.04367301  0.00447928  0.00223964  0.01088929  0.04809437  0.00090744  0.00090744 
  0.01394289  0.01716048  0.04193900  0.01742919  0.01880223  0.04178273  0.01114206  0.00139276  0.01162791  0.06718346  0.00129199  0.00258398 
  0.01894480  0.02363007  0.05778589  0.03102190  0.02416571  0.03682394  0.00920598  0.00000000  0.01126761  0.06478873  0.00140845  0.00281690 
  0.00576752  0.02484472  0.02596240  0.02417189  0.00646552  0.03448276  0.00000000  0.00000000  0.00445434  0.04677060  0.00000000  0.00000000 
  0.00850051  0.02108126  0.02852963  0.02633504  0.00947226  0.02435724  0.00541272  0.00270636  0.00623053  0.05295950  0.00000000  0.00155763 
  0.01402962  0.02844895  0.02834367  0.02922941  0.02272727  0.03099174  0.01652893  0.00000000  0.00663350  0.04145937  0.00000000  0.00000000 
  0.01182327  0.02800249  0.02904564  0.02282158  0.02376600  0.06764168  0.00731261  0.00182815  0.00210084  0.05252101  0.00000000  0.00000000 
  0.01401180  0.02335300  0.03828829  0.03603604  0.02698651  0.03448276  0.00749625  0.00149925  0.00808625  0.06199461  0.00000000  0.01078167 
  0.00947712  0.01666667  0.03167421  0.02456367  0.01732435  0.05389798  0.00962464  0.00000000  0.01126126  0.06756757  0.00225225  0.00675676 
  0.01346265  0.01823972  0.03330487  0.02988898  0.03520352  0.06160616  0.00990099  0.00000000  0.00819672  0.07103825  0.00546448  0.00273224 
  0.01103915  0.01560200  0.01807724  0.02711586  0.04307692  0.08000000  0.00923077  0.00615385  0.00000000  0.05136986  0.00000000  0.00000000 
  0.01543071  0.01752809  0.02184707  0.01886792  0.05084746  0.08135593  0.01525424  0.00847458  0.00858369  0.06008584  0.00000000  0.00858369 
  0.01192344  0.01443364  0.01551891  0.01842871  0.05841924  0.07044674  0.01890034  0.00515464  0.00589971  0.03539823  0.00000000  0.00294985 
  0.01061088  0.01834167  0.01853659  0.01951220  0.04054054  0.07657658  0.01201201  0.00450450  0.00000000  0.05291005  0.00000000  0.00793651 
  0.00667953  0.01617931  0.02108434  0.01204819  0.03255814  0.09457364  0.00775194  0.00465116  0.00000000  0.03787879  0.00000000  0.00000000 
  0.00878735  0.01669596  0.02092050  0.02301255  0.02470930  0.09447674  0.00872093  0.00290698  0.00546448  0.06284153  0.00000000  0.00000000 
  0.00694637  0.01389275  0.01973001  0.01869159  0.02987013  0.09480519  0.00779221  0.00259740  0.00223214  0.04687500  0.00000000  0.00000000 
  0.00529568  0.01525659  0.01554404  0.01968912  0.00642674  0.08097686  0.00514139  0.00385604  0.00530504  0.05305040  0.00000000  0.00000000 
  0.00573675  0.01094231  0.02025072  0.01060752  0.01522360  0.07136061  0.00285442  0.00285442  0.00696056  0.04408353  0.00000000  0.00000000 
  0.00540927  0.00979792  0.02526003  0.01708767  0.00522193  0.06788512  0.00195822  0.00000000  0.00321543  0.04983923  0.00000000  0.00000000 
  0.00238365  0.00726447  0.01314708  0.02465078  0.00430240  0.05162876  0.00122926  0.00122926  0.00000000  0.05325444  0.00000000  0.00000000 
  0.00334060  0.00885984  0.01566580  0.02262837  0.00474383  0.06261860  0.00094877  0.00000000  0.01011804  0.06408094  0.00168634  0.00505902 
  0.00443038  0.00917722  0.03136309  0.01990350  0.00226415  0.05358491  0.00075472  0.00000000  0.00390625  0.05989583  0.00260417  0.00130208 
  0.00448370  0.00978261  0.03889643  0.01763908  0.00726663  0.06539966  0.00279486  0.00111794  0.00000000  0.06060606  0.00000000  0.00313480 
  0.00339836  0.01057269  0.02605282  0.01356174  0.00813008  0.05365854  0.00108401  0.00162602  0.00443131  0.04948301  0.00000000  0.00073855 
  0.00387539  0.01535251  0.02269345  0.01748512  0.00962117  0.07155743  0.00180397  0.00180397  0.00352609  0.04724965  0.00070522  0.00141044 
  0.00839683  0.01415021  0.03130672  0.02223230  0.01119157  0.09216590  0.00329164  0.00000000  0.00725953  0.06261343  0.00090744  0.00181488 
  0.00784374  0.01445709  0.02735758  0.01673640  0.01044386  0.11488251  0.00522193  0.00130548  0.00530035  0.07111307  0.00000000  0.00088339 
