  0.00380228  0.00760456  0.00000000  0.01002865  0.00000000  0.47457627  0.00000000  0.00000000  0.00000000  0.23291925  0.00000000  0.00310559 
  0.00000000  0.00803213  0.00409836  0.00683060  0.01492537  0.47761194  0.00000000  0.00000000  0.00000000  0.21304927  0.00000000  0.00798935 
  0.01214575  0.00809717  0.00000000  0.00397878  0.01818182  0.45454545  0.00000000  0.00000000  0.00000000  0.27842566  0.00000000  0.00291545 
  0.00000000  0.00000000  0.00000000  0.00701262  0.00000000  0.37500000  0.00000000  0.00000000  0.00000000  0.26429675  0.00000000  0.00618238 
  0.01010101  0.01515152  0.00353774  0.00589623  0.00000000  0.38181818  0.00000000  0.00000000  0.00000000  0.24517594  0.00000000  0.00454030 
  0.00000000  0.00438596  0.00258065  0.00000000  0.00000000  0.47540984  0.00000000  0.00000000  0.00000000  0.23663254  0.00000000  0.00227531 
  0.00000000  0.00404858  0.00273598  0.00273598  0.01428571  0.61428571  0.00000000  0.00000000  0.00000000  0.25872093  0.00000000  0.00872093 
  0.00418410  0.00000000  0.00000000  0.00561010  0.01587302  0.61904762  0.00000000  0.00000000  0.00000000  0.29725610  0.00000000  0.00457317 
  0.00429185  0.00858369  0.00143472  0.00143472  0.00000000  0.57894737  0.00000000  0.00000000  0.00000000  0.28398792  0.00000000  0.00453172 
  0.00460829  0.00000000  0.00000000  0.00514139  0.00000000  0.59615385  0.00000000  0.00000000  0.00000000  0.24384236  0.00000000  0.00246305 
  0.00000000  0.00444444  0.00000000  0.00445931  0.00000000  0.53658537  0.00000000  0.00000000  0.00000000  0.22351798  0.00000000  0.00000000 
  0.00000000  0.00000000  0.00341297  0.00796359  0.00000000  0.55319149  0.00000000  0.00000000  0.00103199  0.22807018  0.00000000  0.00000000 
  0.00411523  0.00823045  0.00000000  0.00125000  0.01428571  0.54285714  0.00000000  0.00000000  0.00000000  0.29182879  0.00000000  0.00259403 
  0.00492611  0.00985222  0.00104603  0.00313808  0.00000000  0.60344828  0.00000000  0.00000000  0.00099010  0.22970297  0.00000000  0.00099010 
  0.00595238  0.00000000  0.00208551  0.00521376  0.00000000  0.44186047  0.00000000  0.00000000  0.00000000  0.21957237  0.00000000  0.00082237 
  0.00471698  0.00000000  0.00246914  0.00370370  0.00000000  0.70967742  0.00000000  0.00000000  0.00000000  0.29808917  0.00000000  0.00509554 
  0.00000000  0.00495050  0.00113122  0.00226244  0.01754386  0.54385965  0.00000000  0.00000000  0.00000000  0.24195339  0.00000000  0.00110988 
  0.01102941  0.00735294  0.00240674  0.00000000  0.00000000  0.49019608  0.00000000  0.00000000  0.00123609  0.22744129  0.00000000  0.00247219 
  0.00473934  0.00473934  0.00598802  0.00598802  0.00000000  0.43859649  0.00000000  0.00000000  0.00095969  0.19481766  0.00000000  0.00000000 
  0.00418410  0.00836820  0.00120919  0.00604595  0.00000000  0.61818182  0.00000000  0.00000000  0.00231481  0.26273148  0.00000000  0.00462963 
  0.00000000  0.00000000  0.00480769  0.00480769  0.00000000  0.48051948  0.00000000  0.00000000  0.00000000  0.25984252  0.00000000  0.00000000 
  0.00000000  0.00386100  0.00601504  0.00751880  0.00000000  0.66071429  0.00000000  0.00000000  0.00166667  0.25666667  0.00000000  0.00666667 
  0.00000000  0.00380228  0.00154321  0.00925926  0.00000000  0.62068966  0.00000000  0.00000000  0.00000000  0.29058116  0.00000000  0.00000000 
  0.00000000  0.00925926  0.00000000  0.00689655  0.00000000  0.62711864  0.00000000  0.00000000  0.00000000  0.28687415  0.00000000  0.00270636 
  0.00000000  0.00000000  0.00000000  0.00153139  0.00000000  0.64814815  0.00000000  0.00000000  0.00000000  0.28594249  0.00000000  0.00479233 
  0.00000000  0.00442478  0.00512164  0.00256082  0.00000000  0.56250000  0.00000000  0.00000000  0.00000000  0.26964933  0.00000000  0.00362757 
  0.00408163  0.00816327  0.00000000  0.00360144  0.03125000  0.50000000  0.00000000  0.00000000  0.00000000  0.26673751  0.00000000  0.00106270 
  0.00000000  0.00414938  0.00111111  0.00111111  0.00000000  0.31111111  0.00000000  0.00000000  0.00000000  0.22222222  0.00000000  0.00083542 
  0.00000000  0.00495050  0.00132450  0.00662252  0.00000000  0.62000000  0.00000000  0.00000000  0.00118765  0.26484561  0.00000000  0.00237530 
  0.00374532  0.00749064  0.00132626  0.00530504  0.00000000  0.54054054  0.00000000  0.00000000  0.00000000  0.24146982  0.00000000  0.00393701 
  0.00000000  0.01454545  0.01276102  0.00580046  0.01515152  0.56060606  0.00000000  0.00000000  0.00000000  0.26460072  0.00000000  0.00238379 
  0.01169591  0.00292398  0.00115207  0.00230415  0.00000000  0.43023256  0.00000000  0.00000000  0.00157480  0.25039370  0.00000000  0.00472441 
  0.00609756  0.00609756  0.00593824  0.00593824  0.01204819  0.32530120  0.00000000  0.00000000  0.00000000  0.19911991  0.00000000  0.00220022 
  0.00358423  0.01075269  0.01187905  0.00755940  0.00000000  0.35294118  0.00000000  0.00000000  0.00000000  0.19718310  0.00000000  0.00117371 
  0.00000000  0.00000000  0.00613497  0.00715746  0.01063830  0.37234043  0.00000000  0.00000000  0.00117925  0.19575472  0.00000000  0.00235849 
  0.00000000  0.00000000  0.00378430  0.00473037  0.00000000  0.27692308  0.01538462  0.00000000  0.00164474  0.16858553  0.00000000  0.00000000 
  0.00763359  0.00381679  0.00281162  0.00562324  0.01234568  0.29629630  0.01234568  0.00000000  0.00078989  0.17377567  0.00000000  0.00078989 
  0.00000000  0.00278552  0.00426894  0.00747065  0.00000000  0.48387097  0.00000000  0.00000000  0.00118624  0.23131673  0.00000000  0.00118624 
  0.00286533  0.00286533  0.00432900  0.00216450  0.00000000  0.51764706  0.00000000  0.00000000  0.00100402  0.24096386  0.00000000  0.00100402 
  0.00000000  0.00296736  0.00321199  0.00535332  0.00000000  0.49438202  0.00000000  0.00000000  0.00197433  0.20039487  0.00000000  0.00197433 
  0.00000000  0.00293255  0.00614754  0.00512295  0.00000000  0.47826087  0.00000000  0.00000000  0.00199800  0.23276723  0.00000000  0.00199800 
