  0.00000000  0.00000000  0.00798722  0.00399361  0.00000000  0.16000000  0.00000000  0.00000000  0.00000000  0.04928315  0.00000000  0.00000000 
  0.00000000  0.00000000  0.00218659  0.00801749  0.00952381  0.05714286  0.00000000  0.00000000  0.00000000  0.03611557  0.00000000  0.00000000 
  0.00279330  0.00000000  0.00996441  0.00427046  0.01639344  0.07377049  0.00000000  0.00000000  0.00228311  0.03120244  0.00000000  0.00000000 
  0.00000000  0.00540541  0.01397516  0.00465839  0.00000000  0.09677419  0.00000000  0.00000000  0.00164339  0.02218570  0.00000000  0.00000000 
  0.00000000  0.00719424  0.01390176  0.00278035  0.00000000  0.05479452  0.00000000  0.00000000  0.00314795  0.02413431  0.00000000  0.00000000 
  0.00289855  0.00869565  0.01150628  0.00732218  0.00000000  0.04430380  0.00000000  0.00000000  0.00396825  0.01719577  0.00000000  0.00000000 
  0.00295858  0.01183432  0.02800830  0.00622407  0.00000000  0.00751880  0.00000000  0.00000000  0.00000000  0.01730532  0.00000000  0.00000000 
  0.00940439  0.00313480  0.02131783  0.00484496  0.00000000  0.03947368  0.00000000  0.00000000  0.00518807  0.01297017  0.00000000  0.00000000 
  0.00239808  0.00719424  0.01996008  0.00499002  0.00000000  0.04597701  0.00000000  0.00000000  0.00000000  0.01915709  0.00000000  0.00000000 
  0.00800000  0.00800000  0.01816680  0.00495458  0.01162791  0.03488372  0.00000000  0.00000000  0.00228571  0.02285714  0.00000000  0.00000000 
  0.00485437  0.01213592  0.00715015  0.00000000  0.00473934  0.03791469  0.00000000  0.00000000  0.00241255  0.03498191  0.00000000  0.00000000 
  0.00510204  0.00765306  0.00697674  0.00465116  0.00000000  0.05161290  0.00000000  0.00000000  0.00000000  0.02276176  0.00000000  0.00000000 
  0.00530504  0.01326260  0.00956938  0.00318979  0.00000000  0.03076923  0.00000000  0.00000000  0.00244499  0.02689487  0.00000000  0.00000000 
  0.00288184  0.03170029  0.00000000  0.00000000  0.01960784  0.01960784  0.00000000  0.00000000  0.00000000  0.06451613  0.00000000  0.00000000 
  0.01550388  0.01937984  0.00000000  0.08333333  0.00000000  0.13043478  0.04347826  0.00000000  0.00000000  0.00000000  0.00000000  0.00000000 
  0.00185529  0.00371058  0.01785714  0.00446429  0.00000000  0.02500000  0.01250000  0.00000000  0.01379310  0.01379310  0.00000000  0.00000000 
  0.00787402  0.01181102  0.00000000  0.00000000  0.01298701  0.07792208  0.00000000  0.01298701  0.01030928  0.03092784  0.00000000  0.01030928 
  0.00173611  0.01041667  0.01507538  0.00502513  0.00000000  0.01136364  0.00000000  0.00000000  0.00000000  0.01408451  0.00000000  0.00000000 
  0.00366972  0.00550459  0.00749064  0.01123596  0.00000000  0.10869565  0.00000000  0.00000000  0.00694444  0.01388889  0.00000000  0.00000000 
  0.00511073  0.00170358  0.00877193  0.00877193  0.00000000  0.00000000  0.00917431  0.00000000  0.00406504  0.01219512  0.00000000  0.00406504 
  0.00000000  0.00000000  0.00426439  0.00213220  0.00869565  0.09565217  0.00869565  0.00000000  0.00000000  0.03170029  0.00000000  0.00000000 
  0.00938086  0.00187617  0.00522648  0.00348432  0.00819672  0.10655738  0.00000000  0.00000000  0.00000000  0.01951220  0.00000000  0.00000000 
  0.00381679  0.00000000  0.01116427  0.00000000  0.00000000  0.04273504  0.00000000  0.00000000  0.00385356  0.03275530  0.00192678  0.00000000 
  0.00000000  0.00193798  0.00791557  0.00395778  0.00000000  0.10526316  0.00000000  0.01052632  0.00000000  0.02380952  0.00000000  0.00000000 
  0.00000000  0.00000000  0.01507538  0.00251256  0.00000000  0.06722689  0.00000000  0.00000000  0.00000000  0.03135314  0.00000000  0.00000000 
  0.00724638  0.01086957  0.00651466  0.00651466  0.00000000  0.04098361  0.00000000  0.00000000  0.00179533  0.02872531  0.00000000  0.00000000 
  0.00237530  0.01187648  0.00754310  0.00646552  0.01481481  0.03703704  0.00000000  0.00000000  0.00133511  0.01869159  0.00000000  0.00000000 
  0.00221239  0.00442478  0.00707547  0.00235849  0.01948052  0.05844156  0.00000000  0.00000000  0.00143472  0.01291248  0.00000000  0.00143472 
  0.00235849  0.01179245  0.00992908  0.01134752  0.00000000  0.03333333  0.00000000  0.00000000  0.00000000  0.01587302  0.00000000  0.00000000 
  0.00456621  0.02054795  0.00482315  0.00321543  0.00000000  0.02247191  0.00000000  0.00000000  0.00000000  0.01964286  0.00000000  0.00178571 
  0.00225734  0.01128668  0.00904977  0.00452489  0.00000000  0.00000000  0.00000000  0.00000000  0.00228311  0.00684932  0.00000000  0.00000000 
  0.00497512  0.00248756  0.00998004  0.00798403  0.00000000  0.04000000  0.01000000  0.00000000  0.00248139  0.02481390  0.00000000  0.00000000 
  0.00000000  0.00635593  0.01385042  0.00831025  0.01428571  0.10000000  0.00000000  0.00000000  0.00000000  0.01347709  0.00000000  0.00000000 
  0.00400802  0.00400802  0.00350877  0.00701754  0.00000000  0.08064516  0.00000000  0.00000000  0.00000000  0.01348748  0.00000000  0.00000000 
  0.00000000  0.00213220  0.00444939  0.00667408  0.00000000  0.11578947  0.00000000  0.00000000  0.00120482  0.01927711  0.00000000  0.00000000 
  0.00268097  0.00268097  0.00658514  0.00470367  0.00000000  0.11111111  0.00000000  0.00000000  0.00196657  0.01769912  0.00000000  0.00000000 
  0.00262467  0.00000000  0.00420168  0.00504202  0.00000000  0.11194030  0.00000000  0.00000000  0.00090744  0.02359347  0.00000000  0.00000000 
  0.00000000  0.00265252  0.00428082  0.00770548  0.00000000  0.15957447  0.00000000  0.00000000  0.00000000  0.03753128  0.00000000  0.00000000 
  0.00000000  0.00246305  0.00561272  0.00561272  0.00000000  0.12844037  0.00000000  0.00000000  0.00086806  0.02864583  0.00000000  0.00000000 
  0.00248756  0.00000000  0.01265823  0.00542495  0.00000000  0.11711712  0.00000000  0.00000000  0.00093023  0.03162791  0.00000000  0.00000000 
  0.00000000  0.00000000  0.00161551  0.00646204  0.00000000  0.11009174  0.00000000  0.00000000  0.00000000  0.03339350  0.00090253  0.00000000 
  0.00000000  0.00000000  0.00466926  0.00700389  0.00000000  0.14400000  0.00000000  0.00000000  0.00085251  0.04433078  0.00000000  0.00000000 
  0.00000000  0.00227790  0.00794281  0.00317712  0.00000000  0.18791946  0.00000000  0.00000000  0.00180505  0.02797834  0.00000000  0.00000000 
