  0.00000000  0.00786164  0.00699301  0.01048951  0.00699301  0.12587413  0.00000000  0.00000000  0.00000000  0.05825243  0.00000000  0.00000000 
  0.00000000  0.01068091  0.00925926  0.00308642  0.00000000  0.07142857  0.00000000  0.00000000  0.00000000  0.09558824  0.00000000  0.00000000 
  0.00000000  0.01449275  0.01010101  0.00757576  0.00609756  0.09756098  0.00000000  0.00000000  0.00000000  0.04624277  0.00000000  0.00000000 
  0.00147059  0.01176471  0.02238806  0.01492537  0.00000000  0.09027778  0.00000000  0.00000000  0.00000000  0.04273504  0.00000000  0.00000000 
  0.00000000  0.00950872  0.00568182  0.03409091  0.00000000  0.19626168  0.00000000  0.00934579  0.00000000  0.08860759  0.00000000  0.00000000 
  0.00147493  0.00737463  0.00793651  0.01587302  0.00000000  0.16923077  0.00000000  0.00000000  0.00000000  0.09090909  0.00000000  0.00000000 
  0.00291545  0.00874636  0.00714286  0.01785714  0.00000000  0.12592593  0.00000000  0.00000000  0.00000000  0.09090909  0.00000000  0.00000000 
  0.00150376  0.00601504  0.01683502  0.00673401  0.00000000  0.12418301  0.00000000  0.00000000  0.00000000  0.02898551  0.00000000  0.00000000 
  0.00161031  0.00644122  0.01302932  0.00325733  0.00000000  0.09756098  0.00000000  0.00609756  0.00000000  0.07200000  0.00000000  0.00000000 
  0.00000000  0.00847458  0.01823708  0.00303951  0.00000000  0.09271523  0.00000000  0.00000000  0.00000000  0.09032258  0.00000000  0.00000000 
  0.00000000  0.00459418  0.01506024  0.01204819  0.00000000  0.12500000  0.00000000  0.00000000  0.00000000  0.08441558  0.00000000  0.00000000 
  0.00305810  0.00611621  0.02147239  0.00613497  0.00000000  0.12676056  0.00000000  0.00000000  0.00000000  0.06250000  0.00000000  0.00694444 
  0.00000000  0.01159420  0.02380952  0.01360544  0.00724638  0.08695652  0.00000000  0.00000000  0.00000000  0.02919708  0.00000000  0.00000000 
  0.00311042  0.00311042  0.02194357  0.01253918  0.00000000  0.06711409  0.00000000  0.00000000  0.00000000  0.05696203  0.00000000  0.00000000 
  0.00279330  0.00977654  0.01714286  0.00857143  0.00000000  0.14765101  0.00000000  0.00000000  0.00000000  0.07954545  0.00000000  0.00000000 
  0.00000000  0.00318979  0.01432665  0.01146132  0.00571429  0.10857143  0.00000000  0.00000000  0.00571429  0.06285714  0.00000000  0.00000000 
  0.00318979  0.01275917  0.00990099  0.00990099  0.00000000  0.21311475  0.00000000  0.00000000  0.00000000  0.12087912  0.00000000  0.00000000 
  0.00000000  0.01149425  0.00000000  0.01986755  0.00000000  0.19101124  0.00000000  0.00000000  0.00000000  0.08450704  0.00000000  0.00000000 
  0.00000000  0.01067073  0.01041667  0.01562500  0.00000000  0.13888889  0.00000000  0.00000000  0.00000000  0.08474576  0.00000000  0.00000000 
  0.00000000  0.00492611  0.01935484  0.01935484  0.00952381  0.16190476  0.00000000  0.00952381  0.00000000  0.04761905  0.00000000  0.00000000 
  0.00138122  0.00966851  0.01060071  0.01060071  0.00000000  0.16129032  0.00000000  0.00000000  0.00000000  0.05504587  0.00000000  0.00000000 
  0.00299401  0.00598802  0.00986842  0.00657895  0.00000000  0.07361963  0.00000000  0.00000000  0.00000000  0.07428571  0.00000000  0.00571429 
  0.00000000  0.01468429  0.01308901  0.00523560  0.00628931  0.15723270  0.00000000  0.00628931  0.00000000  0.05714286  0.00000000  0.00000000 
  0.00163132  0.00652529  0.01715686  0.01225490  0.00000000  0.10734463  0.00000000  0.00000000  0.00480769  0.03365385  0.00000000  0.00000000 
  0.00000000  0.01362862  0.01533742  0.00613497  0.00684932  0.15068493  0.00000000  0.00000000  0.00000000  0.06962025  0.00000000  0.00000000 
  0.00371747  0.00743494  0.04255319  0.01215805  0.00000000  0.14035088  0.00000000  0.00000000  0.00000000  0.07547170  0.00000000  0.00000000 
  0.00305810  0.01070336  0.01454545  0.02181818  0.00000000  0.10625000  0.00000000  0.00000000  0.00819672  0.03278689  0.00000000  0.00000000 
  0.00000000  0.00638978  0.01574803  0.01181102  0.00000000  0.13432836  0.00000000  0.00000000  0.00000000  0.10000000  0.00000000  0.00000000 
  0.00000000  0.01292407  0.02088773  0.02088773  0.00632911  0.07594937  0.00000000  0.00000000  0.00000000  0.09216590  0.00000000  0.00000000 
  0.00480000  0.03040000  0.01658768  0.02369668  0.00000000  0.12403101  0.00000000  0.00000000  0.00000000  0.07211538  0.00000000  0.00000000 
  0.00301205  0.01355422  0.00604230  0.00906344  0.00571429  0.07428571  0.00000000  0.00000000  0.00689655  0.06206897  0.00000000  0.00000000 
  0.00383142  0.01532567  0.02316602  0.00772201  0.00757576  0.07575758  0.00000000  0.00000000  0.00000000  0.03521127  0.00000000  0.00000000 
  0.00584795  0.00194932  0.02932551  0.00586510  0.00000000  0.07051282  0.00000000  0.00000000  0.00724638  0.06521739  0.00000000  0.00000000 
  0.00443459  0.01330377  0.05769231  0.00000000  0.00000000  0.01639344  0.00000000  0.00000000  0.00000000  0.03409091  0.00000000  0.00000000 
  0.00330579  0.01983471  0.03409091  0.01136364  0.01388889  0.11111111  0.00000000  0.00000000  0.00000000  0.02702703  0.00000000  0.00000000 
  0.00000000  0.00492611  0.03200000  0.02800000  0.00000000  0.09677419  0.00000000  0.00000000  0.00000000  0.01388889  0.00000000  0.00000000 
  0.00000000  0.01374046  0.01973684  0.02960526  0.00000000  0.25000000  0.00000000  0.00000000  0.00000000  0.05000000  0.00000000  0.00000000 
  0.00000000  0.00902256  0.00666667  0.04000000  0.00000000  0.27102804  0.00000000  0.00000000  0.00000000  0.06250000  0.00000000  0.00000000 
  0.00000000  0.00174216  0.00000000  0.02359882  0.00000000  0.30000000  0.00000000  0.00000000  0.00000000  0.10714286  0.00000000  0.00000000 
  0.00000000  0.00000000  0.00373134  0.00373134  0.00000000  0.34482759  0.00000000  0.00000000  0.00000000  0.10810811  0.00000000  0.00000000 
  0.00000000  0.00320513  0.03050847  0.01016949  0.00000000  0.33613445  0.00000000  0.00000000  0.00591716  0.13609467  0.00000000  0.00591716 
  0.00000000  0.00338409  0.00692042  0.01384083  0.00000000  0.42241379  0.00000000  0.00000000  0.00909091  0.14545455  0.00000000  0.00000000 
  0.00000000  0.00325733  0.00000000  0.01506024  0.00000000  0.33593750  0.00000000  0.00781250  0.00000000  0.13445378  0.00000000  0.00000000 
  0.00000000  0.00164204  0.00353357  0.01060071  0.00000000  0.37398374  0.00000000  0.00000000  0.00000000  0.13461538  0.00000000  0.00000000 
  0.00000000  0.01093750  0.00000000  0.02766798  0.00000000  0.31914894  0.00000000  0.01063830  0.00000000  0.12871287  0.00000000  0.00990099 
  0.00000000  0.00000000  0.00666667  0.01333333  0.00000000  0.41441441  0.00000000  0.00000000  0.00000000  0.11290323  0.00000000  0.01612903 
  0.00000000  0.00163934  0.00000000  0.01731602  0.00000000  0.36231884  0.00000000  0.00724638  0.00000000  0.14285714  0.00000000  0.00000000 
  0.00160772  0.00321543  0.00423729  0.02966102  0.00000000  0.34042553  0.00000000  0.00709220  0.00000000  0.16981132  0.00000000  0.00000000 
  0.00000000  0.00621118  0.00413223  0.02479339  0.00000000  0.41818182  0.00000000  0.00000000  0.01086957  0.08695652  0.00000000  0.00000000 
