  0.00000000  0.01146132  0.00000000  0.03448276  0.00000000  0.23255814  0.00000000  0.00000000  0.00000000  0.37500000  0.00000000  0.00000000 
  0.00000000  0.00977199  0.00000000  0.06451613  0.00000000  0.45238095  0.00000000  0.00000000  0.00000000  0.06666667  0.00000000  0.00000000 
  0.00340136  0.00000000  0.00000000  0.00000000  0.00000000  0.34883721  0.00000000  0.02325581  0.00000000  0.08571429  0.00000000  0.00000000 
  0.00000000  0.01858736  0.03623188  0.00724638  0.00000000  0.20000000  0.00000000  0.00000000  0.00000000  0.05769231  0.00000000  0.00000000 
  0.00298507  0.00298507  0.01142857  0.00000000  0.00000000  0.28301887  0.00000000  0.00000000  0.00000000  0.08490566  0.00000000  0.00000000 
  0.00649351  0.00324675  0.00662252  0.00000000  0.02272727  0.34090909  0.00000000  0.00000000  0.00000000  0.11458333  0.00000000  0.00000000 
  0.00000000  0.00554017  0.00000000  0.00531915  0.00000000  0.32203390  0.00000000  0.00000000  0.01694915  0.11016949  0.00000000  0.00000000 
  0.01197605  0.00598802  0.00000000  0.00584795  0.00000000  0.41304348  0.00000000  0.00000000  0.00000000  0.07575758  0.00000000  0.00000000 
  0.00000000  0.00000000  0.01333333  0.00000000  0.00000000  0.33333333  0.00000000  0.00000000  0.00735294  0.06617647  0.00000000  0.00000000 
  0.00000000  0.00555556  0.02739726  0.00684932  0.00000000  0.33333333  0.00000000  0.00000000  0.00000000  0.05185185  0.00000000  0.00000000 
  0.01246106  0.00000000  0.00000000  0.00000000  0.00000000  0.40384615  0.00000000  0.01923077  0.00000000  0.10344828  0.00000000  0.00000000 
  0.00359712  0.00359712  0.00000000  0.00714286  0.00000000  0.36842105  0.02631579  0.00000000  0.00000000  0.09917355  0.00000000  0.00826446 
  0.00649351  0.00000000  0.00000000  0.00574713  0.00000000  0.21428571  0.00000000  0.00000000  0.00000000  0.11029412  0.00000000  0.00735294 
  0.00348432  0.01045296  0.00793651  0.00000000  0.00000000  0.31914894  0.00000000  0.00000000  0.00000000  0.07894737  0.00000000  0.00000000 
  0.00000000  0.00949367  0.00621118  0.00621118  0.02325581  0.32558140  0.00000000  0.00000000  0.00000000  0.07058824  0.00000000  0.00000000 
  0.00000000  0.00000000  0.00000000  0.00000000  0.00000000  0.30000000  0.00000000  0.00000000  0.00000000  0.13294798  0.00000000  0.00000000 
  0.00692042  0.01038062  0.00000000  0.00000000  0.00000000  0.35483871  0.00000000  0.00000000  0.00000000  0.04895105  0.00000000  0.00000000 
  0.00307692  0.00000000  0.00552486  0.00552486  0.00000000  0.21153846  0.00000000  0.00000000  0.00847458  0.04237288  0.00000000  0.00000000 
  0.00331126  0.00993377  0.00000000  0.00000000  0.00000000  0.28260870  0.00000000  0.00000000  0.00000000  0.13000000  0.00000000  0.00000000 
  0.00000000  0.00334448  0.00000000  0.00000000  0.00000000  0.34883721  0.00000000  0.00000000  0.00000000  0.13043478  0.00000000  0.00000000 
  0.00353357  0.00000000  0.00000000  0.02027027  0.00000000  0.30000000  0.00000000  0.00000000  0.00000000  0.08333333  0.00000000  0.01041667 
  0.00000000  0.00000000  0.01342282  0.00671141  0.00000000  0.39655172  0.00000000  0.00000000  0.00000000  0.11926606  0.00000000  0.00000000 
  0.00306748  0.00306748  0.00546448  0.00000000  0.00000000  0.36842105  0.00000000  0.00000000  0.00000000  0.09923664  0.00000000  0.00000000 
  0.00668896  0.00334448  0.01428571  0.01428571  0.00000000  0.40000000  0.01818182  0.00000000  0.00000000  0.10256410  0.00000000  0.00000000 
  0.00636943  0.00636943  0.01226994  0.00000000  0.00000000  0.43902439  0.00000000  0.00000000  0.00000000  0.11184211  0.00000000  0.00000000 
  0.00000000  0.00362319  0.00000000  0.00000000  0.00000000  0.32432432  0.00000000  0.00000000  0.00000000  0.08633094  0.00000000  0.00000000 
  0.00362319  0.00000000  0.00000000  0.00000000  0.00000000  0.25581395  0.00000000  0.00000000  0.00000000  0.05600000  0.00000000  0.00000000 
  0.00651466  0.00325733  0.00000000  0.00520833  0.02272727  0.31818182  0.00000000  0.00000000  0.00740741  0.11111111  0.00000000  0.00000000 
  0.00363636  0.00727273  0.00000000  0.00714286  0.00000000  0.25000000  0.00000000  0.00000000  0.00000000  0.10071942  0.00000000  0.00000000 
  0.00314465  0.00314465  0.01041667  0.00000000  0.00000000  0.22500000  0.00000000  0.00000000  0.00000000  0.10344828  0.00000000  0.00689655 
  0.00000000  0.00940439  0.00621118  0.01242236  0.00000000  0.31914894  0.00000000  0.00000000  0.00000000  0.06617647  0.00000000  0.00000000 
  0.00334448  0.00334448  0.00000000  0.00000000  0.00000000  0.25000000  0.00000000  0.00000000  0.00000000  0.11678832  0.00000000  0.00000000 
  0.00307692  0.00000000  0.00561798  0.00561798  0.00000000  0.26530612  0.00000000  0.00000000  0.00000000  0.07812500  0.00000000  0.00000000 
  0.00701754  0.00350877  0.00000000  0.00549451  0.02127660  0.44680851  0.00000000  0.00000000  0.00000000  0.08783784  0.00000000  0.00000000 
  0.00322581  0.00645161  0.00000000  0.00523560  0.00000000  0.34615385  0.00000000  0.00000000  0.00000000  0.12587413  0.00000000  0.00000000 
  0.00355872  0.00355872  0.00000000  0.00000000  0.00000000  0.23404255  0.00000000  0.00000000  0.00000000  0.13125000  0.00000000  0.00000000 
  0.00000000  0.00000000  0.00000000  0.01169591  0.00000000  0.33333333  0.00000000  0.00000000  0.00636943  0.09554140  0.00000000  0.00000000 
  0.00000000  0.00763359  0.00000000  0.00000000  0.00000000  0.36666667  0.00000000  0.00000000  0.00000000  0.03846154  0.00000000  0.00641026 
  0.00632911  0.00000000  0.00515464  0.00000000  0.00000000  0.29411765  0.00000000  0.00000000  0.00000000  0.03846154  0.00000000  0.00000000 
  0.00000000  0.00684932  0.00000000  0.00578035  0.00000000  0.36538462  0.00000000  0.00000000  0.00000000  0.14024390  0.00000000  0.00609756 
  0.00312500  0.00312500  0.00000000  0.01604278  0.02325581  0.13953488  0.00000000  0.00000000  0.00000000  0.13333333  0.00000000  0.00000000 
  0.00276243  0.00000000  0.00000000  0.00000000  0.00000000  0.21153846  0.00000000  0.00000000  0.00000000  0.13888889  0.00000000  0.00000000 
  0.00289017  0.00578035  0.00000000  0.00675676  0.00000000  0.24000000  0.00000000  0.00000000  0.00000000  0.15306122  0.00000000  0.00000000 
  0.00584795  0.00000000  0.00000000  0.00000000  0.00000000  0.34615385  0.00000000  0.00000000  0.00000000  0.10204082  0.00000000  0.00000000 
  0.00647249  0.00000000  0.00000000  0.00000000  0.00000000  0.27777778  0.00000000  0.00000000  0.00000000  0.17346939  0.00000000  0.01020408 
  0.00000000  0.00709220  0.00000000  0.00000000  0.00000000  0.30434783  0.00000000  0.00000000  0.00000000  0.06542056  0.00000000  0.00000000 
  0.01748252  0.01048951  0.00529101  0.01058201  0.00000000  0.22580645  0.00000000  0.00000000  0.00000000  0.09448819  0.00000000  0.00000000 
  0.00000000  0.00316456  0.00000000  0.01724138  0.00000000  0.31250000  0.00000000  0.00000000  0.00000000  0.04800000  0.00000000  0.00000000 
  0.00694444  0.00347222  0.01149425  0.00000000  0.00000000  0.24242424  0.00000000  0.00000000  0.00000000  0.08571429  0.00000000  0.00000000 
