  0.00000000  0.00195695  0.00107875  0.00323625  0.00000000  0.24019608  0.00000000  0.00000000  0.00000000  0.05648267  0.00000000  0.00000000 
  0.00371058  0.00371058  0.00441989  0.00441989  0.00000000  0.20100503  0.00000000  0.00000000  0.00000000  0.08028335  0.00000000  0.00118064 
  0.00207469  0.00000000  0.00500000  0.00000000  0.00000000  0.26767677  0.00000000  0.00000000  0.00000000  0.06214689  0.00000000  0.00000000 
  0.00000000  0.00202020  0.00221239  0.00331858  0.00000000  0.19565217  0.00000000  0.00000000  0.00000000  0.07740325  0.00000000  0.00000000 
  0.00000000  0.00000000  0.00324675  0.00108225  0.00000000  0.22279793  0.00000000  0.00000000  0.00000000  0.05826397  0.00000000  0.00000000 
  0.00395257  0.00197628  0.00104712  0.00104712  0.00000000  0.21359223  0.00000000  0.00000000  0.00000000  0.06519065  0.00000000  0.00000000 
  0.00203252  0.00000000  0.00411523  0.00205761  0.00000000  0.19402985  0.00000000  0.00000000  0.00116279  0.06627907  0.00000000  0.00116279 
  0.00217391  0.00000000  0.00383142  0.00478927  0.00000000  0.20812183  0.00000000  0.00000000  0.00128370  0.07702182  0.00000000  0.00000000 
  0.00198413  0.00198413  0.00107181  0.00107181  0.00000000  0.20000000  0.00000000  0.00000000  0.00000000  0.06171285  0.00000000  0.00000000 
  0.00000000  0.00000000  0.00299103  0.00199402  0.00000000  0.21717172  0.00000000  0.00000000  0.00130719  0.07581699  0.00000000  0.00000000 
  0.00196078  0.00196078  0.00194363  0.00291545  0.00465116  0.20000000  0.00000000  0.00000000  0.00000000  0.08491762  0.00000000  0.00000000 
  0.00000000  0.00410678  0.00501505  0.00401204  0.00000000  0.17256637  0.00000000  0.00000000  0.00255102  0.06122449  0.00000000  0.00000000 
  0.00398406  0.00199203  0.00112486  0.00449944  0.00000000  0.22842640  0.00000000  0.00000000  0.00392157  0.07189542  0.00000000  0.00000000 
  0.00000000  0.00000000  0.00000000  0.00250000  0.00000000  0.22885572  0.00000000  0.00000000  0.00000000  0.06827309  0.00000000  0.00000000 
  0.00000000  0.00000000  0.00242424  0.00000000  0.00000000  0.23720930  0.00000000  0.00000000  0.00000000  0.06482759  0.00000000  0.00000000 
  0.00000000  0.00000000  0.00346420  0.00577367  0.00000000  0.24468085  0.00000000  0.00000000  0.00000000  0.07191316  0.00000000  0.00000000 
  0.00000000  0.00000000  0.00114811  0.00114811  0.00000000  0.25555556  0.00000000  0.00000000  0.00000000  0.04455446  0.00000000  0.00123762 
  0.00201613  0.00000000  0.00231750  0.00000000  0.00000000  0.20512821  0.00000000  0.00000000  0.00134771  0.06469003  0.00000000  0.00000000 
  0.00195313  0.00000000  0.00231750  0.00463499  0.00000000  0.19895288  0.00000000  0.00000000  0.00147493  0.06489676  0.00000000  0.00000000 
  0.00196078  0.00000000  0.00000000  0.00564972  0.00000000  0.18877551  0.00000000  0.00000000  0.00000000  0.06268222  0.00000000  0.00000000 
  0.00000000  0.00000000  0.00294551  0.00000000  0.00000000  0.25130890  0.00000000  0.00000000  0.00000000  0.06557377  0.00000000  0.00000000 
  0.00000000  0.00000000  0.00111235  0.00000000  0.00000000  0.17318436  0.00000000  0.00000000  0.00000000  0.06342780  0.00000000  0.00000000 
  0.00000000  0.00000000  0.00542888  0.00108578  0.00000000  0.22340426  0.00000000  0.00000000  0.00134590  0.08748318  0.00000000  0.00000000 
  0.00000000  0.00000000  0.00228311  0.00342466  0.00000000  0.27184466  0.00000000  0.00000000  0.00146199  0.06871345  0.00000000  0.00000000 
  0.00192308  0.00192308  0.00360577  0.00240385  0.00000000  0.23589744  0.00000000  0.00000000  0.00000000  0.06011730  0.00000000  0.00000000 
  0.00000000  0.00000000  0.00109409  0.00109409  0.00000000  0.22751323  0.00000000  0.00000000  0.00000000  0.07680251  0.00000000  0.00000000 
  0.00180832  0.00000000  0.00132450  0.00132450  0.00000000  0.26162791  0.00000000  0.00000000  0.00000000  0.06980273  0.00000000  0.00000000 
  0.00000000  0.00000000  0.00000000  0.00496894  0.00000000  0.28272251  0.00000000  0.00000000  0.00000000  0.08112094  0.00000000  0.00000000 
  0.00000000  0.00000000  0.00000000  0.00000000  0.00000000  0.25000000  0.00000000  0.00000000  0.00289855  0.06086957  0.00000000  0.00000000 
  0.00000000  0.00000000  0.00118343  0.00355030  0.00000000  0.24175824  0.00000000  0.00000000  0.00000000  0.07372654  0.00000000  0.00000000 
  0.00000000  0.00000000  0.00000000  0.00228311  0.00000000  0.25842697  0.00000000  0.00000000  0.00000000  0.07589880  0.00000000  0.00000000 
  0.00000000  0.00000000  0.00545852  0.00436681  0.00000000  0.23863636  0.00000000  0.00000000  0.00132802  0.06241700  0.00000000  0.00000000 
  0.00188324  0.00000000  0.00108342  0.00325027  0.00000000  0.26086957  0.00000000  0.00000000  0.00000000  0.07845745  0.00000000  0.00000000 
  0.00187970  0.00000000  0.00915332  0.00000000  0.00000000  0.23232323  0.00000000  0.00000000  0.00000000  0.07451565  0.00000000  0.00000000 
  0.00000000  0.00000000  0.00219058  0.00109529  0.00000000  0.22699387  0.00000000  0.00000000  0.00000000  0.07703704  0.00000000  0.00000000 
  0.00000000  0.00000000  0.00000000  0.00000000  0.00000000  0.26760563  0.00000000  0.00000000  0.00000000  0.08052709  0.00000000  0.00000000 
  0.00000000  0.00000000  0.00384123  0.00384123  0.00000000  0.26130653  0.00000000  0.00000000  0.00000000  0.07317073  0.00000000  0.00000000 
  0.00000000  0.00000000  0.00417973  0.00104493  0.00000000  0.17679558  0.00000000  0.00000000  0.00000000  0.07862069  0.00000000  0.00000000 
  0.00000000  0.00000000  0.00326442  0.00435256  0.00000000  0.22707424  0.00000000  0.00000000  0.00000000  0.07943262  0.00000000  0.00000000 
  0.00207039  0.00000000  0.00110011  0.00110011  0.00000000  0.24561404  0.00000000  0.00000000  0.00000000  0.10029940  0.00000000  0.00000000 
  0.00000000  0.00194932  0.00229885  0.00804598  0.00000000  0.23584906  0.00000000  0.00000000  0.00000000  0.07309487  0.00000000  0.00000000 
  0.00000000  0.00000000  0.00000000  0.00256410  0.00000000  0.20670391  0.00000000  0.00000000  0.00000000  0.09815951  0.00000000  0.00000000 
  0.00207900  0.00000000  0.00000000  0.00238095  0.00000000  0.31034483  0.00000000  0.00000000  0.00157233  0.06603774  0.00000000  0.00000000 
  0.00000000  0.00000000  0.00139470  0.00278940  0.00000000  0.22448980  0.00000000  0.00000000  0.00000000  0.07360000  0.00000000  0.00000000 
  0.00000000  0.00000000  0.00138889  0.00000000  0.00000000  0.28089888  0.00000000  0.00000000  0.00000000  0.07103825  0.00000000  0.00000000 
  0.00000000  0.00000000  0.00000000  0.00140252  0.00476190  0.27142857  0.00000000  0.00000000  0.00000000  0.09981516  0.00000000  0.00000000 
  0.00000000  0.00000000  0.00138696  0.00277393  0.00000000  0.20500000  0.00000000  0.00000000  0.00000000  0.08650519  0.00000000  0.00000000 
  0.00000000  0.00000000  0.00134771  0.00134771  0.00000000  0.32338308  0.00000000  0.00000000  0.00000000  0.11904762  0.00000000  0.00000000 
  0.00000000  0.00000000  0.00000000  0.00136054  0.00000000  0.24200913  0.00000000  0.00000000  0.00000000  0.10865874  0.00000000  0.00000000 
