  0.00233100  0.00466200  0.00000000  0.00000000  0.00000000  0.15000000  0.00000000  0.00000000  0.00000000  0.00000000  0.00000000  0.00000000 
  0.00000000  0.00852273  0.01666667  0.03333333  0.02380952  0.07142857  0.00000000  0.00000000  0.00000000  0.06666667  0.00000000  0.00000000 
  0.00530504  0.00530504  0.00000000  0.02564103  0.02380952  0.11904762  0.02380952  0.00000000  0.00000000  0.13513514  0.00000000  0.00000000 
  0.00524934  0.01312336  0.01000000  0.00000000  0.02222222  0.02222222  0.00000000  0.00000000  0.00000000  0.04878049  0.00000000  0.00000000 
  0.00476190  0.00476190  0.00000000  0.00000000  0.00000000  0.08510638  0.00000000  0.00000000  0.00000000  0.05882353  0.00000000  0.00000000 
  0.00753769  0.00753769  0.00000000  0.00000000  0.00000000  0.12500000  0.00000000  0.00000000  0.00000000  0.05882353  0.00000000  0.00000000 
  0.01052632  0.01052632  0.00000000  0.02380952  0.00000000  0.11428571  0.00000000  0.00000000  0.00000000  0.08108108  0.00000000  0.00000000 
  0.00710900  0.00236967  0.02777778  0.02777778  0.00000000  0.10638298  0.00000000  0.00000000  0.00000000  0.09375000  0.00000000  0.00000000 
  0.00771208  0.00771208  0.00000000  0.03125000  0.00000000  0.06382979  0.00000000  0.00000000  0.00000000  0.12500000  0.00000000  0.00000000 
  0.00767263  0.00767263  0.00000000  0.01282051  0.00000000  0.05555556  0.02777778  0.00000000  0.00000000  0.02857143  0.00000000  0.00000000 
  0.01030928  0.01030928  0.00000000  0.03508772  0.00000000  0.07843137  0.00000000  0.00000000  0.00000000  0.20000000  0.00000000  0.00000000 
  0.00267380  0.01871658  0.00000000  0.01204819  0.00000000  0.17307692  0.00000000  0.00000000  0.00000000  0.02439024  0.00000000  0.00000000 
  0.00544959  0.01634877  0.01818182  0.02727273  0.02500000  0.12500000  0.00000000  0.00000000  0.00000000  0.07142857  0.00000000  0.00000000 
  0.00520833  0.01041667  0.00000000  0.02197802  0.01724138  0.05172414  0.00000000  0.00000000  0.00000000  0.12500000  0.00000000  0.00000000 
  0.00261097  0.01305483  0.00000000  0.03921569  0.00000000  0.09433962  0.01886792  0.00000000  0.00000000  0.07272727  0.00000000  0.00000000 
  0.00804290  0.01072386  0.00000000  0.00000000  0.00000000  0.12280702  0.00000000  0.00000000  0.00000000  0.08928571  0.00000000  0.00000000 
  0.01483680  0.00593472  0.00000000  0.01587302  0.01612903  0.11290323  0.00000000  0.00000000  0.00000000  0.09375000  0.00000000  0.00000000 
  0.00515464  0.01288660  0.00000000  0.00000000  0.01694915  0.08474576  0.00000000  0.00000000  0.00000000  0.02083333  0.00000000  0.00000000 
  0.01108033  0.00277008  0.00877193  0.00877193  0.00000000  0.07547170  0.00000000  0.00000000  0.00000000  0.01818182  0.00000000  0.00000000 
  0.00789474  0.01315789  0.00000000  0.00000000  0.01562500  0.03125000  0.00000000  0.00000000  0.00000000  0.10714286  0.00000000  0.00000000 
  0.00761421  0.00761421  0.00000000  0.03529412  0.02272727  0.06818182  0.00000000  0.00000000  0.00000000  0.06250000  0.00000000  0.00000000 
  0.00495050  0.00247525  0.00000000  0.02531646  0.00000000  0.14035088  0.00000000  0.00000000  0.00000000  0.02702703  0.00000000  0.00000000 
  0.00793651  0.00793651  0.00000000  0.06024096  0.01724138  0.10344828  0.00000000  0.00000000  0.02564103  0.02564103  0.00000000  0.00000000 
  0.00243902  0.01707317  0.00000000  0.01818182  0.00000000  0.06153846  0.00000000  0.00000000  0.00000000  0.03846154  0.00000000  0.00000000 
  0.00236407  0.00945626  0.02816901  0.01408451  0.01851852  0.07407407  0.03703704  0.00000000  0.00000000  0.05405405  0.00000000  0.00000000 
  0.00923788  0.00923788  0.01063830  0.00000000  0.00000000  0.16666667  0.02083333  0.00000000  0.00000000  0.05128205  0.00000000  0.00000000 
  0.00537634  0.01344086  0.00000000  0.02409639  0.00000000  0.05172414  0.00000000  0.00000000  0.00000000  0.09615385  0.00000000  0.00000000 
  0.00505051  0.01010101  0.01587302  0.00000000  0.00000000  0.07317073  0.00000000  0.00000000  0.00000000  0.17647059  0.00000000  0.00000000 
  0.00781250  0.01041667  0.00000000  0.02352941  0.00000000  0.11538462  0.00000000  0.00000000  0.00000000  0.03125000  0.00000000  0.00000000 
  0.01216545  0.01459854  0.00000000  0.01136364  0.03921569  0.01960784  0.00000000  0.00000000  0.00000000  0.06818182  0.00000000  0.00000000 
  0.00516796  0.01550388  0.00000000  0.01333333  0.00000000  0.08888889  0.00000000  0.00000000  0.00000000  0.09756098  0.00000000  0.00000000 
  0.00824176  0.00824176  0.02325581  0.04651163  0.00000000  0.07692308  0.00000000  0.00000000  0.00000000  0.06521739  0.00000000  0.00000000 
  0.01418440  0.00236407  0.00000000  0.00000000  0.00000000  0.05660377  0.01886792  0.00000000  0.00000000  0.09090909  0.00000000  0.00000000 
  0.00000000  0.00982801  0.01666667  0.00000000  0.00000000  0.15686275  0.00000000  0.00000000  0.00000000  0.10000000  0.00000000  0.00000000 
  0.00980392  0.00980392  0.00000000  0.01315789  0.00000000  0.15909091  0.02272727  0.00000000  0.00000000  0.08000000  0.00000000  0.00000000 
  0.00505051  0.00757576  0.00000000  0.00000000  0.00000000  0.04545455  0.00000000  0.00000000  0.00000000  0.03333333  0.00000000  0.00000000 
  0.00892857  0.00446429  0.01190476  0.03571429  0.00000000  0.02083333  0.02083333  0.00000000  0.02222222  0.02222222  0.00000000  0.00000000 
  0.00757576  0.01767677  0.00000000  0.01190476  0.00000000  0.01851852  0.00000000  0.00000000  0.00000000  0.08571429  0.00000000  0.00000000 
  0.00987654  0.00493827  0.01176471  0.00000000  0.02564103  0.03846154  0.00000000  0.00000000  0.00000000  0.03846154  0.00000000  0.00000000 
  0.00493827  0.02222222  0.00000000  0.02439024  0.00000000  0.01562500  0.00000000  0.00000000  0.00000000  0.02631579  0.00000000  0.00000000 
  0.01020408  0.01785714  0.02197802  0.02197802  0.00000000  0.05454545  0.00000000  0.00000000  0.00000000  0.14000000  0.00000000  0.02000000 
  0.00462963  0.00925926  0.00917431  0.00917431  0.00000000  0.07936508  0.00000000  0.00000000  0.00000000  0.07500000  0.00000000  0.00000000 
  0.00691244  0.00230415  0.00000000  0.01000000  0.00000000  0.10638298  0.00000000  0.00000000  0.00000000  0.07142857  0.00000000  0.00000000 
  0.01193317  0.00000000  0.00854701  0.00000000  0.02173913  0.15217391  0.00000000  0.00000000  0.00000000  0.06779661  0.00000000  0.00000000 
  0.00737101  0.00491400  0.00943396  0.00943396  0.02000000  0.06000000  0.00000000  0.00000000  0.00000000  0.08955224  0.00000000  0.00000000 
  0.01121076  0.00672646  0.02531646  0.02531646  0.00000000  0.16326531  0.00000000  0.00000000  0.00000000  0.20512821  0.00000000  0.00000000 
  0.00230415  0.00460829  0.00000000  0.00000000  0.00000000  0.06122449  0.00000000  0.00000000  0.00000000  0.09677419  0.00000000  0.00000000 
  0.01620370  0.01157407  0.01694915  0.00000000  0.00000000  0.03846154  0.00000000  0.00000000  0.00000000  0.04761905  0.00000000  0.00000000 
  0.00491400  0.01474201  0.00000000  0.00000000  0.01754386  0.07017544  0.00000000  0.00000000  0.00000000  0.02857143  0.00000000  0.00000000 
  0.01728395  0.00740741  0.00000000  0.02739726  0.00000000  0.08620690  0.01724138  0.00000000  0.00000000  0.04761905  0.00000000  0.00000000 
  0.00985222  0.00492611  0.01234568  0.01234568  0.00000000  0.11111111  0.00000000  0.00000000  0.00000000  0.09756098  0.00000000  0.00000000 
  0.00759494  0.00759494  0.00961538  0.00961538  0.00000000  0.06779661  0.00000000  0.00000000  0.00000000  0.14285714  0.00000000  0.00000000 
  0.00000000  0.01500000  0.01980198  0.00990099  0.01639344  0.04918033  0.00000000  0.00000000  0.00000000  0.07407407  0.00000000  0.00000000 
  0.00229358  0.00688073  0.01639344  0.04918033  0.03636364  0.01818182  0.00000000  0.00000000  0.00000000  0.07692308  0.00000000  0.00000000 
  0.00248756  0.00746269  0.00000000  0.01369863  0.01851852  0.11111111  0.01851852  0.00000000  0.00000000  0.11111111  0.00000000  0.03703704 
  0.00257069  0.00514139  0.00000000  0.00000000  0.00000000  0.05769231  0.00000000  0.00000000  0.00000000  0.08695652  0.00000000  0.04347826 
  0.01095890  0.01095890  0.01538462  0.01538462  0.01666667  0.13333333  0.00000000  0.00000000  0.00000000  0.02941176  0.00000000  0.00000000 
  0.00000000  0.01028278  0.00000000  0.01190476  0.00000000  0.12000000  0.00000000  0.00000000  0.00000000  0.10256410  0.00000000  0.00000000 
  0.00746269  0.00497512  0.00000000  0.01562500  0.00000000  0.06122449  0.00000000  0.00000000  0.00000000  0.02325581  0.00000000  0.00000000 
  0.00461894  0.00230947  0.00000000  0.00000000  0.00000000  0.12195122  0.00000000  0.00000000  0.00000000  0.11111111  0.00000000  0.00000000 
  0.00913242  0.00228311  0.00000000  0.00000000  0.00000000  0.16000000  0.00000000  0.00000000  0.00000000  0.11111111  0.00000000  0.00000000 
  0.00514139  0.00000000  0.03030303  0.01515152  0.00000000  0.11111111  0.00000000  0.00000000  0.00000000  0.09677419  0.00000000  0.00000000 
  0.01781170  0.01272265  0.01265823  0.01265823  0.00000000  0.05555556  0.03703704  0.00000000  0.00000000  0.08333333  0.00000000  0.00000000 
  0.01118568  0.00447427  0.03409091  0.00000000  0.02040816  0.06122449  0.02040816  0.00000000  0.00000000  0.08108108  0.00000000  0.00000000 
  0.00240385  0.00000000  0.00000000  0.04123711  0.02040816  0.10204082  0.00000000  0.00000000  0.00000000  0.08888889  0.00000000  0.00000000 
  0.00259740  0.00779221  0.00000000  0.00000000  0.00000000  0.06250000  0.02083333  0.00000000  0.00000000  0.07692308  0.00000000  0.00000000 
  0.00235849  0.00707547  0.00000000  0.00000000  0.00000000  0.06666667  0.00000000  0.00000000  0.00000000  0.00000000  0.00000000  0.00000000 
  0.00255102  0.01020408  0.00000000  0.00793651  0.00000000  0.08888889  0.00000000  0.00000000  0.00000000  0.06666667  0.00000000  0.00000000 
  0.00677201  0.01128668  0.00000000  0.00980392  0.00000000  0.07547170  0.00000000  0.00000000  0.00000000  0.04255319  0.00000000  0.00000000 
  0.00239808  0.01199041  0.00862069  0.00000000  0.00000000  0.09677419  0.00000000  0.00000000  0.00000000  0.12500000  0.00000000  0.00000000 
  0.00510204  0.00510204  0.02500000  0.00833333  0.00000000  0.04545455  0.00000000  0.00000000  0.00000000  0.01960784  0.00000000  0.00000000 
  0.00453515  0.00000000  0.00000000  0.00757576  0.00000000  0.05797101  0.00000000  0.00000000  0.00000000  0.09677419  0.00000000  0.00000000 
  0.00437637  0.00437637  0.00854701  0.00000000  0.00000000  0.05405405  0.02702703  0.00000000  0.00000000  0.05128205  0.00000000  0.00000000 
  0.01026694  0.00000000  0.00925926  0.00925926  0.03750000  0.07500000  0.00000000  0.00000000  0.00000000  0.00000000  0.00000000  0.00000000 
  0.00574713  0.01149425  0.02247191  0.01123596  0.00000000  0.03225806  0.00000000  0.00000000  0.00000000  0.04166667  0.00000000  0.00000000 
  0.01353965  0.00193424  0.00751880  0.00000000  0.00000000  0.06329114  0.00000000  0.00000000  0.00000000  0.07407407  0.00000000  0.00000000 
  0.00386100  0.00386100  0.00813008  0.00813008  0.00000000  0.05813953  0.00000000  0.00000000  0.00000000  0.07608696  0.00000000  0.00000000 
  0.00000000  0.01204819  0.00645161  0.00000000  0.00000000  0.09638554  0.00000000  0.00000000  0.01219512  0.06097561  0.00000000  0.00000000 
  0.00609756  0.00406504  0.00546448  0.00546448  0.00000000  0.07692308  0.00000000  0.00000000  0.00000000  0.08474576  0.00000000  0.00000000 
  0.00896861  0.00896861  0.01675978  0.01675978  0.00000000  0.06172840  0.00000000  0.00000000  0.00000000  0.03906250  0.00000000  0.00781250 
  0.00879121  0.00219780  0.00970874  0.00970874  0.00000000  0.10638298  0.00000000  0.00000000  0.00000000  0.00000000  0.00000000  0.00000000 
  0.00454545  0.01136364  0.00000000  0.01492537  0.01639344  0.08196721  0.00000000  0.00000000  0.00000000  0.09756098  0.00000000  0.00000000 
  0.00459770  0.00229885  0.00000000  0.01265823  0.00000000  0.01538462  0.00000000  0.00000000  0.00000000  0.07692308  0.00000000  0.00000000 
  0.00662252  0.01103753  0.01149425  0.01149425  0.01282051  0.10256410  0.01282051  0.01282051  0.00000000  0.04255319  0.00000000  0.00000000 
  0.00235849  0.01179245  0.00000000  0.02380952  0.00000000  0.04838710  0.00000000  0.00000000  0.00000000  0.02380952  0.00000000  0.00000000 
  0.00626305  0.01043841  0.00000000  0.04081633  0.00000000  0.04081633  0.00000000  0.00000000  0.00000000  0.04000000  0.00000000  0.04000000 
  0.00452489  0.00904977  0.01587302  0.03174603  0.00000000  0.10344828  0.00000000  0.00000000  0.00000000  0.00000000  0.00000000  0.00000000 
  0.00649351  0.00865801  0.00000000  0.03773585  0.00000000  0.08196721  0.00000000  0.00000000  0.00000000  0.18181818  0.00000000  0.00000000 
  0.00666667  0.00222222  0.02941176  0.01470588  0.00000000  0.02985075  0.00000000  0.00000000  0.03846154  0.15384615  0.00000000  0.00000000 
  0.00455581  0.00683371  0.00000000  0.01754386  0.01754386  0.12280702  0.00000000  0.00000000  0.00000000  0.09090909  0.00000000  0.00000000 
  0.00659341  0.01978022  0.03225806  0.01612903  0.00000000  0.02272727  0.02272727  0.00000000  0.00000000  0.07407407  0.00000000  0.00000000 
  0.00696056  0.00464037  0.00000000  0.00000000  0.00000000  0.11111111  0.00000000  0.00000000  0.00000000  0.04761905  0.00000000  0.00000000 
  0.00469484  0.00938967  0.00000000  0.02000000  0.00000000  0.05769231  0.00000000  0.00000000  0.00000000  0.06250000  0.00000000  0.00000000 
  0.00433839  0.00650759  0.00000000  0.08219178  0.00000000  0.09259259  0.00000000  0.00000000  0.00000000  0.20588235  0.00000000  0.02941176 
  0.00659341  0.00659341  0.00000000  0.00000000  0.00000000  0.07547170  0.00000000  0.00000000  0.00000000  0.14285714  0.00000000  0.00000000 
  0.00231481  0.00462963  0.00000000  0.01388889  0.00000000  0.06250000  0.00000000  0.00000000  0.03030303  0.00000000  0.00000000  0.00000000 
  0.00481928  0.00481928  0.00000000  0.01219512  0.00000000  0.08163265  0.00000000  0.00000000  0.02564103  0.10256410  0.00000000  0.00000000 
  0.00534759  0.00267380  0.03333333  0.00000000  0.00000000  0.10526316  0.00000000  0.00000000  0.00000000  0.02857143  0.00000000  0.00000000 
  0.00761421  0.00761421  0.01149425  0.03448276  0.00000000  0.05769231  0.00000000  0.00000000  0.00000000  0.00000000  0.00000000  0.00000000 
  0.00519481  0.01038961  0.00000000  0.01562500  0.00000000  0.14285714  0.02040816  0.00000000  0.00000000  0.05882353  0.00000000  0.00000000 
  0.00923788  0.00923788  0.02985075  0.01492537  0.00000000  0.05405405  0.00000000  0.00000000  0.00000000  0.00000000  0.00000000  0.00000000 
  0.00247525  0.00495050  0.00000000  0.02985075  0.00000000  0.02000000  0.00000000  0.02000000  0.00000000  0.07692308  0.00000000  0.00000000 
  0.00472813  0.02364066  0.01851852  0.00000000  0.00000000  0.12962963  0.00000000  0.00000000  0.00000000  0.00000000  0.00000000  0.00000000 
  0.00232558  0.01162791  0.01612903  0.03225806  0.01851852  0.00000000  0.00000000  0.00000000  0.00000000  0.14285714  0.00000000  0.00000000 
  0.00692841  0.00461894  0.01851852  0.01851852  0.00000000  0.04081633  0.00000000  0.00000000  0.03703704  0.14814815  0.00000000  0.00000000 
  0.01495726  0.00427350  0.00000000  0.02272727  0.00000000  0.04761905  0.00000000  0.02380952  0.00000000  0.12500000  0.00000000  0.00000000 
  0.00462963  0.00462963  0.00000000  0.01298701  0.00000000  0.04878049  0.00000000  0.00000000  0.00000000  0.04545455  0.00000000  0.00000000 
  0.00437637  0.01094092  0.00000000  0.02777778  0.00000000  0.04000000  0.02000000  0.00000000  0.00000000  0.03125000  0.00000000  0.00000000 
  0.00436681  0.00218341  0.01315789  0.02631579  0.00000000  0.08888889  0.00000000  0.00000000  0.00000000  0.00000000  0.00000000  0.00000000 
  0.00938967  0.00000000  0.02040816  0.01020408  0.00000000  0.15789474  0.01754386  0.00000000  0.00000000  0.08571429  0.00000000  0.00000000 
  0.00660793  0.00881057  0.00649351  0.01298701  0.01818182  0.01818182  0.00000000  0.00000000  0.01265823  0.01265823  0.00000000  0.00000000 
  0.00715990  0.00954654  0.00000000  0.02702703  0.03703704  0.09259259  0.01851852  0.00000000  0.00000000  0.12000000  0.00000000  0.00000000 
  0.00469484  0.00704225  0.00925926  0.00925926  0.00000000  0.13846154  0.00000000  0.00000000  0.00000000  0.07042254  0.00000000  0.00000000 
  0.00000000  0.00717703  0.00952381  0.00000000  0.00000000  0.04615385  0.00000000  0.01538462  0.00000000  0.07142857  0.00000000  0.00000000 
  0.00000000  0.00975610  0.00000000  0.02127660  0.00000000  0.04000000  0.00000000  0.00000000  0.00000000  0.06122449  0.00000000  0.00000000 
  0.01190476  0.00476190  0.00000000  0.00000000  0.00000000  0.10344828  0.00000000  0.00000000  0.00000000  0.02439024  0.00000000  0.00000000 
  0.00447427  0.01342282  0.01162791  0.01162791  0.02380952  0.09523810  0.02380952  0.00000000  0.00000000  0.04651163  0.00000000  0.00000000 
  0.00871460  0.01525054  0.02739726  0.00000000  0.02272727  0.00000000  0.00000000  0.00000000  0.00000000  0.02272727  0.00000000  0.00000000 
  0.01699029  0.01213592  0.00000000  0.00000000  0.02083333  0.00000000  0.00000000  0.00000000  0.00000000  0.00000000  0.00000000  0.00000000 
  0.00495050  0.00990099  0.01562500  0.06250000  0.00000000  0.03921569  0.00000000  0.00000000  0.00000000  0.10714286  0.00000000  0.00000000 
  0.00726392  0.00484262  0.00000000  0.01587302  0.00000000  0.07017544  0.00000000  0.00000000  0.00000000  0.00000000  0.00000000  0.00000000 
  0.00434783  0.00652174  0.01315789  0.00000000  0.00000000  0.03636364  0.00000000  0.00000000  0.02631579  0.00000000  0.00000000  0.00000000 
  0.00680272  0.00680272  0.02127660  0.00000000  0.00000000  0.03571429  0.00000000  0.00000000  0.00000000  0.10909091  0.00000000  0.00000000 
  0.00829876  0.00829876  0.01111111  0.00000000  0.00000000  0.04444444  0.00000000  0.00000000  0.00000000  0.09302326  0.00000000  0.00000000 
  0.00196850  0.01181102  0.00000000  0.01204819  0.00000000  0.09302326  0.02325581  0.00000000  0.00000000  0.08000000  0.00000000  0.00000000 
  0.00630252  0.00840336  0.00000000  0.01219512  0.01724138  0.03448276  0.00000000  0.00000000  0.00000000  0.10000000  0.00000000  0.00000000 
  0.00223714  0.00447427  0.00000000  0.00000000  0.01785714  0.08928571  0.00000000  0.00000000  0.00000000  0.03333333  0.00000000  0.00000000 
  0.00828157  0.00414079  0.00000000  0.02597403  0.00000000  0.07812500  0.00000000  0.00000000  0.00000000  0.04444444  0.00000000  0.00000000 
  0.01063830  0.00212766  0.00000000  0.00000000  0.00000000  0.04651163  0.00000000  0.00000000  0.00000000  0.02325581  0.00000000  0.00000000 
  0.00471698  0.00000000  0.00000000  0.00000000  0.00000000  0.05084746  0.01694915  0.00000000  0.00000000  0.09302326  0.00000000  0.00000000 
  0.00721154  0.00721154  0.00909091  0.00909091  0.03636364  0.07272727  0.00000000  0.00000000  0.00000000  0.07272727  0.00000000  0.00000000 
  0.00223714  0.00671141  0.02439024  0.00813008  0.01818182  0.05454545  0.00000000  0.00000000  0.00000000  0.05769231  0.00000000  0.00000000 
  0.00433839  0.01952278  0.00980392  0.00000000  0.00000000  0.09677419  0.00000000  0.00000000  0.00000000  0.11627907  0.00000000  0.00000000 
  0.00000000  0.00625000  0.03092784  0.02061856  0.01666667  0.06666667  0.00000000  0.00000000  0.00000000  0.03703704  0.00000000  0.00000000 
  0.00225734  0.00451467  0.02040816  0.01360544  0.00000000  0.10000000  0.00000000  0.00000000  0.00000000  0.04225352  0.00000000  0.00000000 
  0.00896861  0.00896861  0.02142857  0.00714286  0.00000000  0.02666667  0.00000000  0.00000000  0.00000000  0.00000000  0.00000000  0.00000000 
  0.00000000  0.00211416  0.00952381  0.00000000  0.02380952  0.09523810  0.00000000  0.00000000  0.00000000  0.01754386  0.00000000  0.00000000 
  0.00212314  0.00849257  0.01612903  0.00000000  0.00000000  0.10000000  0.00000000  0.00000000  0.00000000  0.05000000  0.00000000  0.00000000 
  0.00406504  0.01016260  0.00000000  0.03225806  0.00000000  0.03508772  0.00000000  0.00000000  0.02631579  0.07894737  0.00000000  0.00000000 
  0.00417537  0.00208768  0.01333333  0.01333333  0.01923077  0.03846154  0.00000000  0.00000000  0.00000000  0.05555556  0.00000000  0.00000000 
  0.00427350  0.01282051  0.00000000  0.02197802  0.00000000  0.07142857  0.00000000  0.00000000  0.00000000  0.05263158  0.00000000  0.00000000 
  0.00421053  0.00210526  0.00000000  0.00000000  0.01785714  0.08928571  0.00000000  0.01785714  0.00000000  0.10714286  0.00000000  0.00000000 
  0.00000000  0.01293103  0.01010101  0.01010101  0.00000000  0.06250000  0.00000000  0.00000000  0.00000000  0.02564103  0.00000000  0.00000000 
  0.00441501  0.01324503  0.01041667  0.00000000  0.00000000  0.04166667  0.00000000  0.00000000  0.00000000  0.02777778  0.00000000  0.00000000 
  0.00214592  0.00429185  0.00000000  0.00000000  0.00000000  0.07462687  0.00000000  0.00000000  0.00000000  0.18750000  0.00000000  0.00000000 
  0.00247525  0.00000000  0.00000000  0.03571429  0.00000000  0.10169492  0.00000000  0.00000000  0.00000000  0.02325581  0.00000000  0.00000000 
  0.00226244  0.00904977  0.00000000  0.00000000  0.00000000  0.06849315  0.00000000  0.00000000  0.00000000  0.00000000  0.00000000  0.00000000 
  0.00911162  0.00911162  0.00934579  0.00934579  0.00000000  0.05263158  0.00000000  0.00000000  0.00000000  0.08333333  0.00000000  0.00000000 
  0.00218818  0.01094092  0.00925926  0.00925926  0.01785714  0.03571429  0.00000000  0.00000000  0.00000000  0.13461538  0.00000000  0.00000000 
  0.01624130  0.00928074  0.01075269  0.02150538  0.01694915  0.05084746  0.00000000  0.00000000  0.00000000  0.11904762  0.00000000  0.00000000 
  0.00000000  0.00884956  0.00000000  0.03389831  0.00000000  0.05063291  0.01265823  0.00000000  0.00000000  0.10416667  0.00000000  0.00000000 
  0.00642398  0.00214133  0.01764706  0.01764706  0.00000000  0.08450704  0.00000000  0.00000000  0.00000000  0.10638298  0.00000000  0.00000000 
  0.00000000  0.00221729  0.00847458  0.00847458  0.00000000  0.03448276  0.00000000  0.00000000  0.00000000  0.11111111  0.00000000  0.00000000 
  0.00000000  0.00473934  0.02439024  0.00813008  0.01886792  0.03773585  0.00000000  0.00000000  0.00000000  0.05797101  0.00000000  0.00000000 
  0.00480769  0.00240385  0.04347826  0.00000000  0.00000000  0.04918033  0.03278689  0.00000000  0.00000000  0.04347826  0.00000000  0.00000000 
  0.00630252  0.00420168  0.00877193  0.00877193  0.01666667  0.08333333  0.00000000  0.00000000  0.00000000  0.10869565  0.00000000  0.00000000 
  0.00220751  0.00883002  0.00793651  0.01587302  0.00000000  0.07547170  0.00000000  0.00000000  0.00000000  0.06818182  0.00000000  0.02272727 
  0.00438596  0.00657895  0.00884956  0.00000000  0.01470588  0.07352941  0.00000000  0.00000000  0.00000000  0.08333333  0.00000000  0.00000000 
  0.00871460  0.00217865  0.00000000  0.02542373  0.00000000  0.03703704  0.00000000  0.00000000  0.01694915  0.08474576  0.00000000  0.00000000 
  0.00692841  0.00461894  0.00000000  0.00000000  0.00000000  0.07547170  0.00000000  0.00000000  0.00000000  0.03389831  0.00000000  0.01694915 
  0.00000000  0.00950119  0.02325581  0.00775194  0.00000000  0.08823529  0.00000000  0.00000000  0.00000000  0.10000000  0.00000000  0.00000000 
  0.00852878  0.00639659  0.02419355  0.00000000  0.03448276  0.01724138  0.00000000  0.00000000  0.01923077  0.00000000  0.00000000  0.00000000 
  0.00683371  0.00227790  0.00819672  0.00819672  0.00000000  0.05194805  0.01298701  0.00000000  0.00000000  0.08474576  0.00000000  0.00000000 
  0.00662252  0.00441501  0.00740741  0.00740741  0.00000000  0.06122449  0.00000000  0.00000000  0.00000000  0.08510638  0.00000000  0.00000000 
  0.00657895  0.00219298  0.00781250  0.00000000  0.01351351  0.09459459  0.00000000  0.00000000  0.00000000  0.02173913  0.00000000  0.02173913 
  0.00950119  0.01187648  0.00000000  0.00000000  0.01428571  0.07142857  0.00000000  0.00000000  0.01754386  0.01754386  0.00000000  0.00000000 
  0.00209205  0.00209205  0.00000000  0.00943396  0.00000000  0.08108108  0.00000000  0.00000000  0.00000000  0.02040816  0.00000000  0.00000000 
  0.00674157  0.00898876  0.00000000  0.00781250  0.00000000  0.10169492  0.01694915  0.00000000  0.00000000  0.10344828  0.00000000  0.00000000 
  0.01541850  0.00881057  0.00729927  0.00000000  0.00000000  0.10000000  0.00000000  0.00000000  0.00000000  0.08928571  0.00000000  0.00000000 
  0.00481928  0.00240964  0.00000000  0.00000000  0.02631579  0.06578947  0.00000000  0.00000000  0.00000000  0.06756757  0.00000000  0.00000000 
  0.00486618  0.00973236  0.02027027  0.00675676  0.01149425  0.05747126  0.00000000  0.00000000  0.00000000  0.08000000  0.00000000  0.00000000 
  0.00000000  0.00472813  0.00000000  0.00558659  0.01449275  0.02898551  0.00000000  0.00000000  0.00000000  0.05940594  0.00000000  0.00000000 
  0.00234742  0.00704225  0.00478469  0.00478469  0.00000000  0.05681818  0.00000000  0.00000000  0.00000000  0.07017544  0.00000000  0.00000000 
  0.00483092  0.00241546  0.01181102  0.00393701  0.01123596  0.01123596  0.00000000  0.00000000  0.00641026  0.08333333  0.00000000  0.00000000 
  0.00000000  0.00968523  0.01779359  0.00355872  0.00000000  0.09090909  0.01298701  0.00000000  0.00000000  0.04347826  0.00000000  0.00000000 
  0.00443459  0.00665188  0.00526316  0.00526316  0.01333333  0.08000000  0.01333333  0.00000000  0.00000000  0.04938272  0.00000000  0.00000000 
  0.00000000  0.00781250  0.01801802  0.00000000  0.00000000  0.05172414  0.01724138  0.00000000  0.00000000  0.07692308  0.00000000  0.00000000 
  0.00245700  0.00491400  0.00000000  0.01000000  0.00000000  0.08333333  0.00000000  0.00000000  0.00000000  0.06818182  0.00000000  0.00000000 
  0.00459770  0.00459770  0.02500000  0.01666667  0.00000000  0.08333333  0.00000000  0.00000000  0.00000000  0.04705882  0.00000000  0.00000000 
  0.01007557  0.00000000  0.00000000  0.01149425  0.00000000  0.09259259  0.00000000  0.00000000  0.00000000  0.06956522  0.00000000  0.00000000 
  0.00000000  0.01036269  0.00000000  0.01219512  0.02040816  0.04081633  0.00000000  0.00000000  0.00000000  0.05303030  0.00000000  0.00000000 
  0.00280112  0.00000000  0.00000000  0.01970443  0.00000000  0.01923077  0.00000000  0.00000000  0.00000000  0.03278689  0.00000000  0.00000000 
  0.01036269  0.00259067  0.00000000  0.01449275  0.01754386  0.07017544  0.00000000  0.00000000  0.00000000  0.03973510  0.00000000  0.00000000 
  0.00000000  0.00280112  0.00369004  0.01476015  0.00000000  0.17391304  0.00000000  0.02173913  0.00000000  0.03669725  0.00000000  0.00000000 
  0.01436782  0.00000000  0.00000000  0.00651466  0.00000000  0.05882353  0.00000000  0.01960784  0.00000000  0.06329114  0.00000000  0.00000000 
  0.00500000  0.00500000  0.00318471  0.01273885  0.00000000  0.14000000  0.00000000  0.00000000  0.00000000  0.05769231  0.00000000  0.00000000 
  0.01326260  0.00265252  0.00341297  0.00341297  0.00000000  0.06000000  0.00000000  0.00000000  0.00000000  0.03550296  0.00000000  0.00000000 
  0.00480769  0.01442308  0.00000000  0.00400000  0.01754386  0.08771930  0.01754386  0.00000000  0.00000000  0.06666667  0.00000000  0.00000000 
  0.00260417  0.00260417  0.00000000  0.01492537  0.02325581  0.04651163  0.00000000  0.00000000  0.00000000  0.05000000  0.00000000  0.00000000 
  0.01612903  0.00921659  0.01769912  0.02654867  0.00000000  0.07272727  0.00000000  0.00000000  0.00000000  0.00000000  0.00000000  0.00000000 
  0.00674157  0.02022472  0.00000000  0.00862069  0.00000000  0.08888889  0.00000000  0.00000000  0.00000000  0.00000000  0.00000000  0.00000000 
  0.00247525  0.00742574  0.00709220  0.01418440  0.00000000  0.09523810  0.00000000  0.00000000  0.00000000  0.06060606  0.00000000  0.00000000 
  0.00433839  0.00650759  0.00877193  0.01754386  0.01666667  0.11666667  0.00000000  0.00000000  0.00000000  0.05479452  0.00000000  0.00000000 
  0.00476190  0.00238095  0.00000000  0.02898551  0.00000000  0.08333333  0.04166667  0.02083333  0.00000000  0.10588235  0.00000000  0.00000000 
  0.00448430  0.00000000  0.00000000  0.01418440  0.00000000  0.03773585  0.00000000  0.00000000  0.00000000  0.03703704  0.00000000  0.00000000 
  0.00945626  0.00472813  0.02040816  0.01360544  0.00000000  0.07843137  0.00000000  0.00000000  0.00000000  0.10588235  0.00000000  0.00000000 
  0.00000000  0.00238663  0.00574713  0.01724138  0.01886792  0.07547170  0.00000000  0.00000000  0.00000000  0.04878049  0.00000000  0.00000000 
  0.01263158  0.00000000  0.00000000  0.01142857  0.01587302  0.06349206  0.00000000  0.00000000  0.00000000  0.07500000  0.00000000  0.00000000 
  0.00222717  0.00222717  0.01086957  0.02173913  0.01388889  0.02777778  0.00000000  0.00000000  0.00000000  0.04347826  0.00000000  0.00000000 
  0.00634249  0.00634249  0.00591716  0.00591716  0.01351351  0.04054054  0.01351351  0.00000000  0.00980392  0.04901961  0.00000000  0.00000000 
  0.00206186  0.00412371  0.00531915  0.01063830  0.00000000  0.13157895  0.01315789  0.00000000  0.00000000  0.04123711  0.00000000  0.00000000 
  0.00384615  0.00000000  0.00000000  0.00881057  0.01724138  0.10344828  0.00000000  0.00000000  0.00000000  0.07766990  0.00000000  0.00000000 
  0.00211416  0.00422833  0.01762115  0.00000000  0.00000000  0.03125000  0.01562500  0.00000000  0.00000000  0.08333333  0.00000000  0.00000000 
  0.00000000  0.00488599  0.00450450  0.00900901  0.00000000  0.02564103  0.00000000  0.00000000  0.00000000  0.04878049  0.00000000  0.00000000 
  0.00000000  0.00330579  0.00452489  0.00904977  0.00000000  0.08536585  0.00000000  0.00000000  0.00000000  0.08163265  0.00000000  0.00680272 
  0.00800000  0.00640000  0.00647249  0.01294498  0.00000000  0.04477612  0.00000000  0.00000000  0.00000000  0.02325581  0.00000000  0.00000000 
  0.00900901  0.00720721  0.01183432  0.01183432  0.00917431  0.05504587  0.00000000  0.00000000  0.00442478  0.03539823  0.00000000  0.00000000 
  0.00815661  0.01141925  0.01044386  0.01566580  0.00826446  0.04132231  0.01652893  0.00000000  0.00000000  0.04942966  0.00000000  0.00000000 
  0.00380952  0.01714286  0.00000000  0.00369004  0.02380952  0.05952381  0.01190476  0.00000000  0.00000000  0.03932584  0.00000000  0.00000000 
  0.00729927  0.01459854  0.00816327  0.00408163  0.00000000  0.02739726  0.00000000  0.00000000  0.00000000  0.05369128  0.00000000  0.00671141 
  0.00242718  0.01699029  0.03271028  0.02336449  0.02702703  0.08108108  0.00000000  0.00000000  0.00819672  0.06557377  0.00000000  0.00000000 
  0.01075269  0.00716846  0.00000000  0.01652893  0.00000000  0.02586207  0.00000000  0.00862069  0.00000000  0.01960784  0.00000000  0.00000000 
  0.00354610  0.00886525  0.02222222  0.00000000  0.00000000  0.08000000  0.00000000  0.00000000  0.00000000  0.08000000  0.00000000  0.00000000 
  0.00206612  0.00826446  0.01298701  0.00000000  0.02000000  0.12000000  0.00000000  0.00000000  0.00000000  0.00000000  0.00000000  0.00000000 
  0.00470588  0.00705882  0.02631579  0.00000000  0.00000000  0.10416667  0.00000000  0.00000000  0.00000000  0.06250000  0.00000000  0.00000000 
  0.00563380  0.00563380  0.01123596  0.00000000  0.00000000  0.06976744  0.00000000  0.00000000  0.00000000  0.05405405  0.00000000  0.00000000 
  0.00769231  0.01025641  0.00000000  0.03076923  0.03030303  0.12121212  0.00000000  0.00000000  0.00000000  0.13636364  0.00000000  0.00000000 
  0.00000000  0.00498753  0.00000000  0.01298701  0.00000000  0.13157895  0.00000000  0.00000000  0.00000000  0.09375000  0.00000000  0.00000000 
  0.00520833  0.01562500  0.01298701  0.02597403  0.00000000  0.08000000  0.02000000  0.00000000  0.00000000  0.06896552  0.00000000  0.00000000 
  0.01114206  0.01392758  0.00000000  0.01136364  0.00000000  0.04761905  0.00000000  0.00000000  0.00000000  0.12903226  0.00000000  0.00000000 
  0.00719424  0.00479616  0.00000000  0.01515152  0.00000000  0.06382979  0.00000000  0.00000000  0.00000000  0.00000000  0.00000000  0.00000000 
  0.00000000  0.00721154  0.00000000  0.01587302  0.00000000  0.05660377  0.00000000  0.01886792  0.00000000  0.02702703  0.00000000  0.00000000 
  0.00227273  0.00227273  0.00000000  0.00000000  0.01886792  0.05660377  0.00000000  0.00000000  0.00000000  0.05882353  0.00000000  0.00000000 
  0.00458716  0.00229358  0.00000000  0.01333333  0.00000000  0.05769231  0.00000000  0.00000000  0.00000000  0.05555556  0.00000000  0.00000000 
  0.00000000  0.00235294  0.00000000  0.01754386  0.00000000  0.02380952  0.00000000  0.00000000  0.00000000  0.00000000  0.00000000  0.00000000 
  0.00000000  0.01262626  0.02222222  0.00000000  0.01754386  0.10526316  0.00000000  0.00000000  0.00000000  0.06250000  0.00000000  0.00000000 
  0.00000000  0.00000000  0.03529412  0.02352941  0.01851852  0.11111111  0.00000000  0.00000000  0.00000000  0.03030303  0.00000000  0.00000000 
  0.00506329  0.00759494  0.01612903  0.00000000  0.00000000  0.07500000  0.00000000  0.00000000  0.00000000  0.00000000  0.00000000  0.00000000 
  0.00238095  0.00000000  0.00000000  0.06000000  0.00000000  0.10714286  0.00000000  0.00000000  0.00000000  0.16666667  0.00000000  0.00000000 
  0.00225225  0.00675676  0.00000000  0.02380952  0.02380952  0.07142857  0.00000000  0.00000000  0.00000000  0.00000000  0.00000000  0.00000000 
  0.00000000  0.00486618  0.00000000  0.00000000  0.00000000  0.09836066  0.00000000  0.00000000  0.04761905  0.23809524  0.00000000  0.00000000 
  0.00235849  0.00000000  0.00000000  0.05797101  0.00000000  0.04651163  0.00000000  0.00000000  0.00000000  0.05000000  0.00000000  0.00000000 
  0.00234742  0.00234742  0.01960784  0.01960784  0.04444444  0.08888889  0.00000000  0.00000000  0.00000000  0.13636364  0.00000000  0.00000000 
  0.00242131  0.01210654  0.00000000  0.01785714  0.00000000  0.04651163  0.00000000  0.00000000  0.00000000  0.12500000  0.00000000  0.00000000 
  0.00488998  0.00000000  0.02500000  0.07500000  0.00000000  0.05882353  0.00000000  0.00000000  0.00000000  0.07692308  0.00000000  0.00000000 
  0.00674157  0.00898876  0.02739726  0.00000000  0.04347826  0.04347826  0.00000000  0.00000000  0.00000000  0.00000000  0.00000000  0.00000000 
  0.00235849  0.00471698  0.00000000  0.01724138  0.00000000  0.07894737  0.02631579  0.00000000  0.00000000  0.20833333  0.00000000  0.00000000 
  0.00702576  0.01170960  0.00000000  0.00000000  0.00000000  0.07317073  0.00000000  0.00000000  0.00000000  0.12500000  0.00000000  0.00000000 
  0.00511509  0.00255754  0.00000000  0.00884956  0.00000000  0.07894737  0.00000000  0.00000000  0.00000000  0.03448276  0.00000000  0.00000000 
  0.00769231  0.00256410  0.00000000  0.01234568  0.00000000  0.02777778  0.00000000  0.00000000  0.00000000  0.03225806  0.00000000  0.00000000 
  0.00264550  0.00264550  0.00645161  0.01290323  0.00000000  0.13513514  0.00000000  0.00000000  0.00000000  0.02941176  0.00000000  0.00000000 
  0.00505051  0.00252525  0.00000000  0.01273885  0.00000000  0.06818182  0.00000000  0.00000000  0.00000000  0.04040404  0.00000000  0.00000000 
  0.00759494  0.01265823  0.01129944  0.00564972  0.00000000  0.02857143  0.00000000  0.00000000  0.00000000  0.02970297  0.00000000  0.00000000 
  0.01081081  0.01081081  0.00561798  0.00561798  0.00000000  0.10810811  0.00000000  0.00000000  0.00000000  0.03157895  0.00000000  0.00000000 
  0.00268097  0.00268097  0.01212121  0.00000000  0.00000000  0.00000000  0.02222222  0.02222222  0.00000000  0.03157895  0.00000000  0.00000000 
  0.00469484  0.01173709  0.00000000  0.00000000  0.00000000  0.04651163  0.00000000  0.00000000  0.00000000  0.01315789  0.00000000  0.00000000 
  0.00260417  0.00000000  0.00625000  0.00000000  0.00000000  0.16666667  0.00000000  0.00000000  0.00000000  0.04651163  0.00000000  0.00000000 
  0.00000000  0.00588235  0.00000000  0.01351351  0.00000000  0.02564103  0.00000000  0.00000000  0.00000000  0.01020408  0.00000000  0.00000000 
  0.00506329  0.00506329  0.00746269  0.00000000  0.02040816  0.08163265  0.00000000  0.00000000  0.00000000  0.04166667  0.00000000  0.00000000 
  0.00000000  0.00464037  0.01204819  0.00602410  0.04255319  0.08510638  0.00000000  0.00000000  0.02500000  0.05000000  0.00000000  0.00000000 
  0.00552486  0.00276243  0.01351351  0.01351351  0.02702703  0.18918919  0.00000000  0.00000000  0.01111111  0.02222222  0.00000000  0.00000000 
  0.00864553  0.00576369  0.00000000  0.00781250  0.00000000  0.12500000  0.00000000  0.00000000  0.00000000  0.05479452  0.00000000  0.00000000 
  0.00791557  0.00791557  0.00833333  0.00000000  0.00000000  0.07017544  0.00000000  0.00000000  0.00000000  0.02040816  0.00000000  0.00000000 
  0.00518135  0.00777202  0.00000000  0.03125000  0.00000000  0.09302326  0.00000000  0.00000000  0.00000000  0.06382979  0.00000000  0.00000000 
  0.00276243  0.01104972  0.00970874  0.00000000  0.00000000  0.11111111  0.00000000  0.00000000  0.00000000  0.06976744  0.00000000  0.02325581 
  0.00506329  0.00000000  0.01980198  0.00990099  0.00000000  0.10256410  0.00000000  0.00000000  0.00000000  0.09090909  0.00000000  0.00000000 
  0.00506329  0.01265823  0.00000000  0.01052632  0.00000000  0.13333333  0.02222222  0.00000000  0.00000000  0.11904762  0.00000000  0.00000000 
  0.00000000  0.01012658  0.00781250  0.01562500  0.00000000  0.10810811  0.00000000  0.00000000  0.00000000  0.05555556  0.00000000  0.00000000 
  0.00795756  0.00530504  0.00000000  0.00000000  0.00000000  0.16279070  0.00000000  0.00000000  0.00000000  0.08333333  0.00000000  0.00000000 
  0.00496278  0.00744417  0.02352941  0.00000000  0.02439024  0.02439024  0.00000000  0.00000000  0.00000000  0.08333333  0.00000000  0.00000000 
  0.01108033  0.00277008  0.00000000  0.02298851  0.00000000  0.06250000  0.00000000  0.00000000  0.00000000  0.07692308  0.00000000  0.00000000 
  0.00564972  0.01412429  0.00000000  0.02040816  0.00000000  0.18181818  0.00000000  0.00000000  0.00000000  0.04838710  0.00000000  0.00000000 
  0.00263158  0.00789474  0.01587302  0.00000000  0.01818182  0.05454545  0.00000000  0.00000000  0.00000000  0.08000000  0.00000000  0.00000000 
  0.00539084  0.00808625  0.03000000  0.01000000  0.00000000  0.07843137  0.00000000  0.00000000  0.00000000  0.06122449  0.00000000  0.00000000 
  0.00249377  0.00000000  0.00000000  0.00925926  0.00000000  0.04545455  0.02272727  0.00000000  0.00000000  0.06250000  0.00000000  0.00000000 
  0.00771208  0.00771208  0.00000000  0.00934579  0.00000000  0.09090909  0.00000000  0.00000000  0.00000000  0.07272727  0.00000000  0.00000000 
  0.01312336  0.00524934  0.01010101  0.02020202  0.00000000  0.11764706  0.00000000  0.00000000  0.00000000  0.07317073  0.00000000  0.00000000 
  0.00793651  0.00000000  0.01041667  0.00000000  0.00000000  0.15217391  0.00000000  0.00000000  0.00000000  0.12500000  0.00000000  0.00000000 
  0.01098901  0.00824176  0.00000000  0.03773585  0.00000000  0.06521739  0.00000000  0.00000000  0.00000000  0.09677419  0.00000000  0.00000000 
  0.00303951  0.00000000  0.00000000  0.00000000  0.00000000  0.05000000  0.00000000  0.00000000  0.00000000  0.00000000  0.00000000  0.00000000 
  0.00845070  0.00563380  0.01123596  0.04494382  0.01851852  0.16666667  0.00000000  0.00000000  0.00000000  0.04081633  0.00000000  0.00000000 
  0.01190476  0.00297619  0.00800000  0.00800000  0.00000000  0.14285714  0.00000000  0.00000000  0.00000000  0.08000000  0.00000000  0.00000000 
  0.00290698  0.00581395  0.00000000  0.01388889  0.00000000  0.07843137  0.00000000  0.00000000  0.00000000  0.13513514  0.00000000  0.00000000 
  0.00757576  0.00505051  0.00000000  0.00000000  0.00000000  0.13513514  0.00000000  0.00000000  0.00000000  0.03125000  0.00000000  0.00000000 
  0.01089918  0.00817439  0.00917431  0.01834862  0.00000000  0.06976744  0.04651163  0.00000000  0.00000000  0.09523810  0.00000000  0.00000000 
  0.00000000  0.00285714  0.00000000  0.00000000  0.02127660  0.10638298  0.00000000  0.00000000  0.00000000  0.04651163  0.00000000  0.02325581 
  0.00800000  0.00266667  0.01886792  0.02830189  0.00000000  0.11764706  0.00000000  0.00000000  0.00000000  0.02564103  0.00000000  0.00000000 
  0.00000000  0.00256410  0.00000000  0.00000000  0.02380952  0.07142857  0.00000000  0.00000000  0.00000000  0.04761905  0.00000000  0.00000000 
  0.00255102  0.00510204  0.00000000  0.00000000  0.02222222  0.08888889  0.00000000  0.00000000  0.00000000  0.12500000  0.00000000  0.00000000 
  0.00488998  0.00488998  0.00000000  0.00000000  0.00000000  0.08823529  0.00000000  0.00000000  0.00000000  0.06060606  0.00000000  0.00000000 
  0.00235849  0.00471698  0.00840336  0.00840336  0.00000000  0.06666667  0.04444444  0.00000000  0.00000000  0.10000000  0.00000000  0.00000000 
  0.00491400  0.00245700  0.00943396  0.01886792  0.01851852  0.09259259  0.00000000  0.00000000  0.02500000  0.07500000  0.00000000  0.00000000 
  0.00507614  0.00507614  0.00000000  0.00746269  0.00000000  0.03448276  0.00000000  0.00000000  0.00000000  0.06122449  0.00000000  0.00000000 
  0.00558659  0.00279330  0.00900901  0.00000000  0.01754386  0.12280702  0.00000000  0.00000000  0.00000000  0.01666667  0.00000000  0.00000000 
  0.00992556  0.00744417  0.01694915  0.00847458  0.00000000  0.08510638  0.00000000  0.00000000  0.00000000  0.02272727  0.00000000  0.00000000 
  0.01485149  0.00000000  0.00826446  0.00826446  0.00000000  0.04545455  0.00000000  0.00000000  0.00000000  0.11111111  0.00000000  0.00000000 
  0.00487805  0.00975610  0.00602410  0.00602410  0.01408451  0.02816901  0.01408451  0.00000000  0.00000000  0.04411765  0.00000000  0.00000000 
  0.00265957  0.00000000  0.00000000  0.00787402  0.00000000  0.12280702  0.00000000  0.00000000  0.00000000  0.04411765  0.00000000  0.00000000 
  0.00243902  0.00487805  0.00000000  0.00000000  0.00000000  0.09523810  0.01587302  0.00000000  0.00000000  0.09836066  0.00000000  0.00000000 
  0.00479616  0.00719424  0.00641026  0.01282051  0.00000000  0.07352941  0.00000000  0.00000000  0.00000000  0.02898551  0.00000000  0.00000000 
  0.00000000  0.00207039  0.00709220  0.02127660  0.00000000  0.06896552  0.00000000  0.00000000  0.00000000  0.03846154  0.00000000  0.00000000 
  0.00206612  0.00206612  0.02040816  0.02040816  0.01923077  0.07692308  0.00000000  0.00000000  0.00000000  0.03571429  0.00000000  0.00000000 
  0.00659341  0.00659341  0.00000000  0.02739726  0.02325581  0.09302326  0.00000000  0.00000000  0.00000000  0.00000000  0.00000000  0.00000000 
  0.00456621  0.01141553  0.02352941  0.02352941  0.00000000  0.06818182  0.00000000  0.00000000  0.00000000  0.08695652  0.00000000  0.00000000 
  0.00436681  0.00655022  0.01769912  0.00000000  0.00000000  0.09090909  0.02272727  0.00000000  0.00000000  0.15789474  0.00000000  0.00000000 
  0.00000000  0.00738916  0.03030303  0.01010101  0.04255319  0.06382979  0.00000000  0.00000000  0.00000000  0.11428571  0.00000000  0.00000000 
  0.00243902  0.00487805  0.01123596  0.00000000  0.00000000  0.16000000  0.00000000  0.00000000  0.02564103  0.07692308  0.00000000  0.00000000 
  0.00218818  0.00875274  0.01190476  0.01190476  0.00000000  0.12820513  0.00000000  0.00000000  0.00000000  0.04545455  0.00000000  0.00000000 
  0.00478469  0.00000000  0.02325581  0.03488372  0.00000000  0.02564103  0.00000000  0.00000000  0.00000000  0.09375000  0.00000000  0.00000000 
  0.00248139  0.00496278  0.01149425  0.03448276  0.02222222  0.04444444  0.00000000  0.00000000  0.00000000  0.09090909  0.00000000  0.00000000 
  0.00527704  0.00527704  0.01886792  0.00000000  0.00000000  0.12820513  0.00000000  0.00000000  0.00000000  0.04347826  0.00000000  0.00000000 
  0.00267380  0.01069519  0.00000000  0.00000000  0.00000000  0.15789474  0.00000000  0.00000000  0.00000000  0.00000000  0.00000000  0.00000000 
  0.00290698  0.00290698  0.01923077  0.01923077  0.00000000  0.09259259  0.00000000  0.00000000  0.00000000  0.06896552  0.00000000  0.00000000 
  0.00268817  0.00537634  0.02941176  0.00000000  0.02127660  0.08510638  0.00000000  0.00000000  0.00000000  0.14285714  0.00000000  0.00000000 
  0.00980392  0.01470588  0.00000000  0.00000000  0.00000000  0.10416667  0.00000000  0.00000000  0.03030303  0.15151515  0.00000000  0.00000000 
  0.00500000  0.00000000  0.02816901  0.02816901  0.02127660  0.17021277  0.00000000  0.00000000  0.00000000  0.05405405  0.00000000  0.00000000 
  0.00691244  0.00691244  0.01538462  0.00000000  0.00000000  0.15789474  0.00000000  0.00000000  0.00000000  0.08695652  0.00000000  0.00000000 
  0.00246914  0.00493827  0.00000000  0.01428571  0.00000000  0.12727273  0.00000000  0.00000000  0.00000000  0.14285714  0.00000000  0.00000000 
  0.00536193  0.00268097  0.00000000  0.00000000  0.00000000  0.10204082  0.00000000  0.00000000  0.00000000  0.02857143  0.00000000  0.00000000 
  0.01108033  0.00554017  0.00000000  0.00000000  0.01960784  0.07843137  0.00000000  0.00000000  0.00000000  0.00000000  0.00000000  0.00000000 
  0.00000000  0.00750000  0.01694915  0.00847458  0.01724138  0.06896552  0.00000000  0.00000000  0.00000000  0.10526316  0.00000000  0.00000000 
  0.00691244  0.00460829  0.00000000  0.00000000  0.00000000  0.08333333  0.00000000  0.00000000  0.00000000  0.09523810  0.00000000  0.00000000 
  0.00491400  0.00245700  0.01492537  0.02985075  0.02173913  0.10869565  0.00000000  0.00000000  0.00000000  0.04000000  0.00000000  0.00000000 
  0.00250627  0.00501253  0.01234568  0.02469136  0.00000000  0.15555556  0.00000000  0.00000000  0.00000000  0.16666667  0.00000000  0.00000000 
  0.00232558  0.00697674  0.00000000  0.01428571  0.02857143  0.20000000  0.00000000  0.00000000  0.00000000  0.12903226  0.00000000  0.00000000 
  0.00791557  0.00263852  0.01250000  0.01250000  0.01694915  0.15254237  0.00000000  0.00000000  0.00000000  0.08000000  0.00000000  0.00000000 
  0.00000000  0.00490196  0.00961538  0.03846154  0.01694915  0.15254237  0.01694915  0.00000000  0.00000000  0.02222222  0.00000000  0.00000000 
  0.00719424  0.00000000  0.01980198  0.00990099  0.01923077  0.07692308  0.00000000  0.00000000  0.00000000  0.02222222  0.00000000  0.00000000 
  0.00475059  0.00950119  0.00943396  0.01886792  0.00000000  0.10344828  0.01724138  0.00000000  0.00000000  0.13043478  0.00000000  0.00000000 
  0.00773196  0.00515464  0.01075269  0.01075269  0.01388889  0.08333333  0.00000000  0.00000000  0.00000000  0.18604651  0.00000000  0.00000000 
  0.00241546  0.00724638  0.00000000  0.00000000  0.00000000  0.17808219  0.01369863  0.00000000  0.00000000  0.09090909  0.00000000  0.00000000 
  0.00232558  0.00697674  0.00840336  0.00840336  0.03571429  0.10714286  0.00000000  0.00000000  0.00000000  0.10526316  0.00000000  0.00000000 
  0.00490196  0.01225490  0.00684932  0.02739726  0.00000000  0.22413793  0.00000000  0.00000000  0.00000000  0.15000000  0.00000000  0.00000000 
  0.00257069  0.00771208  0.02083333  0.01388889  0.01538462  0.12307692  0.00000000  0.00000000  0.00000000  0.06944444  0.00000000  0.00000000 
  0.00485437  0.00970874  0.00578035  0.01156069  0.01639344  0.18032787  0.00000000  0.00000000  0.00000000  0.11111111  0.00000000  0.00000000 
  0.00241546  0.00000000  0.00000000  0.00584795  0.02439024  0.08536585  0.00000000  0.00000000  0.00000000  0.06194690  0.00000000  0.00000000 
  0.00694444  0.00462963  0.00444444  0.00444444  0.00000000  0.16176471  0.00000000  0.00000000  0.00000000  0.08771930  0.00000000  0.00000000 
  0.01005025  0.00251256  0.00000000  0.01098901  0.00000000  0.07462687  0.00000000  0.00000000  0.00000000  0.08333333  0.00000000  0.00000000 
  0.00678733  0.00452489  0.00537634  0.00537634  0.00000000  0.09195402  0.01149425  0.00000000  0.00000000  0.06015038  0.00000000  0.00000000 
  0.00704225  0.00469484  0.00452489  0.00452489  0.00000000  0.16901408  0.00000000  0.00000000  0.00606061  0.06060606  0.00000000  0.00000000 
  0.00240964  0.00722892  0.00507614  0.00507614  0.00000000  0.09756098  0.00000000  0.00000000  0.00000000  0.05882353  0.00000000  0.00000000 
