  0.00934579  0.00311526  0.00408998  0.00613497  0.00000000  0.06024096  0.00000000  0.00000000  0.00000000  0.03013699  0.00000000  0.00000000 
  0.01773050  0.00000000  0.01408451  0.00234742  0.01219512  0.06097561  0.00000000  0.00000000  0.00342466  0.03082192  0.00000000  0.00000000 
  0.00348432  0.00696864  0.01256281  0.01256281  0.00000000  0.05000000  0.00000000  0.00000000  0.00000000  0.02643172  0.00000000  0.00000000 
  0.00000000  0.00655738  0.01081081  0.00540541  0.01694915  0.10169492  0.00000000  0.00000000  0.00387597  0.04263566  0.00000000  0.00000000 
  0.00763359  0.00763359  0.01724138  0.00862069  0.00000000  0.05479452  0.00000000  0.00000000  0.00000000  0.04184100  0.00000000  0.00000000 
  0.01310044  0.00000000  0.01282051  0.00000000  0.00000000  0.02739726  0.00000000  0.00000000  0.00462963  0.04629630  0.00000000  0.00000000 
  0.00495050  0.00000000  0.00357143  0.00714286  0.00000000  0.13461538  0.00000000  0.00000000  0.00000000  0.04268293  0.00000000  0.00000000 
  0.00793651  0.00396825  0.00949367  0.01265823  0.01562500  0.09375000  0.00000000  0.00000000  0.00000000  0.05590062  0.00000000  0.00000000 
  0.00000000  0.00000000  0.00366300  0.01098901  0.01818182  0.09090909  0.00000000  0.00000000  0.00000000  0.04761905  0.00000000  0.00000000 
  0.00423729  0.00000000  0.00314465  0.00314465  0.01470588  0.08823529  0.00000000  0.00000000  0.00000000  0.05555556  0.00000000  0.00000000 
  0.00000000  0.01369863  0.00301205  0.00903614  0.00000000  0.11475410  0.00000000  0.00000000  0.00000000  0.07307692  0.00000000  0.00000000 
  0.00000000  0.00529101  0.00301205  0.00301205  0.02222222  0.04444444  0.00000000  0.00000000  0.00448430  0.01793722  0.00000000  0.00000000 
  0.00000000  0.00000000  0.00333333  0.01000000  0.00000000  0.14285714  0.00000000  0.00000000  0.00502513  0.04020101  0.00000000  0.00502513 
  0.00543478  0.00543478  0.00701754  0.00350877  0.00000000  0.07843137  0.00000000  0.00000000  0.00000000  0.04285714  0.00000000  0.00000000 
  0.00500000  0.00500000  0.00884956  0.01179941  0.00000000  0.07317073  0.00000000  0.00000000  0.00000000  0.03398058  0.00000000  0.00000000 
  0.00000000  0.00429185  0.01149425  0.00766284  0.00000000  0.10606061  0.00000000  0.00000000  0.00000000  0.05555556  0.00000000  0.00000000 
  0.00406504  0.00000000  0.00754717  0.00754717  0.00000000  0.17567568  0.00000000  0.00000000  0.00000000  0.00540541  0.00000000  0.00000000 
  0.00425532  0.00000000  0.00375940  0.01127820  0.01388889  0.06944444  0.01388889  0.00000000  0.00000000  0.04639175  0.00000000  0.00000000 
  0.00000000  0.00000000  0.01305483  0.00261097  0.00000000  0.16666667  0.00000000  0.00000000  0.00000000  0.05472637  0.00000000  0.00000000 
  0.00442478  0.00442478  0.01347709  0.00269542  0.00000000  0.12000000  0.00000000  0.00000000  0.00000000  0.03153153  0.00000000  0.00000000 
  0.01250000  0.00833333  0.01466276  0.00000000  0.00000000  0.07936508  0.00000000  0.00000000  0.00000000  0.05241935  0.00000000  0.00000000 
  0.00000000  0.00000000  0.00909091  0.00303030  0.01694915  0.03389831  0.00000000  0.00000000  0.00000000  0.05785124  0.00000000  0.00000000 
  0.00000000  0.00000000  0.00303951  0.00303951  0.00000000  0.04166667  0.00000000  0.00000000  0.00411523  0.04115226  0.00000000  0.00411523 
  0.00000000  0.00000000  0.00273224  0.00273224  0.00000000  0.01694915  0.00000000  0.00000000  0.00000000  0.03529412  0.00000000  0.00000000 
  0.00793651  0.00396825  0.01336898  0.00802139  0.00000000  0.05333333  0.00000000  0.00000000  0.00000000  0.04405286  0.00000000  0.00440529 
  0.00413223  0.00000000  0.00520833  0.00000000  0.00000000  0.06000000  0.00000000  0.00000000  0.00434783  0.04782609  0.00000000  0.00000000 
  0.00000000  0.00000000  0.00466200  0.00233100  0.00000000  0.05434783  0.00000000  0.00000000  0.00302115  0.03625378  0.00000000  0.00000000 
  0.00000000  0.02242152  0.00459770  0.00459770  0.00000000  0.07843137  0.00000000  0.00000000  0.00279330  0.03631285  0.00000000  0.00000000 
  0.00956938  0.00000000  0.00963855  0.00481928  0.00000000  0.10447761  0.00000000  0.00000000  0.00000000  0.05614035  0.00000000  0.00000000 
  0.00884956  0.00000000  0.00493827  0.00740741  0.00000000  0.02666667  0.00000000  0.00000000  0.00383142  0.05363985  0.00000000  0.00000000 
  0.01132075  0.00377358  0.00787402  0.01574803  0.00000000  0.10000000  0.00000000  0.00000000  0.00000000  0.04641350  0.00000000  0.00000000 
  0.00680272  0.00340136  0.01882845  0.02092050  0.00000000  0.04545455  0.00000000  0.00000000  0.00000000  0.03833866  0.00000000  0.00000000 
  0.00000000  0.00923077  0.00963391  0.01156069  0.00000000  0.06060606  0.00000000  0.00000000  0.00313480  0.02821317  0.00000000  0.00000000 
  0.00278552  0.00278552  0.01336303  0.01781737  0.00000000  0.05494505  0.01098901  0.00000000  0.00000000  0.05538462  0.00000000  0.00000000 
  0.00797872  0.00265957  0.01330377  0.01108647  0.00970874  0.05825243  0.00000000  0.00000000  0.00000000  0.05839416  0.00000000  0.00000000 
  0.00519481  0.00519481  0.00731707  0.01219512  0.00877193  0.08771930  0.00000000  0.00000000  0.00418410  0.02928870  0.00000000  0.00000000 
  0.00273224  0.00000000  0.00709220  0.00709220  0.01020408  0.07142857  0.00000000  0.00000000  0.00000000  0.02510460  0.00000000  0.00000000 
  0.00840336  0.00560224  0.02466368  0.01345291  0.00961538  0.09615385  0.00000000  0.00000000  0.00000000  0.05882353  0.00000000  0.00000000 
  0.00262467  0.00000000  0.00986193  0.00788955  0.00869565  0.07826087  0.00000000  0.00000000  0.00352113  0.03169014  0.00000000  0.00000000 
