  0.00215633  0.00458221  0.00431965  0.02375810  0.00000000  0.38894373  0.00000000  0.00592300  0.00000000  0.17398946  0.00000000  0.00527241 
  0.00063131  0.00336700  0.00400267  0.02068045  0.00000000  0.43420074  0.00000000  0.00223048  0.00000000  0.20891720  0.00000000  0.00254777 
  0.00098304  0.00344065  0.00182482  0.01824818  0.00000000  0.46618575  0.00000000  0.00541028  0.00000000  0.24190476  0.00000000  0.00190476 
  0.00070398  0.00105597  0.00239234  0.01531100  0.00000000  0.37671681  0.00000000  0.00130804  0.00000000  0.19812126  0.00000000  0.00426985 
  0.00170358  0.00316379  0.00349243  0.02793946  0.00000000  0.48336252  0.00000000  0.00262697  0.00000000  0.21252796  0.00000000  0.00894855 
  0.00091785  0.00367141  0.00643974  0.01747930  0.00000000  0.48579041  0.00000000  0.00444050  0.00000000  0.19474498  0.00000000  0.00154560 
  0.00100888  0.00322841  0.00281162  0.01499531  0.00000000  0.36005831  0.00000000  0.00000000  0.00000000  0.17721519  0.00000000  0.00223380 
  0.00165138  0.00330275  0.00261780  0.01570681  0.00000000  0.34023669  0.00000000  0.00073964  0.00000000  0.16928447  0.00000000  0.00290867 
  0.00123381  0.00205634  0.00518135  0.01093840  0.00078864  0.38722397  0.00000000  0.00078864  0.00000000  0.16695353  0.00000000  0.00086059 
  0.00201329  0.00362392  0.00447539  0.01442069  0.00000000  0.33176839  0.00000000  0.00000000  0.00000000  0.17521041  0.00000000  0.00000000 
  0.00105441  0.00421763  0.00297974  0.01191895  0.00000000  0.39347079  0.00171821  0.00000000  0.00000000  0.17098943  0.00000000  0.00384246 
  0.00228548  0.00373987  0.00430108  0.02150538  0.00085179  0.37649063  0.00000000  0.00085179  0.00114679  0.19839450  0.00000000  0.00114679 
  0.00120627  0.00261359  0.00705882  0.02901961  0.00000000  0.39831224  0.00168776  0.00084388  0.00000000  0.18316832  0.00000000  0.00165017 
  0.00123967  0.00289256  0.00331858  0.02765487  0.00094967  0.41785375  0.00000000  0.00189934  0.00000000  0.18218623  0.00000000  0.00404858 
  0.00076923  0.00480769  0.00710339  0.02446725  0.00087642  0.38036810  0.00000000  0.00000000  0.00000000  0.20704846  0.00000000  0.00146843 
  0.00086430  0.00259291  0.00300000  0.01800000  0.00000000  0.40819812  0.00000000  0.00000000  0.00000000  0.17863720  0.00000000  0.00368324 
  0.00137822  0.00433156  0.00670017  0.01926298  0.00000000  0.39588919  0.00000000  0.00268097  0.00000000  0.17500000  0.00000000  0.00312500 
  0.00101031  0.00202061  0.00176991  0.02654867  0.00000000  0.40692236  0.00000000  0.00187091  0.00000000  0.22142857  0.00000000  0.00357143 
  0.00150182  0.00171637  0.00301811  0.02313883  0.00000000  0.42704280  0.00000000  0.00097276  0.00000000  0.20075758  0.00000000  0.00568182 
  0.00106225  0.00297429  0.00295276  0.02559055  0.00000000  0.40689013  0.00000000  0.00093110  0.00000000  0.22440945  0.00000000  0.00590551 
  0.00222267  0.00242473  0.00267380  0.02406417  0.00000000  0.38747731  0.00000000  0.00090744  0.00000000  0.20205479  0.00000000  0.00513699 
  0.00125366  0.00376097  0.00205973  0.01853759  0.00000000  0.42213516  0.00000000  0.00195886  0.00000000  0.20703934  0.00000000  0.00414079 
  0.00065246  0.00369726  0.00129032  0.02709677  0.00098619  0.41814596  0.00000000  0.00098619  0.00000000  0.19148936  0.00000000  0.00265957 
  0.00121852  0.00385865  0.00498753  0.02743142  0.00000000  0.38578680  0.00304569  0.00101523  0.00000000  0.17600000  0.00000000  0.00266667 
  0.00159872  0.00259792  0.00384615  0.01282051  0.00000000  0.35158817  0.00000000  0.00328587  0.00000000  0.14074074  0.00000000  0.00987654 
  0.00061868  0.00288719  0.00366300  0.02075702  0.00000000  0.37713139  0.00000000  0.00200602  0.00000000  0.15617128  0.00000000  0.00251889 
  0.00086711  0.00325168  0.00107643  0.01614639  0.00000000  0.36017897  0.00000000  0.00111857  0.00000000  0.17586912  0.00000000  0.00204499 
  0.00080759  0.00403796  0.00294551  0.03092784  0.00000000  0.36312217  0.00000000  0.00000000  0.00000000  0.22222222  0.00000000  0.00308642 
  0.00222717  0.00263211  0.00385604  0.02056555  0.00110619  0.33296460  0.00000000  0.00000000  0.00000000  0.19137466  0.00000000  0.01078167 
  0.00106135  0.00212269  0.00210748  0.03161222  0.00000000  0.36501517  0.00000000  0.00303337  0.00000000  0.16992188  0.00000000  0.00195313 
  0.00238715  0.00434028  0.00223964  0.03023516  0.00097087  0.36407767  0.00000000  0.00388350  0.00000000  0.21263158  0.00000000  0.00631579 
  0.00107158  0.00300043  0.00572082  0.02402746  0.00210748  0.37723920  0.00000000  0.00421496  0.00000000  0.20000000  0.00000000  0.01298701 
  0.00162437  0.00243655  0.00935551  0.02182952  0.00000000  0.38735984  0.00101937  0.00101937  0.00000000  0.22966507  0.00000000  0.00239234 
  0.00126369  0.00421230  0.00753769  0.02135678  0.00442478  0.38274336  0.00331858  0.00110619  0.00000000  0.16957606  0.00000000  0.00748130 
  0.00206058  0.00247270  0.00331126  0.02317881  0.00000000  0.35863586  0.00110011  0.00330033  0.00000000  0.16491228  0.00000000  0.00701754 
  0.00195228  0.00281996  0.00573888  0.01721664  0.00000000  0.34439359  0.00114416  0.00228833  0.00000000  0.18506494  0.00000000  0.00649351 
  0.00114312  0.00411523  0.00157233  0.02672956  0.00000000  0.37914692  0.00118483  0.00355450  0.00000000  0.19732441  0.00000000  0.00668896 
  0.00221043  0.00375774  0.00680272  0.01360544  0.00000000  0.33615478  0.00120919  0.00241838  0.00000000  0.14539007  0.00000000  0.00000000 
  0.00155729  0.00378198  0.00000000  0.02137405  0.00120048  0.36134454  0.00000000  0.00600240  0.00000000  0.16606498  0.00000000  0.00722022 
  0.00110840  0.00310352  0.00158983  0.02543720  0.00000000  0.35857988  0.00000000  0.00118343  0.00000000  0.17725753  0.00000000  0.00668896 
  0.00181406  0.00181406  0.00472441  0.02992126  0.00128205  0.33846154  0.00128205  0.00384615  0.00000000  0.18402778  0.00000000  0.00000000 
  0.00203758  0.00339597  0.00325733  0.01628664  0.00368098  0.36687117  0.00000000  0.00245399  0.00000000  0.18490566  0.00000000  0.00754717 
  0.00135318  0.00338295  0.00343643  0.02233677  0.00000000  0.35271318  0.00000000  0.00387597  0.00000000  0.11764706  0.00000000  0.00367647 
  0.00233481  0.00537007  0.00337268  0.01180438  0.00123916  0.33705081  0.00123916  0.00000000  0.00000000  0.10729614  0.00000000  0.00000000 
  0.00224551  0.00474052  0.00167504  0.02345059  0.00854701  0.32905983  0.00000000  0.00142450  0.00000000  0.15555556  0.00000000  0.00370370 
  0.00115794  0.00138953  0.00343643  0.02061856  0.00000000  0.33198925  0.00134409  0.00134409  0.00000000  0.17131474  0.00000000  0.00000000 
  0.00047382  0.00331675  0.00165017  0.02640264  0.00136240  0.34196185  0.00000000  0.00272480  0.00000000  0.16956522  0.00000000  0.00000000 
  0.00025840  0.00413437  0.00389105  0.01556420  0.00136426  0.34652115  0.00136426  0.00272851  0.00000000  0.19457014  0.00000000  0.00000000 
  0.00126072  0.00302572  0.00397614  0.03379722  0.00277393  0.31345354  0.00000000  0.00416089  0.00000000  0.14572864  0.00000000  0.00000000 
  0.00195934  0.00342885  0.00401606  0.02409639  0.00000000  0.30345912  0.00000000  0.00000000  0.00000000  0.08780488  0.00000000  0.00487805 
  0.00180134  0.00283067  0.00000000  0.01827676  0.00000000  0.28409091  0.00000000  0.00162338  0.00000000  0.13095238  0.00000000  0.00000000 
  0.00286757  0.00364964  0.00248756  0.02487562  0.00166667  0.29000000  0.00000000  0.00000000  0.00000000  0.09895833  0.00000000  0.00000000 
  0.00171625  0.00314645  0.00210970  0.02320675  0.00150150  0.31831832  0.00000000  0.00000000  0.00000000  0.11173184  0.00000000  0.01117318 
  0.00333333  0.00305556  0.00213675  0.01282051  0.00151745  0.35204856  0.00151745  0.00303490  0.00000000  0.15238095  0.00000000  0.00000000 
  0.00312678  0.00284252  0.00507614  0.03807107  0.00344828  0.30344828  0.00172414  0.00172414  0.00000000  0.09950249  0.00000000  0.00000000 
  0.00410557  0.00498534  0.00564972  0.02259887  0.00354610  0.29964539  0.00000000  0.00354610  0.00709220  0.12765957  0.00000000  0.00000000 
  0.00498287  0.00342572  0.00479616  0.03357314  0.00356506  0.36898396  0.00000000  0.00000000  0.00000000  0.17557252  0.00000000  0.00000000 
  0.00514966  0.00514966  0.00498753  0.03740648  0.00000000  0.33103448  0.00344828  0.00000000  0.00000000  0.10285714  0.00000000  0.01142857 
  0.00639386  0.00191816  0.00000000  0.01322751  0.00372439  0.33705773  0.00000000  0.00186220  0.00000000  0.08791209  0.00000000  0.00000000 
  0.00306644  0.00068143  0.00207039  0.03312629  0.00000000  0.37565217  0.00173913  0.00173913  0.00000000  0.13559322  0.00000000  0.00423729 
  0.00212540  0.00212540  0.00379507  0.01138520  0.00000000  0.33734940  0.00000000  0.00000000  0.00000000  0.13181818  0.00000000  0.00000000 
  0.00554649  0.00065253  0.00000000  0.02298851  0.00000000  0.31509434  0.00000000  0.00000000  0.00000000  0.12500000  0.00000000  0.00000000 
  0.00575491  0.00169262  0.00371747  0.01486989  0.00000000  0.30939227  0.00000000  0.00184162  0.00000000  0.08363636  0.00000000  0.00000000 
  0.00366057  0.00332779  0.00578035  0.01156069  0.00163666  0.34860884  0.00000000  0.00000000  0.00000000  0.06363636  0.00000000  0.00000000 
  0.00174095  0.00174095  0.00902062  0.01159794  0.00328407  0.31362890  0.00492611  0.00656814  0.00000000  0.13613861  0.00000000  0.00000000 
  0.00242718  0.00242718  0.00419580  0.01958042  0.00161290  0.34677419  0.00000000  0.00161290  0.00000000  0.12121212  0.00000000  0.00252525 
  0.00310131  0.00206754  0.00905563  0.01681759  0.00511945  0.34470990  0.00000000  0.00000000  0.00000000  0.06763285  0.00000000  0.00000000 
  0.00199933  0.00199933  0.00000000  0.01460823  0.00325733  0.35016287  0.00000000  0.00162866  0.00000000  0.09738717  0.00000000  0.00237530 
  0.00135547  0.00271095  0.00678733  0.01244344  0.00000000  0.31428571  0.00000000  0.00000000  0.00203666  0.09368635  0.00000000  0.00000000 
  0.00309278  0.00206186  0.00692841  0.00923788  0.00000000  0.29676259  0.00000000  0.00000000  0.00204499  0.06134969  0.00000000  0.00204499 
  0.00201816  0.00134544  0.00513875  0.01233299  0.00000000  0.30998249  0.00000000  0.00000000  0.00000000  0.08243728  0.00000000  0.00000000 
  0.00302013  0.00302013  0.00291829  0.00972763  0.00707965  0.30265487  0.00000000  0.00000000  0.00000000  0.10562181  0.00000000  0.00340716 
  0.00390371  0.00292778  0.00832562  0.00925069  0.00340136  0.26190476  0.00000000  0.00170068  0.00156250  0.06718750  0.00000000  0.00000000 
  0.00165837  0.00033167  0.00647549  0.00555042  0.00000000  0.31559633  0.00000000  0.00000000  0.00000000  0.07094595  0.00000000  0.00000000 
  0.00133690  0.00133690  0.00215983  0.00323974  0.00175747  0.26889279  0.00000000  0.00000000  0.00000000  0.07757167  0.00000000  0.00000000 
  0.00192802  0.00160668  0.00418410  0.00523013  0.00186220  0.25512104  0.00000000  0.00000000  0.00000000  0.06920415  0.00000000  0.00000000 
  0.00535834  0.00100469  0.00657030  0.00788436  0.00194932  0.25536062  0.00000000  0.00194932  0.00000000  0.06012024  0.00000000  0.00000000 
  0.00266578  0.00233256  0.00670391  0.01005587  0.00000000  0.25214408  0.00171527  0.00171527  0.00000000  0.05871560  0.00183486  0.00000000 
  0.00360881  0.00288704  0.00220264  0.01651982  0.00530035  0.24734982  0.00176678  0.00000000  0.00000000  0.07679739  0.00000000  0.00000000 
  0.00203666  0.00237610  0.00313152  0.01043841  0.00181488  0.22323049  0.00181488  0.00000000  0.00000000  0.05263158  0.00000000  0.00000000 
  0.00214592  0.00321888  0.00915332  0.00343249  0.00175747  0.26889279  0.00000000  0.00351494  0.00163666  0.05891980  0.00000000  0.00000000 
  0.00423430  0.00211715  0.00120048  0.00840336  0.00195313  0.29101563  0.00000000  0.00000000  0.00000000  0.07238095  0.00000000  0.00000000 
  0.00460666  0.00177179  0.00677201  0.00564334  0.00191571  0.23563218  0.00191571  0.00191571  0.00000000  0.05609284  0.00000000  0.00000000 
