  0.00000000  0.00268097  0.00000000  0.00761697  0.00641026  0.31410256  0.00000000  0.00000000  0.00140449  0.18679775  0.00000000  0.00000000 
  0.00533333  0.00000000  0.00579151  0.00289575  0.00000000  0.28220859  0.00000000  0.00000000  0.00000000  0.19687875  0.00000000  0.00000000 
  0.00260417  0.00520833  0.00100604  0.00603622  0.00000000  0.27215190  0.00000000  0.00000000  0.00000000  0.17718447  0.00000000  0.00000000 
  0.00284900  0.00000000  0.00428725  0.00964630  0.00000000  0.34328358  0.00000000  0.00000000  0.00000000  0.16481994  0.00000000  0.00138504 
  0.00000000  0.00000000  0.00408998  0.00408998  0.00000000  0.28859060  0.00000000  0.00000000  0.00000000  0.16261204  0.00000000  0.00000000 
  0.00000000  0.00598802  0.00096899  0.00968992  0.00000000  0.35502959  0.00000000  0.00000000  0.00138504  0.18698061  0.00000000  0.00138504 
  0.00000000  0.00589971  0.00396432  0.00297324  0.00000000  0.29333333  0.00000000  0.00000000  0.00000000  0.16765755  0.00000000  0.00118906 
  0.00282486  0.00282486  0.00424178  0.00530223  0.00000000  0.36986301  0.00000000  0.00000000  0.00130208  0.15364583  0.00000000  0.00130208 
  0.00000000  0.00253807  0.00111359  0.01113586  0.00000000  0.35766423  0.00000000  0.00000000  0.00000000  0.19332406  0.00000000  0.00139082 
  0.00000000  0.00263158  0.00638978  0.00851970  0.00000000  0.41044776  0.00000000  0.00000000  0.00000000  0.18853503  0.00000000  0.00127389 
  0.00000000  0.00000000  0.00213675  0.00747863  0.00000000  0.32903226  0.00000000  0.00000000  0.00117786  0.18374558  0.00000000  0.00117786 
  0.00285714  0.00000000  0.00182815  0.00914077  0.00000000  0.31612903  0.00000000  0.00000000  0.00000000  0.15193966  0.00000000  0.00107759 
  0.00000000  0.00000000  0.00467727  0.00467727  0.00000000  0.25641026  0.00000000  0.00000000  0.00114811  0.17106774  0.00000000  0.00000000 
  0.00000000  0.00293255  0.00175131  0.00437828  0.00000000  0.32835821  0.00000000  0.00000000  0.00000000  0.14424112  0.00000000  0.00000000 
  0.00000000  0.00000000  0.00341297  0.00938567  0.00000000  0.39568345  0.00000000  0.00000000  0.00000000  0.16583913  0.00000000  0.00198610 
  0.00000000  0.00000000  0.00608696  0.00956522  0.00000000  0.25850340  0.00000000  0.00000000  0.00000000  0.15588235  0.00000000  0.00000000 
  0.00584795  0.00000000  0.00202224  0.00404449  0.00000000  0.26896552  0.00000000  0.00000000  0.00000000  0.14610390  0.00000000  0.00000000 
  0.00000000  0.00000000  0.00266667  0.01066667  0.00000000  0.32911392  0.00000000  0.00000000  0.00000000  0.16205128  0.00000000  0.00102564 
  0.00000000  0.00000000  0.00090909  0.00454545  0.00000000  0.40277778  0.00000000  0.00000000  0.00101626  0.17581301  0.00000000  0.00101626 
  0.00000000  0.00279330  0.00296736  0.00692384  0.00000000  0.32867133  0.00000000  0.00000000  0.00000000  0.16758545  0.00000000  0.00110254 
  0.00289017  0.00000000  0.00100705  0.00805639  0.00000000  0.28104575  0.00000000  0.00000000  0.00000000  0.14152893  0.00000000  0.00309917 
  0.00000000  0.00310559  0.00372439  0.00558659  0.00000000  0.35802469  0.00000000  0.00000000  0.00000000  0.17299107  0.00000000  0.00223214 
  0.00578035  0.00289017  0.00268097  0.00357462  0.00000000  0.43410853  0.00000000  0.00000000  0.00000000  0.16940452  0.00000000  0.00205339 
  0.00584795  0.00292398  0.00265957  0.00531915  0.00000000  0.28169014  0.00000000  0.00000000  0.00000000  0.15631470  0.00000000  0.00000000 
  0.00671141  0.00000000  0.00274977  0.00458295  0.00000000  0.39166667  0.00000000  0.00000000  0.00000000  0.18002195  0.00000000  0.00219539 
  0.00000000  0.00000000  0.00284360  0.00568720  0.00000000  0.39160839  0.00000000  0.00000000  0.00000000  0.16414435  0.00000000  0.00000000 
  0.00280899  0.00000000  0.00109769  0.00548847  0.00000000  0.29687500  0.00000000  0.00000000  0.00000000  0.18404118  0.00000000  0.00128700 
  0.00000000  0.00000000  0.00000000  0.00167224  0.00000000  0.50000000  0.00000000  0.00000000  0.00000000  0.18924731  0.00000000  0.00645161 
  0.00000000  0.00000000  0.00176056  0.00528169  0.00000000  0.59016393  0.00000000  0.00000000  0.00000000  0.15732759  0.00000000  0.00215517 
  0.00000000  0.00000000  0.00254453  0.00254453  0.00000000  0.62500000  0.00000000  0.00000000  0.00000000  0.13522013  0.00314465  0.00314465 
  0.00000000  0.00000000  0.00000000  0.01626016  0.00000000  0.49382716  0.00000000  0.00000000  0.00000000  0.17679558  0.00000000  0.00000000 
  0.00000000  0.00000000  0.00000000  0.00168634  0.00000000  0.60162602  0.00000000  0.00000000  0.00175747  0.17574692  0.00000000  0.00000000 
  0.00000000  0.00000000  0.00315457  0.00473186  0.00000000  0.44360902  0.00000000  0.00000000  0.00000000  0.15508021  0.00000000  0.00000000 
  0.00000000  0.00340136  0.00000000  0.00746269  0.00000000  0.55932203  0.00000000  0.00000000  0.00000000  0.14436620  0.00000000  0.00000000 
  0.00000000  0.00000000  0.00120048  0.00720288  0.00000000  0.43511450  0.00000000  0.00000000  0.00000000  0.15306122  0.00000000  0.00127551 
  0.00257732  0.00257732  0.00429185  0.00643777  0.00000000  0.40287770  0.00000000  0.00000000  0.00000000  0.16020672  0.00000000  0.00258398 
  0.00281690  0.00000000  0.00408998  0.01124744  0.00000000  0.45588235  0.00000000  0.00000000  0.00000000  0.15119363  0.00000000  0.00530504 
  0.00845070  0.00000000  0.00478469  0.00765550  0.00000000  0.40140845  0.00000000  0.00000000  0.00000000  0.15967366  0.00000000  0.00116550 
  0.00000000  0.00255754  0.00375000  0.00500000  0.00000000  0.51234568  0.00000000  0.00000000  0.00000000  0.15834522  0.00000000  0.00000000 
  0.00000000  0.00000000  0.00119332  0.00357995  0.00000000  0.54938272  0.00000000  0.00000000  0.00136986  0.16438356  0.00000000  0.00410959 
  0.00000000  0.00000000  0.00244499  0.00488998  0.00000000  0.44805195  0.00000000  0.00000000  0.00000000  0.15514810  0.00000000  0.00141044 
  0.00000000  0.00000000  0.00000000  0.00000000  0.00000000  0.58558559  0.00000000  0.00000000  0.00686499  0.15560641  0.00000000  0.00000000 
  0.00000000  0.00000000  0.00267380  0.00401070  0.00000000  0.47305389  0.00000000  0.00000000  0.00000000  0.17069243  0.00000000  0.00322061 
  0.00000000  0.00000000  0.00255754  0.00767263  0.00000000  0.54166667  0.00000000  0.00000000  0.00000000  0.15476190  0.00000000  0.00000000 
  0.00000000  0.00000000  0.00000000  0.00954654  0.00000000  0.64077670  0.00000000  0.00000000  0.00000000  0.15561224  0.00000000  0.00000000 
  0.00000000  0.00000000  0.00158228  0.00474684  0.00000000  0.59333333  0.00000000  0.00000000  0.00000000  0.18181818  0.00000000  0.00000000 
  0.00000000  0.00000000  0.00181159  0.00543478  0.00000000  0.54629630  0.00000000  0.00000000  0.00000000  0.19134396  0.00000000  0.00000000 
  0.00000000  0.00000000  0.00000000  0.00995025  0.00000000  0.53642384  0.00000000  0.00000000  0.00353357  0.20141343  0.00000000  0.00000000 
  0.00000000  0.00000000  0.00000000  0.00638978  0.00000000  0.56578947  0.00000000  0.00000000  0.00000000  0.12738854  0.00000000  0.00318471 
