  0.00000000  0.00000000  0.00000000  0.00000000  0.00000000  0.04878049  0.00000000  0.00000000  0.00000000  0.00000000  0.00000000  0.00000000 
  0.00000000  0.00425532  0.00000000  0.00000000  0.00000000  0.21875000  0.00000000  0.00000000  0.00000000  0.00000000  0.00000000  0.00000000 
  0.00000000  0.00836820  0.00000000  0.00000000  0.00000000  0.10000000  0.00000000  0.00000000  0.12500000  0.00000000  0.00000000  0.00000000 
  0.00000000  0.00704225  0.00000000  0.00000000  0.00000000  0.30000000  0.00000000  0.00000000  0.00000000  0.00000000  0.00000000  0.00000000 
  0.00228833  0.00915332  0.00000000  0.00000000  0.00000000  0.06097561  0.00000000  0.00000000  0.00000000  0.05000000  0.00000000  0.00000000 
  0.00000000  0.00240964  0.01785714  0.00000000  0.01639344  0.08196721  0.00000000  0.00000000  0.00000000  0.05263158  0.00000000  0.00000000 
  0.00000000  0.00255102  0.00000000  0.00000000  0.00000000  0.25000000  0.00000000  0.00000000  0.00000000  1.00000000  0.00000000  0.00000000 
  0.00000000  0.00431965  0.00000000  0.00000000  0.00000000  0.07272727  0.01818182  0.00000000  0.00000000  0.00000000  0.00000000  0.00000000 
  0.00000000  0.00226757  0.00000000  0.00000000  0.00000000  0.11842105  0.00000000  0.00000000  0.00000000  0.03125000  0.00000000  0.00000000 
  0.00000000  0.00583090  0.00000000  0.00000000  0.02222222  0.15555556  0.00000000  0.00000000  0.00000000  0.05882353  0.00000000  0.00000000 
  0.00000000  0.00000000  0.01204819  0.01204819  0.00000000  0.06250000  0.00000000  0.00000000  0.00000000  0.09523810  0.00000000  0.00000000 
  0.00270270  0.00270270  0.00000000  0.00000000  0.00000000  0.07792208  0.00000000  0.00000000  0.00000000  0.11111111  0.00000000  0.00000000 
  0.00000000  0.01190476  0.02173913  0.01086957  0.01492537  0.14925373  0.00000000  0.01492537  0.00000000  0.15384615  0.00000000  0.00000000 
  0.00000000  0.00243309  0.02083333  0.00000000  0.00000000  0.07228916  0.00000000  0.00000000  0.00000000  0.02777778  0.00000000  0.00000000 
  0.00267380  0.00802139  0.02409639  0.01204819  0.00000000  0.08108108  0.00000000  0.00000000  0.00000000  0.13333333  0.00000000  0.00000000 
  0.00000000  0.00733496  0.01123596  0.00000000  0.00000000  0.12345679  0.00000000  0.00000000  0.00000000  0.00000000  0.00000000  0.00000000 
  0.00000000  0.01116071  0.01149425  0.00000000  0.00000000  0.16455696  0.00000000  0.00000000  0.00000000  0.02500000  0.00000000  0.00000000 
  0.00000000  0.00765306  0.01234568  0.00000000  0.00000000  0.06779661  0.00000000  0.00000000  0.00000000  0.08333333  0.00000000  0.00000000 
  0.00000000  0.00000000  0.01818182  0.00000000  0.00000000  0.12000000  0.00000000  0.00000000  0.00000000  0.03030303  0.00000000  0.00000000 
  0.00000000  0.01418440  0.01282051  0.00000000  0.00000000  0.05882353  0.00000000  0.00000000  0.00000000  0.06666667  0.00000000  0.00000000 
  0.00230947  0.00000000  0.00000000  0.00000000  0.00000000  0.03191489  0.00000000  0.00000000  0.00000000  0.06976744  0.00000000  0.00000000 
  0.00234192  0.00000000  0.00662252  0.00000000  0.00000000  0.07692308  0.00000000  0.00000000  0.00000000  0.00000000  0.00000000  0.00000000 
  0.00000000  0.00527704  0.00000000  0.00000000  0.00000000  0.04285714  0.00000000  0.00000000  0.00000000  0.00000000  0.00000000  0.00000000 
  0.00000000  0.00276243  0.00000000  0.00000000  0.00000000  0.02985075  0.00000000  0.00000000  0.00000000  0.00000000  0.00000000  0.00000000 
  0.00000000  0.00744417  0.01744186  0.00581395  0.00000000  0.05555556  0.00000000  0.00000000  0.00000000  0.03174603  0.00000000  0.00000000 
  0.00000000  0.00000000  0.01481481  0.01481481  0.00000000  0.04347826  0.00000000  0.00000000  0.00000000  0.03125000  0.00000000  0.00000000 
  0.00000000  0.00458716  0.00980392  0.00000000  0.00000000  0.03797468  0.00000000  0.00000000  0.00000000  0.03125000  0.00000000  0.00000000 
  0.00000000  0.00461894  0.00000000  0.00000000  0.00000000  0.03225806  0.00000000  0.00000000  0.00000000  0.09523810  0.00000000  0.00000000 
  0.00000000  0.01587302  0.00000000  0.01515152  0.00000000  0.11666667  0.00000000  0.00000000  0.00000000  0.06250000  0.00000000  0.00000000 
  0.00000000  0.00985222  0.00000000  0.00000000  0.00000000  0.13513514  0.00000000  0.00000000  0.00000000  0.00000000  0.00000000  0.00000000 
  0.00000000  0.00656455  0.00000000  0.00000000  0.00000000  0.01639344  0.00000000  0.00000000  0.00000000  0.00000000  0.00000000  0.00000000 
  0.00000000  0.00206612  0.02040816  0.00000000  0.00000000  0.10000000  0.00000000  0.00000000  0.01694915  0.10169492  0.00000000  0.00000000 
  0.00000000  0.00476190  0.00000000  0.00909091  0.00000000  0.05882353  0.00000000  0.00000000  0.00000000  0.03571429  0.00000000  0.00000000 
  0.00000000  0.00947867  0.01449275  0.00000000  0.00000000  0.05681818  0.00000000  0.00000000  0.00000000  0.03225806  0.00000000  0.00000000 
  0.00000000  0.00475059  0.00000000  0.00000000  0.00000000  0.11666667  0.00000000  0.00000000  0.00000000  0.00000000  0.00000000  0.00000000 
  0.00000000  0.01028278  0.00000000  0.04545455  0.00000000  0.14285714  0.00000000  0.00000000  0.00000000  0.00000000  0.00000000  0.00000000 
  0.00000000  0.00597015  0.00000000  0.00000000  0.00000000  0.26086957  0.00000000  0.00000000  0.00000000  0.00000000  0.00000000  0.00000000 
  0.00000000  0.00696864  0.00000000  0.00000000  0.00000000  0.10000000  0.00000000  0.00000000  0.00000000  1.00000000  0.00000000  0.00000000 
  0.00000000  0.00000000  0.00000000  0.00000000  0.00000000  0.09230769  0.00000000  0.00000000  0.00000000  0.00000000  0.00000000  0.00000000 
  0.00318471  0.00636943  0.00000000  0.09090909  0.00000000  0.16666667  0.00000000  0.00000000  0.00000000  0.00000000  0.00000000  0.00000000 
  0.00000000  0.00867052  0.00000000  0.00000000  0.00000000  0.10714286  0.00000000  0.00000000  0.00000000  0.00000000  0.00000000  0.00000000 
  0.00000000  0.00675676  0.00000000  0.00000000  0.00000000  0.25000000  0.00000000  0.00000000  0.00000000  0.00000000  0.00000000  0.00000000 
  0.00000000  0.00623053  0.00000000  0.02380952  0.00000000  0.08474576  0.00000000  0.00000000  0.00000000  0.00000000  0.00000000  0.00000000 
  0.00000000  0.00228833  0.00000000  0.03125000  0.00000000  0.08791209  0.00000000  0.00000000  0.00000000  0.04761905  0.00000000  0.00000000 
  0.00000000  0.00000000  0.03333333  0.03333333  0.00000000  0.08333333  0.00000000  0.00000000  0.00000000  0.07692308  0.00000000  0.00000000 
  0.00000000  0.01132075  0.00000000  0.00000000  0.00000000  0.16000000  0.00000000  0.00000000  0.00000000  0.00000000  0.00000000  0.00000000 
  0.00000000  0.00711744  0.00000000  0.14285714  0.00000000  0.14814815  0.00000000  0.00000000  0.00000000  0.00000000  0.00000000  0.00000000 
  0.00000000  0.00790514  0.00000000  0.08333333  0.00000000  0.10526316  0.00000000  0.00000000  0.00000000  0.16666667  0.00000000  0.00000000 
  0.00000000  0.00000000  0.03703704  0.00000000  0.00000000  0.20000000  0.00000000  0.00000000  0.00000000  0.00000000  0.00000000  0.00000000 
