  0.00000000  0.00000000  0.01526718  0.00000000  0.00000000  0.22857143  0.00000000  0.00000000  0.00000000  0.03571429  0.00000000  0.00000000 
  0.00000000  0.00000000  0.00000000  0.00000000  0.00000000  0.33333333  0.00000000  0.00000000  0.00000000  0.03846154  0.00000000  0.00000000 
  0.00000000  0.01212121  0.03875969  0.00775194  0.00000000  0.22857143  0.00000000  0.00000000  0.00000000  0.05084746  0.00000000  0.00000000 
  0.00000000  0.00000000  0.00000000  0.01515152  0.00000000  0.30000000  0.00000000  0.00000000  0.00000000  0.03846154  0.00000000  0.00000000 
  0.00432900  0.00000000  0.00793651  0.00000000  0.02222222  0.28888889  0.00000000  0.00000000  0.00000000  0.00000000  0.00000000  0.00000000 
  0.00000000  0.00485437  0.00000000  0.00862069  0.00000000  0.38888889  0.00000000  0.00000000  0.00000000  0.02298851  0.00000000  0.00000000 
  0.00000000  0.00000000  0.00980392  0.00980392  0.00000000  0.39473684  0.00000000  0.00000000  0.00000000  0.06410256  0.00000000  0.00000000 
  0.00000000  0.00675676  0.00000000  0.00000000  0.00000000  0.14634146  0.00000000  0.00000000  0.00000000  0.03571429  0.00000000  0.00000000 
  0.00000000  0.00694444  0.01923077  0.00000000  0.00000000  0.19230769  0.00000000  0.00000000  0.00000000  0.02985075  0.00000000  0.00000000 
  0.00568182  0.00000000  0.00000000  0.00000000  0.00000000  0.27027027  0.00000000  0.00000000  0.01149425  0.11494253  0.00000000  0.00000000 
  0.00000000  0.00000000  0.00000000  0.00666667  0.00000000  0.21276596  0.00000000  0.00000000  0.00000000  0.05681818  0.00000000  0.00000000 
  0.00460829  0.00000000  0.00000000  0.00000000  0.00000000  0.19047619  0.00000000  0.00000000  0.00000000  0.01941748  0.00000000  0.00000000 
  0.00000000  0.00000000  0.02285714  0.00000000  0.00000000  0.20689655  0.00000000  0.00000000  0.00000000  0.07500000  0.00000000  0.00000000 
  0.00328947  0.00000000  0.01744186  0.00581395  0.00000000  0.23188406  0.00000000  0.00000000  0.00000000  0.06923077  0.00000000  0.00769231 
  0.00000000  0.00000000  0.00000000  0.01951220  0.00000000  0.16923077  0.00000000  0.00000000  0.00000000  0.03937008  0.00000000  0.00000000 
  0.00000000  0.00000000  0.00000000  0.01485149  0.00000000  0.25806452  0.00000000  0.00000000  0.00000000  0.05633803  0.00000000  0.00704225 
  0.00431034  0.00862069  0.00680272  0.01360544  0.00000000  0.25000000  0.00000000  0.00000000  0.00000000  0.03846154  0.00000000  0.00000000 
  0.00000000  0.00000000  0.00000000  0.02459016  0.00000000  0.39682540  0.00000000  0.00000000  0.00000000  0.05263158  0.00000000  0.00000000 
  0.00000000  0.00000000  0.00645161  0.00000000  0.00000000  0.26000000  0.00000000  0.00000000  0.00000000  0.00000000  0.00000000  0.00000000 
  0.00000000  0.01574803  0.00000000  0.00000000  0.00000000  0.33333333  0.00000000  0.00000000  0.00000000  0.03571429  0.00000000  0.00000000 
  0.00000000  0.00000000  0.00757576  0.00000000  0.00000000  0.39130435  0.00000000  0.00000000  0.00000000  0.03906250  0.00000000  0.00000000 
  0.00000000  0.00000000  0.00000000  0.00000000  0.00000000  0.23529412  0.00000000  0.00000000  0.00649351  0.06493506  0.00000000  0.00000000 
  0.00000000  0.00406504  0.00000000  0.00000000  0.00000000  0.29166667  0.00000000  0.00000000  0.00000000  0.05454545  0.00000000  0.00000000 
  0.00429185  0.00000000  0.01250000  0.00625000  0.00000000  0.30000000  0.00000000  0.01666667  0.00990099  0.02970297  0.00000000  0.00000000 
  0.00000000  0.00000000  0.00000000  0.00000000  0.00000000  0.30000000  0.00000000  0.00000000  0.01250000  0.03750000  0.00000000  0.00000000 
  0.00000000  0.00380228  0.00819672  0.00819672  0.00000000  0.28260870  0.00000000  0.00000000  0.00000000  0.05797101  0.00000000  0.00000000 
  0.00467290  0.00467290  0.00826446  0.00000000  0.00000000  0.39473684  0.00000000  0.00000000  0.00000000  0.06410256  0.00000000  0.00000000 
  0.00000000  0.00450450  0.01538462  0.00000000  0.00000000  0.20833333  0.00000000  0.00000000  0.00000000  0.06060606  0.00000000  0.00000000 
  0.00000000  0.00928793  0.00574713  0.01149425  0.01818182  0.20000000  0.00000000  0.00000000  0.00000000  0.03409091  0.00000000  0.00000000 
  0.00000000  0.00000000  0.00487805  0.00975610  0.00000000  0.09523810  0.00000000  0.00000000  0.00000000  0.09848485  0.00000000  0.00000000 
  0.00000000  0.00617284  0.00884956  0.00000000  0.00000000  0.15625000  0.00000000  0.00000000  0.00000000  0.11764706  0.00000000  0.00000000 
  0.00353357  0.00000000  0.00704225  0.00704225  0.00000000  0.27272727  0.00000000  0.00000000  0.00000000  0.01098901  0.00000000  0.00000000 
  0.00000000  0.00000000  0.02000000  0.00000000  0.00000000  0.22916667  0.00000000  0.00000000  0.00000000  0.04000000  0.00000000  0.00000000 
  0.00000000  0.00552486  0.01801802  0.00000000  0.00000000  0.17500000  0.00000000  0.00000000  0.00000000  0.03125000  0.00000000  0.00000000 
  0.00000000  0.00438596  0.01904762  0.00000000  0.00000000  0.23255814  0.00000000  0.00000000  0.00000000  0.01587302  0.00000000  0.00000000 
  0.00000000  0.00434783  0.00000000  0.00000000  0.00000000  0.25641026  0.00000000  0.00000000  0.01234568  0.04938272  0.00000000  0.00000000 
  0.00500000  0.00000000  0.00000000  0.00000000  0.00000000  0.20000000  0.00000000  0.00000000  0.00000000  0.04597701  0.00000000  0.00000000 
  0.00454545  0.00000000  0.01136364  0.01136364  0.00000000  0.12000000  0.00000000  0.00000000  0.00000000  0.13253012  0.00000000  0.00000000 
  0.00000000  0.00373134  0.00584795  0.00000000  0.00000000  0.18644068  0.00000000  0.00000000  0.00000000  0.05172414  0.00000000  0.00000000 
  0.00000000  0.01181102  0.00641026  0.00641026  0.00000000  0.25000000  0.00000000  0.00000000  0.00000000  0.05633803  0.00000000  0.00000000 
  0.00000000  0.00000000  0.00000000  0.00000000  0.00000000  0.27272727  0.00000000  0.00000000  0.00000000  0.04878049  0.00000000  0.00000000 
  0.00000000  0.00000000  0.00000000  0.00000000  0.00000000  0.26666667  0.00000000  0.00000000  0.00000000  0.03333333  0.00000000  0.00000000 
  0.00000000  0.00000000  0.00000000  0.00000000  0.00000000  0.30000000  0.00000000  0.00000000  0.00000000  0.03030303  0.00000000  0.00000000 
  0.00000000  0.00000000  0.01685393  0.00000000  0.00000000  0.27586207  0.00000000  0.00000000  0.00000000  0.05594406  0.00000000  0.00699301 
  0.00000000  0.00460829  0.00724638  0.00724638  0.00000000  0.35294118  0.00000000  0.00000000  0.00000000  0.01526718  0.00000000  0.00000000 
  0.00000000  0.00400000  0.02684564  0.00000000  0.00000000  0.23809524  0.00000000  0.00000000  0.00000000  0.03478261  0.00000000  0.00000000 
  0.00598802  0.00000000  0.00680272  0.00680272  0.00000000  0.45161290  0.00000000  0.00000000  0.00000000  0.02884615  0.00000000  0.00000000 
  0.01398601  0.00699301  0.00000000  0.00000000  0.00000000  0.24242424  0.00000000  0.00000000  0.00000000  0.02439024  0.00000000  0.00000000 
  0.00515464  0.00000000  0.00000000  0.00000000  0.00000000  0.28947368  0.00000000  0.00000000  0.00000000  0.03000000  0.00000000  0.00000000 
