  0.00418410  0.00000000  0.00000000  0.00258398  0.00000000  0.29687500  0.00000000  0.01562500  0.00000000  0.10481586  0.00000000  0.00000000 
  0.00000000  0.00000000  0.00263158  0.00526316  0.02941176  0.19117647  0.00000000  0.00000000  0.00000000  0.08595989  0.00000000  0.00000000 
  0.00000000  0.00444444  0.00000000  0.01461988  0.00000000  0.22535211  0.00000000  0.00000000  0.00000000  0.09234828  0.00000000  0.00263852 
  0.00000000  0.00000000  0.00291545  0.00291545  0.04651163  0.34883721  0.00000000  0.00000000  0.00000000  0.10210210  0.00000000  0.00000000 
  0.00000000  0.00478469  0.00671141  0.00000000  0.00000000  0.25000000  0.00000000  0.00000000  0.00000000  0.13738019  0.00000000  0.00000000 
  0.00000000  0.00416667  0.01075269  0.00806452  0.01612903  0.20967742  0.00000000  0.00000000  0.00000000  0.11797753  0.00000000  0.00000000 
  0.00000000  0.00803213  0.00669643  0.00223214  0.00000000  0.22935780  0.00000000  0.00000000  0.00223214  0.12053571  0.00000000  0.00000000 
  0.00000000  0.00000000  0.00715990  0.00715990  0.00000000  0.23863636  0.00000000  0.00000000  0.00000000  0.11968085  0.00000000  0.00000000 
  0.00000000  0.00386100  0.00280899  0.00842697  0.00000000  0.30952381  0.00000000  0.00000000  0.00000000  0.09793814  0.00000000  0.00000000 
  0.00775194  0.00387597  0.00552486  0.00276243  0.00000000  0.15000000  0.00000000  0.00000000  0.00271739  0.10326087  0.00000000  0.00000000 
  0.00751880  0.00000000  0.00819672  0.00273224  0.00000000  0.18571429  0.00000000  0.00000000  0.00261097  0.10704961  0.00000000  0.00000000 
  0.00369004  0.00000000  0.00290698  0.00872093  0.00000000  0.23437500  0.00000000  0.00000000  0.00353357  0.08480565  0.00000000  0.00353357 
  0.00000000  0.01090909  0.00465116  0.00000000  0.00000000  0.30263158  0.00000000  0.00000000  0.00000000  0.11884058  0.00000000  0.00000000 
  0.00000000  0.00000000  0.00000000  0.00765306  0.00000000  0.27777778  0.00000000  0.00000000  0.00000000  0.09485095  0.00000000  0.00000000 
  0.00000000  0.00347222  0.00480769  0.00721154  0.00000000  0.27956989  0.00000000  0.00000000  0.00252525  0.12626263  0.00000000  0.00000000 
  0.00387597  0.00000000  0.00511509  0.00255754  0.00000000  0.30434783  0.00000000  0.00000000  0.00000000  0.13192612  0.00000000  0.00000000 
  0.00000000  0.00000000  0.00859599  0.00000000  0.00000000  0.19696970  0.00000000  0.00000000  0.00000000  0.09041096  0.00000000  0.00273973 
  0.00520833  0.00000000  0.00849858  0.00283286  0.00000000  0.27586207  0.00000000  0.00000000  0.00310559  0.07453416  0.00000000  0.00000000 
  0.00478469  0.00000000  0.00325733  0.00325733  0.00000000  0.37254902  0.00000000  0.00000000  0.00000000  0.14893617  0.00000000  0.00000000 
  0.00000000  0.00000000  0.00000000  0.00000000  0.00000000  0.19607843  0.00000000  0.00000000  0.00355872  0.14234875  0.00000000  0.00355872 
  0.00561798  0.00561798  0.00877193  0.00000000  0.00000000  0.33333333  0.00000000  0.00000000  0.00000000  0.10393258  0.00000000  0.00000000 
  0.00000000  0.00000000  0.00000000  0.00655738  0.00000000  0.25454545  0.00000000  0.00000000  0.00000000  0.13268608  0.00000000  0.00647249 
  0.00000000  0.00000000  0.00309598  0.00309598  0.00000000  0.32608696  0.00000000  0.00000000  0.00000000  0.11071429  0.00000000  0.00357143 
  0.00552486  0.00000000  0.00312500  0.00937500  0.00000000  0.28571429  0.00000000  0.00000000  0.00000000  0.13148789  0.00000000  0.00000000 
  0.00549451  0.00000000  0.00342466  0.01027397  0.00000000  0.35897436  0.00000000  0.00000000  0.00000000  0.11034483  0.00000000  0.00000000 
  0.00000000  0.00000000  0.00357143  0.01071429  0.00000000  0.27027027  0.00000000  0.00000000  0.00000000  0.09677419  0.00000000  0.00403226 
  0.00000000  0.00000000  0.00434783  0.00000000  0.00000000  0.29411765  0.00000000  0.00000000  0.00431034  0.11206897  0.00000000  0.00000000 
  0.00628931  0.00628931  0.00000000  0.00000000  0.00000000  0.41666667  0.00000000  0.00000000  0.00000000  0.09183673  0.00000000  0.00340136 
  0.00000000  0.00591716  0.00363636  0.01090909  0.00000000  0.41025641  0.00000000  0.00000000  0.00000000  0.14925373  0.00000000  0.00000000 
  0.00000000  0.00483092  0.00641026  0.00320513  0.00000000  0.31111111  0.00000000  0.00000000  0.00000000  0.11489362  0.00000000  0.00000000 
  0.00000000  0.02409639  0.00344828  0.00344828  0.00000000  0.43181818  0.00000000  0.00000000  0.00000000  0.06993007  0.00000000  0.00000000 
  0.00000000  0.01587302  0.00381679  0.00000000  0.00000000  0.35135135  0.00000000  0.00000000  0.00000000  0.09252669  0.00000000  0.00000000 
  0.00666667  0.00666667  0.00269542  0.00000000  0.00000000  0.37500000  0.00000000  0.00000000  0.00000000  0.08132530  0.00000000  0.00000000 
  0.00000000  0.00000000  0.00297619  0.00297619  0.00000000  0.39655172  0.00000000  0.00000000  0.00000000  0.12274368  0.00000000  0.00000000 
  0.00526316  0.00000000  0.00966184  0.00241546  0.00000000  0.12500000  0.00000000  0.00000000  0.00000000  0.09584665  0.00000000  0.00000000 
  0.00000000  0.00518135  0.00673401  0.00336700  0.00000000  0.28571429  0.00000000  0.00000000  0.00000000  0.11180124  0.00000000  0.00000000 
  0.00000000  0.00000000  0.00000000  0.00346021  0.00000000  0.29729730  0.00000000  0.00000000  0.00000000  0.07843137  0.00000000  0.00000000 
  0.00636943  0.00636943  0.00000000  0.00318471  0.00000000  0.45454545  0.00000000  0.00000000  0.00000000  0.06984127  0.00000000  0.00000000 
  0.00709220  0.00000000  0.00000000  0.01167315  0.00000000  0.29166667  0.02083333  0.00000000  0.00000000  0.12631579  0.00000000  0.00000000 
  0.00000000  0.00617284  0.00000000  0.00400000  0.00000000  0.19512195  0.00000000  0.00000000  0.00000000  0.09885932  0.00000000  0.00000000 
  0.00000000  0.00595238  0.00362319  0.00724638  0.00000000  0.21428571  0.00000000  0.00000000  0.00000000  0.10033445  0.00000000  0.00000000 
  0.00000000  0.00000000  0.00395257  0.00395257  0.00000000  0.42500000  0.00000000  0.00000000  0.00000000  0.10000000  0.00000000  0.00000000 
  0.00598802  0.00598802  0.00387597  0.00775194  0.02941176  0.35294118  0.00000000  0.00000000  0.00000000  0.08841463  0.00000000  0.00000000 
  0.00684932  0.00000000  0.00724638  0.00000000  0.00000000  0.28125000  0.00000000  0.00000000  0.00000000  0.10843373  0.00000000  0.00000000 
  0.00781250  0.00000000  0.00000000  0.00390625  0.03225806  0.41935484  0.00000000  0.00000000  0.00000000  0.07936508  0.00000000  0.00000000 
  0.00000000  0.00000000  0.00000000  0.00460829  0.02631579  0.34210526  0.00000000  0.00000000  0.00000000  0.10084034  0.00000000  0.00000000 
  0.00000000  0.00625000  0.00000000  0.01136364  0.00000000  0.40540541  0.00000000  0.00000000  0.00000000  0.15656566  0.00000000  0.00000000 
  0.00000000  0.00000000  0.01204819  0.00000000  0.00000000  0.50000000  0.00000000  0.00000000  0.00000000  0.16037736  0.00000000  0.00000000 
  0.00000000  0.00000000  0.00322581  0.01290323  0.00000000  0.27272727  0.00000000  0.00000000  0.00000000  0.16194332  0.00000000  0.00000000 
  0.00523560  0.00000000  0.00000000  0.01355014  0.00000000  0.24390244  0.00000000  0.00000000  0.00000000  0.10000000  0.00000000  0.00000000 
  0.00000000  0.00000000  0.00438596  0.00438596  0.00000000  0.31481481  0.00000000  0.00000000  0.00000000  0.15162455  0.00000000  0.00000000 
  0.00000000  0.00000000  0.00000000  0.01357466  0.00000000  0.47368421  0.00000000  0.00000000  0.00000000  0.14096916  0.00000000  0.00000000 
  0.00000000  0.00000000  0.00473934  0.00473934  0.00000000  0.37142857  0.02857143  0.00000000  0.00000000  0.18974359  0.00000000  0.00000000 
  0.00000000  0.00000000  0.00000000  0.00000000  0.00000000  0.24444444  0.00000000  0.00000000  0.00000000  0.19907407  0.00000000  0.00000000 
  0.00000000  0.00617284  0.00000000  0.00000000  0.00000000  0.44186047  0.00000000  0.00000000  0.00000000  0.22815534  0.00000000  0.00000000 
  0.00000000  0.00000000  0.00000000  0.00000000  0.00000000  0.24242424  0.00000000  0.00000000  0.00000000  0.14379085  0.00000000  0.00000000 
  0.00000000  0.00000000  0.00000000  0.00975610  0.00000000  0.26315789  0.00000000  0.00000000  0.00000000  0.10695187  0.00000000  0.00000000 
  0.00000000  0.00000000  0.00000000  0.00641026  0.00000000  0.39473684  0.00000000  0.00000000  0.00000000  0.24242424  0.00000000  0.00757576 
  0.00000000  0.00000000  0.00000000  0.00000000  0.00000000  0.40909091  0.00000000  0.00000000  0.00000000  0.23880597  0.00000000  0.00000000 
  0.00000000  0.00000000  0.00000000  0.00000000  0.00000000  0.54838710  0.00000000  0.00000000  0.00000000  0.16908213  0.00000000  0.00000000 
  0.00000000  0.00000000  0.00000000  0.01418440  0.00000000  0.45161290  0.00000000  0.00000000  0.00000000  0.20114943  0.00000000  0.00574713 
  0.00000000  0.00000000  0.00000000  0.01339286  0.00000000  0.37500000  0.00000000  0.00000000  0.00000000  0.14847162  0.00000000  0.00000000 
  0.00000000  0.00000000  0.00000000  0.00000000  0.00000000  0.30434783  0.00000000  0.00000000  0.00000000  0.13372093  0.00000000  0.00581395 
  0.00000000  0.00000000  0.00000000  0.00000000  0.00000000  0.36111111  0.00000000  0.00000000  0.00568182  0.15340909  0.00000000  0.00000000 
  0.00000000  0.00000000  0.00000000  0.00487805  0.00000000  0.48148148  0.00000000  0.00000000  0.00000000  0.19852941  0.00000000  0.00735294 
  0.00000000  0.00000000  0.00970874  0.00970874  0.00000000  0.32352941  0.00000000  0.00000000  0.00476190  0.17619048  0.00000000  0.00000000 
  0.00689655  0.00689655  0.00413223  0.01239669  0.00000000  0.30555556  0.00000000  0.00000000  0.00000000  0.11923077  0.00000000  0.00000000 
  0.00763359  0.00000000  0.00000000  0.00000000  0.00000000  0.51282051  0.00000000  0.00000000  0.00000000  0.11392405  0.00000000  0.00000000 
  0.00000000  0.00000000  0.00000000  0.01117318  0.00000000  0.35483871  0.00000000  0.00000000  0.00000000  0.09615385  0.00000000  0.00480769 
  0.00000000  0.01360544  0.00393701  0.00000000  0.00000000  0.26086957  0.00000000  0.00000000  0.00341297  0.10238908  0.00000000  0.00000000 
  0.00000000  0.00781250  0.00476190  0.00000000  0.00000000  0.22580645  0.00000000  0.00000000  0.00000000  0.11111111  0.00000000  0.00000000 
  0.00000000  0.00000000  0.00000000  0.00000000  0.00000000  0.57142857  0.00000000  0.00000000  0.00000000  0.13772455  0.00000000  0.00000000 
  0.00000000  0.00000000  0.00000000  0.01388889  0.00000000  0.50000000  0.00000000  0.00000000  0.00000000  0.11920530  0.00000000  0.00000000 
  0.00000000  0.00000000  0.00000000  0.00000000  0.00000000  0.40740741  0.00000000  0.00000000  0.00000000  0.14925373  0.00000000  0.00000000 
  0.00000000  0.00000000  0.01041667  0.00000000  0.00000000  0.47916667  0.00000000  0.00000000  0.00000000  0.11038961  0.00000000  0.00649351 
  0.00000000  0.01176471  0.01477833  0.00492611  0.00000000  0.43589744  0.00000000  0.00000000  0.00000000  0.17391304  0.00000000  0.00000000 
  0.00000000  0.00662252  0.00418410  0.00000000  0.00000000  0.34375000  0.00000000  0.00000000  0.00000000  0.12605042  0.00000000  0.00000000 
  0.00000000  0.00561798  0.00546448  0.00546448  0.00000000  0.27906977  0.00000000  0.00000000  0.00000000  0.18090452  0.00000000  0.00000000 
  0.00000000  0.00000000  0.00000000  0.00706714  0.00000000  0.23529412  0.00000000  0.00000000  0.00000000  0.11914894  0.00000000  0.00000000 
  0.00000000  0.00000000  0.00000000  0.00429185  0.00000000  0.28947368  0.00000000  0.00000000  0.00000000  0.10294118  0.00000000  0.00000000 
  0.00000000  0.00000000  0.00000000  0.00000000  0.00000000  0.31250000  0.00000000  0.00000000  0.00000000  0.05820106  0.00000000  0.00000000 
  0.00000000  0.00000000  0.00000000  0.00490196  0.00000000  0.09090909  0.00000000  0.00000000  0.00000000  0.12903226  0.00000000  0.00000000 
  0.00000000  0.00602410  0.00000000  0.00921659  0.00000000  0.30769231  0.00000000  0.00000000  0.00000000  0.18867925  0.00000000  0.00000000 
  0.00000000  0.00000000  0.00364964  0.00364964  0.00000000  0.26666667  0.00000000  0.00000000  0.00355872  0.10676157  0.00000000  0.00000000 
  0.00000000  0.00000000  0.00366300  0.00366300  0.00000000  0.35294118  0.00000000  0.00000000  0.00000000  0.10780669  0.00000000  0.00000000 
  0.00000000  0.00847458  0.00321543  0.00321543  0.00000000  0.23076923  0.00000000  0.00000000  0.00000000  0.12857143  0.00000000  0.00357143 
  0.00000000  0.00000000  0.00591716  0.00591716  0.00000000  0.37288136  0.00000000  0.00000000  0.00326797  0.11111111  0.00000000  0.00000000 
  0.00452489  0.00000000  0.00386100  0.00772201  0.00000000  0.34848485  0.00000000  0.00000000  0.00000000  0.10833333  0.00000000  0.00416667 
  0.00000000  0.00502513  0.00462963  0.00462963  0.00000000  0.36363636  0.00000000  0.00000000  0.00000000  0.18095238  0.00000000  0.00000000 
  0.00000000  0.00450450  0.00450450  0.00450450  0.00000000  0.29268293  0.00000000  0.00000000  0.00000000  0.11160714  0.00000000  0.00446429 
  0.00000000  0.00000000  0.02155172  0.00862069  0.00000000  0.35714286  0.00000000  0.00000000  0.00000000  0.12765957  0.00000000  0.00000000 
  0.00000000  0.00000000  0.01052632  0.00350877  0.00000000  0.25423729  0.00000000  0.00000000  0.00000000  0.13170732  0.00000000  0.00000000 
  0.00000000  0.00462963  0.00611621  0.00305810  0.00000000  0.18750000  0.00000000  0.00000000  0.00000000  0.10370370  0.00000000  0.00000000 
  0.00512821  0.00000000  0.00619195  0.00000000  0.00000000  0.16666667  0.00000000  0.00000000  0.00000000  0.07164179  0.00000000  0.00000000 
  0.00000000  0.00881057  0.00277778  0.00833333  0.00000000  0.15789474  0.00000000  0.00000000  0.00000000  0.10746269  0.00000000  0.00000000 
  0.00480769  0.01923077  0.01600000  0.00266667  0.01639344  0.19672131  0.00000000  0.00000000  0.00281690  0.12676056  0.00000000  0.00281690 
  0.00469484  0.00000000  0.00380228  0.00000000  0.00000000  0.21875000  0.00000000  0.00000000  0.00000000  0.10714286  0.00000000  0.00000000 
  0.00000000  0.00000000  0.01013514  0.00337838  0.00000000  0.18867925  0.00000000  0.00000000  0.00000000  0.11235955  0.00000000  0.00000000 
  0.01058201  0.00000000  0.00000000  0.00714286  0.00000000  0.26923077  0.00000000  0.00000000  0.00378788  0.10984848  0.00000000  0.00000000 
  0.00000000  0.00000000  0.00383142  0.00383142  0.01666667  0.23333333  0.00000000  0.00000000  0.00000000  0.13698630  0.00000000  0.00000000 
  0.00000000  0.00000000  0.00000000  0.00353357  0.00000000  0.29629630  0.00000000  0.00000000  0.00000000  0.15422886  0.00000000  0.00000000 
  0.00555556  0.00000000  0.00354610  0.00000000  0.00000000  0.28260870  0.00000000  0.00000000  0.00000000  0.12639405  0.00000000  0.00000000 
  0.00000000  0.00518135  0.00404858  0.00404858  0.00000000  0.46153846  0.00000000  0.00000000  0.00408163  0.12244898  0.00000000  0.00000000 
  0.00000000  0.00000000  0.00561798  0.00561798  0.00000000  0.20370370  0.00000000  0.00000000  0.00757576  0.14015152  0.00000000  0.00000000 
  0.00851064  0.00851064  0.01214575  0.01214575  0.00000000  0.21311475  0.00000000  0.00000000  0.00000000  0.14835165  0.00000000  0.00000000 
  0.00000000  0.00000000  0.00000000  0.00000000  0.00000000  0.50000000  0.00000000  0.00000000  0.00000000  0.20000000  0.00000000  0.00000000 
  0.00000000  0.00000000  0.00000000  0.00000000  0.00000000  0.33333333  0.00000000  0.00000000  0.00000000  0.19148936  0.00000000  0.00000000 
  0.00000000  0.00000000  0.00000000  0.00000000  0.00000000  0.45454545  0.00000000  0.00000000  0.00000000  0.12359551  0.00000000  0.00000000 
  0.00000000  0.00000000  0.00000000  0.00456621  0.00000000  0.54838710  0.00000000  0.00000000  0.00543478  0.17391304  0.00000000  0.00000000 
  0.00000000  0.00000000  0.00649351  0.00000000  0.00000000  0.38888889  0.00000000  0.00000000  0.00000000  0.16541353  0.00000000  0.00000000 
  0.00000000  0.00819672  0.00000000  0.00000000  0.00000000  0.56000000  0.00000000  0.00000000  0.00000000  0.27027027  0.00000000  0.00000000 
  0.00000000  0.00000000  0.00671141  0.00000000  0.00000000  0.31034483  0.00000000  0.00000000  0.00000000  0.19672131  0.00000000  0.00000000 
  0.00000000  0.00000000  0.00431034  0.00431034  0.00000000  0.19512195  0.00000000  0.00000000  0.00000000  0.16574586  0.00000000  0.00000000 
  0.00000000  0.00769231  0.00500000  0.00000000  0.00000000  0.38461538  0.00000000  0.00000000  0.00680272  0.13605442  0.00000000  0.00000000 
  0.00000000  0.00000000  0.00000000  0.00000000  0.00000000  0.42857143  0.00000000  0.00000000  0.00000000  0.14723926  0.00000000  0.00000000 
  0.00000000  0.00000000  0.01618123  0.00647249  0.00000000  0.22807018  0.00000000  0.00000000  0.00000000  0.09352518  0.00000000  0.00000000 
  0.00552486  0.00552486  0.00682594  0.00000000  0.00000000  0.30188679  0.00000000  0.00000000  0.00000000  0.08965517  0.00000000  0.00344828 
  0.00000000  0.00000000  0.00358423  0.00000000  0.00000000  0.31428571  0.00000000  0.00000000  0.00381679  0.08778626  0.00000000  0.00000000 
  0.00000000  0.00000000  0.00911854  0.00000000  0.00000000  0.31578947  0.00000000  0.00000000  0.00000000  0.07947020  0.00000000  0.00000000 
  0.00000000  0.00000000  0.00593472  0.00000000  0.00000000  0.23529412  0.00000000  0.00000000  0.00000000  0.10828025  0.00000000  0.00000000 
  0.00000000  0.01379310  0.00872093  0.01453488  0.00000000  0.27906977  0.00000000  0.00000000  0.00000000  0.11379310  0.00000000  0.00000000 
  0.00000000  0.00649351  0.00359712  0.01798561  0.01694915  0.23728814  0.00000000  0.00000000  0.00000000  0.10211268  0.00000000  0.00000000 
  0.00000000  0.00000000  0.00732601  0.01465201  0.00000000  0.33928571  0.00000000  0.00000000  0.00000000  0.06985294  0.00000000  0.00000000 
  0.00000000  0.00000000  0.00793651  0.00793651  0.00000000  0.51666667  0.00000000  0.00000000  0.00000000  0.10975610  0.00000000  0.00000000 
  0.00000000  0.00000000  0.00803213  0.00803213  0.00000000  0.33333333  0.00000000  0.00000000  0.00000000  0.10370370  0.00000000  0.00740741 
  0.00000000  0.00000000  0.00858369  0.00858369  0.00000000  0.20370370  0.00000000  0.00000000  0.00421941  0.10126582  0.00000000  0.00000000 
  0.00000000  0.00000000  0.00342466  0.00000000  0.00000000  0.42000000  0.00000000  0.00000000  0.00000000  0.11885246  0.00000000  0.00409836 
  0.00540541  0.00540541  0.00000000  0.00000000  0.00000000  0.26923077  0.00000000  0.00000000  0.00370370  0.13703704  0.00000000  0.00000000 
  0.00465116  0.00000000  0.01433692  0.00000000  0.00000000  0.29090909  0.00000000  0.00000000  0.00000000  0.11353712  0.00000000  0.00000000 
  0.00000000  0.00000000  0.00398406  0.00398406  0.00000000  0.31578947  0.00000000  0.00000000  0.00000000  0.10714286  0.00000000  0.00446429 
  0.00000000  0.00000000  0.00353357  0.00353357  0.00000000  0.14634146  0.00000000  0.00000000  0.00000000  0.10212766  0.00000000  0.00000000 
  0.00000000  0.00675676  0.00000000  0.00000000  0.00000000  0.26666667  0.00000000  0.00000000  0.00000000  0.16759777  0.00000000  0.00000000 
  0.00000000  0.00671141  0.00390625  0.00390625  0.00000000  0.31372549  0.00000000  0.00000000  0.00467290  0.09813084  0.00000000  0.00000000 
  0.00000000  0.00000000  0.00000000  0.00454545  0.00000000  0.46808511  0.00000000  0.00000000  0.00000000  0.16250000  0.00000000  0.00000000 
  0.00000000  0.00000000  0.01530612  0.00000000  0.00000000  0.37142857  0.00000000  0.00000000  0.00000000  0.14673913  0.00000000  0.00000000 
  0.00666667  0.00666667  0.00892857  0.01785714  0.00000000  0.46666667  0.00000000  0.00000000  0.00000000  0.11224490  0.00000000  0.00000000 
  0.00000000  0.00000000  0.00000000  0.00465116  0.00000000  0.27500000  0.00000000  0.00000000  0.00000000  0.10731707  0.00000000  0.00000000 
  0.00000000  0.00000000  0.00000000  0.00000000  0.00000000  0.40740741  0.00000000  0.00000000  0.00000000  0.18269231  0.00000000  0.00000000 
  0.00000000  0.00769231  0.01104972  0.00000000  0.00000000  0.29411765  0.00000000  0.00000000  0.00000000  0.13609467  0.00000000  0.00000000 
  0.00000000  0.00000000  0.00000000  0.00502513  0.00000000  0.48000000  0.00000000  0.00000000  0.00000000  0.13559322  0.00000000  0.00000000 
  0.00000000  0.00606061  0.00421941  0.00421941  0.00000000  0.24390244  0.00000000  0.00000000  0.00000000  0.09042553  0.00000000  0.00000000 
  0.00000000  0.00000000  0.01136364  0.00568182  0.00000000  0.27500000  0.00000000  0.00000000  0.00510204  0.12244898  0.00000000  0.00000000 
  0.00000000  0.00000000  0.00000000  0.00000000  0.00000000  0.32142857  0.00000000  0.00000000  0.00000000  0.12931034  0.00000000  0.00000000 
  0.00000000  0.00000000  0.00000000  0.00520833  0.00000000  0.30952381  0.00000000  0.00000000  0.00000000  0.14285714  0.00000000  0.00000000 
  0.00000000  0.00000000  0.00970874  0.00485437  0.00000000  0.23333333  0.00000000  0.00000000  0.00000000  0.14864865  0.00000000  0.00000000 
  0.00000000  0.00598802  0.00000000  0.00505051  0.00000000  0.40000000  0.00000000  0.00000000  0.00000000  0.16455696  0.00000000  0.00000000 
  0.01081081  0.00000000  0.00462963  0.00925926  0.00000000  0.38596491  0.00000000  0.00000000  0.00000000  0.10426540  0.00000000  0.00000000 
  0.00000000  0.00645161  0.00000000  0.00557103  0.00000000  0.28358209  0.00000000  0.00000000  0.00000000  0.08021390  0.00000000  0.00000000 
  0.00000000  0.00492611  0.00643087  0.00321543  0.00000000  0.27083333  0.00000000  0.00000000  0.00000000  0.12680115  0.00000000  0.00000000 
  0.00606061  0.00000000  0.00460829  0.00921659  0.00000000  0.31428571  0.00000000  0.00000000  0.00000000  0.11453744  0.00000000  0.00000000 
  0.00000000  0.00000000  0.00000000  0.00636943  0.00000000  0.40540541  0.00000000  0.00000000  0.00000000  0.28481013  0.00000000  0.00000000 
  0.00000000  0.00000000  0.00000000  0.00000000  0.00000000  0.34285714  0.00000000  0.00000000  0.00000000  0.21590909  0.00000000  0.00000000 
  0.00000000  0.00000000  0.00584795  0.00000000  0.00000000  0.34615385  0.00000000  0.00000000  0.00000000  0.21093750  0.00000000  0.00000000 
  0.00000000  0.00581395  0.01401869  0.00467290  0.00000000  0.44444444  0.00000000  0.00000000  0.00487805  0.15121951  0.00000000  0.00487805 
  0.00000000  0.00492611  0.00000000  0.00403226  0.00000000  0.26666667  0.00000000  0.00000000  0.00000000  0.12716763  0.00000000  0.00000000 
  0.00000000  0.01111111  0.00000000  0.00546448  0.00000000  0.58536585  0.00000000  0.00000000  0.00000000  0.11020408  0.00000000  0.00000000 
  0.00000000  0.00000000  0.00000000  0.00680272  0.00000000  0.39285714  0.00000000  0.00000000  0.00000000  0.18181818  0.00000000  0.00000000 
  0.00000000  0.00000000  0.00000000  0.00602410  0.00000000  0.34210526  0.00000000  0.00000000  0.00000000  0.15833333  0.00000000  0.00000000 
  0.00609756  0.00609756  0.00400000  0.00400000  0.02941176  0.38235294  0.00000000  0.00000000  0.00000000  0.18454936  0.00000000  0.00429185 
  0.01408451  0.00000000  0.00000000  0.00000000  0.02380952  0.40476190  0.00000000  0.00000000  0.00000000  0.11872146  0.00000000  0.00000000 
  0.00000000  0.00000000  0.00000000  0.00483092  0.00000000  0.23076923  0.00000000  0.00000000  0.00000000  0.13761468  0.00000000  0.00000000 
  0.00523560  0.00523560  0.00000000  0.00000000  0.00000000  0.46428571  0.00000000  0.00000000  0.00000000  0.18773946  0.00000000  0.00383142 
  0.00000000  0.00000000  0.00869565  0.00434783  0.00000000  0.32352941  0.00000000  0.00000000  0.00000000  0.19791667  0.00000000  0.00000000 
  0.00000000  0.00000000  0.00469484  0.00000000  0.00000000  0.33333333  0.00000000  0.00000000  0.00000000  0.19186047  0.00000000  0.00000000 
  0.00000000  0.00000000  0.00000000  0.00000000  0.00000000  0.42857143  0.00000000  0.00000000  0.00000000  0.18300654  0.00000000  0.00653595 
  0.00000000  0.00709220  0.00609756  0.00000000  0.00000000  0.50000000  0.00000000  0.02941176  0.00000000  0.13861386  0.00000000  0.00000000 
  0.00000000  0.00000000  0.00917431  0.00000000  0.00000000  0.37037037  0.00000000  0.00000000  0.00000000  0.10101010  0.00000000  0.00000000 
  0.00735294  0.00000000  0.00000000  0.00000000  0.00000000  0.35000000  0.00000000  0.00000000  0.00000000  0.13978495  0.00000000  0.00000000 
  0.00000000  0.00000000  0.00735294  0.01470588  0.00000000  0.53333333  0.00000000  0.00000000  0.00000000  0.17054264  0.00000000  0.00000000 
  0.00000000  0.00000000  0.01515152  0.00000000  0.00000000  0.32258065  0.00000000  0.00000000  0.01041667  0.10416667  0.00000000  0.00000000 
  0.00000000  0.00000000  0.00806452  0.00000000  0.00000000  0.58064516  0.00000000  0.00000000  0.00000000  0.10204082  0.00000000  0.01020408 
  0.00000000  0.00000000  0.00000000  0.00000000  0.00000000  0.45238095  0.00000000  0.00000000  0.00000000  0.14473684  0.00000000  0.01315789 
  0.00000000  0.01342282  0.00769231  0.00769231  0.00000000  0.34000000  0.00000000  0.00000000  0.00000000  0.16901408  0.00000000  0.00000000 
  0.00000000  0.00000000  0.00000000  0.00000000  0.00000000  0.48571429  0.00000000  0.00000000  0.00000000  0.20370370  0.00000000  0.00000000 
  0.00000000  0.00000000  0.00000000  0.00000000  0.00000000  0.50000000  0.00000000  0.00000000  0.00000000  0.15151515  0.00000000  0.00000000 
  0.00000000  0.00000000  0.00000000  0.02083333  0.00000000  0.48888889  0.00000000  0.00000000  0.00000000  0.20000000  0.00000000  0.02222222 
