  0.00000000  0.00154281  0.00051116  0.00323735  0.00080000  0.19280000  0.00000000  0.00000000  0.00009935  0.07044213  0.00000000  0.00000000 
  0.00000000  0.00042918  0.00030372  0.00273349  0.00000000  0.21776887  0.00000000  0.00000000  0.00000000  0.07892221  0.00000000  0.00026076 
  0.00082988  0.00062241  0.00078952  0.00110532  0.00000000  0.21433401  0.00000000  0.00000000  0.00000000  0.07851541  0.00000000  0.00000000 
  0.00102229  0.00102229  0.00064547  0.00064547  0.00000000  0.20164046  0.00000000  0.00000000  0.00000000  0.07430537  0.00000000  0.00009051 
  0.00020542  0.00082169  0.00043259  0.00245133  0.00000000  0.19547872  0.00000000  0.00000000  0.00017443  0.08119658  0.00000000  0.00000000 
  0.00061983  0.00103306  0.00091255  0.00167300  0.00000000  0.18465909  0.00000000  0.00000000  0.00000000  0.07198122  0.00000000  0.00000000 
  0.00119095  0.00079397  0.00083368  0.00250104  0.00000000  0.17354794  0.00000000  0.00000000  0.00000000  0.07470678  0.00000000  0.00008499 
  0.00000000  0.00044964  0.00113507  0.00255392  0.00000000  0.22901325  0.00000000  0.00000000  0.00000000  0.08688551  0.00000000  0.00008166 
  0.00022376  0.00067129  0.00075335  0.00271207  0.00000000  0.22079772  0.00000000  0.00000000  0.00000000  0.07724515  0.00000000  0.00017090 
  0.00080857  0.00141500  0.00116330  0.00421696  0.00071942  0.17266187  0.00000000  0.00000000  0.00000000  0.06651790  0.00000000  0.00008583 
  0.00096581  0.00154530  0.00142518  0.00205859  0.00000000  0.15202232  0.00000000  0.00000000  0.00000000  0.06935664  0.00000000  0.00000000 
  0.00080890  0.00121335  0.00089820  0.00194611  0.00000000  0.18453189  0.00000000  0.00000000  0.00009066  0.07760653  0.00000000  0.00018132 
  0.00073113  0.00182782  0.00092607  0.00262386  0.00000000  0.17704689  0.00000000  0.00000000  0.00000000  0.07511233  0.00000000  0.00000000 
  0.00053908  0.00125786  0.00085251  0.00136402  0.00000000  0.18741450  0.00000000  0.00000000  0.00000000  0.06892123  0.00000000  0.00010702 
  0.00035746  0.00071492  0.00122442  0.00069967  0.00000000  0.17503487  0.00000000  0.00000000  0.00010866  0.06563077  0.00000000  0.00000000 
  0.00134875  0.00115607  0.00033784  0.00135135  0.00000000  0.17776152  0.00000000  0.00000000  0.00000000  0.07340625  0.00000000  0.00009853 
  0.00063721  0.00063721  0.00096154  0.00315934  0.00000000  0.20930233  0.00000000  0.00000000  0.00000000  0.09583695  0.00000000  0.00000000 
  0.00108342  0.00151679  0.00074372  0.00178492  0.00000000  0.23605150  0.00000000  0.00000000  0.00009104  0.08730881  0.00000000  0.00018208 
  0.00040396  0.00121188  0.00070982  0.00269733  0.00000000  0.18678355  0.00000000  0.00000000  0.00000000  0.08617709  0.00000000  0.00000000 
  0.00076453  0.00114679  0.00049068  0.00114491  0.00000000  0.21394065  0.00000000  0.00000000  0.00009821  0.07316834  0.00000000  0.00000000 
  0.00055659  0.00055659  0.00053619  0.00160858  0.00000000  0.18108504  0.00000000  0.00000000  0.00000000  0.06514905  0.00000000  0.00010840 
  0.00111421  0.00111421  0.00072582  0.00127019  0.00000000  0.18135838  0.00000000  0.00000000  0.00021000  0.06793364  0.00000000  0.00000000 
  0.00053918  0.00071891  0.00165728  0.00165728  0.00000000  0.19334278  0.00000000  0.00000000  0.00000000  0.07399598  0.00000000  0.00010040 
  0.00177715  0.00177715  0.00054585  0.00181951  0.00070077  0.19411352  0.00000000  0.00000000  0.00010666  0.06719283  0.00000000  0.00000000 
  0.00089079  0.00035632  0.00071276  0.00178190  0.00071327  0.17617689  0.00000000  0.00000000  0.00000000  0.06779122  0.00000000  0.00000000 
  0.00000000  0.00060386  0.00083375  0.00233450  0.00000000  0.21144098  0.00000000  0.00000000  0.00000000  0.08126240  0.00000000  0.00000000 
  0.00088574  0.00155004  0.00121414  0.00136591  0.00000000  0.23284823  0.00000000  0.00000000  0.00000000  0.09183133  0.00000000  0.00008821 
  0.00146966  0.00083981  0.00088002  0.00264007  0.00000000  0.22083879  0.00000000  0.00000000  0.00000000  0.09123993  0.00000000  0.00008665 
  0.00085782  0.00064336  0.00109634  0.00232972  0.00000000  0.18417266  0.00000000  0.00000000  0.00000000  0.07526714  0.00000000  0.00015599 
  0.00102606  0.00102606  0.00085397  0.00142328  0.00068681  0.20879121  0.00000000  0.00000000  0.00000000  0.08216872  0.00000000  0.00008419 
  0.00084104  0.00126156  0.00221576  0.00249273  0.00000000  0.16577540  0.00000000  0.00000000  0.00023364  0.06300623  0.00000000  0.00000000 
  0.00055991  0.00186637  0.00121858  0.00274181  0.00000000  0.16204691  0.00000000  0.00000000  0.00000000  0.06024975  0.00000000  0.00009115 
  0.00059952  0.00099920  0.00117687  0.00134499  0.00000000  0.20542083  0.00000000  0.00000000  0.00000000  0.07190619  0.00000000  0.00000000 
  0.00081967  0.00061475  0.00079418  0.00291198  0.00000000  0.21533101  0.00000000  0.00000000  0.00000000  0.08709383  0.00000000  0.00008310 
  0.00084549  0.00021137  0.00069051  0.00151913  0.00000000  0.20304183  0.00000000  0.00000000  0.00000000  0.09046809  0.00000000  0.00008511 
  0.00062854  0.00167609  0.00072748  0.00203696  0.00000000  0.19531250  0.00000000  0.00071023  0.00000000  0.08420427  0.00000000  0.00000000 
  0.00041152  0.00102881  0.00132606  0.00147341  0.00000000  0.19186876  0.00000000  0.00000000  0.00000000  0.07881126  0.00000000  0.00008767 
  0.00169097  0.00042274  0.00045358  0.00136075  0.00000000  0.22831367  0.00000000  0.00000000  0.00008455  0.07845790  0.00000000  0.00016909 
  0.00101215  0.00121457  0.00120791  0.00135890  0.00071633  0.18624642  0.00000000  0.00000000  0.00008856  0.06190223  0.00000000  0.00000000 
  0.00168761  0.00093756  0.00048876  0.00146628  0.00000000  0.20163084  0.00000000  0.00000000  0.00009203  0.06764219  0.00000000  0.00000000 
  0.00042662  0.00000000  0.00059988  0.00209958  0.00000000  0.20533881  0.00000000  0.00000000  0.00000000  0.08727147  0.00000000  0.00000000 
  0.00065833  0.00131666  0.00059970  0.00239880  0.00000000  0.21030641  0.00000000  0.00000000  0.00000000  0.08750888  0.00000000  0.00000000 
  0.00084264  0.00126396  0.00067159  0.00174614  0.00000000  0.21273618  0.00000000  0.00000000  0.00000000  0.08938818  0.00000000  0.00008082 
  0.00068415  0.00022805  0.00120591  0.00286403  0.00000000  0.23108666  0.00000000  0.00000000  0.00008737  0.09086144  0.00000000  0.00026210 
  0.00086133  0.00086133  0.00081323  0.00243969  0.00000000  0.21338635  0.00000000  0.00000000  0.00000000  0.09368228  0.00000000  0.00008335 
  0.00043215  0.00064823  0.00059648  0.00089472  0.00069784  0.23726448  0.00000000  0.00000000  0.00000000  0.09078089  0.00000000  0.00008814 
  0.00044258  0.00044258  0.00043017  0.00157729  0.00000000  0.23378475  0.00000000  0.00000000  0.00000000  0.09448887  0.00000000  0.00017195 
  0.00149733  0.00042781  0.00070602  0.00282406  0.00000000  0.18013699  0.00000000  0.00000000  0.00017044  0.08564854  0.00000000  0.00000000 
  0.00122875  0.00163834  0.00151309  0.00302618  0.00070671  0.19505300  0.00000000  0.00000000  0.00000000  0.08040708  0.00000000  0.00000000 
  0.00149063  0.00063884  0.00180105  0.00332502  0.00000000  0.18834081  0.00000000  0.00000000  0.00000000  0.06603306  0.00000000  0.00000000 
  0.00065062  0.00043375  0.00150648  0.00241036  0.00000000  0.21589205  0.00000000  0.00000000  0.00000000  0.08725634  0.00000000  0.00009195 
  0.00043253  0.00043253  0.00075735  0.00136322  0.00000000  0.22005988  0.00000000  0.00000000  0.00000000  0.08846627  0.00000000  0.00000000 
  0.00020222  0.00060667  0.00108292  0.00139233  0.00000000  0.20392954  0.00000000  0.00000000  0.00000000  0.08630486  0.00000000  0.00009796 
  0.00021191  0.00000000  0.00048788  0.00243942  0.00000000  0.23563218  0.00000000  0.00000000  0.00000000  0.10378997  0.00000000  0.00030647 
  0.00094899  0.00000000  0.00099914  0.00171282  0.00000000  0.26482759  0.00000000  0.00000000  0.00000000  0.10623410  0.00000000  0.00000000 
  0.00071736  0.00071736  0.00066836  0.00187141  0.00000000  0.24889217  0.00000000  0.00000000  0.00000000  0.10409337  0.00000000  0.00017163 
  0.00077922  0.00103896  0.00041197  0.00219720  0.00000000  0.27824750  0.00000000  0.00000000  0.00000000  0.12857882  0.00000000  0.00017247 
  0.00052521  0.00131303  0.00013953  0.00251151  0.00000000  0.27930763  0.00000000  0.00000000  0.00000000  0.13444607  0.00000000  0.00018342 
  0.00025947  0.00077841  0.00043415  0.00246020  0.00000000  0.28142741  0.00000000  0.00000000  0.00000000  0.14355728  0.00000000  0.00010210 
  0.00049261  0.00147783  0.00095225  0.00353693  0.00000000  0.28938907  0.00000000  0.00000000  0.00000000  0.16146896  0.00000000  0.00029146 
  0.00047237  0.00118092  0.00061681  0.00370085  0.00000000  0.30454545  0.00000000  0.00000000  0.00000000  0.19277709  0.00000000  0.00037360 
  0.00000000  0.00025760  0.00000000  0.00176902  0.00000000  0.35702875  0.00000000  0.00000000  0.00000000  0.20742026  0.00000000  0.00086787 
  0.00070159  0.00046773  0.00040527  0.00303951  0.00000000  0.36197183  0.00000000  0.00000000  0.00000000  0.24702038  0.00000000  0.00057670 
  0.00045455  0.00022727  0.00000000  0.00179579  0.00000000  0.43230241  0.00000000  0.00000000  0.00000000  0.27110722  0.00000000  0.00233713 
  0.00000000  0.00026532  0.00000000  0.00076046  0.00000000  0.40968801  0.00000000  0.00000000  0.00000000  0.21390809  0.00000000  0.00040667 
  0.00081610  0.00000000  0.00038008  0.00152033  0.00000000  0.39718076  0.00000000  0.00000000  0.00000000  0.21633888  0.00000000  0.00113464 
  0.00026802  0.00026802  0.00039526  0.00237154  0.00000000  0.37014471  0.00000000  0.00000000  0.00000000  0.20302376  0.00000000  0.00043197 
  0.00021418  0.00064254  0.00000000  0.00212264  0.00000000  0.40817572  0.00000000  0.00000000  0.00000000  0.27069717  0.00000000  0.00108932 
  0.00022104  0.00044209  0.00048685  0.00097371  0.00000000  0.41333333  0.00000000  0.00000000  0.00000000  0.27232267  0.00000000  0.00139082 
  0.00018706  0.00000000  0.00020296  0.00101482  0.00000000  0.45569620  0.00000000  0.00000000  0.00000000  0.30778559  0.00000000  0.00121271 
  0.00024125  0.00048251  0.00000000  0.00107066  0.00000000  0.41998650  0.00000000  0.00000000  0.00000000  0.23896753  0.00000000  0.00166528 
  0.00024528  0.00024528  0.00037594  0.00150376  0.00000000  0.42799462  0.00000000  0.00000000  0.00000000  0.18998659  0.00000000  0.00223514 
  0.00026518  0.00000000  0.00036193  0.00217155  0.00000000  0.36990596  0.00000000  0.00000000  0.00000000  0.22674419  0.00000000  0.00207641 
  0.00036140  0.00036140  0.00000000  0.00077340  0.00000000  0.23623853  0.00000000  0.00000000  0.00000000  0.06676343  0.00000000  0.00000000 
  0.00000000  0.00000000  0.00000000  0.00292612  0.00000000  0.25234619  0.00000000  0.00000000  0.00000000  0.07664497  0.00000000  0.00000000 
  0.00000000  0.00000000  0.00000000  0.00220103  0.00000000  0.25997843  0.00000000  0.00000000  0.00000000  0.06707734  0.00000000  0.00068446 
  0.00036023  0.00072046  0.00000000  0.00151515  0.00000000  0.25188375  0.00000000  0.00000000  0.00000000  0.05212211  0.00000000  0.00000000 
  0.00067590  0.00000000  0.00000000  0.00145560  0.00000000  0.28492137  0.00000000  0.00000000  0.00000000  0.07153392  0.00000000  0.00073746 
  0.00133111  0.00000000  0.00147929  0.00073964  0.00000000  0.30248092  0.00000000  0.00000000  0.00000000  0.08321168  0.00000000  0.00145985 
  0.00090689  0.00000000  0.00061162  0.00183486  0.00000000  0.33023649  0.00000000  0.00000000  0.00000000  0.10516373  0.00000000  0.00125945 
  0.00069228  0.00069228  0.00073153  0.00146306  0.00000000  0.26673133  0.00000000  0.00096993  0.00000000  0.06476484  0.00000000  0.00000000 
  0.00106838  0.00000000  0.00000000  0.00000000  0.00000000  0.26045016  0.00000000  0.00000000  0.00000000  0.03902439  0.00000000  0.00000000 
  0.00000000  0.00000000  0.00000000  0.00000000  0.00000000  0.00000000  0.00000000  0.00000000  0.00000000  0.00000000  0.00000000  0.00000000 
