  0.00888820  0.00826446  0.03045187  0.00982318  0.01082677  0.04330709  0.00393701  0.00000000  0.00000000  0.02950820  0.00000000  0.00000000 
  0.00825688  0.00764526  0.01984469  0.01035375  0.01430031  0.04290092  0.00000000  0.00000000  0.00277008  0.04155125  0.00000000  0.00277008 
  0.00565371  0.00805654  0.02025932  0.01053485  0.01240035  0.04517272  0.00354296  0.00000000  0.00257732  0.02835052  0.00000000  0.00257732 
  0.00830008  0.01149242  0.01881468  0.01034807  0.01498929  0.07280514  0.00535332  0.00107066  0.00294118  0.04117647  0.00000000  0.00294118 
  0.00655022  0.01138490  0.01866405  0.01277014  0.02060738  0.04772234  0.00325380  0.00216920  0.00320513  0.03205128  0.00000000  0.00320513 
  0.00808581  0.00693069  0.02085506  0.01251303  0.00604595  0.03869407  0.00483676  0.00000000  0.00294118  0.03235294  0.00000000  0.00000000 
  0.00553694  0.00582835  0.02192564  0.01143947  0.00922131  0.05430328  0.00512295  0.00102459  0.00000000  0.03753351  0.00000000  0.00000000 
  0.00559300  0.00817439  0.02017654  0.01008827  0.00861141  0.06027987  0.00322928  0.00000000  0.00000000  0.03333333  0.00000000  0.00000000 
  0.00445718  0.00795925  0.01250000  0.01406250  0.01161290  0.06064516  0.00258065  0.00129032  0.00584795  0.02923977  0.00000000  0.00584795 
  0.00324834  0.00795842  0.01683502  0.01515152  0.00308166  0.08012327  0.00154083  0.00000000  0.00000000  0.03092784  0.00000000  0.00000000 
  0.00481386  0.00673941  0.02606310  0.01097394  0.01485884  0.06835067  0.00148588  0.00148588  0.00363636  0.00363636  0.00000000  0.00000000 
  0.00348752  0.01303231  0.02131148  0.00655738  0.00784929  0.06279435  0.00156986  0.00156986  0.00000000  0.03571429  0.00000000  0.00000000 
  0.00290645  0.01035422  0.01248050  0.01404056  0.00620155  0.08062016  0.00310078  0.00000000  0.00529101  0.02116402  0.00000000  0.00000000 
  0.00168476  0.00917259  0.01884058  0.01304348  0.01234568  0.08024691  0.00154321  0.00154321  0.00000000  0.02415459  0.00000000  0.00000000 
  0.00360007  0.01080020  0.02323009  0.00553097  0.00611995  0.08567931  0.00244798  0.00000000  0.00358423  0.03225806  0.00000000  0.00000000 
  0.00279330  0.00955601  0.02788340  0.00760456  0.00496894  0.07329193  0.00248447  0.00124224  0.00400000  0.02000000  0.00000000  0.00000000 
  0.00428449  0.00685518  0.02401747  0.01091703  0.00613497  0.07484663  0.00000000  0.00122699  0.00294118  0.03823529  0.00000000  0.00000000 
  0.00282486  0.00748588  0.01029866  0.01647786  0.00414938  0.08609959  0.00414938  0.00000000  0.00290698  0.02906977  0.00000000  0.00000000 
  0.00257106  0.00885588  0.02213667  0.00577478  0.00496032  0.08432540  0.00000000  0.00000000  0.00586510  0.03812317  0.00000000  0.00000000 
  0.00363682  0.00902935  0.02142857  0.00952381  0.00292113  0.05452775  0.00097371  0.00097371  0.00332226  0.02990033  0.00000000  0.00000000 
  0.00311993  0.00798702  0.01952278  0.00650759  0.00496032  0.05853175  0.00000000  0.00198413  0.00361011  0.04332130  0.00000000  0.00000000 
  0.00355677  0.00752394  0.01829268  0.01422764  0.00518135  0.04663212  0.00207254  0.00000000  0.00696864  0.03484321  0.00000000  0.00000000 
  0.00432316  0.00824102  0.02930832  0.00586166  0.00592417  0.05568720  0.00355450  0.00118483  0.00355872  0.02135231  0.00355872  0.00000000 
  0.00287238  0.00834359  0.02047414  0.00646552  0.00772627  0.04194260  0.00110375  0.00110375  0.00000000  0.01639344  0.00000000  0.00000000 
  0.00344258  0.00798678  0.01843818  0.01409978  0.00853659  0.05365854  0.00365854  0.00000000  0.00311526  0.03115265  0.00000000  0.00000000 
  0.00368955  0.00711556  0.02390438  0.02091633  0.00726895  0.05711319  0.00207684  0.00000000  0.00000000  0.02173913  0.00000000  0.00000000 
  0.00531208  0.01022576  0.02643678  0.00919540  0.00883978  0.05303867  0.00220994  0.00000000  0.00381679  0.02290076  0.00000000  0.00000000 
  0.00455032  0.00669165  0.02761905  0.00952381  0.01369863  0.05374078  0.00210748  0.00000000  0.00000000  0.02333333  0.00000000  0.00000000 
  0.00442894  0.00952892  0.01635220  0.01383648  0.00442968  0.06201550  0.00553710  0.00000000  0.00000000  0.03448276  0.00000000  0.00000000 
  0.00398054  0.00722394  0.03535354  0.01136364  0.00606061  0.05575758  0.00242424  0.00000000  0.00000000  0.04405286  0.00000000  0.00000000 
  0.00430571  0.00907274  0.01875902  0.00577201  0.01575931  0.07020057  0.00429799  0.00000000  0.00000000  0.02732240  0.00000000  0.00000000 
  0.00451394  0.00789940  0.02006173  0.00771605  0.00436047  0.06395349  0.00145349  0.00000000  0.00613497  0.03680982  0.00000000  0.00000000 
  0.00234815  0.00782718  0.00961538  0.00320513  0.00630915  0.06624606  0.00473186  0.00000000  0.00000000  0.02793296  0.00000000  0.00000000 
  0.00531186  0.00891021  0.02968460  0.00185529  0.00836120  0.06187291  0.00334448  0.00167224  0.00000000  0.01666667  0.00000000  0.00000000 
  0.00363219  0.00955840  0.03427419  0.00806452  0.01831502  0.06959707  0.00183150  0.00183150  0.00602410  0.01807229  0.00000000  0.00000000 
  0.00631544  0.01047033  0.01120000  0.00640000  0.01034483  0.05689655  0.00172414  0.00172414  0.00478469  0.02870813  0.00000000  0.00000000 
  0.00592615  0.00744568  0.01969697  0.00303030  0.01468429  0.05726872  0.00440529  0.00293686  0.00000000  0.02380952  0.00000000  0.00000000 
  0.00492112  0.00767115  0.02890173  0.00433526  0.02102102  0.06006006  0.00450450  0.00450450  0.00000000  0.03243243  0.00000000  0.00000000 
  0.00627391  0.01117062  0.02158273  0.00411100  0.00762389  0.07115629  0.00635324  0.00254130  0.00292398  0.03216374  0.00000000  0.00000000 
  0.00626133  0.01153403  0.01380042  0.00743100  0.00624220  0.05742821  0.00499376  0.00124844  0.00000000  0.03614458  0.00000000  0.00000000 
  0.00526470  0.00672711  0.01617874  0.00847458  0.00965251  0.05405405  0.00193050  0.00000000  0.00000000  0.03803132  0.00000000  0.00223714 
  0.00369633  0.00938300  0.01722900  0.00717875  0.00820345  0.05168171  0.00410172  0.00000000  0.00220264  0.03964758  0.00000000  0.00000000 
  0.00590683  0.00805477  0.02396373  0.00712435  0.00751880  0.04845447  0.00167084  0.00000000  0.00375235  0.04315197  0.00000000  0.00000000 
  0.00505252  0.00717990  0.01918649  0.00997698  0.00869565  0.06086957  0.00260870  0.00086957  0.00224215  0.02466368  0.00000000  0.00000000 
  0.00587113  0.00689858  0.03245090  0.00256191  0.00891972  0.06937562  0.00297324  0.00000000  0.00000000  0.03037383  0.00000000  0.00000000 
  0.00744073  0.00847898  0.02611940  0.00746269  0.00722892  0.05542169  0.00481928  0.00000000  0.00363636  0.04363636  0.00000000  0.00000000 
  0.00777255  0.01370423  0.02158273  0.00719424  0.02604167  0.06076389  0.00173611  0.00000000  0.00000000  0.03070175  0.00000000  0.00000000 
  0.01084510  0.00859423  0.02342342  0.00720721  0.01727116  0.05008636  0.01036269  0.00000000  0.02836879  0.03546099  0.00000000  0.00000000 
  0.00962738  0.01069709  0.02560241  0.00451807  0.02218700  0.03486529  0.01426307  0.00158479  0.00507614  0.02030457  0.00000000  0.00000000 
  0.00847165  0.00933610  0.01479655  0.00616523  0.03556772  0.04924761  0.00820793  0.00136799  0.00000000  0.04680851  0.00000000  0.00000000 
  0.00685453  0.01104341  0.01366460  0.00745342  0.01291248  0.05595409  0.00430416  0.00000000  0.00408163  0.03265306  0.00000000  0.00000000 
  0.00852218  0.01123378  0.02457002  0.00737101  0.01799100  0.05697151  0.01499250  0.00000000  0.00355872  0.01423488  0.00000000  0.00000000 
  0.00716204  0.00769919  0.02298851  0.01044932  0.00995025  0.04850746  0.00497512  0.00000000  0.00000000  0.02194357  0.00000000  0.00313480 
  0.00801887  0.00849057  0.02292576  0.00764192  0.01810437  0.04366347  0.00745474  0.00000000  0.00000000  0.02409639  0.00000000  0.00000000 
  0.00570218  0.00651678  0.01995565  0.00665188  0.01489118  0.04467354  0.00572738  0.00000000  0.00319489  0.02236422  0.00000000  0.00000000 
  0.00665557  0.00695810  0.01614639  0.00968784  0.01979265  0.05843544  0.00377003  0.00094251  0.00680272  0.03741497  0.00000000  0.00000000 
  0.00432415  0.00672646  0.01425178  0.01662708  0.01590909  0.04886364  0.00227273  0.00113636  0.00336700  0.03703704  0.00000000  0.00000000 
  0.00261182  0.00669278  0.01933702  0.00736648  0.01130524  0.05549846  0.00102775  0.00102775  0.00579710  0.02028986  0.00000000  0.00000000 
  0.00471626  0.00806329  0.01727273  0.01090909  0.00884086  0.05206287  0.00392927  0.00000000  0.00000000  0.04878049  0.00000000  0.00000000 
  0.00506292  0.00723275  0.01682243  0.00934579  0.00686275  0.05392157  0.00196078  0.00098039  0.00000000  0.03283582  0.00000000  0.00000000 
  0.00303030  0.00848485  0.01876173  0.00844278  0.00543478  0.05434783  0.00108696  0.00000000  0.00522193  0.03916449  0.00000000  0.00000000 
  0.00356564  0.00988655  0.02009646  0.00803859  0.00573394  0.05160550  0.00344037  0.00000000  0.00210084  0.03361345  0.00000000  0.00000000 
