  0.00556527  0.03243759  0.01832461  0.03141361  0.00917431  0.15045872  0.00733945  0.02018349  0.00000000  0.03906250  0.00000000  0.00781250 
  0.00905797  0.03907867  0.03906250  0.02343750  0.03474903  0.10038610  0.01544402  0.01544402  0.00000000  0.04000000  0.00000000  0.00000000 
  0.01241135  0.09219858  0.00000000  0.20000000  0.18518519  0.14814815  0.03703704  0.00000000  0.00000000  0.00000000  0.00000000  0.00000000 
  0.00000000  0.00000000  0.00000000  0.00000000  0.00000000  0.00000000  0.00000000  0.00000000  0.00000000  0.00000000  0.00000000  0.00000000 
  0.02293578  0.05275229  0.33333333  0.00000000  0.20000000  0.10000000  0.06666667  0.00000000  0.00000000  0.00000000  0.00000000  0.00000000 
  0.01583710  0.02669683  0.08163265  0.04081633  0.06369427  0.07643312  0.02547771  0.00000000  0.00000000  0.00000000  0.00000000  0.00000000 
  0.01036269  0.01949173  0.02870813  0.01913876  0.01342282  0.05816555  0.01118568  0.00447427  0.01470588  0.02941176  0.00000000  0.00000000 
  0.01040663  0.01753710  0.01408451  0.01408451  0.02807018  0.04912281  0.01403509  0.00000000  0.00000000  0.04145078  0.00518135  0.00000000 
  0.00712831  0.01588595  0.02280702  0.01754386  0.02295082  0.04918033  0.00983607  0.00163934  0.00370370  0.04074074  0.00000000  0.00000000 
  0.00762970  0.01297050  0.01118211  0.00479233  0.01796407  0.04191617  0.00399202  0.00000000  0.00537634  0.02688172  0.00000000  0.00000000 
  0.00613824  0.01147585  0.00964630  0.00803859  0.01044386  0.07571802  0.00000000  0.00000000  0.00000000  0.02600473  0.00236407  0.00000000 
  0.00512328  0.01280820  0.02697495  0.01348748  0.01342282  0.07382550  0.00000000  0.00671141  0.00271003  0.03252033  0.00000000  0.00000000 
  0.00503215  0.01090299  0.05287356  0.01379310  0.02100840  0.04621849  0.00420168  0.00210084  0.00645161  0.07096774  0.00000000  0.00000000 
  0.00545171  0.00778816  0.02058319  0.01372213  0.01377953  0.03937008  0.00590551  0.00000000  0.00537634  0.04838710  0.00000000  0.00000000 
  0.00978577  0.00925681  0.03153989  0.00742115  0.03131991  0.04921700  0.01118568  0.00223714  0.00000000  0.04285714  0.00000000  0.00000000 
  0.00626886  0.00673322  0.02218935  0.01479290  0.01455301  0.05405405  0.00207900  0.00000000  0.00000000  0.03272727  0.00363636  0.00000000 
  0.00411777  0.00782376  0.02086050  0.00260756  0.01543739  0.03773585  0.00514580  0.00000000  0.00000000  0.02424242  0.00000000  0.00000000 
  0.00417220  0.00739617  0.01726619  0.01151079  0.01612903  0.04193548  0.00483871  0.00000000  0.00337838  0.05405405  0.00000000  0.00337838 
  0.00361598  0.00488158  0.02077922  0.01038961  0.01369863  0.03957382  0.00608828  0.00000000  0.00304878  0.01829268  0.00000000  0.00000000 
  0.00338123  0.00490279  0.01203008  0.00902256  0.01212121  0.03939394  0.00303030  0.00000000  0.00000000  0.04347826  0.00000000  0.00000000 
  0.00921187  0.02405322  0.02784810  0.01518987  0.01466276  0.02346041  0.00293255  0.00000000  0.00000000  0.02649007  0.00000000  0.00000000 
  0.01264719  0.02573048  0.03533569  0.01943463  0.01699029  0.04126214  0.00242718  0.00242718  0.00784314  0.03921569  0.00392157  0.00000000 
  0.01594650  0.03086420  0.01740506  0.01582278  0.01084011  0.02710027  0.01084011  0.00000000  0.00505051  0.03030303  0.00000000  0.00000000 
  0.01542777  0.03272557  0.01007194  0.01151079  0.01995012  0.02743142  0.00748130  0.00000000  0.00563380  0.01690141  0.00000000  0.00000000 
  0.00965361  0.02952868  0.00684932  0.01369863  0.00579710  0.02898551  0.02318841  0.00000000  0.00000000  0.03960396  0.00000000  0.00000000 
  0.01523980  0.02330793  0.01309164  0.00704935  0.00869565  0.03260870  0.00217391  0.00000000  0.00000000  0.02205882  0.00000000  0.00000000 
  0.02408339  0.03666427  0.01428571  0.00000000  0.05909091  0.04090909  0.01363636  0.00000000  0.00000000  0.00000000  0.00000000  0.00000000 
  0.02304906  0.01975634  0.06500000  0.01000000  0.03301887  0.04245283  0.06132075  0.00471698  0.01333333  0.13333333  0.00000000  0.00000000 
  0.01034929  0.01940492  0.03125000  0.00781250  0.01265823  0.06329114  0.00000000  0.01265823  0.00000000  0.03448276  0.00000000  0.00000000 
  0.00000000  0.09090909  0.00000000  0.00000000  0.00000000  0.00000000  0.00000000  0.00000000  0.00000000  0.00000000  0.00000000  0.00000000 
  0.00869565  0.04492754  0.00000000  0.04255319  0.01204819  0.04819277  0.00000000  0.00000000  0.00000000  0.00000000  0.00000000  0.00000000 
  0.00492308  0.04061538  0.03083700  0.01762115  0.00534759  0.03743316  0.00000000  0.00000000  0.02941176  0.04411765  0.00000000  0.00000000 
  0.00502513  0.03471905  0.01937984  0.01550388  0.00000000  0.03146853  0.00000000  0.00000000  0.01092896  0.04371585  0.00546448  0.00546448 
  0.00919207  0.02612482  0.02056075  0.01308411  0.01120448  0.04201681  0.00280112  0.00000000  0.00000000  0.03906250  0.00000000  0.00000000 
  0.01008827  0.02522068  0.01694915  0.01318267  0.00448430  0.02242152  0.00448430  0.00000000  0.00000000  0.03305785  0.00000000  0.00000000 
  0.00612903  0.01387097  0.01060752  0.00964320  0.01378254  0.02756508  0.00153139  0.00153139  0.00424628  0.05944798  0.00000000  0.00000000 
  0.00937613  0.02524342  0.01197605  0.02395210  0.00689655  0.03678161  0.00000000  0.00000000  0.00420168  0.02941176  0.00000000  0.00420168 
  0.00811249  0.03407247  0.01912261  0.02587177  0.00564972  0.03107345  0.00847458  0.00000000  0.00000000  0.02493766  0.00000000  0.00000000 
  0.01357220  0.02985885  0.01070234  0.00735786  0.00726392  0.01452785  0.00484262  0.00000000  0.00406504  0.02168022  0.00000000  0.00000000 
  0.00763359  0.02944384  0.04731861  0.01577287  0.02243590  0.03205128  0.00320513  0.00000000  0.00943396  0.04716981  0.00000000  0.00000000 
  0.01048951  0.02124798  0.04093567  0.05263158  0.02511416  0.04566210  0.00913242  0.00000000  0.00000000  0.11320755  0.00000000  0.00000000 
  0.01049930  0.01283248  0.04564315  0.01659751  0.02728732  0.06420546  0.00481541  0.00160514  0.00564972  0.04519774  0.00000000  0.00564972 
  0.00994854  0.02058319  0.03389831  0.02824859  0.01583113  0.04485488  0.00263852  0.00000000  0.00636943  0.09554140  0.00000000  0.00636943 
  0.01120163  0.02698574  0.03389831  0.07344633  0.03030303  0.04761905  0.00865801  0.00000000  0.06451613  0.06451613  0.00000000  0.00000000 
  0.00945626  0.06619385  0.00000000  0.08333333  0.04761905  0.04761905  0.00000000  0.00000000  0.00000000  1.00000000  0.00000000  0.00000000 
  0.01635514  0.05373832  0.10000000  0.00000000  0.00000000  0.06060606  0.03030303  0.00000000  0.00000000  0.00000000  0.00000000  0.00000000 
  0.00715465  0.02916896  0.04109589  0.00000000  0.02531646  0.04641350  0.00000000  0.00421941  0.00000000  0.11111111  0.00000000  0.00000000 
  0.00464120  0.01892181  0.05347594  0.03208556  0.00952381  0.08333333  0.00476190  0.00000000  0.03636364  0.07272727  0.00000000  0.00000000 
  0.00726644  0.01972318  0.06870229  0.01908397  0.02010050  0.06783920  0.01005025  0.00251256  0.00000000  0.14516129  0.00000000  0.00000000 
  0.00971817  0.02429543  0.04032258  0.03225806  0.03433476  0.10300429  0.01716738  0.00429185  0.00000000  0.05607477  0.00000000  0.00000000 
  0.00661241  0.02594100  0.01190476  0.01984127  0.03482587  0.09452736  0.00995025  0.00000000  0.00000000  0.10447761  0.00000000  0.00000000 
  0.00791557  0.03693931  0.02185792  0.00000000  0.03246753  0.11688312  0.00000000  0.00000000  0.00000000  0.07594937  0.00000000  0.00000000 
  0.00691443  0.02895419  0.01185771  0.02371542  0.01739130  0.16521739  0.00869565  0.00434783  0.00000000  0.10526316  0.00000000  0.00000000 
  0.01011804  0.02900506  0.02654867  0.04424779  0.03389831  0.09745763  0.00423729  0.00423729  0.00990099  0.07920792  0.00000000  0.00000000 
  0.00866667  0.03833333  0.04109589  0.03196347  0.03529412  0.09803922  0.00784314  0.00392157  0.00000000  0.11250000  0.00000000  0.00000000 
  0.00982533  0.03602620  0.03614458  0.01807229  0.02150538  0.09318996  0.00358423  0.00358423  0.00000000  0.10169492  0.00000000  0.00000000 
  0.00997831  0.04121475  0.08955224  0.04477612  0.00961538  0.10576923  0.02884615  0.00480769  0.02631579  0.05263158  0.00000000  0.07894737 
  0.00962567  0.05508021  0.05084746  0.06779661  0.03846154  0.08461538  0.01538462  0.01538462  0.10000000  0.00000000  0.00000000  0.00000000 
  0.01546392  0.04961340  0.12903226  0.09677419  0.08235294  0.09411765  0.03529412  0.01176471  0.00000000  0.16666667  0.00000000  0.00000000 
  0.02015776  0.07011394  0.09090909  0.00000000  0.11764706  0.03921569  0.01960784  0.01960784  0.00000000  0.00000000  0.00000000  0.00000000 
  0.03400504  0.06675063  0.00000000  0.00000000  0.16666667  0.13888889  0.05555556  0.02777778  0.00000000  0.00000000  0.00000000  0.00000000 
  0.02743614  0.04541154  0.00000000  0.05000000  0.12500000  0.06250000  0.09375000  0.03125000  0.00000000  0.00000000  0.00000000  0.00000000 
  0.02209493  0.04173486  0.00000000  0.00000000  0.11904762  0.04761905  0.07142857  0.00000000  0.00000000  0.00000000  0.00000000  0.00000000 
  0.02387268  0.02718833  0.00000000  0.00000000  0.04000000  0.06000000  0.02000000  0.00000000  0.00000000  0.00000000  0.00000000  0.00000000 
  0.02168022  0.02655827  0.00000000  0.00000000  0.11320755  0.07547170  0.03773585  0.00000000  0.00000000  0.03448276  0.00000000  0.00000000 
  0.01870130  0.03116883  0.00000000  0.14035088  0.02857143  0.15714286  0.04285714  0.01428571  0.00000000  0.00000000  0.00000000  0.00000000 
  0.01726765  0.02640934  0.04081633  0.04081633  0.01333333  0.13333333  0.00000000  0.00000000  0.00000000  0.03333333  0.00000000  0.00000000 
  0.00962083  0.02037351  0.00000000  0.01639344  0.10126582  0.03797468  0.01265823  0.00000000  0.00000000  0.03225806  0.00000000  0.00000000 
  0.01482326  0.02052452  0.00000000  0.03278689  0.05797101  0.07246377  0.10144928  0.01449275  0.00000000  0.13043478  0.00000000  0.00000000 
  0.01326595  0.02905875  0.00000000  0.00000000  0.07142857  0.03571429  0.00000000  0.00000000  0.00000000  0.00000000  0.00000000  0.00000000 
  0.01220442  0.02974828  0.00000000  0.00000000  0.03773585  0.05660377  0.01886792  0.03773585  0.00000000  0.04166667  0.00000000  0.00000000 
  0.02168861  0.02323780  0.00000000  0.00000000  0.10416667  0.08333333  0.02083333  0.00000000  0.00000000  0.00000000  0.00000000  0.00000000 
  0.01075992  0.02689980  0.00000000  0.02439024  0.10606061  0.09090909  0.06060606  0.00000000  0.00000000  0.03571429  0.00000000  0.00000000 
  0.01151543  0.03178259  0.02040816  0.08163265  0.06422018  0.06422018  0.06422018  0.00000000  0.00000000  0.16129032  0.00000000  0.03225806 
  0.01608040  0.03618090  0.00000000  0.06000000  0.09448819  0.06299213  0.03149606  0.00000000  0.00000000  0.12000000  0.00000000  0.04000000 
  0.00905490  0.02829655  0.02127660  0.17021277  0.10377358  0.03773585  0.07547170  0.00000000  0.00000000  0.12500000  0.00000000  0.04166667 
  0.00808314  0.03926097  0.06451613  0.09677419  0.12000000  0.11000000  0.08000000  0.01000000  0.00000000  0.04166667  0.00000000  0.00000000 
  0.01716992  0.03789224  0.06896552  0.20689655  0.07476636  0.15887850  0.07476636  0.00000000  0.00000000  0.18181818  0.00000000  0.00000000 
  0.01454065  0.03502974  0.05263158  0.05263158  0.06666667  0.11111111  0.04444444  0.00000000  0.00000000  0.00000000  0.00000000  0.00000000 
  0.01794688  0.04235463  0.01562500  0.04687500  0.06716418  0.12686567  0.05223881  0.00000000  0.00000000  0.10000000  0.00000000  0.00000000 
  0.02224282  0.05097312  0.06206897  0.02758621  0.04878049  0.15447154  0.05691057  0.01626016  0.00000000  0.15625000  0.00000000  0.00000000 
  0.01768868  0.04481132  0.02173913  0.01304348  0.07317073  0.11382114  0.03252033  0.00813008  0.00000000  0.15441176  0.00000000  0.00000000 
