  0.00514139  0.00771208  0.01073620  0.00613497  0.00000000  0.15873016  0.00000000  0.00000000  0.00216920  0.05422993  0.00000000  0.00000000 
  0.00518135  0.00000000  0.01176471  0.00840336  0.00000000  0.18309859  0.00000000  0.00000000  0.00626305  0.04384134  0.00000000  0.00000000 
  0.00191571  0.00766284  0.00397614  0.01391650  0.00000000  0.18604651  0.00000000  0.00000000  0.00000000  0.05140187  0.00000000  0.00000000 
  0.00371058  0.00371058  0.01548673  0.00663717  0.00000000  0.04666667  0.00000000  0.00000000  0.00000000  0.03667482  0.00000000  0.00000000 
  0.00000000  0.00000000  0.00704225  0.00469484  0.01000000  0.14000000  0.00000000  0.00000000  0.00000000  0.02572347  0.00000000  0.00000000 
  0.00393701  0.00196850  0.01312336  0.00787402  0.00000000  0.12222222  0.00000000  0.00000000  0.00000000  0.02205882  0.00000000  0.00000000 
  0.00000000  0.00320513  0.00000000  0.01438849  0.01265823  0.11392405  0.00000000  0.00000000  0.00000000  0.02777778  0.00000000  0.00462963 
  0.00192678  0.00000000  0.01463415  0.01463415  0.00000000  0.18750000  0.00000000  0.00000000  0.00000000  0.05357143  0.00000000  0.00595238 
  0.00421941  0.00000000  0.00000000  0.00458716  0.00000000  0.27118644  0.00000000  0.00000000  0.00000000  0.03208556  0.00000000  0.00000000 
  0.00000000  0.00000000  0.01197605  0.00598802  0.00000000  0.29687500  0.00000000  0.00000000  0.00337838  0.07432432  0.00000000  0.00000000 
  0.00370370  0.00000000  0.01670644  0.00954654  0.00000000  0.18072289  0.00000000  0.00000000  0.00000000  0.02362205  0.00000000  0.00000000 
  0.00252525  0.00252525  0.00898876  0.00898876  0.00000000  0.13636364  0.01515152  0.00000000  0.00000000  0.06388206  0.00000000  0.00000000 
  0.00000000  0.00000000  0.01298701  0.00742115  0.00000000  0.17582418  0.00000000  0.00000000  0.00457666  0.04347826  0.00000000  0.00000000 
  0.00000000  0.00000000  0.00818331  0.00981997  0.00000000  0.15740741  0.00000000  0.00000000  0.00000000  0.03416856  0.00000000  0.00000000 
  0.00000000  0.00000000  0.00532860  0.00355240  0.00000000  0.23863636  0.00000000  0.00000000  0.00000000  0.04470588  0.00000000  0.00000000 
  0.00000000  0.00000000  0.01458333  0.00416667  0.00961538  0.09615385  0.00000000  0.00000000  0.00000000  0.05074627  0.00000000  0.00000000 
  0.00376648  0.00000000  0.00717703  0.00717703  0.00970874  0.06796117  0.00000000  0.00000000  0.00000000  0.04320988  0.00000000  0.00000000 
  0.00408998  0.00613497  0.01652893  0.00275482  0.00000000  0.02380952  0.00000000  0.00000000  0.00000000  0.03964758  0.00000000  0.00000000 
  0.00213220  0.01066098  0.00737101  0.00737101  0.00000000  0.02272727  0.00000000  0.00000000  0.00000000  0.02617801  0.00000000  0.00000000 
  0.01023018  0.01023018  0.01438849  0.00000000  0.01176471  0.05882353  0.00000000  0.00000000  0.00862069  0.00000000  0.00000000  0.00000000 
  0.00597015  0.00597015  0.00869565  0.01159420  0.00000000  0.02380952  0.00000000  0.00000000  0.00000000  0.03314917  0.00000000  0.00000000 
  0.00318471  0.00636943  0.02564103  0.00000000  0.00000000  0.07792208  0.00000000  0.00000000  0.00000000  0.02617801  0.00000000  0.00000000 
  0.00735294  0.00735294  0.01898734  0.00632911  0.00000000  0.01219512  0.00000000  0.01219512  0.00000000  0.01775148  0.00000000  0.00000000 
  0.00888889  0.00666667  0.00000000  0.00280899  0.00833333  0.05000000  0.00000000  0.00000000  0.00485437  0.01456311  0.00000000  0.00000000 
  0.00176991  0.00884956  0.00945626  0.00236407  0.00884956  0.04424779  0.00000000  0.00000000  0.00000000  0.02766798  0.00000000  0.00000000 
  0.00198020  0.00396040  0.00180832  0.00180832  0.00877193  0.05263158  0.00000000  0.00000000  0.00000000  0.02005013  0.00000000  0.00000000 
  0.00000000  0.00378788  0.01709402  0.00341880  0.00000000  0.09677419  0.01075269  0.00000000  0.00000000  0.01054852  0.00000000  0.00000000 
  0.00162602  0.00325203  0.00631579  0.00631579  0.00000000  0.15748031  0.00000000  0.00000000  0.00306748  0.01533742  0.00000000  0.00000000 
  0.01652893  0.00000000  0.01724138  0.00957854  0.01063830  0.15957447  0.00000000  0.00000000  0.00000000  0.02736318  0.00000000  0.00000000 
  0.00195313  0.00000000  0.00516351  0.00688468  0.00000000  0.23148148  0.00000000  0.00000000  0.00000000  0.02291667  0.00000000  0.00000000 
  0.00231481  0.00231481  0.01263538  0.00361011  0.00000000  0.15789474  0.00000000  0.00000000  0.00000000  0.03146067  0.00000000  0.00000000 
  0.00198807  0.00000000  0.01652893  0.00330579  0.00869565  0.13043478  0.00869565  0.00000000  0.00000000  0.02600473  0.00000000  0.00000000 
  0.00353982  0.00000000  0.01351351  0.00225225  0.00000000  0.19801980  0.00000000  0.00000000  0.00316456  0.01898734  0.00000000  0.00000000 
  0.00521739  0.00347826  0.00704225  0.00469484  0.00000000  0.07575758  0.00000000  0.00000000  0.00333333  0.02666667  0.00000000  0.00000000 
  0.00000000  0.00222717  0.00976563  0.00195313  0.00000000  0.08547009  0.00000000  0.00000000  0.00000000  0.03343465  0.00000000  0.00000000 
  0.00617284  0.00411523  0.00000000  0.01123596  0.00000000  0.08208955  0.00000000  0.00000000  0.00000000  0.03381643  0.00000000  0.00000000 
  0.00237530  0.00475059  0.01503759  0.01503759  0.01000000  0.06000000  0.00000000  0.00000000  0.00000000  0.03378378  0.00000000  0.00000000 
  0.00123153  0.00123153  0.00000000  0.01307190  0.00000000  0.05847953  0.00000000  0.00000000  0.00000000  0.01204819  0.00000000  0.00000000 
  0.00179533  0.00269300  0.00448430  0.00448430  0.00000000  0.04195804  0.00000000  0.00000000  0.00000000  0.05660377  0.00000000  0.00000000 
  0.00256410  0.00170940  0.00371747  0.01115242  0.00000000  0.04736842  0.00000000  0.00000000  0.00000000  0.02290076  0.00000000  0.00000000 
  0.00300300  0.00400400  0.01069519  0.00267380  0.00000000  0.03529412  0.00000000  0.00000000  0.00000000  0.02304147  0.00000000  0.00000000 
  0.00225225  0.00112613  0.01413428  0.00883392  0.00000000  0.01063830  0.00000000  0.00000000  0.00309598  0.02476780  0.00000000  0.00000000 
  0.00259067  0.00259067  0.00511945  0.00853242  0.00436681  0.01746725  0.00000000  0.00000000  0.00000000  0.01396648  0.00000000  0.00000000 
  0.00000000  0.00133156  0.00705882  0.00705882  0.00000000  0.04477612  0.00000000  0.00000000  0.00000000  0.01006711  0.00000000  0.00000000 
  0.00000000  0.00225225  0.00757576  0.00568182  0.00000000  0.12000000  0.00000000  0.00000000  0.00257069  0.04370180  0.00000000  0.00000000 
  0.00281690  0.00281690  0.00536673  0.00178891  0.03225806  0.10752688  0.00000000  0.00000000  0.00234192  0.03044496  0.00000000  0.00000000 
  0.00000000  0.00655022  0.00330579  0.00661157  0.00000000  0.05102041  0.00000000  0.00000000  0.00234742  0.02582160  0.00000000  0.00000000 
  0.00465116  0.00465116  0.00636943  0.00159236  0.00000000  0.06756757  0.00000000  0.00000000  0.00000000  0.02481390  0.00000000  0.00000000 
  0.00000000  0.00591716  0.01239669  0.00206612  0.00000000  0.08974359  0.00000000  0.00000000  0.00000000  0.03724928  0.00000000  0.00000000 
