  0.00537634  0.00000000  0.00553250  0.00553250  0.00000000  0.30252101  0.00000000  0.00000000  0.00169492  0.08474576  0.00000000  0.00000000 
  0.00464037  0.01160093  0.00558659  0.00335196  0.00000000  0.16783217  0.00000000  0.00000000  0.00000000  0.09819121  0.00000000  0.00000000 
  0.00244499  0.00244499  0.00246305  0.00738916  0.00000000  0.27350427  0.00000000  0.00000000  0.00135501  0.12195122  0.00000000  0.00000000 
  0.00000000  0.00000000  0.00142857  0.00428571  0.00000000  0.35000000  0.00000000  0.00000000  0.00000000  0.13967311  0.00000000  0.00297177 
  0.00000000  0.00364964  0.00235849  0.00943396  0.00000000  0.59550562  0.00000000  0.00000000  0.00250627  0.12030075  0.00000000  0.00000000 
  0.00000000  0.00000000  0.00412088  0.00824176  0.00000000  0.31868132  0.00000000  0.00000000  0.00000000  0.11620795  0.00000000  0.00000000 
  0.00000000  0.00000000  0.00236686  0.00118343  0.00000000  0.30612245  0.00000000  0.00000000  0.00000000  0.13750000  0.00000000  0.00000000 
  0.00898204  0.00000000  0.00772201  0.00386100  0.00000000  0.39560440  0.00000000  0.00000000  0.00000000  0.16593886  0.00000000  0.00655022 
  0.00000000  0.00000000  0.00523560  0.00698080  0.00000000  0.44047619  0.00000000  0.00000000  0.00000000  0.13126492  0.00000000  0.00238663 
  0.00310559  0.00000000  0.00333890  0.00333890  0.00000000  0.45555556  0.00000000  0.00000000  0.00000000  0.12109375  0.00000000  0.00000000 
  0.00306748  0.00306748  0.00131926  0.00395778  0.00000000  0.44318182  0.01136364  0.00000000  0.00000000  0.12925170  0.00000000  0.00000000 
  0.00000000  0.00000000  0.00375940  0.00751880  0.00000000  0.41052632  0.00000000  0.00000000  0.00000000  0.15898251  0.00000000  0.00158983 
  0.00000000  0.00000000  0.00128205  0.00256410  0.00000000  0.38157895  0.00000000  0.00000000  0.00281294  0.13642757  0.00000000  0.00140647 
  0.00578035  0.00000000  0.00000000  0.00131234  0.00000000  0.37894737  0.00000000  0.00000000  0.00000000  0.12500000  0.00000000  0.00000000 
