  0.00456621  0.00228311  0.00126422  0.00758534  0.00000000  0.24264706  0.00000000  0.00000000  0.00000000  0.12997347  0.00000000  0.00000000 
  0.00399202  0.00199601  0.00136799  0.00820793  0.00000000  0.27142857  0.00000000  0.00000000  0.00000000  0.11318242  0.00000000  0.00133156 
  0.00000000  0.00206186  0.00127877  0.00895141  0.00000000  0.23943662  0.00000000  0.00000000  0.00112613  0.07319820  0.00000000  0.00000000 
  0.00193050  0.00000000  0.00259740  0.00779221  0.00000000  0.22302158  0.00000000  0.00000000  0.00000000  0.08939974  0.00000000  0.00000000 
  0.00000000  0.00000000  0.00448430  0.01046338  0.00000000  0.21678322  0.00000000  0.00000000  0.00000000  0.11487482  0.00000000  0.00000000 
  0.00000000  0.00184162  0.00152439  0.00457317  0.00000000  0.31200000  0.00000000  0.00000000  0.00000000  0.14143095  0.00000000  0.00000000 
  0.00000000  0.00000000  0.00173010  0.00519031  0.00000000  0.24503311  0.00000000  0.00000000  0.00000000  0.15238095  0.00000000  0.00000000 
  0.00000000  0.00180832  0.01190476  0.01020408  0.00000000  0.22147651  0.00000000  0.00000000  0.00000000  0.13069307  0.00000000  0.00198020 
  0.00189753  0.00379507  0.00506757  0.00506757  0.00000000  0.30061350  0.00000000  0.00000000  0.00000000  0.15303983  0.00000000  0.00000000 
  0.00380952  0.00380952  0.00423729  0.00564972  0.00000000  0.25675676  0.00000000  0.00000000  0.00000000  0.10455312  0.00000000  0.00168634 
  0.00000000  0.00349040  0.00000000  0.00610687  0.00000000  0.26277372  0.00000000  0.00000000  0.00000000  0.12715856  0.00000000  0.00000000 
  0.00000000  0.00181818  0.00537634  0.00537634  0.00000000  0.29801325  0.00000000  0.00000000  0.00211416  0.14587738  0.00000000  0.00634249 
  0.00354610  0.00177305  0.00378788  0.00568182  0.00534759  0.24064171  0.00000000  0.00000000  0.00000000  0.12814645  0.00000000  0.00228833 
  0.00352734  0.00000000  0.00000000  0.00529101  0.00000000  0.23529412  0.00000000  0.00000000  0.00000000  0.12847966  0.00000000  0.00000000 
  0.00172117  0.00688468  0.00175439  0.00175439  0.00000000  0.31914894  0.00000000  0.00000000  0.00000000  0.15037594  0.00000000  0.00187970 
  0.00000000  0.00000000  0.00458716  0.00764526  0.00000000  0.20118343  0.00000000  0.00000000  0.00000000  0.14356436  0.00000000  0.00000000 
  0.00412371  0.00824742  0.00159236  0.00159236  0.00000000  0.20000000  0.00000000  0.00000000  0.00163399  0.12908497  0.00000000  0.00000000 
  0.00181488  0.00000000  0.00167504  0.00502513  0.00000000  0.22360248  0.00000000  0.00000000  0.00197239  0.14398422  0.00000000  0.00197239 
  0.00418410  0.00209205  0.00311526  0.00934579  0.00000000  0.25730994  0.00000000  0.00000000  0.00000000  0.09700176  0.00000000  0.00000000 
  0.00213675  0.00213675  0.00438596  0.00146199  0.00000000  0.20134228  0.00000000  0.00000000  0.00000000  0.11376147  0.00000000  0.00183486 
  0.00207900  0.00831601  0.00468019  0.00312012  0.00000000  0.20625000  0.00000000  0.00000000  0.00000000  0.10015898  0.00000000  0.00000000 
  0.00221239  0.00221239  0.00282885  0.00565771  0.01226994  0.20245399  0.00000000  0.00000000  0.00000000  0.11329305  0.00000000  0.00000000 
  0.00259740  0.00259740  0.00421941  0.00562588  0.00751880  0.17293233  0.00000000  0.00000000  0.00128700  0.08236808  0.00000000  0.00000000 
  0.00000000  0.00250000  0.00376884  0.00628141  0.00000000  0.19463087  0.00000000  0.00000000  0.00000000  0.08210784  0.00000000  0.00000000 
  0.01036269  0.00518135  0.00000000  0.00000000  0.00000000  0.27737226  0.00000000  0.00000000  0.00000000  0.09069212  0.00000000  0.00119332 
  0.00000000  0.00000000  0.00470035  0.00235018  0.00000000  0.17054264  0.00000000  0.00000000  0.00122249  0.08190709  0.00000000  0.00000000 
  0.00000000  0.00259740  0.00360144  0.00120048  0.00000000  0.19491525  0.00000000  0.00000000  0.00000000  0.07877170  0.00000000  0.00133511 
  0.00000000  0.00233645  0.00141243  0.00282486  0.00000000  0.20610687  0.00000000  0.00000000  0.00000000  0.07670043  0.00000000  0.00000000 
  0.00000000  0.00631579  0.00272109  0.00680272  0.00000000  0.28476821  0.00000000  0.00000000  0.00000000  0.12580645  0.00000000  0.00000000 
  0.00000000  0.00000000  0.00290276  0.01306241  0.01307190  0.18954248  0.00000000  0.00000000  0.00152439  0.08841463  0.00000000  0.00000000 
  0.00240385  0.00000000  0.00431034  0.00143678  0.00000000  0.18881119  0.00000000  0.00000000  0.00000000  0.10204082  0.00000000  0.00000000 
  0.00000000  0.00246914  0.00444444  0.00888889  0.00000000  0.20394737  0.00000000  0.00000000  0.00000000  0.09104938  0.00000000  0.00154321 
  0.00000000  0.00000000  0.00467290  0.01090343  0.00000000  0.26666667  0.00000000  0.00000000  0.00000000  0.08898944  0.00000000  0.00000000 
  0.00000000  0.00000000  0.00431034  0.00287356  0.00000000  0.19718310  0.00000000  0.00000000  0.00000000  0.07552448  0.00000000  0.00000000 
  0.00000000  0.00240964  0.00143062  0.00858369  0.00819672  0.22950820  0.00000000  0.00000000  0.00000000  0.10806916  0.00000000  0.00144092 
  0.00234192  0.00702576  0.00000000  0.00139082  0.00000000  0.19642857  0.00000000  0.00000000  0.00000000  0.08962868  0.00000000  0.00000000 
  0.00000000  0.00227273  0.00279330  0.00698324  0.00000000  0.25675676  0.00000000  0.00000000  0.00000000  0.10152990  0.00000000  0.00000000 
  0.00000000  0.00239808  0.00404858  0.00269906  0.00000000  0.28476821  0.00000000  0.00000000  0.00000000  0.07473310  0.00000000  0.00000000 
  0.00257732  0.00515464  0.00000000  0.00672948  0.00000000  0.21951220  0.00000000  0.00000000  0.00000000  0.08669109  0.00000000  0.00000000 
  0.00000000  0.00546448  0.00389610  0.00000000  0.00000000  0.22962963  0.00000000  0.00000000  0.00000000  0.07366071  0.00000000  0.00000000 
  0.00000000  0.00248139  0.00244798  0.00244798  0.00000000  0.20661157  0.00000000  0.00000000  0.00000000  0.07577375  0.00000000  0.00106724 
  0.00000000  0.00578035  0.00346021  0.00000000  0.00689655  0.25517241  0.00000000  0.00000000  0.00000000  0.06896552  0.00000000  0.00304260 
  0.00000000  0.00563380  0.00227273  0.00568182  0.00000000  0.25619835  0.00000000  0.00000000  0.00000000  0.06999041  0.00000000  0.00000000 
