  0.00000000  0.01058201  0.00000000  0.00000000  0.00000000  0.03030303  0.00000000  0.01515152  0.00000000  0.00000000  0.00000000  0.00000000 
  0.00000000  0.00925926  0.00000000  0.00000000  0.00000000  0.02325581  0.00000000  0.00000000  0.00000000  0.00000000  0.00000000  0.00000000 
  0.00000000  0.00956938  0.00000000  0.00000000  0.00000000  0.00990099  0.00000000  0.00000000  0.00000000  0.00000000  0.00000000  0.00000000 
  0.00000000  0.02116402  0.00000000  0.00000000  0.00000000  0.08256881  0.00000000  0.00000000  0.00000000  0.00000000  0.00000000  0.00000000 
  0.00000000  0.01345291  0.00000000  0.00000000  0.00000000  0.07446809  0.00000000  0.01063830  0.00000000  0.00000000  0.00000000  0.00000000 
  0.00000000  0.05106383  0.00000000  0.00000000  0.00000000  0.14583333  0.00000000  0.00000000  0.00000000  0.00000000  0.00000000  0.00000000 
  0.00000000  0.03053435  0.00000000  0.00000000  0.00000000  0.10810811  0.00000000  0.02702703  0.00000000  0.00000000  0.00000000  0.00000000 
  0.00000000  0.07051282  0.00000000  0.00000000  0.00000000  0.05555556  0.00000000  0.00000000  0.00000000  0.00000000  0.00000000  0.00000000 
  0.01244813  0.01244813  0.00000000  0.00000000  0.00000000  0.06603774  0.00000000  0.00000000  0.00000000  0.00000000  0.00000000  0.00000000 
  0.00000000  0.01433692  0.00000000  0.00000000  0.00000000  0.05042017  0.00000000  0.00000000  0.00000000  0.00000000  0.00000000  0.00000000 
  0.00000000  0.03252033  0.00000000  0.00000000  0.00000000  0.02469136  0.00000000  0.01234568  0.00000000  0.00000000  0.00000000  0.00000000 
  0.00000000  0.03114187  0.00000000  0.00000000  0.02380952  0.02380952  0.00000000  0.00000000  0.00000000  0.00000000  0.00000000  0.00000000 
  0.00000000  0.01915709  0.00000000  0.00000000  0.00000000  0.08333333  0.00000000  0.00000000  0.00000000  0.00000000  0.00000000  0.00000000 
  0.00000000  0.02542373  0.00000000  0.00000000  0.00000000  0.10227273  0.00000000  0.00000000  0.00000000  0.00000000  0.00000000  0.00000000 
  0.00000000  0.01702128  0.00000000  0.00000000  0.00000000  0.05000000  0.00000000  0.00833333  0.00000000  0.00000000  0.00000000  0.00000000 
  0.00000000  0.02973978  0.00000000  0.00000000  0.00000000  0.06730769  0.00000000  0.00000000  0.00000000  0.00000000  0.00000000  0.00000000 
  0.00000000  0.00332226  0.00000000  0.00000000  0.00000000  0.02479339  0.00000000  0.00000000  0.00000000  0.00000000  0.00000000  0.00000000 
  0.00000000  0.00540541  0.00000000  0.00000000  0.00000000  0.04294479  0.00000000  0.00000000  0.00000000  0.00000000  0.00000000  0.00000000 
  0.00000000  0.00729927  0.00000000  0.00000000  0.00000000  0.04575163  0.00000000  0.00000000  0.00000000  0.00000000  0.00000000  0.00000000 
  0.00000000  0.00225734  0.00000000  0.00000000  0.00552486  0.08287293  0.00552486  0.00000000  0.00000000  0.00000000  0.00000000  0.00000000 
  0.00000000  0.01477833  0.00000000  0.00000000  0.00000000  0.06164384  0.00000000  0.00000000  0.00000000  0.00000000  0.00000000  0.00000000 
  0.00000000  0.02318841  0.00000000  0.00000000  0.00000000  0.03649635  0.00000000  0.00000000  0.00000000  0.00000000  0.00000000  0.00000000 
  0.00000000  0.01436782  0.00000000  0.00000000  0.00000000  0.04580153  0.00000000  0.00763359  0.00000000  0.00000000  0.00000000  0.00000000 
  0.00000000  0.01219512  0.00000000  0.00000000  0.00000000  0.04878049  0.00000000  0.00000000  0.00000000  0.00000000  0.00000000  0.00000000 
  0.00000000  0.01880878  0.00000000  0.00000000  0.00000000  0.03571429  0.00000000  0.00892857  0.00000000  0.00000000  0.00000000  0.00000000 
  0.00000000  0.03305785  0.00000000  0.00000000  0.00000000  0.08571429  0.00000000  0.00714286  0.00000000  0.00000000  0.00000000  0.00000000 
  0.00000000  0.01336898  0.00000000  0.00000000  0.00000000  0.02649007  0.00000000  0.00000000  0.00000000  0.00000000  0.00000000  0.00000000 
  0.00000000  0.00527704  0.00000000  0.00000000  0.00000000  0.00529101  0.00000000  0.00000000  0.00000000  0.00000000  0.00000000  0.00000000 
  0.00000000  0.01496259  0.00000000  0.00000000  0.00000000  0.02793296  0.00000000  0.00000000  0.00000000  0.00000000  0.00000000  0.00000000 
  0.00000000  0.01118568  0.00000000  0.00000000  0.00578035  0.05202312  0.00000000  0.00000000  0.00000000  0.00000000  0.00000000  0.00000000 
  0.00000000  0.00785340  0.00000000  0.00000000  0.00000000  0.09202454  0.00000000  0.00000000  0.00000000  0.00000000  0.00000000  0.00000000 
  0.00000000  0.00303951  0.00000000  0.00000000  0.00000000  0.06666667  0.00000000  0.00666667  0.00000000  0.00000000  0.00000000  0.00000000 
  0.00000000  0.01779359  0.00000000  0.00000000  0.00000000  0.07692308  0.00961538  0.00000000  0.00000000  0.00000000  0.00000000  0.00000000 
  0.00000000  0.01146132  0.00000000  0.00000000  0.00000000  0.05185185  0.00000000  0.00000000  0.00000000  0.00000000  0.00000000  0.00000000 
  0.00000000  0.01604278  0.00000000  0.00000000  0.00000000  0.05217391  0.00000000  0.00000000  0.00000000  0.00000000  0.00000000  0.00000000 
  0.00000000  0.01333333  0.00000000  0.00000000  0.00000000  0.07964602  0.00000000  0.00000000  0.00000000  0.00000000  0.00000000  0.00000000 
  0.00000000  0.01079137  0.00000000  0.00000000  0.00000000  0.06930693  0.00000000  0.00000000  0.00000000  0.00000000  0.00000000  0.00000000 
  0.00000000  0.00000000  0.00000000  0.00000000  0.00000000  0.03333333  0.00000000  0.00000000  0.00000000  0.00000000  0.00000000  0.00000000 
  0.00000000  0.00219298  0.00000000  0.00000000  0.00000000  0.06862745  0.00000000  0.00000000  0.00000000  0.00000000  0.00000000  0.00000000 
  0.00000000  0.00000000  0.00000000  0.00000000  0.00000000  0.05633803  0.00469484  0.00000000  0.00000000  0.00000000  0.00000000  0.00000000 
  0.00000000  0.00871460  0.00000000  0.00000000  0.00000000  0.05945946  0.00000000  0.00000000  0.00000000  0.00000000  0.00000000  0.00000000 
  0.00000000  0.01467505  0.00000000  0.00000000  0.00000000  0.05813953  0.00000000  0.00581395  0.00000000  0.00000000  0.00000000  0.00000000 
  0.00000000  0.01342282  0.00000000  0.00000000  0.00000000  0.04022989  0.00000000  0.00574713  0.00000000  0.00000000  0.00000000  0.00000000 
  0.00000000  0.02949062  0.00000000  0.00000000  0.00000000  0.02877698  0.00000000  0.00719424  0.00000000  0.00000000  0.00000000  0.00000000 
  0.00000000  0.01117318  0.00000000  0.00000000  0.00000000  0.04379562  0.00000000  0.00000000  0.00000000  0.00000000  0.00000000  0.00000000 
  0.00000000  0.00966184  0.00000000  0.00000000  0.00000000  0.06015038  0.00000000  0.00000000  0.00000000  0.00000000  0.00000000  0.00000000 
  0.00000000  0.01160093  0.00000000  0.00000000  0.00000000  0.02684564  0.00671141  0.00000000  0.00000000  0.00000000  0.00000000  0.00000000 
  0.00000000  0.00431965  0.00000000  0.00000000  0.00000000  0.09289617  0.00000000  0.00546448  0.00000000  0.00000000  0.00000000  0.00000000 
  0.00259067  0.02072539  0.00000000  0.00000000  0.00000000  0.09090909  0.00000000  0.00000000  0.00000000  0.00000000  0.00000000  0.00000000 
  0.00324675  0.00324675  0.00000000  0.00000000  0.00000000  0.05263158  0.00000000  0.00000000  0.00000000  0.00000000  0.00000000  0.00000000 
  0.00000000  0.01194030  0.00000000  0.00000000  0.00000000  0.00598802  0.00000000  0.00000000  0.00000000  0.00000000  0.00000000  0.00000000 
  0.00000000  0.00248756  0.00000000  0.00000000  0.00000000  0.05649718  0.00000000  0.00000000  0.00000000  0.00000000  0.00000000  0.00000000 
  0.00000000  0.01608579  0.00000000  0.00000000  0.00000000  0.05600000  0.00800000  0.00000000  0.00000000  0.00000000  0.00000000  0.00000000 
  0.00000000  0.01159420  0.00000000  0.00000000  0.00000000  0.04651163  0.00000000  0.00000000  0.00000000  0.00000000  0.00000000  0.00000000 
  0.00000000  0.02343750  0.00000000  0.00000000  0.01020408  0.07142857  0.00000000  0.00000000  0.00000000  0.00000000  0.00000000  0.00000000 
  0.00343643  0.02061856  0.00000000  0.00000000  0.00000000  0.02884615  0.00000000  0.00000000  0.00000000  0.00000000  0.00000000  0.00000000 
  0.00000000  0.01282051  0.00000000  0.00000000  0.00000000  0.00980392  0.00000000  0.00000000  0.00000000  0.00000000  0.00000000  0.00000000 
  0.00000000  0.01167315  0.00000000  0.00000000  0.00000000  0.04807692  0.00000000  0.00000000  0.00000000  0.00000000  0.00000000  0.00000000 
  0.00000000  0.00884956  0.00000000  0.00000000  0.00000000  0.01388889  0.00000000  0.00000000  0.00000000  0.00000000  0.00000000  0.00000000 
  0.00000000  0.00000000  0.00000000  0.00000000  0.00000000  0.05050505  0.00000000  0.00000000  0.00000000  0.00000000  0.00000000  0.00000000 
  0.00000000  0.00673401  0.00000000  0.00000000  0.00000000  0.00925926  0.00000000  0.00000000  0.00000000  0.00000000  0.00000000  0.00000000 
  0.00000000  0.00740741  0.00000000  0.00000000  0.00000000  0.04040404  0.00000000  0.00000000  0.00000000  0.00000000  0.00000000  0.00000000 
  0.00000000  0.01315789  0.00000000  0.00000000  0.01123596  0.08988764  0.00000000  0.00000000  0.00000000  0.00000000  0.00000000  0.00000000 
  0.00000000  0.00483092  0.00000000  0.00000000  0.00000000  0.02941176  0.00000000  0.00980392  0.00000000  0.00000000  0.00000000  0.00000000 
  0.00549451  0.00000000  0.00000000  0.00000000  0.00000000  0.04166667  0.00000000  0.00000000  0.00000000  0.00000000  0.00000000  0.00000000 
  0.00000000  0.02479339  0.00000000  0.00000000  0.00000000  0.04109589  0.00000000  0.00000000  0.00000000  0.00000000  0.00000000  0.00000000 
  0.00000000  0.02654867  0.00000000  0.00000000  0.00000000  0.05813953  0.00000000  0.00000000  0.00000000  0.00000000  0.00000000  0.00000000 
  0.00000000  0.02693603  0.00000000  0.00000000  0.00000000  0.07766990  0.00000000  0.00000000  0.00000000  0.00000000  0.00000000  0.00000000 
  0.00000000  0.00598802  0.00000000  0.00000000  0.00000000  0.01550388  0.00000000  0.00000000  0.00000000  0.00000000  0.00000000  0.00000000 
  0.00000000  0.01355014  0.00000000  0.00000000  0.00000000  0.03448276  0.00000000  0.00689655  0.00000000  0.00000000  0.00000000  0.00000000 
  0.00000000  0.01005025  0.00000000  0.00000000  0.00000000  0.03773585  0.00000000  0.00000000  0.00000000  0.00000000  0.00000000  0.00000000 
  0.00000000  0.00374532  0.00000000  0.00000000  0.00000000  0.02941176  0.00000000  0.00000000  0.00000000  0.00000000  0.00000000  0.00000000 
  0.00000000  0.00645161  0.00000000  0.00000000  0.00000000  0.05660377  0.00000000  0.00000000  0.00000000  0.00000000  0.00000000  0.00000000 
  0.00000000  0.00699301  0.00000000  0.00000000  0.00000000  0.06060606  0.00000000  0.00000000  0.00000000  0.00000000  0.00000000  0.00000000 
  0.00000000  0.01694915  0.00000000  0.00000000  0.00000000  0.07246377  0.00000000  0.00000000  0.00000000  0.00000000  0.00000000  0.00000000 
  0.00000000  0.02500000  0.00000000  0.00000000  0.00000000  0.11111111  0.00000000  0.00000000  0.00000000  0.00000000  0.00000000  0.00000000 
  0.00000000  0.00865801  0.00000000  0.00000000  0.00000000  0.06557377  0.00000000  0.00000000  0.00000000  0.00000000  0.00000000  0.00000000 
  0.00634921  0.02222222  0.00000000  0.00000000  0.00000000  0.08181818  0.00000000  0.00000000  0.00000000  0.00000000  0.00000000  0.00000000 
  0.00000000  0.01587302  0.00000000  0.00000000  0.00000000  0.08108108  0.00000000  0.00000000  0.00000000  0.00000000  0.00000000  0.00000000 
  0.00613497  0.01226994  0.00000000  0.00000000  0.00000000  0.04225352  0.00000000  0.00000000  0.00000000  0.00000000  0.00000000  0.00000000 
  0.00292398  0.00584795  0.00000000  0.00000000  0.00000000  0.03252033  0.00000000  0.00000000  0.00000000  0.00000000  0.00000000  0.00000000 
  0.00000000  0.01470588  0.00000000  0.00000000  0.00000000  0.00000000  0.00000000  0.00000000  0.00000000  0.00000000  0.00000000  0.00000000 
  0.00000000  0.00389105  0.00000000  0.00000000  0.00000000  0.02631579  0.00000000  0.00000000  0.00000000  0.00000000  0.00000000  0.00000000 
  0.00000000  0.01290323  0.00000000  0.00000000  0.00000000  0.05343511  0.00000000  0.00000000  0.00000000  0.00000000  0.00000000  0.00000000 
  0.00000000  0.00460829  0.00000000  0.00000000  0.00000000  0.04347826  0.00000000  0.00000000  0.00000000  0.00000000  0.00000000  0.00000000 
  0.00000000  0.00000000  0.00000000  0.00000000  0.00000000  0.04000000  0.00000000  0.00000000  0.00000000  0.00000000  0.00000000  0.00000000 
  0.00434783  0.01304348  0.00000000  0.00000000  0.00000000  0.12987013  0.00000000  0.00000000  0.00000000  0.00000000  0.00000000  0.00000000 
  0.00000000  0.03448276  0.00000000  0.00000000  0.00000000  0.07042254  0.00000000  0.00000000  0.00000000  0.00000000  0.00000000  0.00000000 
  0.00000000  0.00854701  0.00000000  0.00000000  0.00000000  0.04166667  0.00000000  0.00000000  0.00000000  0.00000000  0.00000000  0.00000000 
  0.00000000  0.02362205  0.00000000  0.00000000  0.00000000  0.05882353  0.00000000  0.00000000  0.00000000  0.00000000  0.00000000  0.00000000 
  0.00000000  0.00000000  0.00000000  0.00000000  0.00000000  0.08888889  0.00000000  0.04444444  0.00000000  0.00000000  0.00000000  0.00000000 
  0.00000000  0.00000000  0.00000000  0.00000000  0.00000000  0.00000000  0.00000000  0.00000000  0.00000000  0.00000000  0.00000000  0.00000000 
  0.00000000  0.01639344  0.00000000  0.00000000  0.00000000  0.24242424  0.00000000  0.03030303  0.00000000  0.00000000  0.00000000  0.00000000 
  0.00000000  0.05102041  0.00000000  0.00000000  0.00000000  0.13333333  0.00000000  0.00000000  0.00000000  0.00000000  0.00000000  0.00000000 
  0.00000000  0.02702703  0.00000000  0.00000000  0.00000000  0.13793103  0.00000000  0.00000000  0.00000000  0.00000000  0.00000000  0.00000000 
  0.01219512  0.04878049  0.00000000  0.00000000  0.00000000  0.04000000  0.00000000  0.00000000  0.00000000  0.00000000  0.00000000  0.00000000 
  0.01408451  0.02816901  0.00000000  0.00000000  0.00000000  0.05555556  0.00000000  0.00000000  0.00000000  0.00000000  0.00000000  0.00000000 
  0.00000000  0.04098361  0.00000000  0.00000000  0.00000000  0.03125000  0.00000000  0.00000000  0.00000000  0.00000000  0.00000000  0.00000000 
  0.00000000  0.00990099  0.00000000  0.00000000  0.00000000  0.04255319  0.00000000  0.00000000  0.00000000  0.00000000  0.00000000  0.00000000 
  0.00000000  0.00529101  0.00000000  0.00000000  0.00000000  0.11235955  0.00000000  0.00000000  0.00000000  0.00000000  0.00000000  0.00000000 
