  0.00000000  0.01432665  0.00000000  0.00000000  0.00000000  0.15286624  0.00000000  0.00636943  0.00000000  0.00000000  0.00000000  0.00000000 
  0.00000000  0.02830189  0.00000000  0.00000000  0.00000000  0.16528926  0.00000000  0.00000000  0.00000000  0.00000000  0.00000000  0.00000000 
  0.00290698  0.04651163  0.00000000  0.00000000  0.00000000  0.12408759  0.00000000  0.00729927  0.00000000  0.00000000  0.00000000  0.00000000 
  0.00000000  0.03614458  0.00000000  0.00000000  0.00000000  0.18791946  0.00000000  0.01342282  0.00000000  0.00000000  0.00000000  0.00000000 
  0.00000000  0.04385965  0.00000000  0.00000000  0.00000000  0.14388489  0.00000000  0.01438849  0.00000000  0.00000000  0.00000000  0.00000000 
  0.00806452  0.04569892  0.00000000  0.00000000  0.00000000  0.12903226  0.00000000  0.00806452  0.00000000  0.00000000  0.00000000  0.00000000 
  0.00000000  0.03030303  0.00000000  0.00000000  0.00000000  0.15646259  0.00000000  0.00680272  0.00000000  0.00000000  0.00000000  0.00000000 
  0.00000000  0.04504505  0.00000000  0.00000000  0.00000000  0.15000000  0.00000000  0.01666667  0.00000000  0.00000000  0.00000000  0.00000000 
  0.00277008  0.04709141  0.00000000  0.00000000  0.00000000  0.08396947  0.00763359  0.00000000  0.00000000  0.00000000  0.00000000  0.00000000 
  0.00000000  0.05089820  0.00000000  0.00000000  0.00000000  0.13636364  0.00000000  0.00000000  0.00000000  0.00000000  0.00000000  0.00000000 
  0.00000000  0.03651685  0.00000000  0.00000000  0.00775194  0.13953488  0.00000000  0.00775194  0.00000000  0.00000000  0.00000000  0.00000000 
  0.00000000  0.02967359  0.00000000  0.00000000  0.00000000  0.15000000  0.00000000  0.00000000  0.00000000  0.00000000  0.00000000  0.00000000 
  0.00000000  0.02564103  0.00000000  0.00000000  0.00000000  0.11111111  0.00000000  0.00000000  0.00000000  0.00000000  0.00000000  0.00000000 
  0.00000000  0.04582210  0.00000000  0.00000000  0.00000000  0.13043478  0.00000000  0.01449275  0.00000000  0.00000000  0.00000000  0.00000000 
  0.00000000  0.03418803  0.00000000  0.00000000  0.00000000  0.11347518  0.00000000  0.00000000  0.00000000  0.00000000  0.00000000  0.00000000 
  0.00000000  0.02222222  0.00000000  0.00000000  0.00000000  0.10365854  0.00609756  0.02439024  0.00000000  0.00000000  0.00000000  0.00000000 
  0.00000000  0.02891566  0.00000000  0.00000000  0.00000000  0.13793103  0.00000000  0.02873563  0.00000000  0.00000000  0.00000000  0.00000000 
  0.00284091  0.02272727  0.00000000  0.00000000  0.00000000  0.15294118  0.00000000  0.00000000  0.00000000  0.00000000  0.00000000  0.00000000 
  0.00000000  0.04532578  0.00000000  0.00000000  0.00641026  0.08974359  0.00000000  0.00641026  0.00000000  0.00000000  0.00000000  0.00000000 
  0.00000000  0.03968254  0.00000000  0.00000000  0.00000000  0.12781955  0.00000000  0.01503759  0.00000000  0.00000000  0.00000000  0.00000000 
  0.00515464  0.04896907  0.00000000  0.00000000  0.00000000  0.13846154  0.00000000  0.00769231  0.00000000  0.00000000  0.00000000  0.00000000 
  0.00000000  0.06133333  0.00000000  0.00000000  0.00000000  0.13475177  0.00000000  0.00000000  0.00000000  0.00000000  0.00000000  0.00000000 
  0.00000000  0.05747126  0.00000000  0.00000000  0.00000000  0.08730159  0.00000000  0.00793651  0.00000000  0.00000000  0.00000000  0.00000000 
  0.00000000  0.05248619  0.00000000  0.00000000  0.00000000  0.16535433  0.00787402  0.01574803  0.00000000  0.00000000  0.00000000  0.00000000 
  0.00000000  0.03735632  0.00000000  0.00000000  0.00000000  0.11627907  0.00000000  0.00775194  0.00000000  0.00000000  0.00000000  0.00000000 
  0.00000000  0.03625378  0.00000000  0.00000000  0.00000000  0.18181818  0.00649351  0.01948052  0.00000000  0.00000000  0.00000000  0.00000000 
  0.00000000  0.02028986  0.00000000  0.00000000  0.00000000  0.15032680  0.00000000  0.00653595  0.00000000  0.00000000  0.00000000  0.00000000 
  0.00000000  0.03934426  0.00000000  0.00000000  0.00000000  0.11111111  0.00000000  0.00653595  0.00000000  0.00000000  0.00000000  0.00000000 
  0.00281690  0.03098592  0.00000000  0.00000000  0.00000000  0.11805556  0.00000000  0.02083333  0.00000000  0.00000000  0.00000000  0.00000000 
  0.00000000  0.01595745  0.00000000  0.00000000  0.00000000  0.11176471  0.00000000  0.00000000  0.00000000  0.00000000  0.00000000  0.00000000 
  0.00515464  0.03865979  0.00000000  0.00000000  0.00000000  0.13253012  0.00000000  0.01204819  0.00000000  0.00000000  0.00000000  0.00000000 
  0.00000000  0.03651685  0.00000000  0.00000000  0.00000000  0.13333333  0.00000000  0.00606061  0.00000000  0.00000000  0.00000000  0.00000000 
  0.00000000  0.02956989  0.00000000  0.00000000  0.00000000  0.17123288  0.00000000  0.00684932  0.00000000  0.00000000  0.00000000  0.00000000 
  0.00000000  0.02067183  0.00000000  0.00000000  0.00000000  0.11834320  0.00000000  0.01775148  0.00000000  0.00000000  0.00000000  0.00000000 
  0.00000000  0.02071006  0.00000000  0.00000000  0.00000000  0.13103448  0.00000000  0.03448276  0.00000000  0.00000000  0.00000000  0.00000000 
  0.00000000  0.04098361  0.00000000  0.00000000  0.00000000  0.16666667  0.00000000  0.02564103  0.00000000  0.00000000  0.00000000  0.00000000 
  0.00000000  0.04392765  0.00000000  0.00000000  0.00000000  0.07586207  0.00000000  0.00000000  0.00000000  0.00000000  0.00000000  0.00000000 
  0.00000000  0.03988604  0.00000000  0.00000000  0.02127660  0.17730496  0.00000000  0.01418440  0.00000000  0.00000000  0.00000000  0.00000000 
  0.00000000  0.04046243  0.00000000  0.00000000  0.00746269  0.14179104  0.00000000  0.01492537  0.00000000  0.00000000  0.00000000  0.00000000 
  0.00000000  0.02722772  0.00000000  0.00000000  0.00000000  0.12121212  0.00606061  0.01818182  0.00000000  0.00000000  0.00000000  0.00000000 
  0.00000000  0.02887139  0.00000000  0.00000000  0.00000000  0.15328467  0.00000000  0.00729927  0.00000000  0.00000000  0.00000000  0.00000000 
  0.00231481  0.02777778  0.00000000  0.00000000  0.00689655  0.16551724  0.00000000  0.02068966  0.00000000  0.00000000  0.00000000  0.00000000 
  0.00000000  0.04975124  0.00000000  0.00000000  0.00000000  0.13103448  0.00000000  0.00000000  0.00000000  0.00000000  0.00000000  0.00000000 
  0.00234742  0.03990610  0.00000000  0.00000000  0.00729927  0.12408759  0.00000000  0.00729927  0.00000000  0.00000000  0.00000000  0.00000000 
  0.00000000  0.02722772  0.00000000  0.00000000  0.00000000  0.13636364  0.00000000  0.01136364  0.00000000  0.00000000  0.00000000  0.00000000 
  0.00000000  0.02905569  0.00000000  0.00000000  0.00574713  0.11494253  0.00000000  0.01724138  0.00000000  0.00000000  0.00000000  0.00000000 
  0.00239234  0.05263158  0.00000000  0.00000000  0.00000000  0.18750000  0.00000000  0.00568182  0.00000000  0.00000000  0.00000000  0.00000000 
  0.00251889  0.03778338  0.00000000  0.00000000  0.00689655  0.14482759  0.00689655  0.01379310  0.00000000  0.00000000  0.00000000  0.00000000 
  0.00237530  0.03325416  0.00000000  0.00000000  0.00000000  0.14285714  0.00000000  0.00000000  0.00000000  0.00000000  0.00000000  0.00000000 
  0.00000000  0.03333333  0.00000000  0.00000000  0.01398601  0.18181818  0.00000000  0.00000000  0.00000000  0.00000000  0.00000000  0.00000000 
  0.00000000  0.03863636  0.00000000  0.00000000  0.01428571  0.16428571  0.00000000  0.00000000  0.00000000  0.00000000  0.00000000  0.00000000 
  0.00000000  0.02654867  0.00000000  0.00000000  0.00625000  0.13125000  0.00625000  0.01250000  0.00000000  0.00000000  0.00000000  0.00000000 
  0.00000000  0.03037383  0.00000000  0.00000000  0.00000000  0.13414634  0.00000000  0.03658537  0.00000000  0.00000000  0.00000000  0.00000000 
  0.00000000  0.03605769  0.00000000  0.00000000  0.00000000  0.10606061  0.00000000  0.00505051  0.00000000  0.00000000  0.00000000  0.00000000 
  0.00000000  0.04102564  0.00000000  0.00000000  0.00000000  0.15267176  0.00000000  0.03053435  0.00000000  0.00000000  0.00000000  0.00000000 
  0.00000000  0.04166667  0.00000000  0.00000000  0.00000000  0.12021858  0.00000000  0.00546448  0.00000000  0.00000000  0.00000000  0.00000000 
  0.00000000  0.03233256  0.00000000  0.00000000  0.00000000  0.12921348  0.00000000  0.00561798  0.00000000  0.00000000  0.00000000  0.00000000 
  0.00000000  0.03167421  0.00000000  0.00000000  0.00000000  0.06875000  0.00000000  0.00625000  0.00000000  0.00000000  0.00000000  0.00000000 
  0.00000000  0.02004454  0.00000000  0.00000000  0.00000000  0.13725490  0.00000000  0.00653595  0.00000000  0.00000000  0.00000000  0.00000000 
  0.00712589  0.02375297  0.00000000  0.00000000  0.00000000  0.15000000  0.00000000  0.01250000  0.00000000  0.00000000  0.00000000  0.00000000 
  0.00508906  0.04834606  0.00000000  0.00000000  0.00000000  0.13829787  0.00000000  0.02659574  0.00000000  0.00000000  0.00000000  0.00000000 
  0.00248756  0.02985075  0.00000000  0.00000000  0.00549451  0.15934066  0.00000000  0.00000000  0.00000000  0.00000000  0.00000000  0.00000000 
  0.00224215  0.03587444  0.00000000  0.00000000  0.00000000  0.10101010  0.00000000  0.00000000  0.00000000  0.00000000  0.00000000  0.00000000 
  0.00000000  0.02708804  0.00000000  0.00000000  0.00000000  0.13513514  0.00000000  0.02162162  0.00000000  0.00000000  0.00000000  0.00000000 
  0.00000000  0.01466993  0.00000000  0.00000000  0.00000000  0.16949153  0.00000000  0.00000000  0.00000000  0.00000000  0.00000000  0.00000000 
  0.00000000  0.01871102  0.00000000  0.00000000  0.00000000  0.12244898  0.00000000  0.00510204  0.00000000  0.00000000  0.00000000  0.00000000 
  0.00222222  0.02888889  0.00000000  0.00000000  0.00000000  0.17763158  0.00000000  0.01315789  0.00000000  0.00000000  0.00000000  0.00000000 
  0.00000000  0.02696629  0.00000000  0.00000000  0.00507614  0.13705584  0.00000000  0.00000000  0.00000000  0.00000000  0.00000000  0.00000000 
  0.00000000  0.03044496  0.00000000  0.00000000  0.00526316  0.14210526  0.00000000  0.01578947  0.00000000  0.00000000  0.00000000  0.00000000 
  0.00000000  0.03855422  0.00000000  0.00000000  0.00000000  0.11875000  0.00000000  0.01250000  0.00000000  0.00000000  0.00000000  0.00000000 
  0.00218341  0.01965066  0.00000000  0.00000000  0.00000000  0.12571429  0.00000000  0.00571429  0.00000000  0.00000000  0.00000000  0.00000000 
  0.00000000  0.03397028  0.00000000  0.00000000  0.00578035  0.11560694  0.00000000  0.01156069  0.00000000  0.00000000  0.00000000  0.00000000 
  0.00000000  0.03862661  0.00000000  0.00000000  0.00000000  0.13953488  0.00581395  0.01744186  0.00000000  0.00000000  0.00000000  0.00000000 
  0.00000000  0.03427419  0.00000000  0.00000000  0.00000000  0.18232044  0.00000000  0.02209945  0.00000000  0.00000000  0.00000000  0.00000000 
  0.00000000  0.02282158  0.00000000  0.00000000  0.00000000  0.13661202  0.00000000  0.00546448  0.00000000  0.00000000  0.00000000  0.00000000 
  0.00439560  0.02857143  0.00000000  0.00000000  0.00000000  0.16145833  0.00520833  0.00520833  0.00000000  0.00000000  0.00000000  0.00000000 
  0.00232019  0.04408353  0.00000000  0.00000000  0.00000000  0.13333333  0.00000000  0.00000000  0.00000000  0.00000000  0.00000000  0.00000000 
  0.00000000  0.01111111  0.00000000  0.00000000  0.00000000  0.14146341  0.00000000  0.00000000  0.00000000  0.00000000  0.00000000  0.00000000 
  0.00000000  0.02904564  0.00000000  0.00000000  0.00000000  0.14423077  0.00000000  0.00480769  0.00000000  0.00000000  0.00000000  0.00000000 
  0.00000000  0.02272727  0.00000000  0.00000000  0.00568182  0.11931818  0.00000000  0.00568182  0.00000000  0.00000000  0.00000000  0.00000000 
  0.00217865  0.04139434  0.00000000  0.00000000  0.00000000  0.15686275  0.00000000  0.00490196  0.00000000  0.00000000  0.00000000  0.00000000 
  0.00000000  0.01545254  0.00000000  0.00000000  0.00000000  0.07486631  0.00000000  0.02673797  0.00000000  0.00000000  0.00000000  0.00000000 
  0.00221239  0.04646018  0.00000000  0.00000000  0.00000000  0.15025907  0.00000000  0.01036269  0.00000000  0.00000000  0.00000000  0.00000000 
  0.00000000  0.03177966  0.00000000  0.00000000  0.00000000  0.13636364  0.00000000  0.01704545  0.00000000  0.00000000  0.00000000  0.00000000 
  0.00000000  0.02838428  0.00000000  0.00000000  0.00000000  0.14772727  0.00000000  0.01136364  0.00000000  0.00000000  0.00000000  0.00000000 
  0.00000000  0.02862986  0.00000000  0.00000000  0.00000000  0.05978261  0.00000000  0.01086957  0.00000000  0.00000000  0.00000000  0.00000000 
  0.00000000  0.02509653  0.00000000  0.00000000  0.00000000  0.11739130  0.00000000  0.01739130  0.00000000  0.00000000  0.00000000  0.00000000 
  0.00000000  0.02529183  0.00000000  0.00000000  0.00000000  0.14893617  0.00000000  0.01063830  0.00000000  0.00000000  0.00000000  0.00000000 
  0.00000000  0.02380952  0.00000000  0.00000000  0.00000000  0.15566038  0.00000000  0.00943396  0.00000000  0.00000000  0.00000000  0.00000000 
  0.00000000  0.03481625  0.00000000  0.00000000  0.00000000  0.14215686  0.00000000  0.00490196  0.00000000  0.00000000  0.00000000  0.00000000 
  0.00000000  0.03448276  0.00000000  0.00000000  0.00442478  0.19911504  0.00000000  0.00884956  0.00000000  0.00000000  0.00000000  0.00000000 
  0.00000000  0.02542373  0.00000000  0.00000000  0.00000000  0.09606987  0.00000000  0.00873362  0.00000000  0.00000000  0.00000000  0.00000000 
  0.00000000  0.04251012  0.00000000  0.00000000  0.00000000  0.10000000  0.00454545  0.00000000  0.00000000  0.00000000  0.00000000  0.00000000 
  0.00000000  0.04705882  0.00000000  0.00000000  0.00000000  0.13658537  0.00487805  0.00975610  0.00000000  0.00000000  0.00000000  0.00000000 
  0.00000000  0.03119266  0.00000000  0.00000000  0.00000000  0.16299559  0.00440529  0.00000000  0.00000000  0.00000000  0.00000000  0.00000000 
  0.00000000  0.02462121  0.00000000  0.00000000  0.00000000  0.11792453  0.00000000  0.01886792  0.00000000  0.00000000  0.00000000  0.00000000 
  0.00000000  0.03612167  0.00000000  0.00000000  0.00460829  0.14285714  0.00000000  0.00460829  0.00000000  0.00000000  0.00000000  0.00000000 
  0.00000000  0.02794411  0.00000000  0.00000000  0.00000000  0.13452915  0.00448430  0.00448430  0.00000000  0.00000000  0.00000000  0.00000000 
  0.00000000  0.02591793  0.00000000  0.00000000  0.00000000  0.11392405  0.00000000  0.01265823  0.00000000  0.00000000  0.00000000  0.00000000 
  0.00213220  0.03198294  0.00000000  0.00000000  0.00000000  0.09289617  0.00000000  0.00546448  0.00000000  0.00000000  0.00000000  0.00000000 
  0.00000000  0.03225806  0.00000000  0.00000000  0.00000000  0.16326531  0.00000000  0.01020408  0.00000000  0.00000000  0.00000000  0.00000000 
  0.00000000  0.02972399  0.00000000  0.00000000  0.00000000  0.10606061  0.00000000  0.00505051  0.00000000  0.00000000  0.00000000  0.00000000 
  0.00000000  0.02891566  0.00000000  0.00000000  0.00000000  0.13145540  0.00000000  0.02347418  0.00000000  0.00000000  0.00000000  0.00000000 
  0.00000000  0.03493450  0.00000000  0.00000000  0.00000000  0.14117647  0.00000000  0.02352941  0.00000000  0.00000000  0.00000000  0.00000000 
  0.00222222  0.03555556  0.00000000  0.00000000  0.00000000  0.13846154  0.00000000  0.01025641  0.00000000  0.00000000  0.00000000  0.00000000 
  0.00000000  0.04794521  0.00000000  0.00000000  0.00000000  0.13772455  0.00000000  0.01197605  0.00000000  0.00000000  0.00000000  0.00000000 
  0.00000000  0.02765957  0.00000000  0.00000000  0.00000000  0.12796209  0.00000000  0.01421801  0.00000000  0.00000000  0.00000000  0.00000000 
  0.00000000  0.02526316  0.00000000  0.00000000  0.00000000  0.14070352  0.00000000  0.02010050  0.00000000  0.00000000  0.00000000  0.00000000 
  0.00000000  0.02564103  0.00000000  0.00000000  0.00000000  0.12019231  0.00000000  0.00961538  0.00000000  0.00000000  0.00000000  0.00000000 
  0.00000000  0.03765690  0.00000000  0.00000000  0.01190476  0.09523810  0.00000000  0.00000000  0.00000000  0.00000000  0.00000000  0.00000000 
  0.00000000  0.01684211  0.00000000  0.00000000  0.00000000  0.13942308  0.00000000  0.01923077  0.00000000  0.00000000  0.00000000  0.00000000 
  0.00000000  0.02964427  0.00000000  0.00000000  0.00000000  0.17021277  0.00000000  0.01595745  0.00000000  0.00000000  0.00000000  0.00000000 
  0.00000000  0.02434077  0.00000000  0.00000000  0.00000000  0.15075377  0.00000000  0.01005025  0.00000000  0.00000000  0.00000000  0.00000000 
  0.00000000  0.04814004  0.00000000  0.00000000  0.00478469  0.16746411  0.00000000  0.00956938  0.00000000  0.00000000  0.00000000  0.00000000 
  0.00194175  0.03106796  0.00000000  0.00000000  0.00450450  0.14414414  0.00000000  0.00000000  0.00000000  0.00000000  0.00000000  0.00000000 
  0.00191571  0.04789272  0.00000000  0.00000000  0.00000000  0.06392694  0.00456621  0.00913242  0.00000000  0.00000000  0.00000000  0.00000000 
  0.00000000  0.02316602  0.00000000  0.00000000  0.00000000  0.12849162  0.00000000  0.00000000  0.00000000  0.00000000  0.00000000  0.00000000 
  0.00000000  0.03680982  0.00000000  0.00000000  0.00000000  0.16877637  0.00000000  0.00843882  0.00000000  0.00000000  0.00000000  0.00000000 
  0.00000000  0.03846154  0.00000000  0.00000000  0.00000000  0.12941176  0.00000000  0.01764706  0.00000000  0.00000000  0.00000000  0.00000000 
  0.00000000  0.04651163  0.00000000  0.00000000  0.00000000  0.13500000  0.00000000  0.03000000  0.00000000  0.00000000  0.00000000  0.00000000 
  0.00000000  0.03219697  0.00000000  0.00000000  0.00000000  0.11046512  0.00000000  0.00581395  0.00000000  0.00000000  0.00000000  0.00000000 
  0.00000000  0.03461538  0.00000000  0.00000000  0.01047120  0.09947644  0.00000000  0.00523560  0.00000000  0.00000000  0.00000000  0.00000000 
  0.00189394  0.02651515  0.00000000  0.00000000  0.00483092  0.13043478  0.00000000  0.01449275  0.00000000  0.00000000  0.00000000  0.00000000 
  0.00000000  0.03984820  0.00000000  0.00000000  0.00000000  0.10695187  0.00534759  0.00000000  0.00000000  0.00000000  0.00000000  0.00000000 
  0.00000000  0.03198294  0.00000000  0.00000000  0.00000000  0.08522727  0.00000000  0.00000000  0.00000000  0.00000000  0.00000000  0.00000000 
  0.00000000  0.02087683  0.00000000  0.00000000  0.00000000  0.13978495  0.00000000  0.01612903  0.00000000  0.00000000  0.00000000  0.00000000 
  0.00000000  0.02531646  0.00000000  0.00000000  0.00000000  0.12972973  0.00000000  0.01081081  0.00000000  0.00000000  0.00000000  0.00000000 
  0.00211416  0.05285412  0.00000000  0.00000000  0.00000000  0.14563107  0.00000000  0.02427184  0.00000000  0.00000000  0.00000000  0.00000000 
  0.00000000  0.03426124  0.00000000  0.00000000  0.00571429  0.09714286  0.00000000  0.00000000  0.00000000  0.00000000  0.00000000  0.00000000 
  0.00000000  0.03030303  0.00000000  0.00000000  0.00000000  0.07070707  0.00000000  0.00505051  0.00000000  0.00000000  0.00000000  0.00000000 
  0.00000000  0.03333333  0.00000000  0.00000000  0.00000000  0.11842105  0.00000000  0.00877193  0.00000000  0.00000000  0.00000000  0.00000000 
  0.00000000  0.02504817  0.00000000  0.00000000  0.00526316  0.15263158  0.00000000  0.00526316  0.00000000  0.00000000  0.00000000  0.00000000 
  0.00000000  0.04260090  0.00000000  0.00000000  0.00000000  0.10628019  0.00483092  0.00000000  0.00000000  0.00000000  0.00000000  0.00000000 
  0.00000000  0.02904564  0.00000000  0.00000000  0.00000000  0.15384615  0.00000000  0.01183432  0.00000000  0.00000000  0.00000000  0.00000000 
  0.00000000  0.03289474  0.00000000  0.00000000  0.00000000  0.12371134  0.00000000  0.00515464  0.00000000  0.00000000  0.00000000  0.00000000 
  0.00225225  0.02477477  0.00000000  0.00000000  0.00000000  0.17368421  0.00000000  0.01578947  0.00000000  0.00000000  0.00000000  0.00000000 
  0.00000000  0.03099174  0.00000000  0.00000000  0.00000000  0.13500000  0.00000000  0.01000000  0.00000000  0.00000000  0.00000000  0.00000000 
  0.00000000  0.03300971  0.00000000  0.00000000  0.00000000  0.14925373  0.00000000  0.00497512  0.00000000  0.00000000  0.00000000  0.00000000 
  0.00000000  0.02879079  0.00000000  0.00000000  0.00000000  0.11176471  0.00000000  0.00000000  0.00000000  0.00000000  0.00000000  0.00000000 
  0.00211416  0.02748414  0.00000000  0.00000000  0.00000000  0.12994350  0.00000000  0.01129944  0.00000000  0.00000000  0.00000000  0.00000000 
  0.00409836  0.02049180  0.00000000  0.00000000  0.00000000  0.15656566  0.00000000  0.00505051  0.00000000  0.00000000  0.00000000  0.00000000 
  0.00200401  0.03206413  0.00000000  0.00000000  0.01190476  0.11904762  0.00595238  0.00595238  0.00000000  0.00000000  0.00000000  0.00000000 
  0.00000000  0.03607214  0.00000000  0.00000000  0.00000000  0.13861386  0.00000000  0.00000000  0.00000000  0.00000000  0.00000000  0.00000000 
  0.00000000  0.04137931  0.00000000  0.00000000  0.00000000  0.17177914  0.00613497  0.02453988  0.00000000  0.00000000  0.00000000  0.00000000 
  0.00000000  0.03904555  0.00000000  0.00000000  0.00543478  0.13586957  0.00000000  0.02173913  0.00000000  0.00000000  0.00000000  0.00000000 
  0.00000000  0.02350427  0.00000000  0.00000000  0.00000000  0.12222222  0.00000000  0.00555556  0.00000000  0.00000000  0.00000000  0.00000000 
  0.00190114  0.02281369  0.00000000  0.00000000  0.00000000  0.10106383  0.00000000  0.00531915  0.00000000  0.00000000  0.00000000  0.00000000 
  0.00000000  0.03469388  0.00000000  0.00000000  0.00000000  0.11061947  0.00000000  0.01327434  0.00000000  0.00000000  0.00000000  0.00000000 
  0.00000000  0.03416856  0.00000000  0.00000000  0.00000000  0.13000000  0.00000000  0.01000000  0.00000000  0.00000000  0.00000000  0.00000000 
  0.00000000  0.03320313  0.00000000  0.00000000  0.00467290  0.08878505  0.00467290  0.01869159  0.00000000  0.00000000  0.00000000  0.00000000 
  0.00206186  0.03711340  0.00000000  0.00000000  0.00546448  0.14754098  0.00000000  0.00546448  0.00000000  0.00000000  0.00000000  0.00000000 
  0.00000000  0.02964427  0.00000000  0.00000000  0.00502513  0.17085427  0.00000000  0.00000000  0.00000000  0.00000000  0.00000000  0.00000000 
  0.00000000  0.03265306  0.00000000  0.00000000  0.00000000  0.12653061  0.00000000  0.00816327  0.00000000  0.00000000  0.00000000  0.00000000 
  0.00193424  0.04061896  0.00000000  0.00000000  0.00000000  0.11926606  0.00000000  0.00917431  0.00000000  0.00000000  0.00000000  0.00000000 
  0.00000000  0.04347826  0.00000000  0.00000000  0.00438596  0.13157895  0.00438596  0.00877193  0.00000000  0.00000000  0.00000000  0.00000000 
  0.00000000  0.04268293  0.00000000  0.00000000  0.00000000  0.10309278  0.00000000  0.00000000  0.00000000  0.00000000  0.00000000  0.00000000 
  0.00000000  0.04115226  0.00000000  0.00000000  0.00000000  0.13362069  0.00000000  0.00431034  0.00000000  0.00000000  0.00000000  0.00000000 
  0.00000000  0.02439024  0.00000000  0.00000000  0.00000000  0.11250000  0.00000000  0.00833333  0.00000000  0.00000000  0.00000000  0.00000000 
  0.00000000  0.03703704  0.00000000  0.00000000  0.00000000  0.10256410  0.00000000  0.01025641  0.00000000  0.00000000  0.00000000  0.00000000 
  0.00000000  0.03930131  0.00000000  0.00000000  0.00000000  0.13733906  0.00000000  0.01287554  0.00000000  0.00000000  0.00000000  0.00000000 
  0.00000000  0.04373757  0.00000000  0.00000000  0.00000000  0.12676056  0.00000000  0.01877934  0.00000000  0.00000000  0.00000000  0.00000000 
  0.00000000  0.03386809  0.00000000  0.00000000  0.00404858  0.10931174  0.00000000  0.01619433  0.00000000  0.00000000  0.00000000  0.00000000 
  0.00000000  0.05360444  0.00000000  0.00000000  0.00000000  0.14601770  0.00000000  0.00884956  0.00000000  0.00000000  0.00000000  0.00000000 
  0.00000000  0.02892562  0.00000000  0.00000000  0.00413223  0.13223140  0.00000000  0.00826446  0.00000000  0.00000000  0.00000000  0.00000000 
  0.00000000  0.03732809  0.00000000  0.00000000  0.00389105  0.13618677  0.00000000  0.00389105  0.00000000  0.00000000  0.00000000  0.00000000 
  0.00186567  0.04477612  0.00000000  0.00000000  0.00000000  0.15428571  0.00571429  0.02285714  0.00000000  0.00000000  0.00000000  0.00000000 
  0.00000000  0.03703704  0.00000000  0.00000000  0.00000000  0.12719298  0.00000000  0.00000000  0.00000000  0.00000000  0.00000000  0.00000000 
  0.00000000  0.03824092  0.00000000  0.00000000  0.00000000  0.17808219  0.00000000  0.00000000  0.00000000  0.00000000  0.00000000  0.00000000 
  0.00000000  0.02339181  0.00000000  0.00000000  0.00000000  0.10900474  0.00000000  0.00473934  0.00000000  0.00000000  0.00000000  0.00000000 
  0.00000000  0.04676259  0.00000000  0.00000000  0.00000000  0.08620690  0.00000000  0.00000000  0.00000000  0.00000000  0.00000000  0.00000000 
  0.00000000  0.03914591  0.00000000  0.00000000  0.00595238  0.13095238  0.00000000  0.01190476  0.00000000  0.00000000  0.00000000  0.00000000 
  0.00000000  0.03711790  0.00000000  0.00000000  0.00000000  0.12820513  0.00000000  0.02051282  0.00000000  0.00000000  0.00000000  0.00000000 
  0.00000000  0.03829787  0.00000000  0.00000000  0.00480769  0.12980769  0.00000000  0.01442308  0.00000000  0.00000000  0.00000000  0.00000000 
  0.00211416  0.02959831  0.00000000  0.00000000  0.00507614  0.10659898  0.00000000  0.02030457  0.00000000  0.00000000  0.00000000  0.00000000 
  0.00000000  0.02542373  0.00000000  0.00000000  0.00000000  0.13714286  0.00571429  0.00000000  0.00000000  0.00000000  0.00000000  0.00000000 
  0.00000000  0.02862986  0.00000000  0.00000000  0.00000000  0.14814815  0.01388889  0.00462963  0.00000000  0.00000000  0.00000000  0.00000000 
  0.00000000  0.02515723  0.00000000  0.00000000  0.00000000  0.11340206  0.00000000  0.00515464  0.00000000  0.00000000  0.00000000  0.00000000 
  0.00192678  0.02890173  0.00000000  0.00000000  0.00000000  0.12264151  0.00000000  0.00943396  0.00000000  0.00000000  0.00000000  0.00000000 
  0.00000000  0.02365591  0.00000000  0.00000000  0.00803213  0.12851406  0.00000000  0.00401606  0.00000000  0.00000000  0.00000000  0.00000000 
  0.00197239  0.03550296  0.00000000  0.00000000  0.00000000  0.13368984  0.00000000  0.00534759  0.00000000  0.00000000  0.00000000  0.00000000 
  0.00000000  0.02742616  0.00000000  0.00000000  0.00000000  0.11578947  0.00526316  0.01052632  0.00000000  0.00000000  0.00000000  0.00000000 
  0.00000000  0.02291667  0.00000000  0.00000000  0.00000000  0.11616162  0.00000000  0.00505051  0.00000000  0.00000000  0.00000000  0.00000000 
  0.00000000  0.02391304  0.00000000  0.00000000  0.00000000  0.12371134  0.00000000  0.00515464  0.00000000  0.00000000  0.00000000  0.00000000 
  0.00000000  0.02064220  0.00000000  0.00000000  0.00000000  0.11274510  0.00490196  0.01470588  0.00000000  0.00000000  0.00000000  0.00000000 
  0.00000000  0.02819957  0.00000000  0.00000000  0.00000000  0.15508021  0.00000000  0.00534759  0.00000000  0.00000000  0.00000000  0.00000000 
  0.00193424  0.01740812  0.00000000  0.00000000  0.00000000  0.09743590  0.00000000  0.00512821  0.00000000  0.00000000  0.00000000  0.00000000 
  0.00000000  0.02536998  0.00000000  0.00000000  0.00000000  0.19148936  0.00000000  0.00531915  0.00000000  0.00000000  0.00000000  0.00000000 
  0.00000000  0.03887689  0.00000000  0.00000000  0.00606061  0.13333333  0.00000000  0.00606061  0.00000000  0.00000000  0.00000000  0.00000000 
  0.00000000  0.04282655  0.00000000  0.00000000  0.00000000  0.16022099  0.00000000  0.00000000  0.00000000  0.00000000  0.00000000  0.00000000 
  0.00000000  0.04176334  0.00000000  0.00000000  0.00471698  0.09433962  0.00000000  0.00471698  0.00000000  0.00000000  0.00000000  0.00000000 
  0.00204499  0.05521472  0.00000000  0.00000000  0.00487805  0.09756098  0.00000000  0.00000000  0.00000000  0.00000000  0.00000000  0.00000000 
  0.00408998  0.04089980  0.00000000  0.00000000  0.00000000  0.15384615  0.00000000  0.00512821  0.00000000  0.00000000  0.00000000  0.00000000 
  0.00194175  0.03106796  0.00000000  0.00000000  0.00000000  0.12334802  0.00440529  0.00881057  0.00000000  0.00000000  0.00000000  0.00000000 
  0.00000000  0.02697495  0.00000000  0.00000000  0.00537634  0.15053763  0.00000000  0.00537634  0.00000000  0.00000000  0.00000000  0.00000000 
  0.00196464  0.02161100  0.00000000  0.00000000  0.00000000  0.12682927  0.00000000  0.00975610  0.00000000  0.00000000  0.00000000  0.00000000 
  0.00000000  0.02079723  0.00000000  0.00000000  0.00000000  0.15053763  0.01075269  0.00000000  0.00000000  0.00000000  0.00000000  0.00000000 
  0.00000000  0.02277040  0.00000000  0.00000000  0.00000000  0.12903226  0.00000000  0.00921659  0.00000000  0.00000000  0.00000000  0.00000000 
  0.00000000  0.03423423  0.00000000  0.00000000  0.00000000  0.14414414  0.00000000  0.01351351  0.00000000  0.00000000  0.00000000  0.00000000 
  0.00000000  0.04125737  0.00000000  0.00000000  0.00000000  0.10502283  0.00456621  0.00913242  0.00000000  0.00000000  0.00000000  0.00000000 
  0.00000000  0.02929688  0.00000000  0.00000000  0.00404858  0.13765182  0.00404858  0.00404858  0.00000000  0.00000000  0.00000000  0.00000000 
  0.00000000  0.02862595  0.00000000  0.00000000  0.00465116  0.12558140  0.00000000  0.00930233  0.00000000  0.00000000  0.00000000  0.00000000 
  0.00000000  0.03968254  0.00000000  0.00000000  0.00421941  0.14345992  0.00000000  0.00843882  0.00000000  0.00000000  0.00000000  0.00000000 
  0.00000000  0.02529183  0.00000000  0.00000000  0.00000000  0.10126582  0.00000000  0.00421941  0.00000000  0.00000000  0.00000000  0.00000000 
  0.00000000  0.03086420  0.00000000  0.00000000  0.00000000  0.15217391  0.00434783  0.00434783  0.00000000  0.00000000  0.00000000  0.00000000 
  0.00000000  0.03258656  0.00000000  0.00000000  0.00843882  0.15611814  0.00000000  0.01265823  0.00000000  0.00000000  0.00000000  0.00000000 
  0.00000000  0.03901437  0.00000000  0.00000000  0.00000000  0.14912281  0.00000000  0.00438596  0.00000000  0.00000000  0.00000000  0.00000000 
