  0.00259740  0.11688312  0.00000000  0.00000000  0.00000000  0.06707317  0.00000000  0.03658537  0.00000000  0.00000000  0.00000000  0.00000000 
  0.00000000  0.11222445  0.00000000  0.00000000  0.00000000  0.08910891  0.00000000  0.01485149  0.00000000  0.00000000  0.00000000  0.00000000 
  0.00000000  0.14395393  0.00000000  0.00000000  0.00000000  0.12565445  0.00000000  0.03664921  0.00000000  0.00000000  0.00000000  0.00000000 
  0.00000000  0.16046512  0.00000000  0.00000000  0.00000000  0.16666667  0.00000000  0.04022989  0.00000000  0.00000000  0.00000000  0.00000000 
  0.00000000  0.15384615  0.00000000  0.00000000  0.00000000  0.15976331  0.00000000  0.04142012  0.00000000  0.00000000  0.00000000  0.00000000 
  0.00273973  0.10684932  0.00000000  0.00000000  0.00000000  0.10701107  0.00000000  0.02214022  0.00000000  0.00000000  0.00000000  0.00000000 
  0.00000000  0.14448052  0.00000000  0.00000000  0.00000000  0.10480349  0.00000000  0.03493450  0.00000000  0.00000000  0.00000000  0.00000000 
  0.00000000  0.14992026  0.00000000  0.00000000  0.00000000  0.14285714  0.00460829  0.04147465  0.00000000  0.00000000  0.00000000  0.00000000 
  0.00142857  0.11571429  0.00000000  0.00000000  0.00000000  0.11026616  0.00000000  0.02661597  0.00000000  0.00000000  0.00000000  0.00000000 
  0.00000000  0.11097411  0.00000000  0.00000000  0.00000000  0.12541254  0.00000000  0.02310231  0.00000000  0.00000000  0.00000000  0.00000000 
  0.00000000  0.16235294  0.00000000  0.00000000  0.00000000  0.14450867  0.00000000  0.03179191  0.00000000  0.00000000  0.00000000  0.00000000 
  0.00112486  0.13498313  0.00000000  0.00000000  0.00000000  0.14285714  0.00000000  0.04761905  0.00000000  0.00000000  0.00000000  0.00000000 
  0.00246914  0.17037037  0.00000000  0.00000000  0.00000000  0.14840989  0.00000000  0.06360424  0.00000000  0.00000000  0.00000000  0.00000000 
  0.00000000  0.12500000  0.00000000  0.00000000  0.00000000  0.11988304  0.00000000  0.04093567  0.00000000  0.00000000  0.00000000  0.00000000 
  0.00220264  0.13105727  0.00000000  0.00000000  0.00000000  0.11351351  0.00000000  0.02972973  0.00000000  0.00000000  0.00000000  0.00000000 
  0.00139082  0.16272601  0.00000000  0.00000000  0.00000000  0.16853933  0.00000000  0.04868914  0.00000000  0.00000000  0.00000000  0.00000000 
  0.00104167  0.11979167  0.00000000  0.00000000  0.00000000  0.12771739  0.00000000  0.02717391  0.00000000  0.00000000  0.00000000  0.00000000 
  0.00290980  0.10766246  0.00000000  0.00000000  0.00000000  0.13736264  0.00549451  0.04120879  0.00000000  0.00000000  0.00000000  0.00000000 
  0.00090580  0.13134058  0.00000000  0.00000000  0.00000000  0.15294118  0.00000000  0.04000000  0.00000000  0.00000000  0.00000000  0.00000000 
  0.00203666  0.14358452  0.00000000  0.00000000  0.00000000  0.13243243  0.00000000  0.05405405  0.00000000  0.00000000  0.00000000  0.00000000 
  0.00000000  0.14331897  0.00000000  0.00000000  0.00000000  0.14647887  0.00281690  0.04225352  0.00000000  0.00000000  0.00000000  0.00000000 
  0.00256191  0.12297182  0.00000000  0.00000000  0.00000000  0.11965812  0.00213675  0.02991453  0.00000000  0.00000000  0.00000000  0.00000000 
  0.00185357  0.13994439  0.00000000  0.00000000  0.00249377  0.14214464  0.00000000  0.02743142  0.00000000  0.00000000  0.00000000  0.00000000 
  0.00410678  0.12114990  0.00000000  0.00000000  0.00000000  0.11286089  0.00000000  0.02624672  0.00000000  0.00000000  0.00000000  0.00000000 
  0.00253593  0.10312764  0.00000000  0.00000000  0.00000000  0.12276786  0.00000000  0.03794643  0.00000000  0.00000000  0.00000000  0.00000000 
  0.00330033  0.10478548  0.00000000  0.00000000  0.00420168  0.10924370  0.00000000  0.02731092  0.00000000  0.00000000  0.00000000  0.00000000 
  0.00103842  0.12876428  0.00000000  0.00000000  0.00000000  0.11711712  0.00000000  0.02102102  0.00000000  0.00000000  0.00000000  0.00000000 
  0.00190476  0.11047619  0.00000000  0.00000000  0.00000000  0.13218391  0.00000000  0.04597701  0.00000000  0.00000000  0.00000000  0.00000000 
  0.00219058  0.14567360  0.00000000  0.00000000  0.00304878  0.14329268  0.00000000  0.02439024  0.00000000  0.00000000  0.00000000  0.00000000 
  0.00000000  0.10574018  0.00000000  0.00000000  0.00000000  0.11331445  0.00000000  0.02266289  0.00000000  0.00000000  0.00000000  0.00000000 
  0.00209864  0.11542497  0.00000000  0.00000000  0.00000000  0.10971787  0.00000000  0.01567398  0.00000000  0.00000000  0.00000000  0.00000000 
  0.00124069  0.12282878  0.00000000  0.00000000  0.00000000  0.10507246  0.00000000  0.02173913  0.00000000  0.00000000  0.00000000  0.00000000 
  0.00000000  0.09582059  0.00000000  0.00000000  0.00000000  0.10119048  0.00297619  0.04166667  0.00000000  0.00000000  0.00000000  0.00000000 
  0.00122850  0.10565111  0.00000000  0.00000000  0.00000000  0.09868421  0.00000000  0.01644737  0.00000000  0.00000000  0.00000000  0.00000000 
  0.00000000  0.09647979  0.00000000  0.00000000  0.00000000  0.13879004  0.00355872  0.02491103  0.00000000  0.00000000  0.00000000  0.00000000 
  0.00118343  0.10887574  0.00000000  0.00000000  0.00000000  0.10958904  0.00000000  0.03424658  0.00000000  0.00000000  0.00000000  0.00000000 
  0.00687285  0.10882016  0.00000000  0.00000000  0.00000000  0.09872611  0.00000000  0.01910828  0.00000000  0.00000000  0.00000000  0.00000000 
  0.00323625  0.09385113  0.00000000  0.00000000  0.00000000  0.08115942  0.00000000  0.02028986  0.00000000  0.00000000  0.00000000  0.00000000 
  0.00000000  0.10507674  0.00000000  0.00000000  0.00000000  0.10546875  0.00000000  0.03125000  0.00000000  0.00000000  0.00000000  0.00000000 
  0.00122249  0.13447433  0.00000000  0.00000000  0.00000000  0.14453125  0.00000000  0.05078125  0.00000000  0.00000000  0.00000000  0.00000000 
  0.00101833  0.09674134  0.00000000  0.00000000  0.00000000  0.09790210  0.00000000  0.02447552  0.00000000  0.00000000  0.00000000  0.00000000 
  0.00099502  0.10646766  0.00000000  0.00000000  0.00000000  0.11490683  0.00000000  0.03726708  0.00000000  0.00000000  0.00000000  0.00000000 
  0.00106157  0.10509554  0.00000000  0.00000000  0.00000000  0.13580247  0.00308642  0.02777778  0.00000000  0.00000000  0.00000000  0.00000000 
  0.00000000  0.12093023  0.00000000  0.00000000  0.00000000  0.11976048  0.00000000  0.03293413  0.00000000  0.00000000  0.00000000  0.00000000 
  0.00192308  0.12788462  0.00000000  0.00000000  0.00000000  0.11144578  0.00000000  0.04819277  0.00000000  0.00000000  0.00000000  0.00000000 
  0.00085616  0.11986301  0.00000000  0.00000000  0.00298507  0.11641791  0.00000000  0.02388060  0.00000000  0.00000000  0.00000000  0.00000000 
  0.00312175  0.12486993  0.00000000  0.00000000  0.00000000  0.13758389  0.00000000  0.05033557  0.00000000  0.00000000  0.00000000  0.00000000 
  0.00101523  0.13908629  0.00000000  0.00000000  0.00000000  0.12500000  0.00000000  0.04642857  0.00000000  0.00000000  0.00000000  0.00000000 
  0.00172861  0.12618842  0.00000000  0.00000000  0.00000000  0.13069909  0.00000000  0.02735562  0.00000000  0.00000000  0.00000000  0.00000000 
  0.00250209  0.10091743  0.00000000  0.00000000  0.00000000  0.12537313  0.00000000  0.03283582  0.00000000  0.00000000  0.00000000  0.00000000 
  0.00099900  0.14785215  0.00000000  0.00000000  0.00000000  0.12941176  0.00000000  0.04313725  0.00000000  0.00000000  0.00000000  0.00000000 
  0.00000000  0.14902808  0.00000000  0.00000000  0.00000000  0.19163763  0.00000000  0.04878049  0.00000000  0.00000000  0.00000000  0.00000000 
  0.00090090  0.15315315  0.00000000  0.00000000  0.00344828  0.14137931  0.00000000  0.03103448  0.00000000  0.00000000  0.00000000  0.00000000 
  0.00077519  0.11395349  0.00000000  0.00000000  0.00000000  0.14324324  0.00000000  0.03243243  0.00000000  0.00000000  0.00000000  0.00000000 
  0.00292398  0.17153996  0.00000000  0.00000000  0.00406504  0.18292683  0.00000000  0.03658537  0.00000000  0.00000000  0.00000000  0.00000000 
  0.00320171  0.18143010  0.00000000  0.00000000  0.00000000  0.22857143  0.00000000  0.04897959  0.00000000  0.00000000  0.00000000  0.00000000 
  0.00090334  0.13098464  0.00000000  0.00000000  0.00000000  0.18661972  0.00000000  0.04577465  0.00000000  0.00000000  0.00000000  0.00000000 
  0.00248963  0.13112033  0.00000000  0.00000000  0.00000000  0.13815789  0.00000000  0.02631579  0.00000000  0.00000000  0.00000000  0.00000000 
  0.00247729  0.11395541  0.00000000  0.00000000  0.00287356  0.14080460  0.00000000  0.01149425  0.00000000  0.00000000  0.00000000  0.00000000 
  0.00512070  0.10241405  0.00000000  0.00000000  0.00000000  0.14191419  0.00000000  0.02970297  0.00000000  0.00000000  0.00000000  0.00000000 
  0.00086806  0.09722222  0.00000000  0.00000000  0.00000000  0.14545455  0.00000000  0.02909091  0.00000000  0.00000000  0.00000000  0.00000000 
  0.00639854  0.08683729  0.00000000  0.00000000  0.00000000  0.11026616  0.00000000  0.01901141  0.00000000  0.00000000  0.00000000  0.00000000 
  0.00091324  0.08401826  0.00000000  0.00000000  0.00000000  0.12635379  0.00000000  0.01444043  0.00000000  0.00000000  0.00000000  0.00000000 
  0.00112108  0.11210762  0.00000000  0.00000000  0.00561798  0.09550562  0.00000000  0.04494382  0.00000000  0.00000000  0.00000000  0.00000000 
  0.00283019  0.07641509  0.00000000  0.00000000  0.00000000  0.14912281  0.00000000  0.01754386  0.00000000  0.00000000  0.00000000  0.00000000 
  0.00317125  0.06553911  0.00000000  0.00000000  0.00000000  0.05714286  0.00000000  0.00952381  0.00000000  0.00000000  0.00000000  0.00000000 
