  0.00000000  0.03236246  0.00000000  0.00000000  0.00000000  0.06766917  0.00000000  0.00751880  0.00000000  0.00000000  0.00000000  0.00000000 
  0.00299401  0.02694611  0.00000000  0.00000000  0.00000000  0.04929577  0.00000000  0.03521127  0.00000000  0.00000000  0.00000000  0.00000000 
  0.00000000  0.03485255  0.00000000  0.00000000  0.00000000  0.06857143  0.00000000  0.00000000  0.00000000  0.00000000  0.00000000  0.00000000 
  0.00000000  0.01355932  0.00000000  0.00000000  0.00000000  0.10434783  0.00000000  0.00869565  0.00000000  0.00000000  0.00000000  0.00000000 
  0.00000000  0.03513514  0.00000000  0.00000000  0.00000000  0.07692308  0.00000000  0.00699301  0.00000000  0.00000000  0.00000000  0.00000000 
  0.00000000  0.03468208  0.00000000  0.00000000  0.00000000  0.05982906  0.00000000  0.00000000  0.00000000  0.00000000  0.00000000  0.00000000 
  0.00246914  0.03456790  0.00000000  0.00000000  0.00000000  0.07558140  0.00000000  0.00581395  0.00000000  0.00000000  0.00000000  0.00000000 
  0.00000000  0.04100946  0.00000000  0.00000000  0.00000000  0.03921569  0.00000000  0.00000000  0.00000000  0.00000000  0.00000000  0.00000000 
  0.00000000  0.06117647  0.00000000  0.00000000  0.00000000  0.06666667  0.00000000  0.01212121  0.00000000  0.00000000  0.00000000  0.00000000 
  0.00000000  0.04643963  0.00000000  0.00000000  0.00000000  0.05970149  0.00000000  0.02238806  0.00000000  0.00000000  0.00000000  0.00000000 
  0.00000000  0.05600000  0.00000000  0.00000000  0.00000000  0.04597701  0.00000000  0.00574713  0.00000000  0.00000000  0.00000000  0.00000000 
  0.00000000  0.04774536  0.00000000  0.00000000  0.00000000  0.09790210  0.00000000  0.00000000  0.00000000  0.00000000  0.00000000  0.00000000 
  0.00000000  0.02637890  0.00000000  0.00000000  0.00000000  0.03797468  0.00000000  0.00000000  0.00000000  0.00000000  0.00000000  0.00000000 
  0.00000000  0.04466501  0.00000000  0.00000000  0.00000000  0.04511278  0.00000000  0.00751880  0.00000000  0.00000000  0.00000000  0.00000000 
  0.00000000  0.06146572  0.00000000  0.00000000  0.00000000  0.06896552  0.00000000  0.00574713  0.00000000  0.00000000  0.00000000  0.00000000 
  0.00000000  0.05471125  0.00000000  0.00000000  0.00000000  0.04854369  0.00000000  0.00970874  0.00000000  0.00000000  0.00000000  0.00000000 
  0.00241546  0.03381643  0.00000000  0.00000000  0.00000000  0.01941748  0.00000000  0.00970874  0.00000000  0.00000000  0.00000000  0.00000000 
  0.00000000  0.02684564  0.00000000  0.00000000  0.00000000  0.02857143  0.00000000  0.00952381  0.00000000  0.00000000  0.00000000  0.00000000 
  0.00000000  0.06976744  0.00000000  0.00000000  0.00000000  0.07317073  0.00000000  0.00813008  0.00000000  0.00000000  0.00000000  0.00000000 
  0.00000000  0.03680982  0.00000000  0.00000000  0.00000000  0.04081633  0.00000000  0.00000000  0.00000000  0.00000000  0.00000000  0.00000000 
  0.00000000  0.05985915  0.00000000  0.00000000  0.00000000  0.07352941  0.00000000  0.00000000  0.00000000  0.00000000  0.00000000  0.00000000 
  0.00000000  0.05490196  0.00000000  0.00000000  0.00000000  0.06060606  0.00000000  0.01010101  0.00000000  0.00000000  0.00000000  0.00000000 
  0.00000000  0.04301075  0.00000000  0.00000000  0.00000000  0.12621359  0.00000000  0.00000000  0.00000000  0.00000000  0.00000000  0.00000000 
  0.00386100  0.04247104  0.00000000  0.00000000  0.00000000  0.05000000  0.00000000  0.02000000  0.00000000  0.00000000  0.00000000  0.00000000 
  0.00000000  0.03984064  0.00000000  0.00000000  0.00000000  0.04545455  0.00000000  0.00000000  0.00000000  0.00000000  0.00000000  0.00000000 
  0.00000000  0.02678571  0.00000000  0.00000000  0.00000000  0.11250000  0.00000000  0.00000000  0.00000000  0.00000000  0.00000000  0.00000000 
  0.00000000  0.04854369  0.00000000  0.00000000  0.00000000  0.09302326  0.00000000  0.00000000  0.00000000  0.00000000  0.00000000  0.00000000 
  0.00000000  0.04504505  0.00000000  0.00000000  0.00000000  0.07936508  0.00000000  0.00000000  0.00000000  0.00000000  0.00000000  0.00000000 
  0.00000000  0.04032258  0.00000000  0.00000000  0.00000000  0.04651163  0.00000000  0.01162791  0.00000000  0.00000000  0.00000000  0.00000000 
  0.00000000  0.02777778  0.00000000  0.00000000  0.00000000  0.04705882  0.01176471  0.01176471  0.00000000  0.00000000  0.00000000  0.00000000 
  0.00000000  0.02439024  0.00000000  0.00000000  0.00000000  0.00000000  0.00000000  0.00000000  0.00000000  0.00000000  0.00000000  0.00000000 
  0.00000000  0.04568528  0.00000000  0.00000000  0.00000000  0.05357143  0.00000000  0.00000000  0.00000000  0.00000000  0.00000000  0.00000000 
  0.00000000  0.00826446  0.00000000  0.00000000  0.00000000  0.05952381  0.00000000  0.00000000  0.00000000  0.00000000  0.00000000  0.00000000 
  0.00000000  0.02926829  0.00000000  0.00000000  0.00000000  0.01250000  0.00000000  0.01250000  0.00000000  0.00000000  0.00000000  0.00000000 
  0.00000000  0.01879699  0.00000000  0.00000000  0.00000000  0.04651163  0.00000000  0.00000000  0.00000000  0.00000000  0.00000000  0.00000000 
  0.00406504  0.01626016  0.00000000  0.00000000  0.00000000  0.03448276  0.00000000  0.02298851  0.00000000  0.00000000  0.00000000  0.00000000 
  0.00000000  0.02016129  0.00000000  0.00000000  0.00000000  0.02739726  0.00000000  0.00000000  0.00000000  0.00000000  0.00000000  0.00000000 
  0.00000000  0.00854701  0.00000000  0.00000000  0.00000000  0.01190476  0.00000000  0.00000000  0.00000000  0.00000000  0.00000000  0.00000000 
  0.00000000  0.02259887  0.00000000  0.00000000  0.00000000  0.03571429  0.00000000  0.00000000  0.00000000  0.00000000  0.00000000  0.00000000 
  0.00000000  0.00836820  0.00000000  0.00000000  0.00000000  0.02020202  0.00000000  0.00000000  0.00000000  0.00000000  0.00000000  0.00000000 
  0.00000000  0.00552486  0.00000000  0.00000000  0.00000000  0.04477612  0.00000000  0.00000000  0.00000000  0.00000000  0.00000000  0.00000000 
  0.00000000  0.01176471  0.00000000  0.00000000  0.00000000  0.03539823  0.00000000  0.00884956  0.00000000  0.00000000  0.00000000  0.00000000 
  0.00000000  0.02955665  0.00000000  0.00000000  0.00000000  0.04166667  0.00000000  0.00000000  0.00000000  0.00000000  0.00000000  0.00000000 
  0.00000000  0.00403226  0.00000000  0.00000000  0.00000000  0.03333333  0.00000000  0.00000000  0.00000000  0.00000000  0.00000000  0.00000000 
  0.00000000  0.01081081  0.00000000  0.00000000  0.00000000  0.02777778  0.00000000  0.00000000  0.00000000  0.00000000  0.00000000  0.00000000 
  0.00000000  0.00432900  0.00000000  0.00000000  0.00000000  0.01351351  0.00000000  0.01351351  0.00000000  0.00000000  0.00000000  0.00000000 
  0.00000000  0.03070175  0.00000000  0.00000000  0.00000000  0.05319149  0.00000000  0.00000000  0.00000000  0.00000000  0.00000000  0.00000000 
  0.00000000  0.01568627  0.00000000  0.00000000  0.00000000  0.04395604  0.00000000  0.00000000  0.00000000  0.00000000  0.00000000  0.00000000 
