  0.00000000  0.00000000  0.00000000  0.00000000  0.00000000  0.00000000  0.00000000  0.00000000  0.00000000  0.00000000  0.00000000  0.00000000 
  0.00000000  0.00000000  0.00000000  0.00000000  0.00000000  0.15384615  0.00000000  0.00000000  0.00000000  0.00000000  0.00000000  0.00000000 
  0.00000000  0.00000000  0.00000000  0.00000000  0.00000000  0.23076923  0.00000000  0.00000000  0.00000000  0.00000000  0.00000000  0.00000000 
  0.00000000  0.00877193  0.00000000  0.00000000  0.04545455  0.22727273  0.00000000  0.00000000  0.00000000  0.00000000  0.00000000  0.00000000 
  0.00317460  0.00317460  0.00000000  0.00000000  0.00000000  0.11864407  0.00000000  0.00000000  0.00000000  0.00000000  0.00000000  0.00000000 
  0.00000000  0.00763359  0.00000000  0.00000000  0.00000000  0.05882353  0.01960784  0.00000000  0.00000000  0.00000000  0.00000000  0.00000000 
  0.00000000  0.01315789  0.00000000  0.00000000  0.00000000  0.00000000  0.00000000  0.06666667  0.00000000  0.00000000  0.00000000  0.00000000 
  0.00000000  0.00000000  0.00000000  0.00000000  0.00000000  0.07142857  0.00000000  0.00000000  0.00000000  0.00000000  0.00000000  0.00000000 
  0.00000000  0.01265823  0.00000000  0.00000000  0.00000000  0.16129032  0.00000000  0.00000000  0.00000000  0.00000000  0.00000000  0.00000000 
  0.00383142  0.01532567  0.00000000  0.00000000  0.00000000  0.08196721  0.00000000  0.01639344  0.00000000  0.00000000  0.00000000  0.00000000 
  0.00585938  0.01367188  0.00000000  0.00000000  0.02197802  0.07692308  0.00000000  0.00000000  0.00000000  0.00000000  0.00000000  0.00000000 
  0.00000000  0.00000000  0.00000000  0.00000000  0.00000000  0.10666667  0.01333333  0.00000000  0.00000000  0.00000000  0.00000000  0.00000000 
  0.00000000  0.01875000  0.00000000  0.00000000  0.00000000  0.00000000  0.00000000  0.00000000  0.00000000  0.00000000  0.00000000  0.00000000 
  0.01238390  0.00928793  0.00000000  0.00000000  0.00000000  0.14035088  0.00000000  0.00000000  0.00000000  0.00000000  0.00000000  0.00000000 
  0.00819672  0.00409836  0.00000000  0.00000000  0.01388889  0.08333333  0.00000000  0.00000000  0.00000000  0.00000000  0.00000000  0.00000000 
  0.00207039  0.01035197  0.00000000  0.00000000  0.04210526  0.04210526  0.00000000  0.00000000  0.00000000  0.00000000  0.00000000  0.00000000 
  0.00000000  0.00480769  0.00000000  0.00000000  0.00000000  0.17500000  0.02500000  0.00000000  0.00000000  0.00000000  0.00000000  0.00000000 
  0.00000000  0.02371542  0.00000000  0.00000000  0.00000000  0.07462687  0.00000000  0.00000000  0.00000000  0.00000000  0.00000000  0.00000000 
  0.01256281  0.02261307  0.00000000  0.00000000  0.01315789  0.10526316  0.01315789  0.00000000  0.00000000  0.00000000  0.00000000  0.00000000 
  0.00872093  0.00290698  0.00000000  0.00000000  0.00000000  0.04545455  0.00000000  0.00000000  0.00000000  0.00000000  0.00000000  0.00000000 
  0.00000000  0.00000000  0.00000000  0.00000000  0.00000000  0.04761905  0.00000000  0.00000000  0.00000000  0.00000000  0.00000000  0.00000000 
  0.00000000  0.00000000  0.00000000  0.00000000  0.00000000  0.13513514  0.00000000  0.00000000  0.00000000  0.00000000  0.00000000  0.00000000 
  0.00000000  0.00911854  0.00000000  0.00000000  0.00000000  0.09090909  0.00000000  0.01818182  0.00000000  0.00000000  0.00000000  0.00000000 
  0.00826446  0.00275482  0.00000000  0.00000000  0.00000000  0.10769231  0.01538462  0.01538462  0.00000000  0.00000000  0.00000000  0.00000000 
  0.00000000  0.00278552  0.00000000  0.00000000  0.00000000  0.09090909  0.00000000  0.00000000  0.00000000  0.00000000  0.00000000  0.00000000 
  0.00456621  0.00913242  0.00000000  0.00000000  0.00000000  0.06976744  0.00000000  0.00000000  0.00000000  0.00000000  0.00000000  0.00000000 
  0.00000000  0.00966184  0.00000000  0.00000000  0.00000000  0.11111111  0.00000000  0.00000000  0.00000000  0.00000000  0.00000000  0.00000000 
  0.00000000  0.00492611  0.00000000  0.00000000  0.00000000  0.07500000  0.00000000  0.00000000  0.00000000  0.00000000  0.00000000  0.00000000 
  0.00000000  0.00636943  0.00000000  0.00000000  0.00000000  0.12121212  0.00000000  0.00000000  0.00000000  0.00000000  0.00000000  0.00000000 
  0.00505051  0.01010101  0.00000000  0.00000000  0.01388889  0.13888889  0.00000000  0.00000000  0.00000000  0.00000000  0.00000000  0.00000000 
  0.00373134  0.00000000  0.00000000  0.00000000  0.00000000  0.01315789  0.01315789  0.00000000  0.00000000  0.00000000  0.00000000  0.00000000 
  0.00000000  0.00763359  0.00000000  0.00000000  0.00000000  0.02380952  0.00000000  0.02380952  0.00000000  0.00000000  0.00000000  0.00000000 
  0.00000000  0.00793651  0.00000000  0.00000000  0.00000000  0.14814815  0.00000000  0.03703704  0.00000000  0.00000000  0.00000000  0.00000000 
  0.00000000  0.00787402  0.00000000  0.00000000  0.00000000  0.04166667  0.00000000  0.00000000  0.00000000  0.00000000  0.00000000  0.00000000 
  0.00934579  0.00000000  0.00000000  0.00000000  0.00000000  0.06896552  0.00000000  0.00000000  0.00000000  0.00000000  0.00000000  0.00000000 
  0.00000000  0.01438849  0.00000000  0.00000000  0.00000000  0.10714286  0.00000000  0.00000000  0.00000000  0.00000000  0.00000000  0.00000000 
  0.00000000  0.03164557  0.00000000  0.00000000  0.00000000  0.14634146  0.00000000  0.00000000  0.00000000  0.00000000  0.00000000  0.00000000 
  0.00576369  0.01152738  0.00000000  0.00000000  0.01250000  0.05000000  0.00000000  0.00000000  0.00000000  0.00000000  0.00000000  0.00000000 
  0.00277778  0.01388889  0.00000000  0.00000000  0.01562500  0.01562500  0.00000000  0.00000000  0.00000000  0.00000000  0.00000000  0.00000000 
  0.00000000  0.02531646  0.00000000  0.00000000  0.02857143  0.11428571  0.00000000  0.00000000  0.00000000  0.00000000  0.00000000  0.00000000 
  0.00000000  0.01470588  0.00000000  0.00000000  0.00000000  0.06451613  0.00000000  0.00000000  0.00000000  0.00000000  0.00000000  0.00000000 
  0.00000000  0.00684932  0.00000000  0.00000000  0.01724138  0.08620690  0.00000000  0.01724138  0.00000000  0.00000000  0.00000000  0.00000000 
  0.00490196  0.01225490  0.00000000  0.00000000  0.01428571  0.10000000  0.01428571  0.01428571  0.00000000  0.00000000  0.00000000  0.00000000 
  0.00000000  0.00519481  0.00000000  0.00000000  0.00000000  0.06153846  0.01538462  0.00000000  0.00000000  0.00000000  0.00000000  0.00000000 
  0.00000000  0.01500000  0.00000000  0.00000000  0.00000000  0.17500000  0.00000000  0.00000000  0.00000000  0.00000000  0.00000000  0.00000000 
  0.00561798  0.00561798  0.00000000  0.00000000  0.06666667  0.10000000  0.00000000  0.00000000  0.00000000  0.00000000  0.00000000  0.00000000 
  0.00420168  0.01260504  0.00000000  0.00000000  0.00000000  0.06521739  0.00000000  0.00000000  0.00000000  0.00000000  0.00000000  0.00000000 
  0.00000000  0.01201201  0.00000000  0.00000000  0.01639344  0.09836066  0.00000000  0.00000000  0.00000000  0.00000000  0.00000000  0.00000000 
  0.00000000  0.01015228  0.00000000  0.00000000  0.00000000  0.08333333  0.00000000  0.08333333  0.00000000  0.00000000  0.00000000  0.00000000 
  0.00000000  0.00505051  0.00000000  0.00000000  0.00000000  0.20454545  0.00000000  0.00000000  0.00000000  0.00000000  0.00000000  0.00000000 
  0.00692841  0.01154734  0.00000000  0.00000000  0.02325581  0.06976744  0.00000000  0.00000000  0.00000000  0.00000000  0.00000000  0.00000000 
  0.00000000  0.00857143  0.00000000  0.00000000  0.00000000  0.04918033  0.00000000  0.01639344  0.00000000  0.00000000  0.00000000  0.00000000 
  0.00000000  0.00000000  0.00000000  0.00000000  0.00000000  0.06451613  0.00000000  0.00000000  0.00000000  0.00000000  0.00000000  0.00000000 
  0.00694444  0.01388889  0.00000000  0.00000000  0.00000000  0.11111111  0.00000000  0.00000000  0.00000000  0.00000000  0.00000000  0.00000000 
  0.00288184  0.00288184  0.00000000  0.00000000  0.00000000  0.08974359  0.00000000  0.00000000  0.00000000  0.00000000  0.00000000  0.00000000 
  0.00000000  0.00456621  0.00000000  0.00000000  0.00000000  0.13235294  0.00000000  0.00000000  0.00000000  0.00000000  0.00000000  0.00000000 
  0.00363636  0.01090909  0.00000000  0.00000000  0.00000000  0.09259259  0.00000000  0.01851852  0.00000000  0.00000000  0.00000000  0.00000000 
  0.00000000  0.00680272  0.00000000  0.00000000  0.00000000  0.05882353  0.00000000  0.00000000  0.00000000  0.00000000  0.00000000  0.00000000 
  0.00000000  0.00000000  0.00000000  0.00000000  0.00000000  0.05000000  0.00000000  0.05000000  0.00000000  0.00000000  0.00000000  0.00000000 
  0.00578035  0.00578035  0.00000000  0.00000000  0.00000000  0.09090909  0.00000000  0.00000000  0.00000000  0.00000000  0.00000000  0.00000000 
  0.00000000  0.01369863  0.00000000  0.00000000  0.00000000  0.07500000  0.00000000  0.00000000  0.00000000  0.00000000  0.00000000  0.00000000 
  0.00000000  0.00000000  0.00000000  0.00000000  0.00000000  0.03125000  0.00000000  0.03125000  0.00000000  0.00000000  0.00000000  0.00000000 
  0.00000000  0.01123596  0.00000000  0.00000000  0.01470588  0.14705882  0.00000000  0.00000000  0.00000000  0.00000000  0.00000000  0.00000000 
  0.00000000  0.01310044  0.00000000  0.00000000  0.00000000  0.05454545  0.00000000  0.00000000  0.00000000  0.00000000  0.00000000  0.00000000 
  0.01428571  0.01428571  0.00000000  0.00000000  0.01492537  0.10447761  0.01492537  0.00000000  0.00000000  0.00000000  0.00000000  0.00000000 
  0.00937500  0.00625000  0.00000000  0.00000000  0.01492537  0.07462687  0.00000000  0.01492537  0.00000000  0.00000000  0.00000000  0.00000000 
  0.00000000  0.02690583  0.00000000  0.00000000  0.00000000  0.17391304  0.00000000  0.00000000  0.00000000  0.00000000  0.00000000  0.00000000 
  0.00000000  0.00985222  0.00000000  0.00000000  0.00000000  0.12820513  0.00000000  0.02564103  0.00000000  0.00000000  0.00000000  0.00000000 
  0.00000000  0.00869565  0.00000000  0.00000000  0.00000000  0.09259259  0.00000000  0.00000000  0.00000000  0.00000000  0.00000000  0.00000000 
  0.00228311  0.00228311  0.00000000  0.00000000  0.00000000  0.07692308  0.00000000  0.00000000  0.00000000  0.00000000  0.00000000  0.00000000 
  0.00516796  0.00258398  0.00000000  0.00000000  0.01408451  0.11267606  0.01408451  0.00000000  0.00000000  0.00000000  0.00000000  0.00000000 
  0.00000000  0.00000000  0.00000000  0.00000000  0.00000000  0.02439024  0.00000000  0.00000000  0.00000000  0.00000000  0.00000000  0.00000000 
