  0.00146056  0.11197663  0.00000000  0.00000000  0.00089286  0.16339286  0.00089286  0.02946429  0.00000000  0.00000000  0.00000000  0.00000000 
  0.00188768  0.10146295  0.00000000  0.00000000  0.00000000  0.15527426  0.00000000  0.03122363  0.00000000  0.00000000  0.00000000  0.00000000 
  0.00147348  0.10707269  0.00000000  0.00000000  0.00346021  0.17301038  0.00000000  0.02941176  0.00000000  0.00000000  0.00000000  0.00000000 
  0.00140779  0.11778508  0.00000000  0.00000000  0.00167926  0.17380353  0.00167926  0.03022670  0.00000000  0.00000000  0.00000000  0.00000000 
  0.00238777  0.13944604  0.00000000  0.00000000  0.00162338  0.16801948  0.00000000  0.02516234  0.00000000  0.00000000  0.00000000  0.00000000 
  0.00045434  0.12358019  0.00000000  0.00000000  0.00500835  0.18948247  0.00000000  0.02086811  0.00000000  0.00000000  0.00000000  0.00000000 
  0.00093721  0.11574508  0.00000000  0.00000000  0.00000000  0.17276265  0.00000000  0.04046693  0.00000000  0.00000000  0.00000000  0.00000000 
  0.00346620  0.13691508  0.00000000  0.00000000  0.00151286  0.19742814  0.00000000  0.02874433  0.00000000  0.00000000  0.00000000  0.00000000 
  0.00309735  0.14070796  0.00000000  0.00000000  0.00000000  0.19011976  0.00000000  0.02919162  0.00000000  0.00000000  0.00000000  0.00000000 
  0.00043554  0.16158537  0.00000000  0.00000000  0.00148810  0.20386905  0.00000000  0.03348214  0.00000000  0.00000000  0.00000000  0.00000000 
  0.00243902  0.14105691  0.00000000  0.00000000  0.00000000  0.18612408  0.00066711  0.04536358  0.00000000  0.00000000  0.00000000  0.00000000 
  0.00162470  0.15231519  0.00000000  0.00000000  0.00000000  0.21516245  0.00000000  0.03754513  0.00000000  0.00000000  0.00000000  0.00000000 
  0.00234192  0.15768931  0.00000000  0.00000000  0.00064020  0.20358515  0.00000000  0.03137004  0.00000000  0.00000000  0.00000000  0.00000000 
  0.00298842  0.14269705  0.00000000  0.00000000  0.00127632  0.18123803  0.00000000  0.03573708  0.00000000  0.00000000  0.00000000  0.00000000 
  0.00290065  0.13415518  0.00000000  0.00000000  0.00064683  0.19534282  0.00129366  0.02587322  0.00000000  0.00000000  0.00000000  0.00000000 
  0.00330797  0.12901092  0.00000000  0.00000000  0.00058754  0.19917744  0.00058754  0.02761457  0.00000000  0.00000000  0.00000000  0.00000000 
  0.00290886  0.12152553  0.00000000  0.00000000  0.00000000  0.18048207  0.00000000  0.02645503  0.00000000  0.00000000  0.00000000  0.00000000 
  0.00165289  0.13190083  0.00000000  0.00000000  0.00055310  0.19524336  0.00055310  0.02267699  0.00000000  0.00000000  0.00000000  0.00000000 
  0.00062112  0.13260870  0.00000000  0.00000000  0.00109951  0.19406267  0.00054975  0.03243540  0.00000000  0.00000000  0.00000000  0.00000000 
  0.00273723  0.13290754  0.00000000  0.00000000  0.00000000  0.17841163  0.00000000  0.02572707  0.00000000  0.00000000  0.00000000  0.00000000 
  0.00153988  0.12103480  0.00000000  0.00000000  0.00053591  0.18274384  0.00107181  0.02733119  0.00000000  0.00000000  0.00000000  0.00000000 
  0.00236197  0.11307942  0.00000000  0.00000000  0.00056085  0.18508132  0.00000000  0.02972518  0.00000000  0.00000000  0.00000000  0.00000000 
  0.00242645  0.12647862  0.00000000  0.00000000  0.00110375  0.18211921  0.00055188  0.02980132  0.00000000  0.00000000  0.00000000  0.00000000 
  0.00269623  0.13061714  0.00000000  0.00000000  0.00112233  0.20763187  0.00056117  0.02749719  0.00000000  0.00000000  0.00000000  0.00000000 
  0.00092851  0.14515630  0.00000000  0.00000000  0.00113960  0.20740741  0.00000000  0.03817664  0.00000000  0.00000000  0.00000000  0.00000000 
  0.00161708  0.15815006  0.00000000  0.00000000  0.00170648  0.22013652  0.00056883  0.04038680  0.00000000  0.00000000  0.00000000  0.00000000 
  0.00325415  0.16173121  0.00000000  0.00000000  0.00112549  0.19808666  0.00056275  0.03545301  0.00000000  0.00000000  0.00000000  0.00000000 
  0.00136705  0.16575530  0.00000000  0.00000000  0.00056370  0.22040586  0.00000000  0.05186020  0.00000000  0.00000000  0.00000000  0.00000000 
  0.00281096  0.19149684  0.00000000  0.00000000  0.00056561  0.22285068  0.00056561  0.04524887  0.00000000  0.00000000  0.00000000  0.00000000 
  0.00211119  0.20619282  0.00000000  0.00000000  0.00055036  0.24050633  0.00055036  0.05668685  0.00000000  0.00000000  0.00000000  0.00000000 
  0.00134138  0.21294433  0.00000000  0.00000000  0.00000000  0.23940786  0.00051046  0.04185809  0.00000000  0.00000000  0.00000000  0.00000000 
  0.00093516  0.18983791  0.00000000  0.00000000  0.00046447  0.22573154  0.00046447  0.05155597  0.00000000  0.00000000  0.00000000  0.00000000 
  0.00088810  0.19893428  0.00000000  0.00000000  0.00045086  0.24526601  0.00000000  0.05455365  0.00000000  0.00000000  0.00000000  0.00000000 
  0.00216450  0.23283859  0.00000000  0.00000000  0.00045977  0.26344828  0.00045977  0.06298851  0.00000000  0.00000000  0.00000000  0.00000000 
  0.00256575  0.28608082  0.00000000  0.00000000  0.00089726  0.26244953  0.00000000  0.09152086  0.00000000  0.00000000  0.00000000  0.00000000 
  0.00141894  0.30010642  0.00000000  0.00000000  0.00094922  0.29283341  0.00000000  0.07973422  0.00000000  0.00000000  0.00000000  0.00000000 
