  0.01587302  0.17989418  0.00000000  0.00000000  0.00000000  0.16000000  0.00000000  0.08000000  0.00000000  0.00000000  0.00000000  0.00000000 
  0.00000000  0.18072289  0.00000000  0.00000000  0.00000000  0.36923077  0.00000000  0.10769231  0.00000000  0.00000000  0.00000000  0.00000000 
  0.00000000  0.12849162  0.00000000  0.00000000  0.00000000  0.23437500  0.00000000  0.03125000  0.00000000  0.00000000  0.00000000  0.00000000 
  0.00502513  0.27638191  0.00000000  0.00000000  0.00000000  0.21428571  0.00000000  0.08571429  0.00000000  0.00000000  0.00000000  0.00000000 
  0.00000000  0.21078431  0.00000000  0.00000000  0.00000000  0.22807018  0.00000000  0.05263158  0.00000000  0.00000000  0.00000000  0.00000000 
  0.00000000  0.15981735  0.00000000  0.00000000  0.00000000  0.18518519  0.00000000  0.09259259  0.00000000  0.00000000  0.00000000  0.00000000 
  0.00000000  0.14619883  0.00000000  0.00000000  0.00000000  0.32692308  0.00000000  0.05769231  0.00000000  0.00000000  0.00000000  0.00000000 
  0.00000000  0.20689655  0.00000000  0.00000000  0.00000000  0.09433962  0.00000000  0.05660377  0.00000000  0.00000000  0.00000000  0.00000000 
  0.00000000  0.20481928  0.00000000  0.00000000  0.00000000  0.19354839  0.00000000  0.04838710  0.00000000  0.00000000  0.00000000  0.00000000 
  0.00543478  0.19021739  0.00000000  0.00000000  0.00000000  0.36206897  0.00000000  0.06896552  0.00000000  0.00000000  0.00000000  0.00000000 
  0.00625000  0.15000000  0.00000000  0.00000000  0.00000000  0.23913043  0.00000000  0.06521739  0.00000000  0.00000000  0.00000000  0.00000000 
  0.00000000  0.20245399  0.00000000  0.00000000  0.00000000  0.12500000  0.00000000  0.08333333  0.00000000  0.00000000  0.00000000  0.00000000 
  0.00000000  0.15111111  0.00000000  0.00000000  0.00000000  0.16666667  0.00000000  0.13888889  0.00000000  0.00000000  0.00000000  0.00000000 
  0.00645161  0.12903226  0.00000000  0.00000000  0.00000000  0.31111111  0.00000000  0.08888889  0.00000000  0.00000000  0.00000000  0.00000000 
  0.00000000  0.15350877  0.00000000  0.00000000  0.00000000  0.19354839  0.00000000  0.09677419  0.00000000  0.00000000  0.00000000  0.00000000 
  0.00526316  0.15263158  0.00000000  0.00000000  0.00000000  0.16279070  0.00000000  0.11627907  0.00000000  0.00000000  0.00000000  0.00000000 
  0.00000000  0.17341040  0.00000000  0.00000000  0.00000000  0.18181818  0.00000000  0.09090909  0.00000000  0.00000000  0.00000000  0.00000000 
  0.00000000  0.16091954  0.00000000  0.00000000  0.00000000  0.18181818  0.00000000  0.04545455  0.00000000  0.00000000  0.00000000  0.00000000 
  0.01030928  0.18556701  0.00000000  0.00000000  0.00000000  0.18000000  0.00000000  0.02000000  0.00000000  0.00000000  0.00000000  0.00000000 
  0.01047120  0.12565445  0.00000000  0.00000000  0.00000000  0.24390244  0.00000000  0.02439024  0.00000000  0.00000000  0.00000000  0.00000000 
  0.00000000  0.25438596  0.00000000  0.00000000  0.00000000  0.18032787  0.00000000  0.08196721  0.00000000  0.00000000  0.00000000  0.00000000 
  0.00000000  0.22543353  0.00000000  0.00000000  0.00000000  0.25806452  0.00000000  0.06451613  0.00000000  0.00000000  0.00000000  0.00000000 
  0.00000000  0.17553191  0.00000000  0.00000000  0.00000000  0.21311475  0.00000000  0.06557377  0.00000000  0.00000000  0.00000000  0.00000000 
  0.00000000  0.20000000  0.00000000  0.00000000  0.00000000  0.37500000  0.00000000  0.02083333  0.00000000  0.00000000  0.00000000  0.00000000 
  0.00000000  0.21142857  0.00000000  0.00000000  0.01785714  0.25000000  0.00000000  0.03571429  0.00000000  0.00000000  0.00000000  0.00000000 
  0.00000000  0.18604651  0.00000000  0.00000000  0.00000000  0.30769231  0.00000000  0.02564103  0.00000000  0.00000000  0.00000000  0.00000000 
  0.00000000  0.10833333  0.00000000  0.00000000  0.00000000  0.24489796  0.00000000  0.04081633  0.00000000  0.00000000  0.00000000  0.00000000 
  0.00000000  0.17469880  0.00000000  0.00000000  0.00000000  0.32653061  0.00000000  0.06122449  0.00000000  0.00000000  0.00000000  0.00000000 
  0.00000000  0.13821138  0.00000000  0.00000000  0.00000000  0.24324324  0.00000000  0.05405405  0.00000000  0.00000000  0.00000000  0.00000000 
  0.00000000  0.15107914  0.00000000  0.00000000  0.00000000  0.22222222  0.00000000  0.11111111  0.00000000  0.00000000  0.00000000  0.00000000 
  0.00000000  0.16911765  0.00000000  0.00000000  0.00000000  0.29787234  0.00000000  0.04255319  0.00000000  0.00000000  0.00000000  0.00000000 
  0.00000000  0.17500000  0.00000000  0.00000000  0.00000000  0.14285714  0.00000000  0.07142857  0.00000000  0.00000000  0.00000000  0.00000000 
  0.00000000  0.12500000  0.00000000  0.00000000  0.00000000  0.11111111  0.00000000  0.05555556  0.00000000  0.00000000  0.00000000  0.00000000 
  0.00000000  0.23076923  0.00000000  0.00000000  0.00000000  0.24489796  0.00000000  0.04081633  0.00000000  0.00000000  0.00000000  0.00000000 
  0.00000000  0.18421053  0.00000000  0.00000000  0.00000000  0.17073171  0.00000000  0.09756098  0.00000000  0.00000000  0.00000000  0.00000000 
  0.01282051  0.19230769  0.00000000  0.00000000  0.00000000  0.30120482  0.01204819  0.04819277  0.00000000  0.00000000  0.00000000  0.00000000 
  0.00000000  0.16062176  0.00000000  0.00000000  0.00000000  0.25675676  0.00000000  0.10810811  0.00000000  0.00000000  0.00000000  0.00000000 
  0.00806452  0.15322581  0.00000000  0.00000000  0.00000000  0.28571429  0.00000000  0.07142857  0.00000000  0.00000000  0.00000000  0.00000000 
  0.00757576  0.18181818  0.00000000  0.00000000  0.00000000  0.33333333  0.00000000  0.04444444  0.00000000  0.00000000  0.00000000  0.00000000 
  0.00000000  0.19117647  0.00000000  0.00000000  0.00000000  0.18181818  0.00000000  0.06060606  0.00000000  0.00000000  0.00000000  0.00000000 
  0.00564972  0.20903955  0.00000000  0.00000000  0.00000000  0.28048780  0.00000000  0.07317073  0.00000000  0.00000000  0.00000000  0.00000000 
  0.00975610  0.18536585  0.00000000  0.00000000  0.00000000  0.24285714  0.00000000  0.07142857  0.00000000  0.00000000  0.00000000  0.00000000 
  0.00000000  0.22580645  0.00000000  0.00000000  0.00000000  0.26000000  0.00000000  0.07000000  0.00000000  0.00000000  0.00000000  0.00000000 
  0.00680272  0.17687075  0.00000000  0.00000000  0.00000000  0.20408163  0.00000000  0.04081633  0.00000000  0.00000000  0.00000000  0.00000000 
  0.00000000  0.20886076  0.00000000  0.00000000  0.00000000  0.20833333  0.00000000  0.06250000  0.00000000  0.00000000  0.00000000  0.00000000 
  0.00000000  0.24166667  0.00000000  0.00000000  0.00000000  0.21212121  0.00000000  0.07575758  0.00000000  0.00000000  0.00000000  0.00000000 
  0.00512821  0.11794872  0.00000000  0.00000000  0.00000000  0.22807018  0.00000000  0.05263158  0.00000000  0.00000000  0.00000000  0.00000000 
  0.00000000  0.15730337  0.00000000  0.00000000  0.00000000  0.25925926  0.00000000  0.07407407  0.00000000  0.00000000  0.00000000  0.00000000 
  0.00000000  0.18090452  0.00000000  0.00000000  0.00000000  0.24175824  0.00000000  0.03296703  0.00000000  0.00000000  0.00000000  0.00000000 
