  0.00000000  0.09782609  0.00000000  0.00000000  0.00000000  0.17241379  0.00000000  0.06896552  0.00000000  0.00000000  0.00000000  0.00000000 
  0.00000000  0.06796117  0.00000000  0.00000000  0.00000000  0.08333333  0.00000000  0.08333333  0.00000000  0.00000000  0.00000000  0.00000000 
  0.00000000  0.07438017  0.00000000  0.00000000  0.00000000  0.25000000  0.00000000  0.00000000  0.00000000  0.00000000  0.00000000  0.00000000 
  0.00000000  0.01290323  0.00000000  0.00000000  0.00000000  0.10714286  0.03571429  0.00000000  0.00000000  0.00000000  0.00000000  0.00000000 
  0.00000000  0.04347826  0.00000000  0.00000000  0.00000000  0.22857143  0.00000000  0.02857143  0.00000000  0.00000000  0.00000000  0.00000000 
  0.00000000  0.00662252  0.00000000  0.00000000  0.00000000  0.12121212  0.00000000  0.00000000  0.00000000  0.00000000  0.00000000  0.00000000 
  0.00000000  0.00558659  0.00000000  0.00000000  0.00000000  0.13636364  0.00000000  0.00000000  0.00000000  0.00000000  0.00000000  0.00000000 
  0.00495050  0.04455446  0.00000000  0.00000000  0.00000000  0.08163265  0.00000000  0.00000000  0.00000000  0.00000000  0.00000000  0.00000000 
  0.00000000  0.03314917  0.00000000  0.00000000  0.00000000  0.18965517  0.00000000  0.00000000  0.00000000  0.00000000  0.00000000  0.00000000 
  0.00000000  0.05371901  0.00000000  0.00000000  0.00000000  0.13333333  0.00000000  0.00000000  0.00000000  0.00000000  0.00000000  0.00000000 
  0.00000000  0.03773585  0.00000000  0.00000000  0.00000000  0.11214953  0.00000000  0.01869159  0.00000000  0.00000000  0.00000000  0.00000000 
  0.01117318  0.03351955  0.00000000  0.00000000  0.00000000  0.08750000  0.00000000  0.00000000  0.00000000  0.00000000  0.00000000  0.00000000 
  0.00000000  0.08163265  0.00000000  0.00000000  0.00000000  0.07608696  0.00000000  0.01086957  0.00000000  0.00000000  0.00000000  0.00000000 
  0.00000000  0.07142857  0.00000000  0.00000000  0.00000000  0.20481928  0.00000000  0.03614458  0.00000000  0.00000000  0.00000000  0.00000000 
  0.00000000  0.09183673  0.00000000  0.00000000  0.00000000  0.16091954  0.00000000  0.02298851  0.00000000  0.00000000  0.00000000  0.00000000 
  0.00000000  0.01515152  0.00000000  0.00000000  0.00000000  0.19718310  0.00000000  0.04225352  0.00000000  0.00000000  0.00000000  0.00000000 
  0.00462963  0.08796296  0.00000000  0.00000000  0.00000000  0.16666667  0.00000000  0.05000000  0.00000000  0.00000000  0.00000000  0.00000000 
  0.00000000  0.06666667  0.00000000  0.00000000  0.00000000  0.15189873  0.00000000  0.01265823  0.00000000  0.00000000  0.00000000  0.00000000 
  0.00480769  0.14423077  0.00000000  0.00000000  0.00000000  0.15584416  0.00000000  0.11688312  0.00000000  0.00000000  0.00000000  0.00000000 
  0.00000000  0.13793103  0.00000000  0.00000000  0.00000000  0.24761905  0.00000000  0.02857143  0.00000000  0.00000000  0.00000000  0.00000000 
  0.00000000  0.13953488  0.00000000  0.00000000  0.00000000  0.21126761  0.00000000  0.07042254  0.00000000  0.00000000  0.00000000  0.00000000 
  0.00000000  0.09271523  0.00000000  0.00000000  0.00000000  0.15384615  0.00000000  0.03846154  0.00000000  0.00000000  0.00000000  0.00000000 
  0.00000000  0.05069124  0.00000000  0.00000000  0.00000000  0.17283951  0.00000000  0.02469136  0.00000000  0.00000000  0.00000000  0.00000000 
  0.00000000  0.03684211  0.00000000  0.00000000  0.00000000  0.17948718  0.00000000  0.00000000  0.00000000  0.00000000  0.00000000  0.00000000 
  0.00000000  0.04519774  0.00000000  0.00000000  0.00000000  0.19230769  0.03846154  0.00000000  0.00000000  0.00000000  0.00000000  0.00000000 
  0.00000000  0.10179641  0.00000000  0.00000000  0.00000000  0.21276596  0.00000000  0.12765957  0.00000000  0.00000000  0.00000000  0.00000000 
  0.00000000  0.05113636  0.00000000  0.00000000  0.00000000  0.04761905  0.00000000  0.00000000  0.00000000  0.00000000  0.00000000  0.00000000 
  0.00000000  0.05586592  0.00000000  0.00000000  0.00000000  0.20312500  0.00000000  0.01562500  0.00000000  0.00000000  0.00000000  0.00000000 
  0.00000000  0.04918033  0.00000000  0.00000000  0.00000000  0.15555556  0.00000000  0.00000000  0.00000000  0.00000000  0.00000000  0.00000000 
  0.00000000  0.10674157  0.00000000  0.00000000  0.00000000  0.18181818  0.00000000  0.03636364  0.00000000  0.00000000  0.00000000  0.00000000 
  0.00000000  0.05555556  0.00000000  0.00000000  0.00000000  0.08163265  0.00000000  0.00000000  0.00000000  0.00000000  0.00000000  0.00000000 
  0.00000000  0.08421053  0.00000000  0.00000000  0.00000000  0.23076923  0.00000000  0.05769231  0.00000000  0.00000000  0.00000000  0.00000000 
  0.00000000  0.06077348  0.00000000  0.00000000  0.00000000  0.10256410  0.00000000  0.05128205  0.00000000  0.00000000  0.00000000  0.00000000 
  0.00000000  0.01183432  0.00000000  0.00000000  0.00000000  0.18918919  0.00000000  0.02702703  0.00000000  0.00000000  0.00000000  0.00000000 
  0.00000000  0.02762431  0.00000000  0.00000000  0.00000000  0.12244898  0.00000000  0.04081633  0.00000000  0.00000000  0.00000000  0.00000000 
  0.00000000  0.05263158  0.00000000  0.00000000  0.00000000  0.15384615  0.00000000  0.02564103  0.00000000  0.00000000  0.00000000  0.00000000 
  0.00000000  0.02617801  0.00000000  0.00000000  0.00000000  0.20588235  0.00000000  0.00000000  0.00000000  0.00000000  0.00000000  0.00000000 
  0.00546448  0.01092896  0.00000000  0.00000000  0.00000000  0.21428571  0.00000000  0.00000000  0.00000000  0.00000000  0.00000000  0.00000000 
  0.00000000  0.00966184  0.00000000  0.00000000  0.00000000  0.10714286  0.00000000  0.00000000  0.00000000  0.00000000  0.00000000  0.00000000 
  0.00000000  0.04324324  0.00000000  0.00000000  0.00000000  0.14285714  0.00000000  0.00000000  0.00000000  0.00000000  0.00000000  0.00000000 
  0.00000000  0.03723404  0.00000000  0.00000000  0.00000000  0.15384615  0.00000000  0.00000000  0.00000000  0.00000000  0.00000000  0.00000000 
  0.00531915  0.02127660  0.00000000  0.00000000  0.00000000  0.23684211  0.00000000  0.00000000  0.00000000  0.00000000  0.00000000  0.00000000 
  0.00000000  0.01818182  0.00000000  0.00000000  0.00000000  0.34210526  0.00000000  0.00000000  0.00000000  0.00000000  0.00000000  0.00000000 
  0.00000000  0.10582011  0.00000000  0.00000000  0.00000000  0.18604651  0.00000000  0.06976744  0.00000000  0.00000000  0.00000000  0.00000000 
  0.00000000  0.11637931  0.00000000  0.00000000  0.00000000  0.29729730  0.00000000  0.00000000  0.00000000  0.00000000  0.00000000  0.00000000 
  0.00000000  0.09090909  0.00000000  0.00000000  0.00000000  0.25000000  0.00000000  0.00000000  0.00000000  0.00000000  0.00000000  0.00000000 
  0.00000000  0.02702703  0.00000000  0.00000000  0.00000000  0.22222222  0.00000000  0.00000000  0.00000000  0.00000000  0.00000000  0.00000000 
  0.00000000  0.03030303  0.00000000  0.00000000  0.00000000  0.16279070  0.00000000  0.02325581  0.00000000  0.00000000  0.00000000  0.00000000 
  0.00000000  0.02234637  0.00000000  0.00000000  0.00000000  0.06976744  0.00000000  0.00000000  0.00000000  0.00000000  0.00000000  0.00000000 
