  0.00000000  0.02325581  0.00000000  0.00000000  0.00000000  0.03333333  0.00000000  0.00000000  0.00000000  0.00000000  0.00000000  0.00000000 
  0.00000000  0.01342282  0.00000000  0.00000000  0.00000000  0.03703704  0.00000000  0.00000000  0.00000000  0.00000000  0.00000000  0.00000000 
  0.00000000  0.03278689  0.00000000  0.00000000  0.00000000  0.07692308  0.00000000  0.00000000  0.00000000  0.00000000  0.00000000  0.00000000 
  0.00000000  0.01226994  0.00000000  0.00000000  0.00000000  0.03508772  0.00000000  0.00000000  0.00000000  0.00000000  0.00000000  0.00000000 
  0.00000000  0.03278689  0.00000000  0.00000000  0.00000000  0.02702703  0.00000000  0.00000000  0.00000000  0.00000000  0.00000000  0.00000000 
  0.00487805  0.01463415  0.00000000  0.00000000  0.00000000  0.02816901  0.00000000  0.00000000  0.00000000  0.00000000  0.00000000  0.00000000 
  0.00000000  0.03414634  0.00000000  0.00000000  0.00000000  0.07000000  0.00000000  0.01000000  0.00000000  0.00000000  0.00000000  0.00000000 
  0.00416667  0.02083333  0.00000000  0.00000000  0.00000000  0.03125000  0.00000000  0.00000000  0.00000000  0.00000000  0.00000000  0.00000000 
  0.00000000  0.01612903  0.00000000  0.00000000  0.00000000  0.05769231  0.00000000  0.00961538  0.00000000  0.00000000  0.00000000  0.00000000 
  0.00000000  0.03404255  0.00000000  0.00000000  0.00000000  0.04098361  0.00000000  0.00000000  0.00000000  0.00000000  0.00000000  0.00000000 
  0.00000000  0.01948052  0.00000000  0.00000000  0.00000000  0.02040816  0.00000000  0.00000000  0.00000000  0.00000000  0.00000000  0.00000000 
  0.00000000  0.02024291  0.00000000  0.00000000  0.01020408  0.04081633  0.00000000  0.00000000  0.00000000  0.00000000  0.00000000  0.00000000 
  0.00316456  0.01265823  0.00000000  0.00000000  0.00000000  0.00934579  0.00000000  0.01869159  0.00000000  0.00000000  0.00000000  0.00000000 
  0.00374532  0.01123596  0.00000000  0.00000000  0.00000000  0.01111111  0.00000000  0.01111111  0.00000000  0.00000000  0.00000000  0.00000000 
  0.00353357  0.02473498  0.00000000  0.00000000  0.00000000  0.02222222  0.00000000  0.00000000  0.00000000  0.00000000  0.00000000  0.00000000 
  0.00337838  0.01351351  0.00000000  0.00000000  0.00000000  0.03759398  0.00000000  0.01503759  0.00000000  0.00000000  0.00000000  0.00000000 
  0.00000000  0.01829268  0.00000000  0.00000000  0.00000000  0.03649635  0.00000000  0.00729927  0.00000000  0.00000000  0.00000000  0.00000000 
  0.00000000  0.02318841  0.00000000  0.00000000  0.00694444  0.02777778  0.00000000  0.00000000  0.00000000  0.00000000  0.00000000  0.00000000 
  0.00000000  0.02727273  0.00000000  0.00000000  0.00000000  0.03787879  0.00757576  0.00000000  0.00000000  0.00000000  0.00000000  0.00000000 
  0.00255102  0.02295918  0.00000000  0.00000000  0.00000000  0.08383234  0.00000000  0.00000000  0.00000000  0.00000000  0.00000000  0.00000000 
  0.00478469  0.02392344  0.00000000  0.00000000  0.00662252  0.08609272  0.00000000  0.00000000  0.00000000  0.00000000  0.00000000  0.00000000 
  0.00000000  0.01842105  0.00000000  0.00000000  0.00000000  0.03378378  0.00000000  0.00000000  0.00000000  0.00000000  0.00000000  0.00000000 
  0.00527704  0.02110818  0.00000000  0.00000000  0.00653595  0.07189542  0.00000000  0.00000000  0.00000000  0.00000000  0.00000000  0.00000000 
  0.00277778  0.01388889  0.00000000  0.00000000  0.00000000  0.01785714  0.00000000  0.00000000  0.00000000  0.00000000  0.00000000  0.00000000 
  0.00000000  0.03134796  0.00000000  0.00000000  0.00000000  0.01612903  0.00000000  0.00000000  0.00000000  0.00000000  0.00000000  0.00000000 
  0.00000000  0.02292264  0.00000000  0.00000000  0.00000000  0.02941176  0.00000000  0.00000000  0.00000000  0.00000000  0.00000000  0.00000000 
  0.00000000  0.03389831  0.00000000  0.00000000  0.00000000  0.01538462  0.00000000  0.01538462  0.00000000  0.00000000  0.00000000  0.00000000 
  0.00000000  0.02582160  0.00000000  0.00000000  0.00653595  0.01960784  0.00000000  0.00000000  0.00000000  0.00000000  0.00000000  0.00000000 
  0.00000000  0.02325581  0.00000000  0.00000000  0.00689655  0.03448276  0.00000000  0.00689655  0.00000000  0.00000000  0.00000000  0.00000000 
  0.00000000  0.01102941  0.00000000  0.00000000  0.00000000  0.00961538  0.00000000  0.00000000  0.00000000  0.00000000  0.00000000  0.00000000 
  0.00757576  0.01010101  0.00000000  0.00000000  0.00000000  0.03546099  0.00000000  0.00000000  0.00000000  0.00000000  0.00000000  0.00000000 
  0.00000000  0.02511416  0.00000000  0.00000000  0.00000000  0.01818182  0.00000000  0.00000000  0.00000000  0.00000000  0.00000000  0.00000000 
  0.00544959  0.01634877  0.00000000  0.00000000  0.00000000  0.02097902  0.00000000  0.00000000  0.00000000  0.00000000  0.00000000  0.00000000 
  0.00263852  0.01846966  0.00000000  0.00000000  0.00000000  0.03867403  0.00000000  0.00000000  0.00000000  0.00000000  0.00000000  0.00000000 
  0.00000000  0.02110818  0.00000000  0.00000000  0.00000000  0.07352941  0.00000000  0.00000000  0.00000000  0.00000000  0.00000000  0.00000000 
  0.00000000  0.00623053  0.00000000  0.00000000  0.01470588  0.02941176  0.00000000  0.00735294  0.00000000  0.00000000  0.00000000  0.00000000 
  0.00000000  0.02102102  0.00000000  0.00000000  0.00000000  0.03846154  0.00000000  0.00769231  0.00000000  0.00000000  0.00000000  0.00000000 
  0.00508906  0.01017812  0.00000000  0.00000000  0.00000000  0.02068966  0.00000000  0.00000000  0.00000000  0.00000000  0.00000000  0.00000000 
  0.00230947  0.00230947  0.00000000  0.00000000  0.00719424  0.01438849  0.00000000  0.00000000  0.00000000  0.00000000  0.00000000  0.00000000 
  0.00000000  0.01550388  0.00000000  0.00000000  0.00000000  0.05839416  0.00000000  0.00729927  0.00000000  0.00000000  0.00000000  0.00000000 
  0.00246305  0.00738916  0.00000000  0.00000000  0.00000000  0.02380952  0.00000000  0.00000000  0.00000000  0.00000000  0.00000000  0.00000000 
  0.00000000  0.00655022  0.00000000  0.00000000  0.00000000  0.05161290  0.00000000  0.00645161  0.00000000  0.00000000  0.00000000  0.00000000 
  0.00000000  0.01813472  0.00000000  0.00000000  0.00000000  0.02027027  0.00000000  0.00000000  0.00000000  0.00000000  0.00000000  0.00000000 
  0.00000000  0.01424501  0.00000000  0.00000000  0.00000000  0.02631579  0.00000000  0.00000000  0.00000000  0.00000000  0.00000000  0.00000000 
  0.00000000  0.00563380  0.00000000  0.00000000  0.00000000  0.02941176  0.00000000  0.00000000  0.00000000  0.00000000  0.00000000  0.00000000 
  0.00263852  0.01583113  0.00000000  0.00000000  0.00000000  0.02352941  0.00000000  0.00000000  0.00000000  0.00000000  0.00000000  0.00000000 
  0.00235849  0.01650943  0.00000000  0.00000000  0.00000000  0.04137931  0.00000000  0.00000000  0.00000000  0.00000000  0.00000000  0.00000000 
  0.00297619  0.00595238  0.00000000  0.00000000  0.00000000  0.01941748  0.00000000  0.00000000  0.00000000  0.00000000  0.00000000  0.00000000 
