  0.00083507  0.04759916  0.00000000  0.00000000  0.00068104  0.05130533  0.00022701  0.01021566  0.00000000  0.00000000  0.00000000  0.00000000 
  0.00095785  0.05774494  0.00000000  0.00000000  0.00066905  0.06199822  0.00022302  0.01628011  0.00000000  0.00000000  0.00000000  0.00000000 
  0.00140390  0.03664186  0.00000000  0.00000000  0.00000000  0.05025802  0.00044873  0.00852591  0.00000000  0.00000000  0.00000000  0.00000000 
  0.00139024  0.03962185  0.00000000  0.00000000  0.00000000  0.05069020  0.00000000  0.00701516  0.00000000  0.00000000  0.00000000  0.00000000 
  0.00135630  0.05655771  0.00000000  0.00000000  0.00087146  0.04967320  0.00021786  0.02352941  0.00000000  0.00000000  0.00000000  0.00000000 
  0.00083472  0.03811909  0.00000000  0.00000000  0.00023613  0.04675325  0.00023613  0.00684770  0.00000000  0.00000000  0.00000000  0.00000000 
  0.00166343  0.03798170  0.00000000  0.00000000  0.00045310  0.05573176  0.00000000  0.00928863  0.00000000  0.00000000  0.00000000  0.00000000 
  0.00123950  0.03594546  0.00000000  0.00000000  0.00069316  0.04644177  0.00023105  0.00577634  0.00000000  0.00000000  0.00000000  0.00000000 
  0.00125313  0.03258145  0.00000000  0.00000000  0.00087623  0.04841183  0.00021906  0.00547645  0.00000000  0.00000000  0.00000000  0.00000000 
  0.00110803  0.03448753  0.00000000  0.00000000  0.00088909  0.04467659  0.00022227  0.00911314  0.00000000  0.00000000  0.00000000  0.00000000 
  0.00078833  0.05518329  0.00000000  0.00000000  0.00086096  0.05531640  0.00000000  0.01657340  0.00000000  0.00000000  0.00000000  0.00000000 
  0.00107773  0.04230096  0.00000000  0.00000000  0.00065161  0.04691573  0.00000000  0.01151173  0.00000000  0.00000000  0.00000000  0.00000000 
  0.00121163  0.03984922  0.00000000  0.00000000  0.00065602  0.04635906  0.00000000  0.01180844  0.00000000  0.00000000  0.00000000  0.00000000 
  0.00140181  0.06983561  0.00000000  0.00000000  0.00020500  0.06744567  0.00000000  0.02132021  0.00000000  0.00000000  0.00000000  0.00000000 
  0.00080819  0.04418103  0.00000000  0.00000000  0.00000000  0.05039728  0.00022701  0.01248581  0.00000000  0.00000000  0.00000000  0.00000000 
  0.00093246  0.06407353  0.00000000  0.00000000  0.00066372  0.05973451  0.00000000  0.02190265  0.00000000  0.00000000  0.00000000  0.00000000 
  0.00066827  0.06281743  0.00000000  0.00000000  0.00000000  0.06046408  0.00000000  0.02721999  0.00000000  0.00000000  0.00000000  0.00000000 
  0.00082508  0.03259076  0.00000000  0.00000000  0.00023348  0.04856409  0.00023348  0.00630399  0.00000000  0.00000000  0.00000000  0.00000000 
  0.00129651  0.06521457  0.00000000  0.00000000  0.00043497  0.06089604  0.00021749  0.02435842  0.00000000  0.00000000  0.00000000  0.00000000 
  0.00109544  0.04244831  0.00000000  0.00000000  0.00000000  0.04582763  0.00022800  0.01208390  0.00000000  0.00000000  0.00000000  0.00000000 
  0.00042064  0.02187325  0.00000000  0.00000000  0.00045924  0.03559127  0.00068886  0.00298507  0.00000000  0.00000000  0.00000000  0.00000000 
  0.00106724  0.04589114  0.00000000  0.00000000  0.00089767  0.05273788  0.00022442  0.01458707  0.00000000  0.00000000  0.00000000  0.00000000 
  0.00040961  0.05133807  0.00000000  0.00000000  0.00022336  0.05383069  0.00022336  0.01563547  0.00000000  0.00000000  0.00000000  0.00000000 
  0.00068325  0.03484559  0.00000000  0.00000000  0.00065516  0.04826381  0.00000000  0.01135619  0.00000000  0.00000000  0.00000000  0.00000000 
  0.00067051  0.05109293  0.00000000  0.00000000  0.00043582  0.05927217  0.00000000  0.01634343  0.00000000  0.00000000  0.00000000  0.00000000 
  0.00040409  0.03165409  0.00000000  0.00000000  0.00068012  0.04103378  0.00000000  0.00634777  0.00000000  0.00000000  0.00000000  0.00000000 
  0.00226818  0.04789860  0.00000000  0.00000000  0.00088633  0.05096388  0.00044316  0.01174385  0.00000000  0.00000000  0.00000000  0.00000000 
  0.00040661  0.03713744  0.00000000  0.00000000  0.00045767  0.04759725  0.00000000  0.01121281  0.00000000  0.00000000  0.00000000  0.00000000 
  0.00093583  0.03502674  0.00000000  0.00000000  0.00068089  0.04289605  0.00000000  0.00817068  0.00000000  0.00000000  0.00000000  0.00000000 
  0.00078555  0.04804923  0.00000000  0.00000000  0.00043879  0.05199649  0.00000000  0.01623519  0.00000000  0.00000000  0.00000000  0.00000000 
  0.00092202  0.04017387  0.00000000  0.00000000  0.00111632  0.04688547  0.00000000  0.01384238  0.00000000  0.00000000  0.00000000  0.00000000 
  0.00079010  0.04227021  0.00000000  0.00000000  0.00133422  0.05136758  0.00000000  0.01400934  0.00000000  0.00000000  0.00000000  0.00000000 
  0.00129467  0.05800104  0.00000000  0.00000000  0.00021000  0.05648887  0.00000000  0.02099958  0.00000000  0.00000000  0.00000000  0.00000000 
  0.00039746  0.03828829  0.00000000  0.00000000  0.00000000  0.04625941  0.00000000  0.01150952  0.00000000  0.00000000  0.00000000  0.00000000 
  0.00084993  0.06823701  0.00000000  0.00000000  0.00063613  0.05979644  0.00000000  0.03138253  0.00000000  0.00000000  0.00000000  0.00000000 
  0.00117157  0.04074460  0.00000000  0.00000000  0.00111408  0.04656863  0.00000000  0.00802139  0.00000000  0.00000000  0.00000000  0.00000000 
  0.00099441  0.04860162  0.00000000  0.00000000  0.00021277  0.05127660  0.00021277  0.01553191  0.00000000  0.00000000  0.00000000  0.00000000 
  0.00090276  0.03881867  0.00000000  0.00000000  0.00043215  0.04861711  0.00000000  0.00972342  0.00000000  0.00000000  0.00000000  0.00000000 
  0.00038442  0.04228601  0.00000000  0.00000000  0.00020786  0.04759925  0.00000000  0.01018499  0.00000000  0.00000000  0.00000000  0.00000000 
  0.00103748  0.03229153  0.00000000  0.00000000  0.00042571  0.04022989  0.00021286  0.00723712  0.00000000  0.00000000  0.00000000  0.00000000 
  0.00103883  0.02986625  0.00000000  0.00000000  0.00131349  0.04684764  0.00021891  0.00634851  0.00000000  0.00000000  0.00000000  0.00000000 
  0.00052131  0.02424084  0.00000000  0.00000000  0.00065847  0.03424056  0.00021949  0.00307287  0.00000000  0.00000000  0.00000000  0.00000000 
  0.00088855  0.03059152  0.00000000  0.00000000  0.00042508  0.04612115  0.00042508  0.00382572  0.00000000  0.00000000  0.00000000  0.00000000 
  0.00062759  0.03288565  0.00000000  0.00000000  0.00042626  0.04688832  0.00063939  0.00618073  0.00000000  0.00000000  0.00000000  0.00000000 
  0.00098135  0.03851816  0.00000000  0.00000000  0.00021930  0.04342105  0.00021930  0.00657895  0.00000000  0.00000000  0.00000000  0.00000000 
  0.00112697  0.03493614  0.00000000  0.00000000  0.00062150  0.04806298  0.00020717  0.01015123  0.00000000  0.00000000  0.00000000  0.00000000 
  0.00049548  0.03951443  0.00000000  0.00000000  0.00042580  0.04385778  0.00021290  0.00681286  0.00000000  0.00000000  0.00000000  0.00000000 
  0.00012343  0.04455690  0.00000000  0.00000000  0.00063519  0.04827440  0.00021173  0.01143341  0.00000000  0.00000000  0.00000000  0.00000000 
  0.00025452  0.02290659  0.00000000  0.00000000  0.00107619  0.04068015  0.00021524  0.00258287  0.00000000  0.00000000  0.00000000  0.00000000 
  0.00075500  0.02931924  0.00000000  0.00000000  0.00063184  0.04064869  0.00000000  0.00294861  0.00000000  0.00000000  0.00000000  0.00000000 
  0.00086784  0.03620134  0.00000000  0.00000000  0.00021381  0.04532820  0.00042762  0.00620056  0.00000000  0.00000000  0.00000000  0.00000000 
  0.00083832  0.04550898  0.00000000  0.00000000  0.00021070  0.05183312  0.00021070  0.01201011  0.00000000  0.00000000  0.00000000  0.00000000 
  0.00023441  0.05016409  0.00000000  0.00000000  0.00080661  0.05464811  0.00040331  0.01310748  0.00000000  0.00000000  0.00000000  0.00000000 
  0.00083037  0.04531435  0.00000000  0.00000000  0.00062565  0.04775808  0.00000000  0.00938478  0.00000000  0.00000000  0.00000000  0.00000000 
  0.00097123  0.03654243  0.00000000  0.00000000  0.00061526  0.05414274  0.00000000  0.00676784  0.00000000  0.00000000  0.00000000  0.00000000 
  0.00037397  0.03178758  0.00000000  0.00000000  0.00043141  0.04702330  0.00000000  0.00539258  0.00000000  0.00000000  0.00000000  0.00000000 
  0.00036386  0.03020012  0.00000000  0.00000000  0.00021400  0.04579499  0.00021400  0.00492189  0.00000000  0.00000000  0.00000000  0.00000000 
  0.00087555  0.03602251  0.00000000  0.00000000  0.00105664  0.04649197  0.00000000  0.00887574  0.00000000  0.00000000  0.00000000  0.00000000 
  0.00072246  0.03467790  0.00000000  0.00000000  0.00063884  0.04919080  0.00021295  0.01043441  0.00000000  0.00000000  0.00000000  0.00000000 
  0.00097300  0.03162248  0.00000000  0.00000000  0.00063980  0.04649179  0.00042653  0.00703775  0.00000000  0.00000000  0.00000000  0.00000000 
  0.00111732  0.02619491  0.00000000  0.00000000  0.00042221  0.04517627  0.00000000  0.00569981  0.00000000  0.00000000  0.00000000  0.00000000 
  0.00093392  0.04401121  0.00000000  0.00000000  0.00062357  0.05570567  0.00020786  0.01143213  0.00000000  0.00000000  0.00000000  0.00000000 
  0.00134048  0.02266634  0.00000000  0.00000000  0.00043337  0.04225352  0.00043337  0.00325027  0.00000000  0.00000000  0.00000000  0.00000000 
  0.00035495  0.03620445  0.00000000  0.00000000  0.00106180  0.04714377  0.00000000  0.01210448  0.00000000  0.00000000  0.00000000  0.00000000 
  0.00095591  0.02772135  0.00000000  0.00000000  0.00043375  0.04727825  0.00000000  0.00737367  0.00000000  0.00000000  0.00000000  0.00000000 
  0.00084337  0.02650602  0.00000000  0.00000000  0.00000000  0.04226525  0.00020820  0.00249844  0.00000000  0.00000000  0.00000000  0.00000000 
  0.00069109  0.04134992  0.00000000  0.00000000  0.00185300  0.05064855  0.00041178  0.01050031  0.00000000  0.00000000  0.00000000  0.00000000 
  0.00093077  0.03676556  0.00000000  0.00000000  0.00063654  0.05007426  0.00042436  0.00869934  0.00000000  0.00000000  0.00000000  0.00000000 
  0.00072816  0.02487864  0.00000000  0.00000000  0.00176717  0.03976143  0.00022090  0.00110448  0.00000000  0.00000000  0.00000000  0.00000000 
  0.00126904  0.05226119  0.00000000  0.00000000  0.00020730  0.06177446  0.00020730  0.01699834  0.00000000  0.00000000  0.00000000  0.00000000 
  0.00094641  0.02933870  0.00000000  0.00000000  0.00132421  0.04524388  0.00022070  0.00463474  0.00000000  0.00000000  0.00000000  0.00000000 
  0.00079051  0.05239977  0.00000000  0.00000000  0.00040667  0.06140708  0.00040667  0.01789345  0.00000000  0.00000000  0.00000000  0.00000000 
  0.00113688  0.04865848  0.00000000  0.00000000  0.00061400  0.05832992  0.00040933  0.01780598  0.00000000  0.00000000  0.00000000  0.00000000 
  0.00173190  0.04583766  0.00000000  0.00000000  0.00102838  0.05738379  0.00000000  0.01645413  0.00000000  0.00000000  0.00000000  0.00000000 
  0.00123958  0.03932838  0.00000000  0.00000000  0.00083700  0.05670642  0.00020925  0.00920695  0.00000000  0.00000000  0.00000000  0.00000000 
  0.00090232  0.04872547  0.00000000  0.00000000  0.00041520  0.05397550  0.00020760  0.01577745  0.00000000  0.00000000  0.00000000  0.00000000 
  0.00116577  0.04045232  0.00000000  0.00000000  0.00103114  0.05361930  0.00000000  0.01216746  0.00000000  0.00000000  0.00000000  0.00000000 
  0.00140105  0.03631057  0.00000000  0.00000000  0.00041973  0.04826863  0.00020986  0.01028332  0.00000000  0.00000000  0.00000000  0.00000000 
  0.00067092  0.06150062  0.00000000  0.00000000  0.00020730  0.06239635  0.00020730  0.02280265  0.00000000  0.00000000  0.00000000  0.00000000 
  0.00095046  0.03944398  0.00000000  0.00000000  0.00063425  0.04926004  0.00021142  0.00845666  0.00000000  0.00000000  0.00000000  0.00000000 
  0.00071899  0.03211504  0.00000000  0.00000000  0.00087912  0.04307692  0.00065934  0.00835165  0.00000000  0.00000000  0.00000000  0.00000000 
  0.00118329  0.03751035  0.00000000  0.00000000  0.00086599  0.05737173  0.00021650  0.00757740  0.00000000  0.00000000  0.00000000  0.00000000 
  0.00106749  0.04044597  0.00000000  0.00000000  0.00021547  0.04287869  0.00043094  0.01185089  0.00000000  0.00000000  0.00000000  0.00000000 
