  0.00000000  0.01294498  0.00000000  0.00000000  0.00000000  0.05527638  0.00000000  0.00000000  0.00000000  0.00000000  0.00000000  0.00000000 
  0.00000000  0.01700880  0.00000000  0.00000000  0.00000000  0.02782071  0.00000000  0.00000000  0.00000000  0.00000000  0.00000000  0.00000000 
  0.00000000  0.01250744  0.00000000  0.00000000  0.00000000  0.03355705  0.00000000  0.00000000  0.00000000  0.00000000  0.00000000  0.00000000 
  0.00000000  0.01635769  0.00000000  0.00000000  0.00000000  0.04411765  0.00000000  0.00147059  0.00000000  0.00000000  0.00000000  0.00000000 
  0.00000000  0.01062699  0.00000000  0.00000000  0.00000000  0.03225806  0.00000000  0.00000000  0.00000000  0.00000000  0.00000000  0.00000000 
  0.00052770  0.01424802  0.00000000  0.00000000  0.00000000  0.05722461  0.00000000  0.00000000  0.00000000  0.00000000  0.00000000  0.00000000 
  0.00000000  0.01167964  0.00000000  0.00000000  0.00000000  0.03187251  0.00000000  0.00000000  0.00000000  0.00000000  0.00000000  0.00000000 
  0.00058480  0.01812865  0.00000000  0.00000000  0.00145560  0.04075691  0.00000000  0.00436681  0.00000000  0.00000000  0.00000000  0.00000000 
  0.00057637  0.01959654  0.00000000  0.00000000  0.00000000  0.02591463  0.00000000  0.00000000  0.00000000  0.00000000  0.00000000  0.00000000 
  0.00000000  0.01429328  0.00000000  0.00000000  0.00000000  0.02677376  0.00000000  0.00267738  0.00000000  0.00000000  0.00000000  0.00000000 
  0.00000000  0.01694018  0.00000000  0.00000000  0.00000000  0.02910053  0.00000000  0.00000000  0.00000000  0.00000000  0.00000000  0.00000000 
  0.00000000  0.01211509  0.00000000  0.00000000  0.00000000  0.02475928  0.00000000  0.00000000  0.00000000  0.00000000  0.00000000  0.00000000 
  0.00054201  0.01463415  0.00000000  0.00000000  0.00000000  0.02234637  0.00000000  0.00000000  0.00000000  0.00000000  0.00000000  0.00000000 
  0.00000000  0.01427165  0.00000000  0.00000000  0.00000000  0.01599147  0.00000000  0.00106610  0.00000000  0.00000000  0.00000000  0.00000000 
  0.00179775  0.01438202  0.00000000  0.00000000  0.00000000  0.02646503  0.00000000  0.00000000  0.00000000  0.00000000  0.00000000  0.00000000 
  0.00130947  0.01396770  0.00000000  0.00000000  0.00000000  0.01495017  0.00000000  0.00083056  0.00000000  0.00000000  0.00000000  0.00000000 
  0.00000000  0.01308901  0.00000000  0.00000000  0.00000000  0.01438849  0.00000000  0.00000000  0.00000000  0.00000000  0.00000000  0.00000000 
  0.00042662  0.01109215  0.00000000  0.00000000  0.00000000  0.01064639  0.00000000  0.00000000  0.00000000  0.00000000  0.00000000  0.00000000 
  0.00086244  0.01595515  0.00000000  0.00000000  0.00000000  0.01853172  0.00000000  0.00000000  0.00000000  0.00000000  0.00000000  0.00000000 
  0.00000000  0.01232604  0.00000000  0.00000000  0.00000000  0.02173913  0.00000000  0.00000000  0.00000000  0.00000000  0.00000000  0.00000000 
  0.00000000  0.01322861  0.00000000  0.00000000  0.00000000  0.02229965  0.00000000  0.00000000  0.00000000  0.00000000  0.00000000  0.00000000 
  0.00040241  0.02374245  0.00000000  0.00000000  0.00000000  0.01879195  0.00000000  0.00067114  0.00000000  0.00000000  0.00000000  0.00000000 
  0.00081433  0.02280130  0.00000000  0.00000000  0.00000000  0.02667628  0.00000000  0.00000000  0.00000000  0.00000000  0.00000000  0.00000000 
  0.00000000  0.02200704  0.00000000  0.00000000  0.00000000  0.02692308  0.00000000  0.00000000  0.00000000  0.00000000  0.00000000  0.00000000 
  0.00000000  0.02902946  0.00000000  0.00000000  0.00000000  0.03542673  0.00000000  0.00161031  0.00000000  0.00000000  0.00000000  0.00000000 
  0.00089127  0.03119430  0.00000000  0.00000000  0.00085911  0.02663230  0.00000000  0.00000000  0.00000000  0.00000000  0.00000000  0.00000000 
  0.00088613  0.02791316  0.00000000  0.00000000  0.00000000  0.02917772  0.00000000  0.00088417  0.00000000  0.00000000  0.00000000  0.00000000 
  0.00044803  0.02688172  0.00000000  0.00000000  0.00000000  0.03546713  0.00000000  0.00086505  0.00000000  0.00000000  0.00000000  0.00000000 
  0.00043554  0.03266551  0.00000000  0.00000000  0.00000000  0.03082192  0.00000000  0.00000000  0.00000000  0.00000000  0.00000000  0.00000000 
  0.00047847  0.02775120  0.00000000  0.00000000  0.00000000  0.03321364  0.00000000  0.00000000  0.00000000  0.00000000  0.00000000  0.00000000 
  0.00048996  0.03037727  0.00000000  0.00000000  0.00000000  0.03934126  0.00000000  0.00000000  0.00000000  0.00000000  0.00000000  0.00000000 
  0.00135870  0.03306159  0.00000000  0.00000000  0.00000000  0.03442029  0.00000000  0.00090580  0.00000000  0.00000000  0.00000000  0.00000000 
  0.00000000  0.02968897  0.00000000  0.00000000  0.00000000  0.03758020  0.00000000  0.00091659  0.00000000  0.00000000  0.00000000  0.00000000 
  0.00045475  0.03092315  0.00000000  0.00000000  0.00097466  0.03021442  0.00000000  0.00000000  0.00000000  0.00000000  0.00000000  0.00000000 
  0.00000000  0.02808249  0.00000000  0.00000000  0.00000000  0.03499079  0.00000000  0.00092081  0.00000000  0.00000000  0.00000000  0.00000000 
  0.00047551  0.02805516  0.00000000  0.00000000  0.00000000  0.03985507  0.00000000  0.00271739  0.00000000  0.00000000  0.00000000  0.00000000 
  0.00000000  0.02585802  0.00000000  0.00000000  0.00000000  0.03492647  0.00000000  0.00183824  0.00000000  0.00000000  0.00000000  0.00000000 
  0.00000000  0.02866099  0.00000000  0.00000000  0.00000000  0.04419890  0.00000000  0.00092081  0.00000000  0.00000000  0.00000000  0.00000000 
  0.00000000  0.02631579  0.00000000  0.00000000  0.00000000  0.03225806  0.00000000  0.00087184  0.00000000  0.00000000  0.00000000  0.00000000 
  0.00000000  0.03079795  0.00000000  0.00000000  0.00000000  0.03877367  0.00000000  0.00180343  0.00000000  0.00000000  0.00000000  0.00000000 
  0.00000000  0.02670892  0.00000000  0.00000000  0.00000000  0.02661597  0.00000000  0.00000000  0.00000000  0.00000000  0.00000000  0.00000000 
  0.00092894  0.02879703  0.00000000  0.00000000  0.00000000  0.03228782  0.00000000  0.00000000  0.00000000  0.00000000  0.00000000  0.00000000 
  0.00045269  0.02354006  0.00000000  0.00000000  0.00000000  0.02730697  0.00000000  0.00188324  0.00000000  0.00000000  0.00000000  0.00000000 
  0.00086655  0.02426343  0.00000000  0.00000000  0.00000000  0.04511971  0.00000000  0.00000000  0.00000000  0.00000000  0.00000000  0.00000000 
  0.00000000  0.02894295  0.00000000  0.00000000  0.00091241  0.03923358  0.00000000  0.00000000  0.00000000  0.00000000  0.00000000  0.00000000 
  0.00044543  0.03162584  0.00000000  0.00000000  0.00000000  0.03788634  0.00000000  0.00099701  0.00000000  0.00000000  0.00000000  0.00000000 
  0.00043309  0.02988307  0.00000000  0.00000000  0.00000000  0.04429783  0.00000000  0.00094251  0.00000000  0.00000000  0.00000000  0.00000000 
  0.00090375  0.02666064  0.00000000  0.00000000  0.00000000  0.03531786  0.00000000  0.00100908  0.00000000  0.00000000  0.00000000  0.00000000 
  0.00000000  0.02340824  0.00000000  0.00000000  0.00000000  0.03419689  0.00000000  0.00103627  0.00000000  0.00000000  0.00000000  0.00000000 
  0.00047237  0.03306566  0.00000000  0.00000000  0.00000000  0.02946955  0.00000000  0.00000000  0.00000000  0.00000000  0.00000000  0.00000000 
  0.00044563  0.02317291  0.00000000  0.00000000  0.00000000  0.03906977  0.00000000  0.00465116  0.00000000  0.00000000  0.00000000  0.00000000 
  0.00088028  0.02112676  0.00000000  0.00000000  0.00000000  0.03508772  0.00000000  0.00000000  0.00000000  0.00000000  0.00000000  0.00000000 
  0.00042553  0.02468085  0.00000000  0.00000000  0.00000000  0.02477701  0.00000000  0.00099108  0.00000000  0.00000000  0.00000000  0.00000000 
  0.00000000  0.02500000  0.00000000  0.00000000  0.00000000  0.03946188  0.00000000  0.00000000  0.00000000  0.00000000  0.00000000  0.00000000 
  0.00000000  0.02261191  0.00000000  0.00000000  0.00000000  0.03877367  0.00000000  0.00180343  0.00000000  0.00000000  0.00000000  0.00000000 
  0.00041736  0.01878130  0.00000000  0.00000000  0.00000000  0.02669039  0.00000000  0.00355872  0.00000000  0.00000000  0.00000000  0.00000000 
  0.00080873  0.02224019  0.00000000  0.00000000  0.00000000  0.03357532  0.00000000  0.00000000  0.00000000  0.00000000  0.00000000  0.00000000 
  0.00084638  0.02454507  0.00000000  0.00000000  0.00000000  0.03022222  0.00000000  0.00088889  0.00000000  0.00000000  0.00000000  0.00000000 
  0.00125366  0.02047639  0.00000000  0.00000000  0.00000000  0.03571429  0.00000000  0.00000000  0.00000000  0.00000000  0.00000000  0.00000000 
  0.00000000  0.02316451  0.00000000  0.00000000  0.00000000  0.02193784  0.00000000  0.00000000  0.00000000  0.00000000  0.00000000  0.00000000 
  0.00080743  0.02341542  0.00000000  0.00000000  0.00000000  0.03788546  0.00000000  0.00000000  0.00000000  0.00000000  0.00000000  0.00000000 
  0.00000000  0.02643351  0.00000000  0.00000000  0.00000000  0.03272377  0.00000000  0.00096246  0.00000000  0.00000000  0.00000000  0.00000000 
  0.00081733  0.02451982  0.00000000  0.00000000  0.00000000  0.04200179  0.00000000  0.00000000  0.00000000  0.00000000  0.00000000  0.00000000 
  0.00075901  0.02049336  0.00000000  0.00000000  0.00000000  0.02672414  0.00000000  0.00086207  0.00000000  0.00000000  0.00000000  0.00000000 
  0.00041964  0.01510701  0.00000000  0.00000000  0.00000000  0.02777778  0.00000000  0.00000000  0.00000000  0.00000000  0.00000000  0.00000000 
  0.00078156  0.02188355  0.00000000  0.00000000  0.00000000  0.03432701  0.00000000  0.00180668  0.00000000  0.00000000  0.00000000  0.00000000 
  0.00000000  0.02231628  0.00000000  0.00000000  0.00000000  0.02427638  0.00000000  0.00000000  0.00000000  0.00000000  0.00000000  0.00000000 
  0.00156372  0.02384676  0.00000000  0.00000000  0.00000000  0.02831858  0.00000000  0.00176991  0.00000000  0.00000000  0.00000000  0.00000000 
  0.00117233  0.01875733  0.00000000  0.00000000  0.00000000  0.02220077  0.00000000  0.00096525  0.00000000  0.00000000  0.00000000  0.00000000 
  0.00077580  0.02288596  0.00000000  0.00000000  0.00000000  0.02241379  0.00000000  0.00000000  0.00000000  0.00000000  0.00000000  0.00000000 
  0.00000000  0.01963636  0.00000000  0.00000000  0.00000000  0.02983802  0.00000000  0.00255754  0.00000000  0.00000000  0.00000000  0.00000000 
  0.00038241  0.02103250  0.00000000  0.00000000  0.00000000  0.03574702  0.00000000  0.00274977  0.00000000  0.00000000  0.00000000  0.00000000 
  0.00000000  0.02181562  0.00000000  0.00000000  0.00000000  0.03147128  0.00000000  0.00000000  0.00000000  0.00000000  0.00000000  0.00000000 
  0.00037850  0.02195307  0.00000000  0.00000000  0.00000000  0.02976744  0.00000000  0.00186047  0.00000000  0.00000000  0.00000000  0.00000000 
  0.00036887  0.02139432  0.00000000  0.00000000  0.00000000  0.02689487  0.00000000  0.00000000  0.00000000  0.00000000  0.00000000  0.00000000 
  0.00075330  0.01958569  0.00000000  0.00000000  0.00000000  0.03551913  0.00000000  0.00000000  0.00000000  0.00000000  0.00000000  0.00000000 
  0.00000000  0.01803833  0.00000000  0.00000000  0.00000000  0.02685765  0.00000000  0.00000000  0.00000000  0.00000000  0.00000000  0.00000000 
  0.00035765  0.01931330  0.00000000  0.00000000  0.00000000  0.03486395  0.00000000  0.00000000  0.00000000  0.00000000  0.00000000  0.00000000 
  0.00112275  0.02208084  0.00000000  0.00000000  0.00000000  0.04379562  0.00000000  0.00091241  0.00000000  0.00000000  0.00000000  0.00000000 
  0.00070472  0.02008457  0.00000000  0.00000000  0.00000000  0.02836879  0.00000000  0.00000000  0.00000000  0.00000000  0.00000000  0.00000000 
  0.00070671  0.01837456  0.00000000  0.00000000  0.00000000  0.02691337  0.00000000  0.00000000  0.00000000  0.00000000  0.00000000  0.00000000 
  0.00106270  0.02302515  0.00000000  0.00000000  0.00000000  0.01713255  0.00000000  0.00180343  0.00000000  0.00000000  0.00000000  0.00000000 
  0.00074212  0.02115028  0.00000000  0.00000000  0.00087719  0.03596491  0.00000000  0.00000000  0.00000000  0.00000000  0.00000000  0.00000000 
