  0.00290698  0.03612957  0.00000000  0.00000000  0.00680272  0.12244898  0.00226757  0.00907029  0.00000000  0.00000000  0.00000000  0.00000000 
  0.00220611  0.05546801  0.00000000  0.00000000  0.01246537  0.13019391  0.00415512  0.01800554  0.00000000  0.00000000  0.00000000  0.00000000 
  0.00117005  0.06045242  0.00000000  0.00000000  0.00949367  0.10443038  0.00791139  0.01265823  0.00000000  0.00000000  0.00000000  0.00000000 
  0.00077942  0.05183164  0.00000000  0.00000000  0.00446429  0.12500000  0.00000000  0.02232143  0.00000000  0.00000000  0.00000000  0.00000000 
  0.00259067  0.04330126  0.00000000  0.00000000  0.00787402  0.10236220  0.00196850  0.03149606  0.00000000  0.00000000  0.00000000  0.00000000 
  0.00205931  0.02924217  0.00000000  0.00000000  0.01207243  0.09255533  0.00402414  0.00000000  0.00000000  0.00000000  0.00000000  0.00000000 
  0.00124121  0.03309888  0.00000000  0.00000000  0.02169197  0.08242950  0.00433839  0.00000000  0.00000000  0.00000000  0.00000000  0.00000000 
  0.00089047  0.02448798  0.00000000  0.00000000  0.01133787  0.11111111  0.00226757  0.00000000  0.00000000  0.00000000  0.00000000  0.00000000 
  0.00088535  0.01814962  0.00000000  0.00000000  0.01226994  0.09815951  0.01226994  0.00817996  0.00000000  0.00000000  0.00000000  0.00000000 
  0.00229253  0.01742320  0.00000000  0.00000000  0.00498753  0.10224439  0.00498753  0.00498753  0.00000000  0.00000000  0.00000000  0.00000000 
  0.00319319  0.02075572  0.00000000  0.00000000  0.01265823  0.11139241  0.00506329  0.00759494  0.00000000  0.00000000  0.00000000  0.00000000 
  0.00179964  0.01679664  0.00000000  0.00000000  0.02108434  0.10240964  0.00602410  0.00602410  0.00000000  0.00000000  0.00000000  0.00000000 
  0.00387347  0.02324080  0.00000000  0.00000000  0.01311475  0.09180328  0.00000000  0.01311475  0.00000000  0.00000000  0.00000000  0.00000000 
  0.00391645  0.01436031  0.00000000  0.00000000  0.01355932  0.09830508  0.01694915  0.00677966  0.00000000  0.00000000  0.00000000  0.00000000 
  0.00557103  0.01253482  0.00000000  0.00000000  0.00940439  0.05956113  0.00313480  0.00000000  0.00000000  0.00000000  0.00000000  0.00000000 
  0.00577201  0.01515152  0.00000000  0.00000000  0.02582160  0.04694836  0.00469484  0.00000000  0.00000000  0.00000000  0.00000000  0.00000000 
  0.00203804  0.02309783  0.00000000  0.00000000  0.00566572  0.07082153  0.01133144  0.00566572  0.00000000  0.00000000  0.00000000  0.00000000 
  0.00508647  0.02238047  0.00000000  0.00000000  0.01253133  0.05263158  0.01253133  0.00250627  0.00000000  0.00000000  0.00000000  0.00000000 
  0.00102722  0.01181305  0.00000000  0.00000000  0.00000000  0.00389712  0.00000000  0.00077942  0.00000000  0.00000000  0.00000000  0.00000000 
  0.00141343  0.00706714  0.00000000  0.00000000  0.00000000  0.00787402  0.00000000  0.00000000  0.00000000  0.00000000  0.00000000  0.00000000 
  0.00089686  0.06636771  0.00000000  0.00000000  0.01564945  0.10015649  0.00312989  0.01721440  0.00000000  0.00000000  0.00000000  0.00000000 
  0.00161812  0.07847896  0.00000000  0.00000000  0.00324675  0.11688312  0.00000000  0.02272727  0.00000000  0.00000000  0.00000000  0.00000000 
  0.00288303  0.07125206  0.00000000  0.00000000  0.00647249  0.12783172  0.00161812  0.02750809  0.00000000  0.00000000  0.00000000  0.00000000 
  0.00233010  0.07262136  0.00000000  0.00000000  0.00862069  0.10517241  0.00344828  0.01379310  0.00000000  0.00000000  0.00000000  0.00000000 
  0.00000000  0.06585725  0.00000000  0.00000000  0.00758725  0.12746586  0.00151745  0.02124431  0.00000000  0.00000000  0.00000000  0.00000000 
  0.00267308  0.06014435  0.00000000  0.00000000  0.00361011  0.11552347  0.00240674  0.02286402  0.00000000  0.00000000  0.00000000  0.00000000 
  0.00309693  0.02477547  0.00000000  0.00000000  0.00577367  0.06928406  0.00000000  0.00230947  0.00000000  0.00000000  0.00000000  0.00000000 
  0.00684151  0.01140251  0.00000000  0.00000000  0.01065719  0.04085258  0.00177620  0.00000000  0.00000000  0.00000000  0.00000000  0.00000000 
  0.00787845  0.02194710  0.00000000  0.00000000  0.00584795  0.03947368  0.00292398  0.00146199  0.00000000  0.00000000  0.00000000  0.00000000 
  0.00506757  0.01731419  0.00000000  0.00000000  0.00230947  0.06004619  0.00115473  0.00461894  0.00000000  0.00000000  0.00000000  0.00000000 
  0.00368324  0.02071823  0.00000000  0.00000000  0.00447761  0.05820896  0.00298507  0.00895522  0.00000000  0.00000000  0.00000000  0.00000000 
  0.00180288  0.01923077  0.00000000  0.00000000  0.00191939  0.05950096  0.00383877  0.00383877  0.00000000  0.00000000  0.00000000  0.00000000 
  0.00091996  0.06071757  0.00000000  0.00000000  0.00338983  0.07796610  0.01355932  0.01016949  0.00000000  0.00000000  0.00000000  0.00000000 
  0.00490196  0.03860294  0.00000000  0.00000000  0.00445434  0.08685969  0.01113586  0.00890869  0.00000000  0.00000000  0.00000000  0.00000000 
  0.00663050  0.02652200  0.00000000  0.00000000  0.00618557  0.08865979  0.00000000  0.00412371  0.00000000  0.00000000  0.00000000  0.00000000 
  0.00706714  0.01707892  0.00000000  0.00000000  0.01930502  0.05598456  0.00772201  0.00386100  0.00000000  0.00000000  0.00000000  0.00000000 
  0.00575986  0.01683651  0.00000000  0.00000000  0.00460829  0.04377880  0.00115207  0.00115207  0.00000000  0.00000000  0.00000000  0.00000000 
  0.00423729  0.01977401  0.00000000  0.00000000  0.00363636  0.04242424  0.00121212  0.00121212  0.00000000  0.00000000  0.00000000  0.00000000 
  0.00418410  0.01506276  0.00000000  0.00000000  0.01101928  0.06336088  0.00275482  0.00550964  0.00000000  0.00000000  0.00000000  0.00000000 
  0.00486618  0.02189781  0.00000000  0.00000000  0.00246305  0.04679803  0.00246305  0.00738916  0.00000000  0.00000000  0.00000000  0.00000000 
  0.00679758  0.01661631  0.00000000  0.00000000  0.00963855  0.05060241  0.00240964  0.00240964  0.00000000  0.00000000  0.00000000  0.00000000 
  0.00696594  0.01418989  0.00000000  0.00000000  0.00705329  0.04310345  0.00470219  0.00078370  0.00000000  0.00000000  0.00000000  0.00000000 
  0.00438293  0.00991926  0.00000000  0.00000000  0.00607287  0.04588394  0.00337382  0.00067476  0.00000000  0.00000000  0.00000000  0.00000000 
  0.00383877  0.01305182  0.00000000  0.00000000  0.00512821  0.04769231  0.00205128  0.00102564  0.00000000  0.00000000  0.00000000  0.00000000 
  0.00413947  0.00907499  0.00000000  0.00000000  0.00609491  0.03352199  0.00174140  0.00348280  0.00000000  0.00000000  0.00000000  0.00000000 
  0.00420334  0.01090240  0.00000000  0.00000000  0.00532292  0.03903478  0.00212917  0.00106458  0.00000000  0.00000000  0.00000000  0.00000000 
  0.00545554  0.01172941  0.00000000  0.00000000  0.00540541  0.04324324  0.00386100  0.00308880  0.00000000  0.00000000  0.00000000  0.00000000 
  0.00296824  0.01543485  0.00000000  0.00000000  0.00523332  0.04448321  0.00261666  0.00261666  0.00000000  0.00000000  0.00000000  0.00000000 
  0.00550401  0.01415317  0.00000000  0.00000000  0.00661157  0.05619835  0.00220386  0.00165289  0.00000000  0.00000000  0.00000000  0.00000000 
  0.00310559  0.01518288  0.00000000  0.00000000  0.00772889  0.06123662  0.00356718  0.00237812  0.00000000  0.00000000  0.00000000  0.00000000 
  0.00373923  0.01446919  0.00000000  0.00000000  0.00374065  0.05860349  0.00685786  0.00311721  0.00000000  0.00000000  0.00000000  0.00000000 
  0.00524044  0.01340937  0.00000000  0.00000000  0.00860215  0.06810036  0.00501792  0.00215054  0.00000000  0.00000000  0.00000000  0.00000000 
  0.00262985  0.01068376  0.00000000  0.00000000  0.01068091  0.06408545  0.00200267  0.00400534  0.00000000  0.00000000  0.00000000  0.00000000 
  0.00368034  0.00876271  0.00000000  0.00000000  0.00739098  0.06060606  0.00295639  0.00517369  0.00000000  0.00000000  0.00000000  0.00000000 
  0.00545610  0.01074169  0.00000000  0.00000000  0.00569106  0.04552846  0.00650407  0.00569106  0.00000000  0.00000000  0.00000000  0.00000000 
  0.00425101  0.01437247  0.00000000  0.00000000  0.01195652  0.06847826  0.00543478  0.00326087  0.00000000  0.00000000  0.00000000  0.00000000 
  0.01155592  0.01527033  0.00000000  0.00000000  0.01366743  0.06605923  0.01366743  0.00455581  0.00000000  0.00000000  0.00000000  0.00000000 
  0.00546022  0.01404056  0.00000000  0.00000000  0.01253918  0.07210031  0.00000000  0.00940439  0.00000000  0.00000000  0.00000000  0.00000000 
  0.00587467  0.01631854  0.00000000  0.00000000  0.00800000  0.05333333  0.00533333  0.00266667  0.00000000  0.00000000  0.00000000  0.00000000 
  0.00582848  0.01582015  0.00000000  0.00000000  0.00664452  0.06644518  0.00996678  0.00332226  0.00000000  0.00000000  0.00000000  0.00000000 
  0.00781720  0.02104630  0.00000000  0.00000000  0.01319261  0.07387863  0.00000000  0.00000000  0.00000000  0.00000000  0.00000000  0.00000000 
  0.01241927  0.01738698  0.00000000  0.00000000  0.01882845  0.08786611  0.00000000  0.00000000  0.00000000  0.00000000  0.00000000  0.00000000 
  0.00858506  0.01653418  0.00000000  0.00000000  0.01410935  0.08289242  0.00881834  0.00176367  0.00000000  0.00000000  0.00000000  0.00000000 
  0.00528806  0.01057612  0.00000000  0.00000000  0.01651376  0.07155963  0.00550459  0.00000000  0.00000000  0.00000000  0.00000000  0.00000000 
  0.00571945  0.00903070  0.00000000  0.00000000  0.02425876  0.08625337  0.00808625  0.00808625  0.00000000  0.00000000  0.00000000  0.00000000 
  0.00563864  0.00931601  0.00000000  0.00000000  0.02127660  0.12234043  0.00531915  0.01329787  0.00000000  0.00000000  0.00000000  0.00000000 
  0.00821852  0.01498671  0.00000000  0.00000000  0.03361345  0.10364146  0.00840336  0.02521008  0.00000000  0.00000000  0.00000000  0.00000000 
  0.01355381  0.01355381  0.00000000  0.00000000  0.03313253  0.09939759  0.01204819  0.01204819  0.00000000  0.00000000  0.00000000  0.00000000 
  0.01320233  0.01811483  0.00000000  0.00000000  0.01071429  0.10357143  0.00357143  0.01071429  0.00000000  0.00000000  0.00000000  0.00000000 
  0.00725138  0.01174033  0.00000000  0.00000000  0.00643087  0.06752412  0.00000000  0.00643087  0.00000000  0.00000000  0.00000000  0.00000000 
  0.00694927  0.01355108  0.00000000  0.00000000  0.01672241  0.10702341  0.00334448  0.00668896  0.00000000  0.00000000  0.00000000  0.00000000 
  0.00655359  0.01734773  0.00000000  0.00000000  0.01724138  0.09655172  0.02068966  0.01034483  0.00000000  0.00000000  0.00000000  0.00000000 
  0.00996678  0.01281443  0.00000000  0.00000000  0.00687285  0.07560137  0.01030928  0.00000000  0.00000000  0.00000000  0.00000000  0.00000000 
  0.00502513  0.01381910  0.00000000  0.00000000  0.00588235  0.08235294  0.00000000  0.00588235  0.00000000  0.00000000  0.00000000  0.00000000 
  0.00417246  0.00973574  0.00000000  0.00000000  0.01562500  0.05729167  0.01041667  0.00520833  0.00000000  0.00000000  0.00000000  0.00000000 
  0.00529801  0.01898455  0.00000000  0.00000000  0.00481928  0.08433735  0.00481928  0.00963855  0.00000000  0.00000000  0.00000000  0.00000000 
  0.00676041  0.01622499  0.00000000  0.00000000  0.00534759  0.08556150  0.00133690  0.00668449  0.00000000  0.00000000  0.00000000  0.00000000 
  0.00545455  0.01727273  0.00000000  0.00000000  0.00764818  0.09751434  0.00095602  0.00286807  0.00000000  0.00000000  0.00000000  0.00000000 
  0.00504236  0.01996773  0.00000000  0.00000000  0.01221498  0.09120521  0.00488599  0.00162866  0.00000000  0.00000000  0.00000000  0.00000000 
  0.00547495  0.02874350  0.00000000  0.00000000  0.01526032  0.11490126  0.00897666  0.00269300  0.00000000  0.00000000  0.00000000  0.00000000 
  0.01204819  0.04026633  0.00000000  0.00000000  0.01395731  0.12479475  0.00492611  0.01067323  0.00000000  0.00000000  0.00000000  0.00000000 
  0.00772430  0.03624480  0.00000000  0.00000000  0.01006289  0.10691824  0.00628931  0.01383648  0.00000000  0.00000000  0.00000000  0.00000000 
