  0.00551769  0.03278156  0.00000000  0.00000000  0.01205479  0.10246575  0.00493151  0.00712329  0.00000000  0.00000000  0.00000000  0.00000000 
  0.00644745  0.03384913  0.00000000  0.00000000  0.01363636  0.11306818  0.00227273  0.00795455  0.00000000  0.00000000  0.00000000  0.00000000 
  0.00764192  0.01883188  0.00000000  0.00000000  0.00903471  0.08511650  0.00237756  0.00665716  0.00000000  0.00000000  0.00000000  0.00000000 
  0.00673854  0.02002310  0.00000000  0.00000000  0.01221525  0.08286563  0.00726312  0.00396170  0.00000000  0.00000000  0.00000000  0.00000000 
  0.00685312  0.01796629  0.00000000  0.00000000  0.01422623  0.07147814  0.00763359  0.00451076  0.00000000  0.00000000  0.00000000  0.00000000 
  0.00491958  0.01400189  0.00000000  0.00000000  0.01515152  0.07609428  0.00740741  0.00336700  0.00000000  0.00000000  0.00000000  0.00000000 
  0.00996396  0.01399194  0.00000000  0.00000000  0.01202233  0.05710605  0.00601116  0.00300558  0.00000000  0.00000000  0.00000000  0.00000000 
  0.00861244  0.01483254  0.00000000  0.00000000  0.01587302  0.05714286  0.00423280  0.00105820  0.00000000  0.00000000  0.00000000  0.00000000 
  0.00208333  0.02500000  0.00000000  0.00000000  0.01507538  0.08542714  0.02010050  0.00000000  0.00000000  0.00000000  0.00000000  0.00000000 
  0.01243523  0.02383420  0.00000000  0.00000000  0.01225490  0.09558824  0.00980392  0.00000000  0.00000000  0.00000000  0.00000000  0.00000000 
  0.01020801  0.01483051  0.00000000  0.00000000  0.01173709  0.06494523  0.00704225  0.00391236  0.00000000  0.00000000  0.00000000  0.00000000 
  0.00801302  0.01452360  0.00000000  0.00000000  0.00992282  0.07552370  0.00716648  0.00220507  0.00000000  0.00000000  0.00000000  0.00000000 
  0.00932467  0.01483470  0.00000000  0.00000000  0.00987045  0.06971006  0.00555213  0.00493523  0.00000000  0.00000000  0.00000000  0.00000000 
  0.00733301  0.01673840  0.00000000  0.00000000  0.00726979  0.07592892  0.00242326  0.00565428  0.00000000  0.00000000  0.00000000  0.00000000 
  0.00725126  0.01062395  0.00000000  0.00000000  0.01614087  0.07116654  0.00586941  0.00733676  0.00000000  0.00000000  0.00000000  0.00000000 
  0.00555182  0.01228129  0.00000000  0.00000000  0.00910364  0.05392157  0.00560224  0.00420168  0.00000000  0.00000000  0.00000000  0.00000000 
  0.00717743  0.01018194  0.00000000  0.00000000  0.00760719  0.06708160  0.00138313  0.00138313  0.00000000  0.00000000  0.00000000  0.00000000 
  0.00475140  0.01204819  0.00000000  0.00000000  0.00909091  0.04825175  0.00279720  0.00139860  0.00000000  0.00000000  0.00000000  0.00000000 
  0.00620000  0.01260000  0.00000000  0.00000000  0.00838223  0.07376362  0.00335289  0.00000000  0.00000000  0.00000000  0.00000000  0.00000000 
  0.00438422  0.01135911  0.00000000  0.00000000  0.00334448  0.05602007  0.00250836  0.00501672  0.00000000  0.00000000  0.00000000  0.00000000 
  0.00430528  0.01076321  0.00000000  0.00000000  0.00377929  0.05895692  0.00151172  0.00453515  0.00000000  0.00000000  0.00000000  0.00000000 
  0.00461538  0.01000000  0.00000000  0.00000000  0.00334728  0.05523013  0.00334728  0.00502092  0.00000000  0.00000000  0.00000000  0.00000000 
  0.00380389  0.01310228  0.00000000  0.00000000  0.00677966  0.05423729  0.00000000  0.00564972  0.00000000  0.00000000  0.00000000  0.00000000 
  0.00321543  0.00964630  0.00000000  0.00000000  0.00423729  0.04661017  0.00423729  0.00423729  0.00000000  0.00000000  0.00000000  0.00000000 
  0.00301508  0.02311558  0.00000000  0.00000000  0.01094891  0.05109489  0.00000000  0.00364964  0.00000000  0.00000000  0.00000000  0.00000000 
  0.00482936  0.01287830  0.00000000  0.00000000  0.00415800  0.04573805  0.00103950  0.00415800  0.00000000  0.00000000  0.00000000  0.00000000 
  0.00634357  0.01091094  0.00000000  0.00000000  0.00599315  0.06164384  0.00513699  0.00000000  0.00000000  0.00000000  0.00000000  0.00000000 
  0.00874126  0.01068376  0.00000000  0.00000000  0.00608519  0.07302231  0.00202840  0.00304260  0.00000000  0.00000000  0.00000000  0.00000000 
  0.00833470  0.00996895  0.00000000  0.00000000  0.00418848  0.06701571  0.00209424  0.00314136  0.00000000  0.00000000  0.00000000  0.00000000 
  0.00774315  0.01416431  0.00000000  0.00000000  0.00835655  0.06267409  0.00974930  0.00417827  0.00000000  0.00000000  0.00000000  0.00000000 
  0.00931341  0.02165909  0.00000000  0.00000000  0.00559441  0.06433566  0.00000000  0.00139860  0.00000000  0.00000000  0.00000000  0.00000000 
  0.01136364  0.01978114  0.00000000  0.00000000  0.01759531  0.06451613  0.00000000  0.00000000  0.00000000  0.00000000  0.00000000  0.00000000 
  0.00642523  0.01070872  0.00000000  0.00000000  0.00310559  0.06521739  0.00776398  0.00155280  0.00000000  0.00000000  0.00000000  0.00000000 
  0.00494001  0.01058574  0.00000000  0.00000000  0.00719424  0.06235012  0.00479616  0.00239808  0.00000000  0.00000000  0.00000000  0.00000000 
  0.00657501  0.01275154  0.00000000  0.00000000  0.00369458  0.06896552  0.00369458  0.00246305  0.00000000  0.00000000  0.00000000  0.00000000 
  0.00498753  0.00952165  0.00000000  0.00000000  0.00457875  0.07051282  0.00641026  0.00274725  0.00000000  0.00000000  0.00000000  0.00000000 
  0.00506634  0.01013269  0.00000000  0.00000000  0.00638978  0.05644302  0.00212993  0.00212993  0.00000000  0.00000000  0.00000000  0.00000000 
  0.00867479  0.01310447  0.00000000  0.00000000  0.00603622  0.05835010  0.00804829  0.00503018  0.00000000  0.00000000  0.00000000  0.00000000 
  0.00717978  0.02125215  0.00000000  0.00000000  0.00981997  0.06055646  0.00327332  0.00163666  0.00000000  0.00000000  0.00000000  0.00000000 
  0.00541842  0.01866346  0.00000000  0.00000000  0.00991501  0.07082153  0.00849858  0.00566572  0.00000000  0.00000000  0.00000000  0.00000000 
  0.00539142  0.01293940  0.00000000  0.00000000  0.00667302  0.05338418  0.00667302  0.00095329  0.00000000  0.00000000  0.00000000  0.00000000 
  0.00387764  0.01335631  0.00000000  0.00000000  0.00828729  0.05709024  0.00276243  0.00460405  0.00000000  0.00000000  0.00000000  0.00000000 
  0.00353165  0.01195327  0.00000000  0.00000000  0.00102249  0.04703476  0.00204499  0.00204499  0.00000000  0.00000000  0.00000000  0.00000000 
  0.00386380  0.01183289  0.00000000  0.00000000  0.00736648  0.06906077  0.00092081  0.00276243  0.00000000  0.00000000  0.00000000  0.00000000 
  0.00741290  0.01655547  0.00000000  0.00000000  0.01427115  0.06931702  0.00203874  0.00407747  0.00000000  0.00000000  0.00000000  0.00000000 
  0.00643974  0.01870592  0.00000000  0.00000000  0.01472557  0.06157965  0.00267738  0.00133869  0.00000000  0.00000000  0.00000000  0.00000000 
  0.00876908  0.02176031  0.00000000  0.00000000  0.00324149  0.05186386  0.00162075  0.00324149  0.00000000  0.00000000  0.00000000  0.00000000 
  0.00829738  0.01427149  0.00000000  0.00000000  0.00795229  0.06560636  0.00795229  0.00397614  0.00000000  0.00000000  0.00000000  0.00000000 
  0.01252700  0.01987041  0.00000000  0.00000000  0.00550964  0.08539945  0.00275482  0.00275482  0.00000000  0.00000000  0.00000000  0.00000000 
  0.00388727  0.01554908  0.00000000  0.00000000  0.01328904  0.08637874  0.00000000  0.00000000  0.00000000  0.00000000  0.00000000  0.00000000 
  0.00700607  0.01494629  0.00000000  0.00000000  0.01486989  0.09665428  0.00000000  0.00371747  0.00000000  0.00000000  0.00000000  0.00000000 
  0.00789474  0.02000000  0.00000000  0.00000000  0.00568182  0.04545455  0.00000000  0.01136364  0.00000000  0.00000000  0.00000000  0.00000000 
  0.00558376  0.01675127  0.00000000  0.00000000  0.00000000  0.09205021  0.00836820  0.02092050  0.00000000  0.00000000  0.00000000  0.00000000 
  0.00535019  0.02042802  0.00000000  0.00000000  0.00777202  0.13212435  0.00518135  0.00777202  0.00000000  0.00000000  0.00000000  0.00000000 
  0.00804543  0.00946522  0.00000000  0.00000000  0.01020408  0.11224490  0.01190476  0.00170068  0.00000000  0.00000000  0.00000000  0.00000000 
  0.00731261  0.01188300  0.00000000  0.00000000  0.01968504  0.13517060  0.00656168  0.00656168  0.00000000  0.00000000  0.00000000  0.00000000 
  0.00514756  0.01921757  0.00000000  0.00000000  0.01036269  0.15336788  0.00621762  0.00621762  0.00000000  0.00000000  0.00000000  0.00000000 
  0.00788596  0.01607522  0.00000000  0.00000000  0.01005868  0.12824811  0.00419111  0.00251467  0.00000000  0.00000000  0.00000000  0.00000000 
  0.00844674  0.01548569  0.00000000  0.00000000  0.02626642  0.10506567  0.00375235  0.00187617  0.00000000  0.00000000  0.00000000  0.00000000 
  0.00500000  0.02100000  0.00000000  0.00000000  0.00546448  0.08743169  0.01092896  0.00000000  0.00000000  0.00000000  0.00000000  0.00000000 
  0.00770416  0.02388290  0.00000000  0.00000000  0.01498127  0.10486891  0.00000000  0.00749064  0.00000000  0.00000000  0.00000000  0.00000000 
  0.00709220  0.02236770  0.00000000  0.00000000  0.01626016  0.09959350  0.00609756  0.00609756  0.00000000  0.00000000  0.00000000  0.00000000 
  0.00369198  0.02531646  0.00000000  0.00000000  0.01376936  0.10843373  0.00344234  0.00172117  0.00000000  0.00000000  0.00000000  0.00000000 
  0.00787402  0.01856018  0.00000000  0.00000000  0.01232394  0.09330986  0.00176056  0.00528169  0.00000000  0.00000000  0.00000000  0.00000000 
  0.00921659  0.02304147  0.00000000  0.00000000  0.01634473  0.08469539  0.00742942  0.00297177  0.00000000  0.00000000  0.00000000  0.00000000 
  0.00908698  0.01817395  0.00000000  0.00000000  0.01986755  0.06953642  0.00000000  0.00331126  0.00000000  0.00000000  0.00000000  0.00000000 
  0.00876494  0.02270916  0.00000000  0.00000000  0.01377119  0.07521186  0.00000000  0.00317797  0.00000000  0.00000000  0.00000000  0.00000000 
  0.00545531  0.01804448  0.00000000  0.00000000  0.01412714  0.07769929  0.00302725  0.00302725  0.00000000  0.00000000  0.00000000  0.00000000 
  0.00458926  0.01881597  0.00000000  0.00000000  0.01766304  0.10326087  0.00407609  0.00543478  0.00000000  0.00000000  0.00000000  0.00000000 
  0.00516351  0.01462995  0.00000000  0.00000000  0.00505051  0.08207071  0.00757576  0.00378788  0.00000000  0.00000000  0.00000000  0.00000000 
  0.00755668  0.01595298  0.00000000  0.00000000  0.01318945  0.07673861  0.00599520  0.00000000  0.00000000  0.00000000  0.00000000  0.00000000 
  0.01076923  0.02102564  0.00000000  0.00000000  0.00611621  0.07186544  0.00152905  0.00152905  0.00000000  0.00000000  0.00000000  0.00000000 
  0.00993172  0.01924271  0.00000000  0.00000000  0.01250000  0.10178571  0.01071429  0.00178571  0.00000000  0.00000000  0.00000000  0.00000000 
  0.01133391  0.01394943  0.00000000  0.00000000  0.02711864  0.11864407  0.01355932  0.01016949  0.00000000  0.00000000  0.00000000  0.00000000 
  0.00776915  0.01331853  0.00000000  0.00000000  0.01838235  0.10661765  0.02205882  0.00735294  0.00000000  0.00000000  0.00000000  0.00000000 
  0.00655022  0.01746725  0.00000000  0.00000000  0.03311258  0.11258278  0.01324503  0.00331126  0.00000000  0.00000000  0.00000000  0.00000000 
  0.00401606  0.01405622  0.00000000  0.00000000  0.03196347  0.11415525  0.02283105  0.00456621  0.00000000  0.00000000  0.00000000  0.00000000 
  0.00648508  0.01167315  0.00000000  0.00000000  0.00719424  0.12230216  0.02877698  0.00000000  0.00000000  0.00000000  0.00000000  0.00000000 
  0.00707965  0.03008850  0.00000000  0.00000000  0.01282051  0.10256410  0.01282051  0.00000000  0.00000000  0.00000000  0.00000000  0.00000000 
  0.00591716  0.02366864  0.00000000  0.00000000  0.00000000  0.02597403  0.00000000  0.01948052  0.00000000  0.00000000  0.00000000  0.00000000 
  0.00989011  0.01318681  0.00000000  0.00000000  0.00000000  0.04395604  0.00549451  0.00549451  0.00000000  0.00000000  0.00000000  0.00000000 
  0.00650503  0.00946186  0.00000000  0.00000000  0.00431034  0.06465517  0.00431034  0.00862069  0.00000000  0.00000000  0.00000000  0.00000000 
