  0.00421053  0.01684211  0.00000000  0.00000000  0.00000000  0.07692308  0.02564103  0.00000000  0.00000000  0.00000000  0.00000000  0.00000000 
  0.00000000  0.05882353  0.00000000  0.00000000  0.00000000  0.25000000  0.00000000  0.00000000  0.00000000  0.00000000  0.00000000  0.00000000 
  0.00178784  0.00059595  0.00000000  0.00000000  0.00611621  0.05351682  0.00000000  0.00000000  0.00000000  0.00000000  0.00000000  0.00000000 
  0.00000000  0.00059102  0.00000000  0.00000000  0.00344432  0.00688863  0.00114811  0.00000000  0.00000000  0.00000000  0.00000000  0.00000000 
  0.01288660  0.02061856  0.00000000  0.00000000  0.00000000  0.03636364  0.01818182  0.00000000  0.00000000  0.00000000  0.00000000  0.00000000 
  0.00807537  0.02960969  0.00000000  0.00000000  0.04545455  0.13636364  0.00000000  0.00000000  0.00000000  0.00000000  0.00000000  0.00000000 
  0.00550459  0.02477064  0.00000000  0.00000000  0.00000000  0.12500000  0.00000000  0.00000000  0.00000000  0.00000000  0.00000000  0.00000000 
  0.00781250  0.01215278  0.00000000  0.00000000  0.08695652  0.17391304  0.00000000  0.04347826  0.00000000  0.00000000  0.00000000  0.00000000 
  0.00721154  0.01442308  0.00000000  0.00000000  0.03030303  0.15151515  0.00000000  0.00000000  0.00000000  0.00000000  0.00000000  0.00000000 
  0.01059322  0.01483051  0.00000000  0.00000000  0.05000000  0.07500000  0.02500000  0.00000000  0.00000000  0.00000000  0.00000000  0.00000000 
  0.01289134  0.01289134  0.00000000  0.00000000  0.04000000  0.16000000  0.06000000  0.00000000  0.00000000  0.00000000  0.00000000  0.00000000 
  0.01357733  0.01357733  0.00000000  0.00000000  0.06097561  0.09756098  0.01219512  0.00000000  0.00000000  0.00000000  0.00000000  0.00000000 
  0.00938708  0.01159580  0.00000000  0.00000000  0.04761905  0.11904762  0.01190476  0.01190476  0.00000000  0.00000000  0.00000000  0.00000000 
  0.00836203  0.01278898  0.00000000  0.00000000  0.01538462  0.11538462  0.00000000  0.00000000  0.00000000  0.00000000  0.00000000  0.00000000 
  0.00882786  0.01716528  0.00000000  0.00000000  0.00877193  0.14035088  0.00000000  0.00000000  0.00000000  0.00000000  0.00000000  0.00000000 
  0.00771208  0.01606684  0.00000000  0.00000000  0.02564103  0.08974359  0.01282051  0.00000000  0.00000000  0.00000000  0.00000000  0.00000000 
  0.00536913  0.01744966  0.00000000  0.00000000  0.01176471  0.15294118  0.00588235  0.00000000  0.00000000  0.00000000  0.00000000  0.00000000 
  0.00677966  0.01762712  0.00000000  0.00000000  0.02714932  0.11312217  0.01809955  0.00000000  0.00000000  0.00000000  0.00000000  0.00000000 
  0.00375094  0.01650413  0.00000000  0.00000000  0.02369668  0.09004739  0.00000000  0.00473934  0.00000000  0.00000000  0.00000000  0.00000000 
  0.00479781  0.01233722  0.00000000  0.00000000  0.01673640  0.07531381  0.00836820  0.00000000  0.00000000  0.00000000  0.00000000  0.00000000 
  0.00893356  0.02121720  0.00000000  0.00000000  0.02020202  0.06397306  0.01010101  0.01010101  0.00000000  0.00000000  0.00000000  0.00000000 
  0.01141553  0.01541096  0.00000000  0.00000000  0.02459016  0.11065574  0.01229508  0.00409836  0.00000000  0.00000000  0.00000000  0.00000000 
  0.01007787  0.02794320  0.00000000  0.00000000  0.02102102  0.09609610  0.00900901  0.00600601  0.00000000  0.00000000  0.00000000  0.00000000 
  0.00718649  0.02443406  0.00000000  0.00000000  0.01202405  0.11222445  0.00000000  0.00601202  0.00000000  0.00000000  0.00000000  0.00000000 
  0.00546097  0.02280758  0.00000000  0.00000000  0.01166667  0.11833333  0.01000000  0.00833333  0.00000000  0.00000000  0.00000000  0.00000000 
  0.00767165  0.02876870  0.00000000  0.00000000  0.00164745  0.09555189  0.00329489  0.00494234  0.00000000  0.00000000  0.00000000  0.00000000 
  0.00723404  0.01829787  0.00000000  0.00000000  0.00495050  0.07920792  0.00165017  0.00330033  0.00000000  0.00000000  0.00000000  0.00000000 
  0.00508011  0.02344666  0.00000000  0.00000000  0.00680272  0.09013605  0.00170068  0.00170068  0.00000000  0.00000000  0.00000000  0.00000000 
  0.00581846  0.02637704  0.00000000  0.00000000  0.01088929  0.07803993  0.00362976  0.00544465  0.00000000  0.00000000  0.00000000  0.00000000 
  0.00977199  0.02540717  0.00000000  0.00000000  0.00742574  0.07673267  0.00742574  0.01732673  0.00000000  0.00000000  0.00000000  0.00000000 
  0.01387604  0.01572618  0.00000000  0.00000000  0.01423488  0.08540925  0.00355872  0.00355872  0.00000000  0.00000000  0.00000000  0.00000000 
  0.00806452  0.03467742  0.00000000  0.00000000  0.01023891  0.08532423  0.00682594  0.00341297  0.00000000  0.00000000  0.00000000  0.00000000 
  0.00448430  0.01793722  0.00000000  0.00000000  0.00000000  0.11320755  0.00000000  0.00000000  0.00000000  0.00000000  0.00000000  0.00000000 
  0.00620347  0.03101737  0.00000000  0.00000000  0.03278689  0.14754098  0.01639344  0.00000000  0.00000000  0.00000000  0.00000000  0.00000000 
  0.00459770  0.02068966  0.00000000  0.00000000  0.02068966  0.09655172  0.00689655  0.02068966  0.00000000  0.00000000  0.00000000  0.00000000 
  0.00528402  0.02113606  0.00000000  0.00000000  0.02046784  0.08187135  0.00877193  0.00584795  0.00000000  0.00000000  0.00000000  0.00000000 
  0.00477327  0.02147971  0.00000000  0.00000000  0.00000000  0.09090909  0.00000000  0.01398601  0.00000000  0.00000000  0.00000000  0.00000000 
  0.00498339  0.01495017  0.00000000  0.00000000  0.00000000  0.08494208  0.00000000  0.01158301  0.00000000  0.00000000  0.00000000  0.00000000 
  0.00687758  0.01581843  0.00000000  0.00000000  0.02153846  0.08615385  0.00307692  0.00615385  0.00000000  0.00000000  0.00000000  0.00000000 
  0.00600601  0.01681682  0.00000000  0.00000000  0.02409639  0.09036145  0.01506024  0.01204819  0.00000000  0.00000000  0.00000000  0.00000000 
  0.00423729  0.01165254  0.00000000  0.00000000  0.01015228  0.08375635  0.00507614  0.00253807  0.00000000  0.00000000  0.00000000  0.00000000 
  0.00412159  0.01184956  0.00000000  0.00000000  0.03155340  0.07766990  0.00000000  0.01213592  0.00000000  0.00000000  0.00000000  0.00000000 
  0.00873362  0.01455604  0.00000000  0.00000000  0.01709402  0.09401709  0.01424501  0.00569801  0.00000000  0.00000000  0.00000000  0.00000000 
  0.00803213  0.01485944  0.00000000  0.00000000  0.01522843  0.09898477  0.00507614  0.00000000  0.00000000  0.00000000  0.00000000  0.00000000 
  0.00811908  0.01082544  0.00000000  0.00000000  0.01348315  0.10112360  0.01348315  0.00224719  0.00000000  0.00000000  0.00000000  0.00000000 
  0.00686213  0.00810979  0.00000000  0.00000000  0.01428571  0.08571429  0.01142857  0.00285714  0.00000000  0.00000000  0.00000000  0.00000000 
  0.00572618  0.01197293  0.00000000  0.00000000  0.01362398  0.10081744  0.00544959  0.00000000  0.00000000  0.00000000  0.00000000  0.00000000 
  0.00610501  0.01017501  0.00000000  0.00000000  0.02350814  0.08137432  0.01446655  0.00361664  0.00000000  0.00000000  0.00000000  0.00000000 
  0.00552268  0.00986193  0.00000000  0.00000000  0.02254098  0.10450820  0.00409836  0.00000000  0.00000000  0.00000000  0.00000000  0.00000000 
  0.00236500  0.01261332  0.00000000  0.00000000  0.01781737  0.11358575  0.00668151  0.00222717  0.00000000  0.00000000  0.00000000  0.00000000 
  0.00403714  0.00888171  0.00000000  0.00000000  0.01394422  0.11155378  0.00199203  0.00597610  0.00000000  0.00000000  0.00000000  0.00000000 
  0.00605778  0.01118360  0.00000000  0.00000000  0.01398601  0.09324009  0.00699301  0.00699301  0.00000000  0.00000000  0.00000000  0.00000000 
  0.00390625  0.00732422  0.00000000  0.00000000  0.02827763  0.11311054  0.00771208  0.00514139  0.00000000  0.00000000  0.00000000  0.00000000 
  0.00425080  0.00850159  0.00000000  0.00000000  0.00719424  0.09832134  0.00479616  0.00000000  0.00000000  0.00000000  0.00000000  0.00000000 
  0.00445324  0.01187531  0.00000000  0.00000000  0.02030457  0.06091371  0.00761421  0.00507614  0.00000000  0.00000000  0.00000000  0.00000000 
  0.00433168  0.00990099  0.00000000  0.00000000  0.00892857  0.09226190  0.01190476  0.00297619  0.00000000  0.00000000  0.00000000  0.00000000 
