  0.00000000  0.19191919  0.00000000  0.00000000  0.00000000  0.27142857  0.00000000  0.20000000  0.00000000  0.00000000  0.00000000  0.00000000 
  0.00000000  0.19306931  0.00000000  0.00000000  0.00000000  0.42168675  0.00000000  0.14457831  0.00000000  0.00000000  0.00000000  0.00000000 
  0.00564972  0.15819209  0.00000000  0.00000000  0.00000000  0.20338983  0.00000000  0.13559322  0.00000000  0.00000000  0.00000000  0.00000000 
  0.00000000  0.14925373  0.00000000  0.00000000  0.00000000  0.21311475  0.00000000  0.11475410  0.00000000  0.00000000  0.00000000  0.00000000 
  0.00000000  0.18942731  0.00000000  0.00000000  0.00000000  0.19444444  0.00000000  0.09722222  0.00000000  0.00000000  0.00000000  0.00000000 
  0.00000000  0.17616580  0.00000000  0.00000000  0.00000000  0.17647059  0.01470588  0.10294118  0.00000000  0.00000000  0.00000000  0.00000000 
  0.01000000  0.14500000  0.00000000  0.00000000  0.01851852  0.20370370  0.00000000  0.12962963  0.00000000  0.00000000  0.00000000  0.00000000 
  0.00549451  0.15384615  0.00000000  0.00000000  0.00000000  0.16949153  0.00000000  0.13559322  0.00000000  0.00000000  0.00000000  0.00000000 
  0.00000000  0.07352941  0.00000000  0.00000000  0.00000000  0.18181818  0.00000000  0.18181818  0.00000000  0.00000000  0.00000000  0.00000000 
  0.00000000  0.10909091  0.00000000  0.00000000  0.00000000  0.27142857  0.00000000  0.04285714  0.00000000  0.00000000  0.00000000  0.00000000 
  0.00000000  0.18877551  0.00000000  0.00000000  0.00000000  0.19819820  0.00000000  0.09009009  0.00000000  0.00000000  0.00000000  0.00000000 
  0.00462963  0.13425926  0.00000000  0.00000000  0.00000000  0.30769231  0.00000000  0.06410256  0.00000000  0.00000000  0.00000000  0.00000000 
  0.00000000  0.13065327  0.00000000  0.00000000  0.00000000  0.20000000  0.00000000  0.07777778  0.00000000  0.00000000  0.00000000  0.00000000 
  0.00000000  0.10859729  0.00000000  0.00000000  0.00000000  0.25287356  0.00000000  0.06896552  0.00000000  0.00000000  0.00000000  0.00000000 
  0.00000000  0.17152104  0.00000000  0.00000000  0.00719424  0.22302158  0.00000000  0.08633094  0.00000000  0.00000000  0.00000000  0.00000000 
  0.00000000  0.14218009  0.00000000  0.00000000  0.00000000  0.21818182  0.00000000  0.10909091  0.00000000  0.00000000  0.00000000  0.00000000 
  0.00000000  0.13615023  0.00000000  0.00000000  0.00000000  0.15189873  0.00000000  0.12658228  0.00000000  0.00000000  0.00000000  0.00000000 
  0.00393701  0.17716535  0.00000000  0.00000000  0.00000000  0.22093023  0.00000000  0.05813953  0.00000000  0.00000000  0.00000000  0.00000000 
  0.00384615  0.18076923  0.00000000  0.00000000  0.00000000  0.22641509  0.00000000  0.14150943  0.00000000  0.00000000  0.00000000  0.00000000 
  0.00480769  0.16826923  0.00000000  0.00000000  0.00000000  0.28915663  0.00000000  0.08433735  0.00000000  0.00000000  0.00000000  0.00000000 
  0.00000000  0.20879121  0.00000000  0.00000000  0.00000000  0.30000000  0.00000000  0.12500000  0.00000000  0.00000000  0.00000000  0.00000000 
  0.00000000  0.11242604  0.00000000  0.00000000  0.00000000  0.24590164  0.00000000  0.14754098  0.00000000  0.00000000  0.00000000  0.00000000 
  0.00000000  0.21311475  0.00000000  0.00000000  0.00000000  0.30303030  0.00000000  0.13636364  0.00000000  0.00000000  0.00000000  0.00000000 
  0.00000000  0.20652174  0.00000000  0.00000000  0.00000000  0.24637681  0.00000000  0.08695652  0.00000000  0.00000000  0.00000000  0.00000000 
  0.00000000  0.22435897  0.00000000  0.00000000  0.00000000  0.20754717  0.00000000  0.15094340  0.00000000  0.00000000  0.00000000  0.00000000 
  0.00505051  0.18181818  0.00000000  0.00000000  0.01315789  0.26315789  0.00000000  0.11842105  0.00000000  0.00000000  0.00000000  0.00000000 
  0.00000000  0.19565217  0.00000000  0.00000000  0.00000000  0.29166667  0.00000000  0.19444444  0.00000000  0.00000000  0.00000000  0.00000000 
  0.00000000  0.17472119  0.00000000  0.00000000  0.00000000  0.38129496  0.00000000  0.16546763  0.00000000  0.00000000  0.00000000  0.00000000 
  0.00000000  0.22666667  0.00000000  0.00000000  0.00000000  0.29807692  0.00000000  0.21153846  0.00000000  0.00000000  0.00000000  0.00000000 
  0.00000000  0.28346457  0.00000000  0.00000000  0.00000000  0.28865979  0.00000000  0.09278351  0.00000000  0.00000000  0.00000000  0.00000000 
  0.00440529  0.22466960  0.00000000  0.00000000  0.01063830  0.18085106  0.00000000  0.09574468  0.00000000  0.00000000  0.00000000  0.00000000 
  0.00529101  0.11111111  0.00000000  0.00000000  0.01265823  0.15189873  0.00000000  0.08860759  0.00000000  0.00000000  0.00000000  0.00000000 
  0.00000000  0.11068702  0.00000000  0.00000000  0.00000000  0.18518519  0.00000000  0.06481481  0.00000000  0.00000000  0.00000000  0.00000000 
  0.00358423  0.12186380  0.00000000  0.00000000  0.00000000  0.16000000  0.00000000  0.06000000  0.00000000  0.00000000  0.00000000  0.00000000 
  0.00000000  0.11111111  0.00000000  0.00000000  0.00000000  0.19791667  0.00000000  0.10416667  0.00000000  0.00000000  0.00000000  0.00000000 
  0.00000000  0.10055866  0.00000000  0.00000000  0.00763359  0.19083969  0.00000000  0.13740458  0.00000000  0.00000000  0.00000000  0.00000000 
  0.00000000  0.15503876  0.00000000  0.00000000  0.00000000  0.18045113  0.00000000  0.09022556  0.00000000  0.00000000  0.00000000  0.00000000 
  0.00000000  0.12132353  0.00000000  0.00000000  0.00000000  0.14705882  0.00000000  0.12745098  0.00000000  0.00000000  0.00000000  0.00000000 
  0.00359712  0.12949640  0.00000000  0.00000000  0.00000000  0.18978102  0.00000000  0.09489051  0.00000000  0.00000000  0.00000000  0.00000000 
  0.00000000  0.12380952  0.00000000  0.00000000  0.00000000  0.16406250  0.00000000  0.07031250  0.00000000  0.00000000  0.00000000  0.00000000 
  0.00327869  0.11803279  0.00000000  0.00000000  0.00000000  0.13483146  0.00000000  0.07865169  0.00000000  0.00000000  0.00000000  0.00000000 
