  0.00000000  0.01489362  0.00000000  0.00000000  0.00699301  0.05594406  0.00000000  0.00349650  0.00000000  0.00000000  0.00000000  0.00000000 
  0.00189753  0.01328273  0.00000000  0.00000000  0.00000000  0.03869048  0.00000000  0.00000000  0.00000000  0.00000000  0.00000000  0.00000000 
  0.00177620  0.00532860  0.00000000  0.00000000  0.00000000  0.02839117  0.00000000  0.00000000  0.00000000  0.00000000  0.00000000  0.00000000 
  0.00202840  0.01217039  0.00000000  0.00000000  0.00000000  0.02325581  0.00000000  0.00290698  0.00000000  0.00000000  0.00000000  0.00000000 
  0.00209205  0.00627615  0.00000000  0.00000000  0.00000000  0.01230769  0.00000000  0.00307692  0.00000000  0.00000000  0.00000000  0.00000000 
  0.00000000  0.01581028  0.00000000  0.00000000  0.00000000  0.00796813  0.00000000  0.00000000  0.00000000  0.00000000  0.00000000  0.00000000 
  0.00199601  0.00798403  0.00000000  0.00000000  0.00000000  0.01324503  0.00000000  0.00000000  0.00000000  0.00000000  0.00000000  0.00000000 
  0.00000000  0.01153846  0.00000000  0.00000000  0.00000000  0.01980198  0.00000000  0.00000000  0.00000000  0.00000000  0.00000000  0.00000000 
  0.00000000  0.01046025  0.00000000  0.00000000  0.00000000  0.02341137  0.00000000  0.00000000  0.00000000  0.00000000  0.00000000  0.00000000 
  0.00000000  0.00514580  0.00000000  0.00000000  0.00000000  0.00000000  0.00000000  0.00000000  0.00000000  0.00000000  0.00000000  0.00000000 
  0.00192678  0.01348748  0.00000000  0.00000000  0.00000000  0.01646091  0.00000000  0.00000000  0.00000000  0.00000000  0.00000000  0.00000000 
  0.00256410  0.00256410  0.00000000  0.00000000  0.00473934  0.01421801  0.00000000  0.00000000  0.00000000  0.00000000  0.00000000  0.00000000 
  0.00297619  0.00000000  0.00000000  0.00000000  0.00000000  0.02238806  0.00000000  0.00000000  0.00000000  0.00000000  0.00000000  0.00000000 
  0.00000000  0.00000000  0.00000000  0.00000000  0.00000000  0.00000000  0.00000000  0.25000000  0.00000000  0.00000000  0.00000000  0.00000000 
  0.00943396  0.00000000  0.00000000  0.00000000  0.00000000  0.02127660  0.00000000  0.00000000  0.00000000  0.00000000  0.00000000  0.00000000 
  0.00000000  0.01063830  0.00000000  0.00000000  0.00000000  0.04000000  0.00000000  0.00000000  0.00000000  0.00000000  0.00000000  0.00000000 
  0.00800000  0.00800000  0.00000000  0.00000000  0.00000000  0.01428571  0.00000000  0.00000000  0.00000000  0.00000000  0.00000000  0.00000000 
  0.00404858  0.03238866  0.00000000  0.00000000  0.01098901  0.04395604  0.00000000  0.01098901  0.00000000  0.00000000  0.00000000  0.00000000 
  0.00000000  0.01476015  0.00000000  0.00000000  0.01010101  0.00000000  0.00000000  0.01010101  0.00000000  0.00000000  0.00000000  0.00000000 
  0.00000000  0.04347826  0.00000000  0.00000000  0.01886792  0.06603774  0.00000000  0.00000000  0.00000000  0.00000000  0.00000000  0.00000000 
  0.00361011  0.02166065  0.00000000  0.00000000  0.00000000  0.01626016  0.00000000  0.00000000  0.00000000  0.00000000  0.00000000  0.00000000 
  0.00560224  0.03361345  0.00000000  0.00000000  0.00000000  0.01398601  0.00000000  0.02097902  0.00000000  0.00000000  0.00000000  0.00000000 
  0.00000000  0.01923077  0.00000000  0.00000000  0.00000000  0.05844156  0.00000000  0.00000000  0.00000000  0.00000000  0.00000000  0.00000000 
  0.00000000  0.02000000  0.00000000  0.00000000  0.00000000  0.01948052  0.00000000  0.00649351  0.00000000  0.00000000  0.00000000  0.00000000 
  0.00675676  0.03040541  0.00000000  0.00000000  0.00000000  0.02290076  0.00000000  0.00000000  0.00000000  0.00000000  0.00000000  0.00000000 
  0.00465116  0.01395349  0.00000000  0.00000000  0.00000000  0.02092050  0.00000000  0.00000000  0.00000000  0.00000000  0.00000000  0.00000000 
  0.00236967  0.01658768  0.00000000  0.00000000  0.00404858  0.02429150  0.00404858  0.00404858  0.00000000  0.00000000  0.00000000  0.00000000 
  0.00253807  0.01776650  0.00000000  0.00000000  0.00432900  0.03896104  0.00000000  0.00432900  0.00000000  0.00000000  0.00000000  0.00000000 
  0.00000000  0.00574713  0.00000000  0.00000000  0.00985222  0.00985222  0.00000000  0.00000000  0.00000000  0.00000000  0.00000000  0.00000000 
  0.00696864  0.01045296  0.00000000  0.00000000  0.00000000  0.04347826  0.00000000  0.00000000  0.00000000  0.00000000  0.00000000  0.00000000 
  0.00000000  0.01838235  0.00000000  0.00000000  0.00819672  0.03278689  0.00000000  0.00000000  0.00000000  0.00000000  0.00000000  0.00000000 
  0.02049180  0.00819672  0.00000000  0.00000000  0.00000000  0.00900901  0.00000000  0.00000000  0.00000000  0.00000000  0.00000000  0.00000000 
  0.00000000  0.02304147  0.00000000  0.00000000  0.00000000  0.00757576  0.00000000  0.01515152  0.00000000  0.00000000  0.00000000  0.00000000 
  0.00000000  0.02777778  0.00000000  0.00000000  0.00000000  0.04469274  0.00000000  0.00000000  0.00000000  0.00000000  0.00000000  0.00000000 
  0.00522193  0.00783290  0.00000000  0.00000000  0.00000000  0.03030303  0.00000000  0.00000000  0.00000000  0.00000000  0.00000000  0.00000000 
  0.00000000  0.01144165  0.00000000  0.00000000  0.00000000  0.04827586  0.00000000  0.00000000  0.00000000  0.00000000  0.00000000  0.00000000 
  0.00000000  0.00466200  0.00000000  0.00000000  0.00000000  0.02614379  0.00000000  0.00000000  0.00000000  0.00000000  0.00000000  0.00000000 
  0.00234742  0.00938967  0.00000000  0.00000000  0.00000000  0.03100775  0.00000000  0.00000000  0.00000000  0.00000000  0.00000000  0.00000000 
  0.00210084  0.01680672  0.00000000  0.00000000  0.00000000  0.05090909  0.00000000  0.00000000  0.00000000  0.00000000  0.00000000  0.00000000 
  0.00211864  0.01694915  0.00000000  0.00000000  0.00000000  0.04316547  0.00000000  0.00000000  0.00000000  0.00000000  0.00000000  0.00000000 
  0.00439560  0.01978022  0.00000000  0.00000000  0.00000000  0.05185185  0.00370370  0.00740741  0.00000000  0.00000000  0.00000000  0.00000000 
  0.00000000  0.01891253  0.00000000  0.00000000  0.00000000  0.04332130  0.00000000  0.00000000  0.00000000  0.00000000  0.00000000  0.00000000 
