  0.00000000  0.10835214  0.00000000  0.00000000  0.00000000  0.17687075  0.00000000  0.04761905  0.00000000  0.00000000  0.00000000  0.00000000 
  0.00000000  0.05412371  0.00000000  0.00000000  0.00000000  0.12096774  0.00000000  0.02419355  0.00000000  0.00000000  0.00000000  0.00000000 
  0.00000000  0.13363029  0.00000000  0.00000000  0.00000000  0.12925170  0.00000000  0.01360544  0.00000000  0.00000000  0.00000000  0.00000000 
  0.00178891  0.10912343  0.00000000  0.00000000  0.00000000  0.14457831  0.00000000  0.01807229  0.00000000  0.00000000  0.00000000  0.00000000 
  0.00204918  0.15573770  0.00000000  0.00000000  0.00000000  0.14012739  0.00000000  0.06369427  0.00000000  0.00000000  0.00000000  0.00000000 
  0.00235849  0.08726415  0.00000000  0.00000000  0.00000000  0.16216216  0.00000000  0.00675676  0.00000000  0.00000000  0.00000000  0.00000000 
  0.00000000  0.12500000  0.00000000  0.00000000  0.00000000  0.14207650  0.00546448  0.03278689  0.00000000  0.00000000  0.00000000  0.00000000 
  0.00000000  0.10030395  0.00000000  0.00000000  0.00000000  0.11194030  0.00000000  0.00000000  0.00000000  0.00000000  0.00000000  0.00000000 
  0.00000000  0.10489510  0.00000000  0.00000000  0.00000000  0.15131579  0.00000000  0.01973684  0.00000000  0.00000000  0.00000000  0.00000000 
  0.00280899  0.15168539  0.00000000  0.00000000  0.00000000  0.15267176  0.00000000  0.00763359  0.00000000  0.00000000  0.00000000  0.00000000 
  0.00544959  0.07356948  0.00000000  0.00000000  0.00000000  0.14285714  0.00000000  0.02857143  0.00000000  0.00000000  0.00000000  0.00000000 
  0.00239234  0.09808612  0.00000000  0.00000000  0.00000000  0.13636364  0.00000000  0.05194805  0.00000000  0.00000000  0.00000000  0.00000000 
  0.00254453  0.16030534  0.00000000  0.00000000  0.00709220  0.19148936  0.00000000  0.04255319  0.00000000  0.00000000  0.00000000  0.00000000 
  0.00000000  0.02608696  0.00000000  0.00000000  0.00000000  0.11200000  0.00000000  0.00800000  0.00000000  0.00000000  0.00000000  0.00000000 
  0.00000000  0.11351351  0.00000000  0.00000000  0.00000000  0.13333333  0.00000000  0.02666667  0.00000000  0.00000000  0.00000000  0.00000000 
  0.00258398  0.10594315  0.00000000  0.00000000  0.00862069  0.15517241  0.00000000  0.00862069  0.00000000  0.00000000  0.00000000  0.00000000 
  0.00000000  0.15334773  0.00000000  0.00000000  0.00000000  0.23636364  0.00000000  0.01818182  0.00000000  0.00000000  0.00000000  0.00000000 
  0.00000000  0.10094637  0.00000000  0.00000000  0.00000000  0.10317460  0.00000000  0.00793651  0.00000000  0.00000000  0.00000000  0.00000000 
  0.00000000  0.04895105  0.00000000  0.00000000  0.00000000  0.16304348  0.00000000  0.01086957  0.00000000  0.00000000  0.00000000  0.00000000 
  0.00000000  0.01801802  0.00000000  0.00000000  0.00000000  0.12307692  0.00000000  0.00000000  0.00000000  0.00000000  0.00000000  0.00000000 
  0.00000000  0.01769912  0.00000000  0.00000000  0.00000000  0.05333333  0.00000000  0.00000000  0.00000000  0.00000000  0.00000000  0.00000000 
  0.00000000  0.00598802  0.00000000  0.00000000  0.00000000  0.09589041  0.00000000  0.01369863  0.00000000  0.00000000  0.00000000  0.00000000 
  0.00000000  0.00000000  0.00000000  0.00000000  0.00000000  0.07317073  0.00000000  0.00000000  0.00000000  0.00000000  0.00000000  0.00000000 
  0.00000000  0.00000000  0.00000000  0.00000000  0.00000000  0.11842105  0.00000000  0.00000000  0.00000000  0.00000000  0.00000000  0.00000000 
  0.00000000  0.01000000  0.00000000  0.00000000  0.00000000  0.04615385  0.00000000  0.00000000  0.00000000  0.00000000  0.00000000  0.00000000 
  0.00000000  0.00800000  0.00000000  0.00000000  0.00000000  0.05479452  0.00000000  0.00000000  0.00000000  0.00000000  0.00000000  0.00000000 
  0.00000000  0.00000000  0.00000000  0.00000000  0.00000000  0.08450704  0.00000000  0.00000000  0.00000000  0.00000000  0.00000000  0.00000000 
  0.00000000  0.02830189  0.00000000  0.00000000  0.01408451  0.07042254  0.00000000  0.00000000  0.00000000  0.00000000  0.00000000  0.00000000 
  0.00000000  0.00884956  0.00000000  0.00000000  0.00000000  0.14666667  0.00000000  0.00000000  0.00000000  0.00000000  0.00000000  0.00000000 
  0.00000000  0.00813008  0.00000000  0.00000000  0.00000000  0.01639344  0.00000000  0.00000000  0.00000000  0.00000000  0.00000000  0.00000000 
  0.00000000  0.00000000  0.00000000  0.00000000  0.03076923  0.06153846  0.00000000  0.00000000  0.00000000  0.00000000  0.00000000  0.00000000 
  0.00000000  0.00000000  0.00000000  0.00000000  0.00000000  0.10465116  0.00000000  0.00000000  0.00000000  0.00000000  0.00000000  0.00000000 
  0.00000000  0.00000000  0.00000000  0.00000000  0.00000000  0.07692308  0.00000000  0.00000000  0.00000000  0.00000000  0.00000000  0.00000000 
  0.00000000  0.02127660  0.00000000  0.00000000  0.00000000  0.07368421  0.00000000  0.00000000  0.00000000  0.00000000  0.00000000  0.00000000 
  0.00000000  0.02469136  0.00000000  0.00000000  0.00000000  0.05747126  0.00000000  0.00000000  0.00000000  0.00000000  0.00000000  0.00000000 
  0.00000000  0.03225806  0.00000000  0.00000000  0.00000000  0.12658228  0.00000000  0.00000000  0.00000000  0.00000000  0.00000000  0.00000000 
  0.00000000  0.01818182  0.00000000  0.00000000  0.00000000  0.09589041  0.00000000  0.00000000  0.00000000  0.00000000  0.00000000  0.00000000 
  0.00000000  0.06338028  0.00000000  0.00000000  0.00000000  0.07272727  0.00000000  0.00000000  0.00000000  0.00000000  0.00000000  0.00000000 
  0.00000000  0.01980198  0.00000000  0.00000000  0.00000000  0.06060606  0.00000000  0.01515152  0.00000000  0.00000000  0.00000000  0.00000000 
  0.00000000  0.02666667  0.00000000  0.00000000  0.00000000  0.07272727  0.00000000  0.00000000  0.00000000  0.00000000  0.00000000  0.00000000 
  0.00000000  0.02459016  0.00000000  0.00000000  0.00000000  0.10909091  0.00000000  0.00000000  0.00000000  0.00000000  0.00000000  0.00000000 
  0.00000000  0.04545455  0.00000000  0.00000000  0.00000000  0.08620690  0.00000000  0.00000000  0.00000000  0.00000000  0.00000000  0.00000000 
  0.00000000  0.02857143  0.00000000  0.00000000  0.00000000  0.10294118  0.00000000  0.00000000  0.00000000  0.00000000  0.00000000  0.00000000 
  0.00000000  0.01010101  0.00000000  0.00000000  0.00000000  0.06976744  0.00000000  0.00000000  0.00000000  0.00000000  0.00000000  0.00000000 
  0.01176471  0.09411765  0.00000000  0.00000000  0.00000000  0.16363636  0.00000000  0.05454545  0.00000000  0.00000000  0.00000000  0.00000000 
  0.00000000  0.02469136  0.00000000  0.00000000  0.00000000  0.17391304  0.00000000  0.00000000  0.00000000  0.00000000  0.00000000  0.00000000 
  0.00000000  0.01098901  0.00000000  0.00000000  0.00000000  0.20512821  0.00000000  0.00000000  0.00000000  0.00000000  0.00000000  0.00000000 
  0.00000000  0.02000000  0.00000000  0.00000000  0.00000000  0.16666667  0.00000000  0.00000000  0.00000000  0.00000000  0.00000000  0.00000000 
  0.00000000  0.01851852  0.00000000  0.00000000  0.00000000  0.12962963  0.00000000  0.01851852  0.00000000  0.00000000  0.00000000  0.00000000 
