  0.00000000  0.01063830  0.00000000  0.00000000  0.00000000  0.06666667  0.00000000  0.13333333  0.00000000  0.00000000  0.00000000  0.00000000 
  0.01219512  0.02439024  0.00000000  0.00000000  0.00000000  0.00000000  0.00000000  0.00000000  0.00000000  0.00000000  0.00000000  0.00000000 
  0.00000000  0.01941748  0.00000000  0.00000000  0.00000000  0.09090909  0.00000000  0.09090909  0.00000000  0.00000000  0.00000000  0.00000000 
  0.00000000  0.00000000  0.00000000  0.00000000  0.00000000  0.20000000  0.00000000  0.00000000  0.00000000  0.00000000  0.00000000  0.00000000 
  0.00775194  0.03100775  0.00000000  0.00000000  0.05882353  0.11764706  0.00000000  0.00000000  0.00000000  0.00000000  0.00000000  0.00000000 
  0.00000000  0.03191489  0.00000000  0.00000000  0.00000000  0.25000000  0.00000000  0.00000000  0.00000000  0.00000000  0.00000000  0.00000000 
  0.00000000  0.01136364  0.00000000  0.00000000  0.00000000  0.08333333  0.00000000  0.08333333  0.00000000  0.00000000  0.00000000  0.00000000 
  0.00000000  0.01960784  0.00000000  0.00000000  0.00000000  0.40000000  0.00000000  0.00000000  0.00000000  0.00000000  0.00000000  0.00000000 
  0.00000000  0.03797468  0.00000000  0.00000000  0.07692308  0.00000000  0.00000000  0.07692308  0.00000000  0.00000000  0.00000000  0.00000000 
  0.01000000  0.01000000  0.00000000  0.00000000  0.00000000  0.00000000  0.00000000  0.00000000  0.00000000  0.00000000  0.00000000  0.00000000 
  0.00000000  0.00000000  0.00000000  0.00000000  0.00000000  0.00000000  0.00000000  0.00000000  0.00000000  0.00000000  0.00000000  0.00000000 
  0.00000000  0.01388889  0.00000000  0.00000000  0.00000000  0.07142857  0.00000000  0.00000000  0.00000000  0.00000000  0.00000000  0.00000000 
  0.00000000  0.01333333  0.00000000  0.00000000  0.00000000  0.09090909  0.00000000  0.00000000  0.00000000  0.00000000  0.00000000  0.00000000 
  0.00000000  0.01000000  0.00000000  0.00000000  0.00000000  0.14285714  0.00000000  0.07142857  0.00000000  0.00000000  0.00000000  0.00000000 
  0.00840336  0.01680672  0.00000000  0.00000000  0.00000000  0.13333333  0.00000000  0.00000000  0.00000000  0.00000000  0.00000000  0.00000000 
  0.00000000  0.01041667  0.00000000  0.00000000  0.00000000  0.00000000  0.00000000  0.00000000  0.00000000  0.00000000  0.00000000  0.00000000 
  0.00990099  0.02970297  0.00000000  0.00000000  0.00000000  0.18181818  0.00000000  0.00000000  0.00000000  0.00000000  0.00000000  0.00000000 
  0.00000000  0.01063830  0.00000000  0.00000000  0.00000000  0.33333333  0.00000000  0.00000000  0.00000000  0.00000000  0.00000000  0.00000000 
  0.00000000  0.00943396  0.00000000  0.00000000  0.00000000  0.26315789  0.00000000  0.05263158  0.00000000  0.00000000  0.00000000  0.00000000 
  0.01204819  0.00000000  0.00000000  0.00000000  0.00000000  0.00000000  0.00000000  0.00000000  0.00000000  0.00000000  0.00000000  0.00000000 
  0.01086957  0.03260870  0.00000000  0.00000000  0.00000000  0.30769231  0.00000000  0.00000000  0.00000000  0.00000000  0.00000000  0.00000000 
  0.00000000  0.03947368  0.00000000  0.00000000  0.00000000  0.10000000  0.00000000  0.10000000  0.00000000  0.00000000  0.00000000  0.00000000 
  0.01449275  0.02898551  0.00000000  0.00000000  0.00000000  0.33333333  0.00000000  0.00000000  0.00000000  0.00000000  0.00000000  0.00000000 
  0.00000000  0.02597403  0.00000000  0.00000000  0.00000000  0.00000000  0.00000000  0.00000000  0.00000000  0.00000000  0.00000000  0.00000000 
  0.00000000  0.01052632  0.00000000  0.00000000  0.00000000  0.23529412  0.00000000  0.05882353  0.00000000  0.00000000  0.00000000  0.00000000 
  0.00000000  0.01190476  0.00000000  0.00000000  0.00000000  0.11111111  0.00000000  0.00000000  0.00000000  0.00000000  0.00000000  0.00000000 
  0.00000000  0.01408451  0.00000000  0.00000000  0.00000000  0.23076923  0.00000000  0.07692308  0.00000000  0.00000000  0.00000000  0.00000000 
  0.00000000  0.01515152  0.00000000  0.00000000  0.00000000  0.10000000  0.00000000  0.00000000  0.00000000  0.00000000  0.00000000  0.00000000 
  0.00000000  0.06451613  0.00000000  0.00000000  0.00000000  0.00000000  0.00000000  0.08333333  0.00000000  0.00000000  0.00000000  0.00000000 
  0.00000000  0.01851852  0.00000000  0.00000000  0.09090909  0.09090909  0.00000000  0.00000000  0.00000000  0.00000000  0.00000000  0.00000000 
  0.00000000  0.04651163  0.00000000  0.00000000  0.00000000  0.07142857  0.00000000  0.00000000  0.00000000  0.00000000  0.00000000  0.00000000 
  0.00000000  0.00000000  0.00000000  0.00000000  0.00000000  0.18181818  0.00000000  0.00000000  0.00000000  0.00000000  0.00000000  0.00000000 
  0.00000000  0.01538462  0.00000000  0.00000000  0.00000000  0.23809524  0.00000000  0.00000000  0.00000000  0.00000000  0.00000000  0.00000000 
  0.00000000  0.00000000  0.00000000  0.00000000  0.00000000  0.16666667  0.00000000  0.00000000  0.00000000  0.00000000  0.00000000  0.00000000 
  0.01724138  0.00000000  0.00000000  0.00000000  0.00000000  0.20000000  0.00000000  0.00000000  0.00000000  0.00000000  0.00000000  0.00000000 
  0.00000000  0.02222222  0.00000000  0.00000000  0.00000000  0.20000000  0.00000000  0.00000000  0.00000000  0.00000000  0.00000000  0.00000000 
  0.00000000  0.01369863  0.00000000  0.00000000  0.00000000  0.23076923  0.00000000  0.00000000  0.00000000  0.00000000  0.00000000  0.00000000 
  0.00000000  0.01408451  0.00000000  0.00000000  0.06666667  0.00000000  0.00000000  0.06666667  0.00000000  0.00000000  0.00000000  0.00000000 
  0.00000000  0.02325581  0.00000000  0.00000000  0.00000000  0.04761905  0.00000000  0.04761905  0.00000000  0.00000000  0.00000000  0.00000000 
  0.00000000  0.06250000  0.00000000  0.00000000  0.00000000  0.10000000  0.00000000  0.00000000  0.00000000  0.00000000  0.00000000  0.00000000 
  0.00000000  0.05797101  0.00000000  0.00000000  0.00000000  0.07142857  0.00000000  0.14285714  0.00000000  0.00000000  0.00000000  0.00000000 
  0.00000000  0.01694915  0.00000000  0.00000000  0.04761905  0.19047619  0.04761905  0.00000000  0.00000000  0.00000000  0.00000000  0.00000000 
  0.00000000  0.06060606  0.00000000  0.00000000  0.00000000  0.10526316  0.00000000  0.00000000  0.00000000  0.00000000  0.00000000  0.00000000 
  0.00000000  0.04109589  0.00000000  0.00000000  0.00000000  0.12500000  0.00000000  0.00000000  0.00000000  0.00000000  0.00000000  0.00000000 
  0.00000000  0.04255319  0.00000000  0.00000000  0.00000000  0.08333333  0.00000000  0.08333333  0.00000000  0.00000000  0.00000000  0.00000000 
  0.00000000  0.03278689  0.00000000  0.00000000  0.00000000  0.12500000  0.00000000  0.00000000  0.00000000  0.00000000  0.00000000  0.00000000 
  0.00000000  0.02000000  0.00000000  0.00000000  0.00000000  0.16666667  0.00000000  0.00000000  0.00000000  0.00000000  0.00000000  0.00000000 
  0.01562500  0.03125000  0.00000000  0.00000000  0.00000000  0.06666667  0.00000000  0.06666667  0.00000000  0.00000000  0.00000000  0.00000000 
  0.00000000  0.05128205  0.00000000  0.00000000  0.00000000  0.07692308  0.00000000  0.07692308  0.00000000  0.00000000  0.00000000  0.00000000 
  0.00000000  0.00000000  0.00000000  0.00000000  0.00000000  0.10000000  0.00000000  0.10000000  0.00000000  0.00000000  0.00000000  0.00000000 
  0.00000000  0.05555556  0.00000000  0.00000000  0.06666667  0.06666667  0.00000000  0.00000000  0.00000000  0.00000000  0.00000000  0.00000000 
  0.00000000  0.00000000  0.00000000  0.00000000  0.00000000  0.18181818  0.00000000  0.00000000  0.00000000  0.00000000  0.00000000  0.00000000 
  0.01923077  0.03846154  0.00000000  0.00000000  0.00000000  0.14285714  0.00000000  0.00000000  0.00000000  0.00000000  0.00000000  0.00000000 
  0.02325581  0.04651163  0.00000000  0.00000000  0.00000000  0.00000000  0.00000000  0.00000000  0.00000000  0.00000000  0.00000000  0.00000000 
  0.00000000  0.07692308  0.00000000  0.00000000  0.00000000  0.06250000  0.00000000  0.00000000  0.00000000  0.00000000  0.00000000  0.00000000 
  0.00000000  0.02040816  0.00000000  0.00000000  0.00000000  0.09090909  0.00000000  0.00000000  0.00000000  0.00000000  0.00000000  0.00000000 
  0.00000000  0.00000000  0.00000000  0.00000000  0.00000000  0.21428571  0.00000000  0.00000000  0.00000000  0.00000000  0.00000000  0.00000000 
  0.00000000  0.00000000  0.00000000  0.00000000  0.00000000  0.06250000  0.00000000  0.00000000  0.00000000  0.00000000  0.00000000  0.00000000 
  0.00000000  0.00000000  0.00000000  0.00000000  0.00000000  0.21428571  0.00000000  0.00000000  0.00000000  0.00000000  0.00000000  0.00000000 
  0.00000000  0.03389831  0.00000000  0.00000000  0.00000000  0.07692308  0.00000000  0.00000000  0.00000000  0.00000000  0.00000000  0.00000000 
  0.00000000  0.01111111  0.00000000  0.00000000  0.00000000  0.20000000  0.00000000  0.00000000  0.00000000  0.00000000  0.00000000  0.00000000 
  0.00000000  0.00000000  0.00000000  0.00000000  0.00000000  0.33333333  0.00000000  0.00000000  0.00000000  0.00000000  0.00000000  0.00000000 
  0.00000000  0.00000000  0.00000000  0.00000000  0.00000000  0.05263158  0.00000000  0.00000000  0.00000000  0.00000000  0.00000000  0.00000000 
  0.01408451  0.02816901  0.00000000  0.00000000  0.00000000  0.18750000  0.00000000  0.00000000  0.00000000  0.00000000  0.00000000  0.00000000 
  0.01388889  0.05555556  0.00000000  0.00000000  0.00000000  0.06250000  0.00000000  0.06250000  0.00000000  0.00000000  0.00000000  0.00000000 
  0.00000000  0.01515152  0.00000000  0.00000000  0.00000000  0.04545455  0.00000000  0.00000000  0.00000000  0.00000000  0.00000000  0.00000000 
  0.00000000  0.02898551  0.00000000  0.00000000  0.00000000  0.06250000  0.00000000  0.06250000  0.00000000  0.00000000  0.00000000  0.00000000 
  0.00000000  0.01388889  0.00000000  0.00000000  0.00000000  0.08333333  0.00000000  0.08333333  0.00000000  0.00000000  0.00000000  0.00000000 
  0.00000000  0.03333333  0.00000000  0.00000000  0.00000000  0.08333333  0.00000000  0.00000000  0.00000000  0.00000000  0.00000000  0.00000000 
  0.00000000  0.02816901  0.00000000  0.00000000  0.00000000  0.11764706  0.00000000  0.00000000  0.00000000  0.00000000  0.00000000  0.00000000 
  0.00000000  0.03030303  0.00000000  0.00000000  0.00000000  0.17241379  0.00000000  0.00000000  0.00000000  0.00000000  0.00000000  0.00000000 
  0.00000000  0.00000000  0.00000000  0.00000000  0.00000000  0.11111111  0.00000000  0.00000000  0.00000000  0.00000000  0.00000000  0.00000000 
  0.01219512  0.03658537  0.00000000  0.00000000  0.00000000  0.10526316  0.00000000  0.00000000  0.00000000  0.00000000  0.00000000  0.00000000 
  0.00000000  0.01000000  0.00000000  0.00000000  0.03125000  0.03125000  0.00000000  0.00000000  0.00000000  0.00000000  0.00000000  0.00000000 
  0.00000000  0.00000000  0.00000000  0.00000000  0.00000000  0.22222222  0.00000000  0.11111111  0.00000000  0.00000000  0.00000000  0.00000000 
  0.00000000  0.04464286  0.00000000  0.00000000  0.00000000  0.03846154  0.00000000  0.00000000  0.00000000  0.00000000  0.00000000  0.00000000 
  0.00000000  0.04444444  0.00000000  0.00000000  0.00000000  0.11111111  0.03703704  0.00000000  0.00000000  0.00000000  0.00000000  0.00000000 
  0.00000000  0.02857143  0.00000000  0.00000000  0.00000000  0.08695652  0.00000000  0.00000000  0.00000000  0.00000000  0.00000000  0.00000000 
  0.00000000  0.00000000  0.00000000  0.00000000  0.00000000  0.06060606  0.00000000  0.00000000  0.00000000  0.00000000  0.00000000  0.00000000 
  0.00000000  0.03076923  0.00000000  0.00000000  0.00000000  0.10344828  0.00000000  0.00000000  0.00000000  0.00000000  0.00000000  0.00000000 
  0.00000000  0.00000000  0.00000000  0.00000000  0.00000000  0.18750000  0.00000000  0.00000000  0.00000000  0.00000000  0.00000000  0.00000000 
  0.01538462  0.03076923  0.00000000  0.00000000  0.00000000  0.00000000  0.00000000  0.00000000  0.00000000  0.00000000  0.00000000  0.00000000 
  0.00000000  0.05405405  0.00000000  0.00000000  0.00000000  0.06666667  0.00000000  0.06666667  0.00000000  0.00000000  0.00000000  0.00000000 
  0.01428571  0.02857143  0.00000000  0.00000000  0.00000000  0.33333333  0.00000000  0.00000000  0.00000000  0.00000000  0.00000000  0.00000000 
  0.00000000  0.00000000  0.00000000  0.00000000  0.00000000  0.04761905  0.04761905  0.00000000  0.00000000  0.00000000  0.00000000  0.00000000 
  0.01639344  0.01639344  0.00000000  0.00000000  0.00000000  0.20000000  0.00000000  0.00000000  0.00000000  0.00000000  0.00000000  0.00000000 
  0.01612903  0.04838710  0.00000000  0.00000000  0.00000000  0.15789474  0.00000000  0.00000000  0.00000000  0.00000000  0.00000000  0.00000000 
  0.01282051  0.00000000  0.00000000  0.00000000  0.00000000  0.25000000  0.00000000  0.08333333  0.00000000  0.00000000  0.00000000  0.00000000 
  0.00000000  0.00000000  0.00000000  0.00000000  0.00000000  0.14285714  0.00000000  0.00000000  0.00000000  0.00000000  0.00000000  0.00000000 
  0.00000000  0.01612903  0.00000000  0.00000000  0.05555556  0.27777778  0.00000000  0.00000000  0.00000000  0.00000000  0.00000000  0.00000000 
  0.01190476  0.01190476  0.00000000  0.00000000  0.00000000  0.12500000  0.00000000  0.00000000  0.00000000  0.00000000  0.00000000  0.00000000 
  0.00000000  0.04651163  0.00000000  0.00000000  0.00000000  0.20000000  0.10000000  0.00000000  0.00000000  0.00000000  0.00000000  0.00000000 
  0.01639344  0.04918033  0.00000000  0.00000000  0.00000000  0.27272727  0.00000000  0.00000000  0.00000000  0.00000000  0.00000000  0.00000000 
  0.01176471  0.00000000  0.00000000  0.00000000  0.00000000  0.11111111  0.00000000  0.05555556  0.00000000  0.00000000  0.00000000  0.00000000 
  0.00000000  0.01639344  0.00000000  0.00000000  0.00000000  0.06666667  0.06666667  0.00000000  0.00000000  0.00000000  0.00000000  0.00000000 
  0.00000000  0.01428571  0.00000000  0.00000000  0.00000000  0.06666667  0.00000000  0.00000000  0.00000000  0.00000000  0.00000000  0.00000000 
  0.04166667  0.04166667  0.00000000  0.00000000  0.00000000  0.00000000  0.00000000  0.00000000  0.00000000  0.00000000  0.00000000  0.00000000 
  0.01818182  0.05454545  0.00000000  0.00000000  0.00000000  0.10526316  0.00000000  0.00000000  0.00000000  0.00000000  0.00000000  0.00000000 
  0.01666667  0.00000000  0.00000000  0.00000000  0.00000000  0.08333333  0.00000000  0.00000000  0.00000000  0.00000000  0.00000000  0.00000000 
  0.00000000  0.00000000  0.00000000  0.00000000  0.10000000  0.00000000  0.20000000  0.00000000  0.00000000  0.00000000  0.00000000  0.00000000 
  0.02083333  0.00000000  0.00000000  0.00000000  0.00000000  0.10526316  0.00000000  0.00000000  0.00000000  0.00000000  0.00000000  0.00000000 
  0.00000000  0.00000000  0.00000000  0.00000000  0.00000000  0.00000000  0.00000000  0.00000000  0.00000000  0.00000000  0.00000000  0.00000000 
  0.00000000  0.03030303  0.00000000  0.00000000  0.00000000  0.00000000  0.07142857  0.00000000  0.00000000  0.00000000  0.00000000  0.00000000 
  0.00000000  0.00000000  0.00000000  0.00000000  0.00000000  0.12500000  0.00000000  0.00000000  0.00000000  0.00000000  0.00000000  0.00000000 
  0.01176471  0.02352941  0.00000000  0.00000000  0.00000000  0.20000000  0.00000000  0.00000000  0.00000000  0.00000000  0.00000000  0.00000000 
  0.00000000  0.01219512  0.00000000  0.00000000  0.00000000  0.17647059  0.00000000  0.05882353  0.00000000  0.00000000  0.00000000  0.00000000 
  0.00000000  0.07142857  0.00000000  0.00000000  0.00000000  0.12500000  0.00000000  0.06250000  0.00000000  0.00000000  0.00000000  0.00000000 
  0.00000000  0.02500000  0.00000000  0.00000000  0.00000000  0.00000000  0.00000000  0.00000000  0.00000000  0.00000000  0.00000000  0.00000000 
  0.00000000  0.00000000  0.00000000  0.00000000  0.00000000  0.25000000  0.00000000  0.06250000  0.00000000  0.00000000  0.00000000  0.00000000 
  0.00000000  0.02777778  0.00000000  0.00000000  0.00000000  0.05882353  0.00000000  0.00000000  0.00000000  0.00000000  0.00000000  0.00000000 
  0.01869159  0.00000000  0.00000000  0.00000000  0.00000000  0.07142857  0.00000000  0.00000000  0.00000000  0.00000000  0.00000000  0.00000000 
  0.00000000  0.01818182  0.00000000  0.00000000  0.00000000  0.03448276  0.00000000  0.03448276  0.00000000  0.00000000  0.00000000  0.00000000 
  0.00000000  0.01562500  0.00000000  0.00000000  0.00000000  0.00000000  0.00000000  0.00000000  0.00000000  0.00000000  0.00000000  0.00000000 
  0.00000000  0.00000000  0.00000000  0.00000000  0.00000000  0.12000000  0.00000000  0.00000000  0.00000000  0.00000000  0.00000000  0.00000000 
  0.01162791  0.01162791  0.00000000  0.00000000  0.00000000  0.11764706  0.00000000  0.00000000  0.00000000  0.00000000  0.00000000  0.00000000 
  0.00000000  0.00000000  0.00000000  0.00000000  0.00000000  0.00000000  0.00000000  0.04166667  0.00000000  0.00000000  0.00000000  0.00000000 
  0.00000000  0.02197802  0.00000000  0.00000000  0.00000000  0.07692308  0.00000000  0.00000000  0.00000000  0.00000000  0.00000000  0.00000000 
  0.00000000  0.01282051  0.00000000  0.00000000  0.00000000  0.06666667  0.00000000  0.00000000  0.00000000  0.00000000  0.00000000  0.00000000 
  0.00000000  0.03278689  0.00000000  0.00000000  0.05555556  0.00000000  0.00000000  0.00000000  0.00000000  0.00000000  0.00000000  0.00000000 
  0.00000000  0.02000000  0.00000000  0.00000000  0.00000000  0.18181818  0.00000000  0.00000000  0.00000000  0.00000000  0.00000000  0.00000000 
  0.00000000  0.00000000  0.00000000  0.00000000  0.00000000  0.25000000  0.00000000  0.00000000  0.00000000  0.00000000  0.00000000  0.00000000 
  0.00000000  0.03508772  0.00000000  0.00000000  0.00000000  0.00000000  0.00000000  0.00000000  0.00000000  0.00000000  0.00000000  0.00000000 
  0.00000000  0.03174603  0.00000000  0.00000000  0.00000000  0.10000000  0.00000000  0.00000000  0.00000000  0.00000000  0.00000000  0.00000000 
  0.00000000  0.00000000  0.00000000  0.00000000  0.00000000  0.00000000  0.00000000  0.06666667  0.00000000  0.00000000  0.00000000  0.00000000 
  0.00000000  0.00000000  0.00000000  0.00000000  0.00000000  0.15384615  0.00000000  0.00000000  0.00000000  0.00000000  0.00000000  0.00000000 
  0.00000000  0.05000000  0.00000000  0.00000000  0.00000000  0.11111111  0.00000000  0.11111111  0.00000000  0.00000000  0.00000000  0.00000000 
  0.01315789  0.01315789  0.00000000  0.00000000  0.00000000  0.00000000  0.07692308  0.00000000  0.00000000  0.00000000  0.00000000  0.00000000 
  0.00000000  0.03225806  0.00000000  0.00000000  0.00000000  0.09090909  0.00000000  0.00000000  0.00000000  0.00000000  0.00000000  0.00000000 
  0.00000000  0.04838710  0.00000000  0.00000000  0.00000000  0.05882353  0.00000000  0.00000000  0.00000000  0.00000000  0.00000000  0.00000000 
  0.00000000  0.01162791  0.00000000  0.00000000  0.00000000  0.00000000  0.00000000  0.06666667  0.00000000  0.00000000  0.00000000  0.00000000 
  0.00000000  0.04000000  0.00000000  0.00000000  0.00000000  0.13636364  0.00000000  0.00000000  0.00000000  0.00000000  0.00000000  0.00000000 
  0.01098901  0.00000000  0.00000000  0.00000000  0.00000000  0.00000000  0.00000000  0.00000000  0.00000000  0.00000000  0.00000000  0.00000000 
  0.00000000  0.01694915  0.00000000  0.00000000  0.00000000  0.00000000  0.00000000  0.00000000  0.00000000  0.00000000  0.00000000  0.00000000 
  0.00000000  0.02247191  0.00000000  0.00000000  0.00000000  0.00000000  0.00000000  0.05882353  0.00000000  0.00000000  0.00000000  0.00000000 
  0.00000000  0.01904762  0.00000000  0.00000000  0.00000000  0.02941176  0.00000000  0.00000000  0.00000000  0.00000000  0.00000000  0.00000000 
  0.00000000  0.00714286  0.00000000  0.00000000  0.00000000  0.08571429  0.00000000  0.02857143  0.00000000  0.00000000  0.00000000  0.00000000 
  0.00000000  0.01162791  0.00000000  0.00000000  0.00000000  0.09756098  0.00000000  0.00000000  0.00000000  0.00000000  0.00000000  0.00000000 
  0.00000000  0.00826446  0.00000000  0.00000000  0.00000000  0.14285714  0.00000000  0.00000000  0.00000000  0.00000000  0.00000000  0.00000000 
  0.00000000  0.01980198  0.00000000  0.00000000  0.00000000  0.11111111  0.00000000  0.05555556  0.00000000  0.00000000  0.00000000  0.00000000 
  0.00000000  0.00000000  0.00000000  0.00000000  0.05882353  0.23529412  0.00000000  0.00000000  0.00000000  0.00000000  0.00000000  0.00000000 
  0.00813008  0.02439024  0.00000000  0.00000000  0.00000000  0.00000000  0.00000000  0.07142857  0.00000000  0.00000000  0.00000000  0.00000000 
  0.00000000  0.00961538  0.00000000  0.00000000  0.05000000  0.15000000  0.00000000  0.00000000  0.00000000  0.00000000  0.00000000  0.00000000 
  0.00000000  0.00925926  0.00000000  0.00000000  0.00000000  0.12500000  0.00000000  0.00000000  0.00000000  0.00000000  0.00000000  0.00000000 
  0.00000000  0.01063830  0.00000000  0.00000000  0.04000000  0.12000000  0.00000000  0.00000000  0.00000000  0.00000000  0.00000000  0.00000000 
  0.00000000  0.00840336  0.00000000  0.00000000  0.00000000  0.23529412  0.00000000  0.05882353  0.00000000  0.00000000  0.00000000  0.00000000 
  0.00000000  0.02020202  0.00000000  0.00000000  0.04545455  0.09090909  0.00000000  0.00000000  0.00000000  0.00000000  0.00000000  0.00000000 
  0.00000000  0.02542373  0.00000000  0.00000000  0.00000000  0.14285714  0.00000000  0.03571429  0.00000000  0.00000000  0.00000000  0.00000000 
  0.00813008  0.02439024  0.00000000  0.00000000  0.00000000  0.12500000  0.00000000  0.00000000  0.00000000  0.00000000  0.00000000  0.00000000 
  0.00000000  0.03125000  0.00000000  0.00000000  0.00000000  0.04761905  0.00000000  0.09523810  0.00000000  0.00000000  0.00000000  0.00000000 
  0.00000000  0.00934579  0.00000000  0.00000000  0.00000000  0.06666667  0.00000000  0.00000000  0.00000000  0.00000000  0.00000000  0.00000000 
  0.00980392  0.01960784  0.00000000  0.00000000  0.00000000  0.17647059  0.00000000  0.00000000  0.00000000  0.00000000  0.00000000  0.00000000 
  0.01562500  0.02343750  0.00000000  0.00000000  0.00000000  0.04000000  0.00000000  0.00000000  0.00000000  0.00000000  0.00000000  0.00000000 
  0.00769231  0.00000000  0.00000000  0.00000000  0.00000000  0.10000000  0.00000000  0.00000000  0.00000000  0.00000000  0.00000000  0.00000000 
  0.00000000  0.01333333  0.00000000  0.00000000  0.00000000  0.04347826  0.00000000  0.00000000  0.00000000  0.00000000  0.00000000  0.00000000 
  0.00925926  0.00925926  0.00000000  0.00000000  0.00000000  0.02777778  0.00000000  0.00000000  0.00000000  0.00000000  0.00000000  0.00000000 
  0.00740741  0.02222222  0.00000000  0.00000000  0.00000000  0.04651163  0.00000000  0.00000000  0.00000000  0.00000000  0.00000000  0.00000000 
  0.00000000  0.01666667  0.00000000  0.00000000  0.00000000  0.10000000  0.00000000  0.00000000  0.00000000  0.00000000  0.00000000  0.00000000 
  0.00000000  0.00884956  0.00000000  0.00000000  0.00000000  0.05000000  0.00000000  0.00000000  0.00000000  0.00000000  0.00000000  0.00000000 
  0.00925926  0.00000000  0.00000000  0.00000000  0.00000000  0.05555556  0.00000000  0.00000000  0.00000000  0.00000000  0.00000000  0.00000000 
  0.00000000  0.02000000  0.00000000  0.00000000  0.00000000  0.06250000  0.00000000  0.00000000  0.00000000  0.00000000  0.00000000  0.00000000 
  0.00000000  0.01063830  0.00000000  0.00000000  0.00000000  0.07500000  0.00000000  0.00000000  0.00000000  0.00000000  0.00000000  0.00000000 
  0.01470588  0.02941176  0.00000000  0.00000000  0.00000000  0.04444444  0.00000000  0.02222222  0.00000000  0.00000000  0.00000000  0.00000000 
  0.00000000  0.00000000  0.00000000  0.00000000  0.00000000  0.07692308  0.00000000  0.00000000  0.00000000  0.00000000  0.00000000  0.00000000 
  0.00840336  0.01680672  0.00000000  0.00000000  0.00000000  0.16666667  0.00000000  0.02380952  0.00000000  0.00000000  0.00000000  0.00000000 
  0.00000000  0.02469136  0.00000000  0.00000000  0.00000000  0.07500000  0.00000000  0.00000000  0.00000000  0.00000000  0.00000000  0.00000000 
  0.00757576  0.03787879  0.00000000  0.00000000  0.00000000  0.14285714  0.00000000  0.00000000  0.00000000  0.00000000  0.00000000  0.00000000 
  0.00000000  0.02542373  0.00000000  0.00000000  0.00000000  0.07142857  0.00000000  0.00000000  0.00000000  0.00000000  0.00000000  0.00000000 
  0.01000000  0.03000000  0.00000000  0.00000000  0.00000000  0.10000000  0.00000000  0.02500000  0.00000000  0.00000000  0.00000000  0.00000000 
  0.02898551  0.02898551  0.00000000  0.00000000  0.00000000  0.08823529  0.00000000  0.00000000  0.00000000  0.00000000  0.00000000  0.00000000 
  0.00000000  0.03092784  0.00000000  0.00000000  0.00000000  0.06250000  0.00000000  0.00000000  0.00000000  0.00000000  0.00000000  0.00000000 
  0.00000000  0.02500000  0.00000000  0.00000000  0.00000000  0.08823529  0.00000000  0.00000000  0.00000000  0.00000000  0.00000000  0.00000000 
  0.00000000  0.02531646  0.00000000  0.00000000  0.00000000  0.13888889  0.00000000  0.00000000  0.00000000  0.00000000  0.00000000  0.00000000 
  0.00000000  0.03164557  0.00000000  0.00000000  0.00000000  0.13333333  0.00000000  0.00000000  0.00000000  0.00000000  0.00000000  0.00000000 
  0.01204819  0.01204819  0.00000000  0.00000000  0.00000000  0.07500000  0.00000000  0.00000000  0.00000000  0.00000000  0.00000000  0.00000000 
  0.00502513  0.01005025  0.00000000  0.00000000  0.00000000  0.12500000  0.00000000  0.02500000  0.00000000  0.00000000  0.00000000  0.00000000 
  0.00000000  0.01388889  0.00000000  0.00000000  0.00000000  0.12121212  0.00000000  0.00000000  0.00000000  0.00000000  0.00000000  0.00000000 
  0.00847458  0.03389831  0.00000000  0.00000000  0.00000000  0.12000000  0.00000000  0.00000000  0.00000000  0.00000000  0.00000000  0.00000000 
  0.01369863  0.02739726  0.00000000  0.00000000  0.00000000  0.10714286  0.00000000  0.00000000  0.00000000  0.00000000  0.00000000  0.00000000 
  0.00000000  0.01098901  0.00000000  0.00000000  0.00000000  0.22580645  0.00000000  0.00000000  0.00000000  0.00000000  0.00000000  0.00000000 
  0.00689655  0.02068966  0.00000000  0.00000000  0.00000000  0.00000000  0.02564103  0.02564103  0.00000000  0.00000000  0.00000000  0.00000000 
  0.00000000  0.01351351  0.00000000  0.00000000  0.00000000  0.05555556  0.00000000  0.00000000  0.00000000  0.00000000  0.00000000  0.00000000 
  0.00000000  0.00775194  0.00000000  0.00000000  0.00000000  0.02702703  0.00000000  0.00000000  0.00000000  0.00000000  0.00000000  0.00000000 
  0.00757576  0.02272727  0.00000000  0.00000000  0.00000000  0.11764706  0.00000000  0.00000000  0.00000000  0.00000000  0.00000000  0.00000000 
  0.00000000  0.03937008  0.00000000  0.00000000  0.00000000  0.09375000  0.00000000  0.00000000  0.00000000  0.00000000  0.00000000  0.00000000 
  0.00000000  0.03649635  0.00000000  0.00000000  0.00000000  0.06382979  0.02127660  0.02127660  0.00000000  0.00000000  0.00000000  0.00000000 
  0.00000000  0.00653595  0.00000000  0.00000000  0.00000000  0.02564103  0.00000000  0.00000000  0.00000000  0.00000000  0.00000000  0.00000000 
  0.00000000  0.01098901  0.00000000  0.00000000  0.00000000  0.09302326  0.00000000  0.00000000  0.00000000  0.00000000  0.00000000  0.00000000 
  0.00000000  0.01204819  0.00000000  0.00000000  0.00000000  0.06896552  0.00000000  0.00000000  0.00000000  0.00000000  0.00000000  0.00000000 
  0.00000000  0.00000000  0.00000000  0.00000000  0.00000000  0.00000000  0.00000000  0.02564103  0.00000000  0.00000000  0.00000000  0.00000000 
  0.00000000  0.02040816  0.00000000  0.00000000  0.00000000  0.05555556  0.00000000  0.00000000  0.00000000  0.00000000  0.00000000  0.00000000 
  0.00751880  0.03007519  0.00000000  0.00000000  0.00000000  0.10526316  0.00000000  0.00000000  0.00000000  0.00000000  0.00000000  0.00000000 
  0.01574803  0.01574803  0.00000000  0.00000000  0.00000000  0.05882353  0.00000000  0.00000000  0.00000000  0.00000000  0.00000000  0.00000000 
  0.00000000  0.00990099  0.00000000  0.00000000  0.00000000  0.00000000  0.00000000  0.00000000  0.00000000  0.00000000  0.00000000  0.00000000 
  0.00000000  0.01388889  0.00000000  0.00000000  0.00000000  0.17647059  0.00000000  0.00000000  0.00000000  0.00000000  0.00000000  0.00000000 
  0.00787402  0.00000000  0.00000000  0.00000000  0.00000000  0.00000000  0.00000000  0.00000000  0.00000000  0.00000000  0.00000000  0.00000000 
  0.00628931  0.00628931  0.00000000  0.00000000  0.00000000  0.07142857  0.00000000  0.07142857  0.00000000  0.00000000  0.00000000  0.00000000 
  0.00625000  0.00625000  0.00000000  0.00000000  0.00000000  0.10000000  0.00000000  0.00000000  0.00000000  0.00000000  0.00000000  0.00000000 
  0.00584795  0.00584795  0.00000000  0.00000000  0.00000000  0.05128205  0.00000000  0.00000000  0.00000000  0.00000000  0.00000000  0.00000000 
  0.00000000  0.01657459  0.00000000  0.00000000  0.00000000  0.06060606  0.00000000  0.00000000  0.00000000  0.00000000  0.00000000  0.00000000 
  0.00000000  0.01485149  0.00000000  0.00000000  0.00000000  0.00000000  0.00000000  0.00000000  0.00000000  0.00000000  0.00000000  0.00000000 
  0.00456621  0.01369863  0.00000000  0.00000000  0.00000000  0.04166667  0.00000000  0.00000000  0.00000000  0.00000000  0.00000000  0.00000000 
  0.00000000  0.01442308  0.00000000  0.00000000  0.00000000  0.03448276  0.00000000  0.03448276  0.00000000  0.00000000  0.00000000  0.00000000 
  0.00471698  0.00471698  0.00000000  0.00000000  0.00000000  0.11111111  0.03703704  0.00000000  0.00000000  0.00000000  0.00000000  0.00000000 
  0.00000000  0.00823045  0.00000000  0.00000000  0.00000000  0.03225806  0.00000000  0.00000000  0.00000000  0.00000000  0.00000000  0.00000000 
  0.00000000  0.00862069  0.00000000  0.00000000  0.00000000  0.05882353  0.00000000  0.00000000  0.00000000  0.00000000  0.00000000  0.00000000 
  0.01136364  0.01136364  0.00000000  0.00000000  0.00000000  0.17241379  0.03448276  0.03448276  0.00000000  0.00000000  0.00000000  0.00000000 
  0.02272727  0.01893939  0.00000000  0.00000000  0.00000000  0.03921569  0.00000000  0.00000000  0.00000000  0.00000000  0.00000000  0.00000000 
  0.01028278  0.01799486  0.00000000  0.00000000  0.00000000  0.10000000  0.01428571  0.00000000  0.00000000  0.00000000  0.00000000  0.00000000 
  0.02375297  0.03325416  0.00000000  0.00000000  0.00000000  0.09278351  0.00000000  0.00000000  0.00000000  0.00000000  0.00000000  0.00000000 
  0.03000000  0.02000000  0.00000000  0.00000000  0.00000000  0.11764706  0.00000000  0.00000000  0.00000000  0.00000000  0.00000000  0.00000000 
  0.05909091  0.00909091  0.00000000  0.00000000  0.00000000  0.26470588  0.00000000  0.00000000  0.00000000  0.00000000  0.00000000  0.00000000 
  0.02222222  0.01333333  0.00000000  0.00000000  0.02000000  0.14000000  0.02000000  0.00000000  0.00000000  0.00000000  0.00000000  0.00000000 
  0.00684932  0.02739726  0.00000000  0.00000000  0.00000000  0.16666667  0.00000000  0.04166667  0.00000000  0.00000000  0.00000000  0.00000000 
  0.00000000  0.02521008  0.00000000  0.00000000  0.00000000  0.06250000  0.00000000  0.06250000  0.00000000  0.00000000  0.00000000  0.00000000 
  0.00000000  0.00000000  0.00000000  0.00000000  0.00000000  0.11764706  0.00000000  0.00000000  0.00000000  0.00000000  0.00000000  0.00000000 
  0.00000000  0.02469136  0.00000000  0.00000000  0.00000000  0.00000000  0.00000000  0.05263158  0.00000000  0.00000000  0.00000000  0.00000000 
  0.00000000  0.00000000  0.00000000  0.00000000  0.00000000  0.16666667  0.00000000  0.00000000  0.00000000  0.00000000  0.00000000  0.00000000 
  0.00000000  0.00000000  0.00000000  0.00000000  0.00000000  0.20000000  0.00000000  0.00000000  0.00000000  0.00000000  0.00000000  0.00000000 
  0.00000000  0.04651163  0.00000000  0.00000000  0.00000000  0.28571429  0.00000000  0.00000000  0.00000000  0.00000000  0.00000000  0.00000000 
  0.00000000  0.05333333  0.00000000  0.00000000  0.00000000  0.10000000  0.00000000  0.00000000  0.00000000  0.00000000  0.00000000  0.00000000 
  0.00000000  0.00000000  0.00000000  0.00000000  0.00000000  0.14285714  0.00000000  0.00000000  0.00000000  0.00000000  0.00000000  0.00000000 
  0.00000000  0.03174603  0.00000000  0.00000000  0.00000000  0.10000000  0.00000000  0.00000000  0.00000000  0.00000000  0.00000000  0.00000000 
  0.00000000  0.03846154  0.00000000  0.00000000  0.00000000  0.20000000  0.00000000  0.06666667  0.00000000  0.00000000  0.00000000  0.00000000 
  0.00000000  0.01470588  0.00000000  0.00000000  0.00000000  0.00000000  0.00000000  0.00000000  0.00000000  0.00000000  0.00000000  0.00000000 
  0.00000000  0.02222222  0.00000000  0.00000000  0.00000000  0.00000000  0.00000000  0.07692308  0.00000000  0.00000000  0.00000000  0.00000000 
  0.00000000  0.00000000  0.00000000  0.00000000  0.00000000  0.00000000  0.00000000  0.00000000  0.00000000  0.00000000  0.00000000  0.00000000 
  0.00000000  0.00000000  0.00000000  0.00000000  0.00000000  0.10000000  0.00000000  0.00000000  0.00000000  0.00000000  0.00000000  0.00000000 
  0.02564103  0.01282051  0.00000000  0.00000000  0.00000000  0.00000000  0.00000000  0.09090909  0.00000000  0.00000000  0.00000000  0.00000000 
  0.00000000  0.00000000  0.00000000  0.00000000  0.00000000  0.16666667  0.00000000  0.00000000  0.00000000  0.00000000  0.00000000  0.00000000 
  0.00000000  0.03846154  0.00000000  0.00000000  0.00000000  0.00000000  0.00000000  0.25000000  0.00000000  0.00000000  0.00000000  0.00000000 
  0.00000000  0.01351351  0.00000000  0.00000000  0.00000000  0.25000000  0.00000000  0.00000000  0.00000000  0.00000000  0.00000000  0.00000000 
  0.00000000  0.00000000  0.00000000  0.00000000  0.00000000  0.00000000  0.00000000  0.00000000  0.00000000  0.00000000  0.00000000  0.00000000 
  0.00000000  0.05000000  0.00000000  0.00000000  0.00000000  0.00000000  0.00000000  0.00000000  0.00000000  0.00000000  0.00000000  0.00000000 
  0.00000000  0.00000000  0.00000000  0.00000000  0.00000000  0.25000000  0.00000000  0.00000000  0.00000000  0.00000000  0.00000000  0.00000000 
  0.02000000  0.02000000  0.00000000  0.00000000  0.00000000  0.11111111  0.00000000  0.00000000  0.00000000  0.00000000  0.00000000  0.00000000 
  0.00000000  0.00000000  0.00000000  0.00000000  0.00000000  0.42857143  0.00000000  0.00000000  0.00000000  0.00000000  0.00000000  0.00000000 
  0.00000000  0.00000000  0.00000000  0.00000000  0.11111111  0.00000000  0.00000000  0.00000000  0.00000000  0.00000000  0.00000000  0.00000000 
  0.00000000  0.03333333  0.00000000  0.00000000  0.00000000  0.00000000  0.00000000  0.00000000  0.00000000  0.00000000  0.00000000  0.00000000 
  0.01369863  0.02739726  0.00000000  0.00000000  0.00000000  0.00000000  0.00000000  0.00000000  0.00000000  0.00000000  0.00000000  0.00000000 
  0.00000000  0.01190476  0.00000000  0.00000000  0.00000000  0.05263158  0.00000000  0.00000000  0.00000000  0.00000000  0.00000000  0.00000000 
  0.00000000  0.01869159  0.00000000  0.00000000  0.00000000  0.08000000  0.00000000  0.00000000  0.00000000  0.00000000  0.00000000  0.00000000 
  0.00000000  0.00000000  0.00000000  0.00000000  0.00000000  0.06060606  0.00000000  0.00000000  0.00000000  0.00000000  0.00000000  0.00000000 
  0.01818182  0.00000000  0.00000000  0.00000000  0.00000000  0.00000000  0.00000000  0.00000000  0.00000000  0.00000000  0.00000000  0.00000000 
  0.02061856  0.04123711  0.00000000  0.00000000  0.00000000  0.04761905  0.00000000  0.00000000  0.00000000  0.00000000  0.00000000  0.00000000 
  0.00000000  0.01941748  0.00000000  0.00000000  0.00000000  0.05263158  0.00000000  0.00000000  0.00000000  0.00000000  0.00000000  0.00000000 
  0.00925926  0.00925926  0.00000000  0.00000000  0.00000000  0.11538462  0.00000000  0.00000000  0.00000000  0.00000000  0.00000000  0.00000000 
  0.00000000  0.00000000  0.00000000  0.00000000  0.00000000  0.03225806  0.00000000  0.00000000  0.00000000  0.00000000  0.00000000  0.00000000 
  0.00000000  0.04166667  0.00000000  0.00000000  0.00000000  0.00000000  0.00000000  0.00000000  0.00000000  0.00000000  0.00000000  0.00000000 
  0.01369863  0.00000000  0.00000000  0.00000000  0.00000000  0.04761905  0.00000000  0.04761905  0.00000000  0.00000000  0.00000000  0.00000000 
  0.01162791  0.06976744  0.00000000  0.00000000  0.00000000  0.05263158  0.00000000  0.00000000  0.00000000  0.00000000  0.00000000  0.00000000 
  0.00000000  0.01492537  0.00000000  0.00000000  0.00000000  0.04347826  0.00000000  0.04347826  0.00000000  0.00000000  0.00000000  0.00000000 
  0.00000000  0.00000000  0.00000000  0.00000000  0.00000000  0.00000000  0.00000000  0.00000000  0.00000000  0.00000000  0.00000000  0.00000000 
  0.00000000  0.01562500  0.00000000  0.00000000  0.00000000  0.05000000  0.00000000  0.00000000  0.00000000  0.00000000  0.00000000  0.00000000 
  0.00000000  0.03488372  0.00000000  0.00000000  0.00000000  0.05263158  0.00000000  0.00000000  0.00000000  0.00000000  0.00000000  0.00000000 
  0.01818182  0.07272727  0.00000000  0.00000000  0.00000000  0.06250000  0.00000000  0.00000000  0.00000000  0.00000000  0.00000000  0.00000000 
  0.00000000  0.00000000  0.00000000  0.00000000  0.00000000  0.00000000  0.00000000  0.00000000  0.00000000  0.00000000  0.00000000  0.00000000 
  0.00000000  0.03296703  0.00000000  0.00000000  0.00000000  0.00000000  0.00000000  0.00000000  0.00000000  0.00000000  0.00000000  0.00000000 
  0.00000000  0.02325581  0.00000000  0.00000000  0.00000000  0.10526316  0.00000000  0.00000000  0.00000000  0.00000000  0.00000000  0.00000000 
  0.01190476  0.00000000  0.00000000  0.00000000  0.00000000  0.13043478  0.00000000  0.00000000  0.00000000  0.00000000  0.00000000  0.00000000 
  0.01162791  0.00000000  0.00000000  0.00000000  0.00000000  0.00000000  0.00000000  0.00000000  0.00000000  0.00000000  0.00000000  0.00000000 
  0.00000000  0.03508772  0.00000000  0.00000000  0.00000000  0.00000000  0.00000000  0.00000000  0.00000000  0.00000000  0.00000000  0.00000000 
  0.01851852  0.01851852  0.00000000  0.00000000  0.00000000  0.15789474  0.00000000  0.00000000  0.00000000  0.00000000  0.00000000  0.00000000 
  0.00000000  0.08163265  0.00000000  0.00000000  0.00000000  0.00000000  0.00000000  0.00000000  0.00000000  0.00000000  0.00000000  0.00000000 
  0.00000000  0.03333333  0.00000000  0.00000000  0.00000000  0.09523810  0.00000000  0.00000000  0.00000000  0.00000000  0.00000000  0.00000000 
  0.00000000  0.03260870  0.00000000  0.00000000  0.00000000  0.06250000  0.00000000  0.00000000  0.00000000  0.00000000  0.00000000  0.00000000 
  0.01886792  0.04716981  0.00000000  0.00000000  0.00000000  0.05000000  0.00000000  0.00000000  0.00000000  0.00000000  0.00000000  0.00000000 
  0.01000000  0.01000000  0.00000000  0.00000000  0.00000000  0.08333333  0.00000000  0.00000000  0.00000000  0.00000000  0.00000000  0.00000000 
  0.00000000  0.10714286  0.00000000  0.00000000  0.00000000  0.00000000  0.00000000  0.00000000  0.00000000  0.00000000  0.00000000  0.00000000 
  0.00000000  0.04918033  0.00000000  0.00000000  0.00000000  0.16666667  0.00000000  0.00000000  0.00000000  0.00000000  0.00000000  0.00000000 
  0.00000000  0.08571429  0.00000000  0.00000000  0.00000000  0.13333333  0.00000000  0.00000000  0.00000000  0.00000000  0.00000000  0.00000000 
  0.00000000  0.04761905  0.00000000  0.00000000  0.00000000  0.15384615  0.00000000  0.00000000  0.00000000  0.00000000  0.00000000  0.00000000 
  0.02127660  0.08510638  0.00000000  0.00000000  0.00000000  0.09090909  0.00000000  0.00000000  0.00000000  0.00000000  0.00000000  0.00000000 
  0.00000000  0.03333333  0.00000000  0.00000000  0.00000000  0.09090909  0.00000000  0.00000000  0.00000000  0.00000000  0.00000000  0.00000000 
  0.06666667  0.00000000  0.00000000  0.00000000  0.00000000  0.08333333  0.00000000  0.00000000  0.00000000  0.00000000  0.00000000  0.00000000 
  0.04761905  0.04761905  0.00000000  0.00000000  0.00000000  0.36363636  0.00000000  0.00000000  0.00000000  0.00000000  0.00000000  0.00000000 
  0.01785714  0.07142857  0.00000000  0.00000000  0.00000000  0.15384615  0.00000000  0.00000000  0.00000000  0.00000000  0.00000000  0.00000000 
  0.00000000  0.03571429  0.00000000  0.00000000  0.00000000  0.10000000  0.00000000  0.00000000  0.00000000  0.00000000  0.00000000  0.00000000 
  0.00000000  0.01449275  0.00000000  0.00000000  0.00000000  0.00000000  0.00000000  0.00000000  0.00000000  0.00000000  0.00000000  0.00000000 
  0.00000000  0.04918033  0.00000000  0.00000000  0.00000000  0.07142857  0.00000000  0.00000000  0.00000000  0.00000000  0.00000000  0.00000000 
  0.00000000  0.03370787  0.00000000  0.00000000  0.00000000  0.11111111  0.00000000  0.03703704  0.00000000  0.00000000  0.00000000  0.00000000 
  0.00000000  0.02040816  0.00000000  0.00000000  0.00000000  0.00000000  0.00000000  0.10526316  0.00000000  0.00000000  0.00000000  0.00000000 
  0.00000000  0.02105263  0.00000000  0.00000000  0.00000000  0.12500000  0.00000000  0.00000000  0.00000000  0.00000000  0.00000000  0.00000000 
  0.00952381  0.00952381  0.00000000  0.00000000  0.00000000  0.07692308  0.00000000  0.03846154  0.00000000  0.00000000  0.00000000  0.00000000 
  0.00000000  0.01941748  0.00000000  0.00000000  0.00000000  0.00000000  0.00000000  0.06250000  0.00000000  0.00000000  0.00000000  0.00000000 
  0.00000000  0.05797101  0.00000000  0.00000000  0.00000000  0.08695652  0.00000000  0.00000000  0.00000000  0.00000000  0.00000000  0.00000000 
  0.00000000  0.02409639  0.00000000  0.00000000  0.04347826  0.04347826  0.00000000  0.00000000  0.00000000  0.00000000  0.00000000  0.00000000 
  0.00000000  0.01360544  0.00000000  0.00000000  0.00000000  0.07692308  0.00000000  0.05128205  0.00000000  0.00000000  0.00000000  0.00000000 
  0.00819672  0.04918033  0.00000000  0.00000000  0.00000000  0.12000000  0.00000000  0.00000000  0.00000000  0.00000000  0.00000000  0.00000000 
  0.03731343  0.02238806  0.00000000  0.00000000  0.00000000  0.07692308  0.00000000  0.00000000  0.00000000  0.00000000  0.00000000  0.00000000 
  0.00934579  0.03738318  0.00000000  0.00000000  0.00000000  0.10344828  0.00000000  0.03448276  0.00000000  0.00000000  0.00000000  0.00000000 
  0.00694444  0.02083333  0.00000000  0.00000000  0.02564103  0.10256410  0.00000000  0.00000000  0.00000000  0.00000000  0.00000000  0.00000000 
  0.00000000  0.02027027  0.00000000  0.00000000  0.00000000  0.05263158  0.00000000  0.00000000  0.00000000  0.00000000  0.00000000  0.00000000 
  0.01176471  0.07058824  0.00000000  0.00000000  0.00000000  0.13636364  0.00000000  0.04545455  0.00000000  0.00000000  0.00000000  0.00000000 
  0.01190476  0.10714286  0.00000000  0.00000000  0.00000000  0.05882353  0.00000000  0.05882353  0.00000000  0.00000000  0.00000000  0.00000000 
  0.00000000  0.06164384  0.00000000  0.00000000  0.00000000  0.07407407  0.00000000  0.07407407  0.00000000  0.00000000  0.00000000  0.00000000 
  0.00000000  0.05128205  0.00000000  0.00000000  0.00000000  0.12000000  0.00000000  0.00000000  0.00000000  0.00000000  0.00000000  0.00000000 
  0.00000000  0.03571429  0.00000000  0.00000000  0.00000000  0.07692308  0.00000000  0.07692308  0.00000000  0.00000000  0.00000000  0.00000000 
  0.00000000  0.05050505  0.00000000  0.00000000  0.00000000  0.21739130  0.00000000  0.00000000  0.00000000  0.00000000  0.00000000  0.00000000 
  0.00000000  0.08080808  0.00000000  0.00000000  0.00000000  0.08695652  0.00000000  0.04347826  0.00000000  0.00000000  0.00000000  0.00000000 
  0.00000000  0.01204819  0.00000000  0.00000000  0.04545455  0.04545455  0.00000000  0.00000000  0.00000000  0.00000000  0.00000000  0.00000000 
  0.00000000  0.03636364  0.00000000  0.00000000  0.00000000  0.15789474  0.00000000  0.00000000  0.00000000  0.00000000  0.00000000  0.00000000 
  0.00000000  0.11111111  0.00000000  0.00000000  0.00000000  0.20000000  0.00000000  0.00000000  0.00000000  0.00000000  0.00000000  0.00000000 
  0.02380952  0.11904762  0.00000000  0.00000000  0.00000000  0.16666667  0.00000000  0.08333333  0.00000000  0.00000000  0.00000000  0.00000000 
  0.00000000  0.08064516  0.00000000  0.00000000  0.00000000  0.00000000  0.00000000  0.23076923  0.00000000  0.00000000  0.00000000  0.00000000 
  0.00000000  0.06896552  0.00000000  0.00000000  0.00000000  0.11111111  0.00000000  0.00000000  0.00000000  0.00000000  0.00000000  0.00000000 
  0.03225806  0.00000000  0.00000000  0.00000000  0.00000000  0.25000000  0.00000000  0.00000000  0.00000000  0.00000000  0.00000000  0.00000000 
  0.02105263  0.04210526  0.00000000  0.00000000  0.00000000  0.00000000  0.00000000  0.05263158  0.00000000  0.00000000  0.00000000  0.00000000 
  0.00961538  0.06730769  0.00000000  0.00000000  0.00000000  0.23076923  0.00000000  0.07692308  0.00000000  0.00000000  0.00000000  0.00000000 
  0.00000000  0.02631579  0.00000000  0.00000000  0.00000000  0.14285714  0.00000000  0.00000000  0.00000000  0.00000000  0.00000000  0.00000000 
  0.00000000  0.06250000  0.00000000  0.00000000  0.00000000  0.09090909  0.00000000  0.00000000  0.00000000  0.00000000  0.00000000  0.00000000 
  0.01960784  0.07843137  0.00000000  0.00000000  0.00000000  0.33333333  0.00000000  0.00000000  0.00000000  0.00000000  0.00000000  0.00000000 
  0.03896104  0.01298701  0.00000000  0.00000000  0.00000000  0.25000000  0.00000000  0.00000000  0.00000000  0.00000000  0.00000000  0.00000000 
  0.01000000  0.03000000  0.00000000  0.00000000  0.00000000  0.00000000  0.00000000  0.09090909  0.00000000  0.00000000  0.00000000  0.00000000 
  0.00000000  0.07608696  0.00000000  0.00000000  0.00000000  0.10000000  0.00000000  0.00000000  0.00000000  0.00000000  0.00000000  0.00000000 
  0.01428571  0.07142857  0.00000000  0.00000000  0.00000000  0.11764706  0.00000000  0.00000000  0.00000000  0.00000000  0.00000000  0.00000000 
  0.00000000  0.08750000  0.00000000  0.00000000  0.00000000  0.10000000  0.00000000  0.10000000  0.00000000  0.00000000  0.00000000  0.00000000 
  0.01098901  0.06593407  0.00000000  0.00000000  0.00000000  0.15384615  0.00000000  0.07692308  0.00000000  0.00000000  0.00000000  0.00000000 
  0.00000000  0.15492958  0.00000000  0.00000000  0.04545455  0.04545455  0.00000000  0.09090909  0.00000000  0.00000000  0.00000000  0.00000000 
  0.00000000  0.08000000  0.00000000  0.00000000  0.00000000  0.16000000  0.00000000  0.00000000  0.00000000  0.00000000  0.00000000  0.00000000 
  0.01904762  0.02857143  0.00000000  0.00000000  0.00000000  0.24000000  0.00000000  0.04000000  0.00000000  0.00000000  0.00000000  0.00000000 
  0.01515152  0.10606061  0.00000000  0.00000000  0.00000000  0.23809524  0.00000000  0.04761905  0.00000000  0.00000000  0.00000000  0.00000000 
  0.00000000  0.05952381  0.00000000  0.00000000  0.00000000  0.25000000  0.00000000  0.10000000  0.00000000  0.00000000  0.00000000  0.00000000 
  0.00000000  0.05970149  0.00000000  0.00000000  0.00000000  0.17391304  0.00000000  0.04347826  0.00000000  0.00000000  0.00000000  0.00000000 
  0.00000000  0.09574468  0.00000000  0.00000000  0.00000000  0.08333333  0.00000000  0.00000000  0.00000000  0.00000000  0.00000000  0.00000000 
  0.00000000  0.05333333  0.00000000  0.00000000  0.00000000  0.03703704  0.00000000  0.00000000  0.00000000  0.00000000  0.00000000  0.00000000 
  0.00000000  0.03296703  0.00000000  0.00000000  0.00000000  0.25000000  0.00000000  0.08333333  0.00000000  0.00000000  0.00000000  0.00000000 
  0.00000000  0.05882353  0.00000000  0.00000000  0.00000000  0.10714286  0.00000000  0.07142857  0.00000000  0.00000000  0.00000000  0.00000000 
  0.01398601  0.04895105  0.00000000  0.00000000  0.00000000  0.06250000  0.00000000  0.03125000  0.00000000  0.00000000  0.00000000  0.00000000 
  0.00000000  0.08088235  0.00000000  0.00000000  0.00000000  0.10810811  0.00000000  0.00000000  0.00000000  0.00000000  0.00000000  0.00000000 
  0.00595238  0.06547619  0.00000000  0.00000000  0.00000000  0.13157895  0.00000000  0.02631579  0.00000000  0.00000000  0.00000000  0.00000000 
  0.00571429  0.02857143  0.00000000  0.00000000  0.00000000  0.15789474  0.00000000  0.00000000  0.00000000  0.00000000  0.00000000  0.00000000 
  0.00000000  0.03370787  0.00000000  0.00000000  0.00000000  0.12500000  0.00000000  0.00000000  0.00000000  0.00000000  0.00000000  0.00000000 
  0.00000000  0.02617801  0.00000000  0.00000000  0.00000000  0.11627907  0.00000000  0.02325581  0.00000000  0.00000000  0.00000000  0.00000000 
