  0.00000000  0.23762376  0.00000000  0.00000000  0.00000000  0.21559633  0.00000000  0.12385321  0.00000000  0.00000000  0.00000000  0.00000000 
  0.00000000  0.15325670  0.00000000  0.00000000  0.00000000  0.20571429  0.00000000  0.05714286  0.00000000  0.00000000  0.00000000  0.00000000 
  0.00684932  0.13698630  0.00000000  0.00000000  0.00000000  0.12195122  0.00000000  0.06097561  0.00000000  0.00000000  0.00000000  0.00000000 
  0.00524934  0.22572178  0.00000000  0.00000000  0.00000000  0.22178988  0.00000000  0.09727626  0.00000000  0.00000000  0.00000000  0.00000000 
  0.00303951  0.10334347  0.00000000  0.00000000  0.00000000  0.18532819  0.00000000  0.06177606  0.00000000  0.00000000  0.00000000  0.00000000 
  0.00000000  0.11589404  0.00000000  0.00000000  0.00000000  0.20202020  0.00000000  0.04545455  0.00000000  0.00000000  0.00000000  0.00000000 
  0.00257069  0.21593830  0.00000000  0.00000000  0.00000000  0.19918699  0.00000000  0.08130081  0.00000000  0.00000000  0.00000000  0.00000000 
  0.00000000  0.19023136  0.00000000  0.00000000  0.00000000  0.18545455  0.00000000  0.07272727  0.00000000  0.00000000  0.00000000  0.00000000 
  0.00488998  0.11735941  0.00000000  0.00000000  0.00000000  0.13636364  0.00000000  0.03030303  0.00000000  0.00000000  0.00000000  0.00000000 
  0.01106195  0.11946903  0.00000000  0.00000000  0.00000000  0.18000000  0.00000000  0.05714286  0.00000000  0.00000000  0.00000000  0.00000000 
  0.00000000  0.11623246  0.00000000  0.00000000  0.00000000  0.15094340  0.00539084  0.04043127  0.00000000  0.00000000  0.00000000  0.00000000 
  0.00000000  0.14155251  0.00000000  0.00000000  0.00000000  0.13564669  0.00000000  0.02839117  0.00000000  0.00000000  0.00000000  0.00000000 
  0.00495050  0.17326733  0.00000000  0.00000000  0.00000000  0.21036585  0.00000000  0.07926829  0.00000000  0.00000000  0.00000000  0.00000000 
  0.00751880  0.16165414  0.00000000  0.00000000  0.00000000  0.20095694  0.00000000  0.07655502  0.00000000  0.00000000  0.00000000  0.00000000 
  0.00294118  0.17058824  0.00000000  0.00000000  0.00375940  0.24812030  0.00000000  0.05263158  0.00000000  0.00000000  0.00000000  0.00000000 
  0.00000000  0.13720317  0.00000000  0.00000000  0.00448430  0.15246637  0.00000000  0.06278027  0.00000000  0.00000000  0.00000000  0.00000000 
  0.00000000  0.20132013  0.00000000  0.00000000  0.00000000  0.20472441  0.00000000  0.05905512  0.00000000  0.00000000  0.00000000  0.00000000 
  0.00833333  0.18611111  0.00000000  0.00000000  0.00000000  0.17763158  0.00000000  0.06907895  0.00000000  0.00000000  0.00000000  0.00000000 
  0.02197802  0.18406593  0.00000000  0.00000000  0.00000000  0.22064057  0.00000000  0.07473310  0.00000000  0.00000000  0.00000000  0.00000000 
  0.00804290  0.18766756  0.00000000  0.00000000  0.00000000  0.16987179  0.00000000  0.05128205  0.00000000  0.00000000  0.00000000  0.00000000 
  0.00226757  0.19274376  0.00000000  0.00000000  0.00000000  0.18506494  0.00000000  0.04220779  0.00000000  0.00000000  0.00000000  0.00000000 
  0.00617284  0.13786008  0.00000000  0.00000000  0.00000000  0.13939394  0.00000000  0.02424242  0.00000000  0.00000000  0.00000000  0.00000000 
  0.00381679  0.12977099  0.00000000  0.00000000  0.00000000  0.12290503  0.00000000  0.02234637  0.00000000  0.00000000  0.00000000  0.00000000 
  0.00000000  0.15349887  0.00000000  0.00000000  0.00000000  0.13707165  0.00000000  0.01869159  0.00000000  0.00000000  0.00000000  0.00000000 
  0.00506329  0.10632911  0.00000000  0.00000000  0.00000000  0.10000000  0.00000000  0.02857143  0.00000000  0.00000000  0.00000000  0.00000000 
  0.00430108  0.08602151  0.00000000  0.00000000  0.00000000  0.10185185  0.00000000  0.00308642  0.00000000  0.00000000  0.00000000  0.00000000 
  0.00000000  0.09280742  0.00000000  0.00000000  0.00000000  0.13202247  0.00000000  0.02808989  0.00000000  0.00000000  0.00000000  0.00000000 
  0.00000000  0.11627907  0.00000000  0.00000000  0.00000000  0.09116809  0.00000000  0.01994302  0.00000000  0.00000000  0.00000000  0.00000000 
  0.00186916  0.03177570  0.00000000  0.00000000  0.00000000  0.01160093  0.00000000  0.00232019  0.00000000  0.00000000  0.00000000  0.00000000 
  0.00000000  0.00632911  0.00000000  0.00000000  0.00546448  0.00819672  0.00000000  0.00000000  0.00000000  0.00000000  0.00000000  0.00000000 
  0.00350877  0.01052632  0.00000000  0.00000000  0.00251889  0.01259446  0.00251889  0.00000000  0.00000000  0.00000000  0.00000000  0.00000000 
  0.00146843  0.00734214  0.00000000  0.00000000  0.00000000  0.00000000  0.00000000  0.00000000  0.00000000  0.00000000  0.00000000  0.00000000 
  0.00202020  0.00808081  0.00000000  0.00000000  0.00000000  0.01084011  0.00000000  0.00000000  0.00000000  0.00000000  0.00000000  0.00000000 
  0.00000000  0.05140187  0.00000000  0.00000000  0.00000000  0.06593407  0.00000000  0.01098901  0.00000000  0.00000000  0.00000000  0.00000000 
  0.00493827  0.13580247  0.00000000  0.00000000  0.00000000  0.12323944  0.00000000  0.04225352  0.00000000  0.00000000  0.00000000  0.00000000 
  0.00000000  0.16513761  0.00000000  0.00000000  0.00000000  0.19909502  0.00000000  0.08597285  0.00000000  0.00000000  0.00000000  0.00000000 
  0.00483092  0.18115942  0.00000000  0.00000000  0.00000000  0.11739130  0.00000000  0.02608696  0.00000000  0.00000000  0.00000000  0.00000000 
  0.00641026  0.13247863  0.00000000  0.00000000  0.00000000  0.14163090  0.00000000  0.02575107  0.00000000  0.00000000  0.00000000  0.00000000 
  0.00204499  0.11042945  0.00000000  0.00000000  0.00000000  0.07942238  0.00000000  0.01444043  0.00000000  0.00000000  0.00000000  0.00000000 
