  0.00000000  0.01792115  0.00000000  0.00000000  0.00000000  0.03571429  0.00000000  0.00000000  0.00000000  0.00000000  0.00000000  0.00000000 
  0.00446429  0.01339286  0.00000000  0.00000000  0.00000000  0.03418803  0.00000000  0.00000000  0.00000000  0.00000000  0.00000000  0.00000000 
  0.00000000  0.01762115  0.00000000  0.00000000  0.00980392  0.05882353  0.00000000  0.00000000  0.00000000  0.00000000  0.00000000  0.00000000 
  0.00000000  0.00454545  0.00000000  0.00000000  0.00000000  0.06315789  0.00000000  0.00000000  0.00000000  0.00000000  0.00000000  0.00000000 
  0.00000000  0.00510204  0.00000000  0.00000000  0.00000000  0.06493506  0.00000000  0.00000000  0.00000000  0.00000000  0.00000000  0.00000000 
  0.01604278  0.01604278  0.00000000  0.00000000  0.00000000  0.04395604  0.00000000  0.01098901  0.00000000  0.00000000  0.00000000  0.00000000 
  0.00689655  0.00689655  0.00000000  0.00000000  0.01298701  0.01298701  0.00000000  0.00000000  0.00000000  0.00000000  0.00000000  0.00000000 
  0.00653595  0.00000000  0.00000000  0.00000000  0.01515152  0.04545455  0.00000000  0.00000000  0.00000000  0.00000000  0.00000000  0.00000000 
  0.00800000  0.01600000  0.00000000  0.00000000  0.00000000  0.03703704  0.00000000  0.00000000  0.00000000  0.00000000  0.00000000  0.00000000 
  0.00000000  0.00617284  0.00000000  0.00000000  0.02500000  0.02500000  0.00000000  0.00000000  0.00000000  0.00000000  0.00000000  0.00000000 
  0.00552486  0.00552486  0.00000000  0.00000000  0.00000000  0.06578947  0.00000000  0.00000000  0.00000000  0.00000000  0.00000000  0.00000000 
  0.00000000  0.00000000  0.00000000  0.00000000  0.00000000  0.03947368  0.00000000  0.01315789  0.00000000  0.00000000  0.00000000  0.00000000 
  0.01818182  0.00000000  0.00000000  0.00000000  0.01408451  0.01408451  0.00000000  0.00000000  0.00000000  0.00000000  0.00000000  0.00000000 
  0.00740741  0.00740741  0.00000000  0.00000000  0.00000000  0.02298851  0.00000000  0.00000000  0.00000000  0.00000000  0.00000000  0.00000000 
  0.00625000  0.00000000  0.00000000  0.00000000  0.01851852  0.00000000  0.00000000  0.00000000  0.00000000  0.00000000  0.00000000  0.00000000 
  0.00574713  0.01724138  0.00000000  0.00000000  0.00000000  0.10769231  0.00000000  0.00000000  0.00000000  0.00000000  0.00000000  0.00000000 
  0.00000000  0.00671141  0.00000000  0.00000000  0.00000000  0.04615385  0.00000000  0.00000000  0.00000000  0.00000000  0.00000000  0.00000000 
  0.00000000  0.01273885  0.00000000  0.00000000  0.00000000  0.03389831  0.00000000  0.00000000  0.00000000  0.00000000  0.00000000  0.00000000 
  0.00515464  0.00515464  0.00000000  0.00000000  0.00000000  0.06666667  0.00000000  0.00000000  0.00000000  0.00000000  0.00000000  0.00000000 
  0.00000000  0.02617801  0.00000000  0.00000000  0.00000000  0.04854369  0.00000000  0.00000000  0.00000000  0.00000000  0.00000000  0.00000000 
  0.02645503  0.01587302  0.00000000  0.00000000  0.00000000  0.01562500  0.00000000  0.00000000  0.00000000  0.00000000  0.00000000  0.00000000 
  0.00534759  0.01069519  0.00000000  0.00000000  0.00000000  0.01351351  0.00000000  0.00000000  0.00000000  0.00000000  0.00000000  0.00000000 
  0.00000000  0.01273885  0.00000000  0.00000000  0.00000000  0.01265823  0.00000000  0.00000000  0.00000000  0.00000000  0.00000000  0.00000000 
  0.00000000  0.00480769  0.00000000  0.00000000  0.00000000  0.03370787  0.00000000  0.00000000  0.00000000  0.00000000  0.00000000  0.00000000 
  0.00000000  0.00427350  0.00000000  0.00000000  0.00000000  0.04494382  0.00000000  0.00000000  0.00000000  0.00000000  0.00000000  0.00000000 
  0.00000000  0.01025641  0.00000000  0.00000000  0.00000000  0.06122449  0.00000000  0.00000000  0.00000000  0.00000000  0.00000000  0.00000000 
  0.00421941  0.01265823  0.00000000  0.00000000  0.00000000  0.04132231  0.00000000  0.00000000  0.00000000  0.00000000  0.00000000  0.00000000 
  0.00000000  0.00427350  0.00000000  0.00000000  0.00000000  0.05555556  0.00000000  0.00000000  0.00000000  0.00000000  0.00000000  0.00000000 
  0.00409836  0.02049180  0.00000000  0.00000000  0.00000000  0.06315789  0.01052632  0.00000000  0.00000000  0.00000000  0.00000000  0.00000000 
  0.00429185  0.00858369  0.00000000  0.00000000  0.00847458  0.03389831  0.00000000  0.00000000  0.00000000  0.00000000  0.00000000  0.00000000 
  0.00418410  0.02092050  0.00000000  0.00000000  0.00000000  0.04385965  0.00000000  0.00000000  0.00000000  0.00000000  0.00000000  0.00000000 
  0.00330033  0.00330033  0.00000000  0.00000000  0.00000000  0.00000000  0.00000000  0.00000000  0.00000000  0.00000000  0.00000000  0.00000000 
  0.00000000  0.01538462  0.00000000  0.00000000  0.00000000  0.03597122  0.00000000  0.00000000  0.00000000  0.00000000  0.00000000  0.00000000 
  0.00569801  0.00854701  0.00000000  0.00000000  0.00000000  0.08633094  0.00000000  0.00000000  0.00000000  0.00000000  0.00000000  0.00000000 
  0.00000000  0.00000000  0.00000000  0.00000000  0.00763359  0.07633588  0.00000000  0.00000000  0.00000000  0.00000000  0.00000000  0.00000000 
  0.00000000  0.01413428  0.00000000  0.00000000  0.00769231  0.06153846  0.00000000  0.00000000  0.00000000  0.00000000  0.00000000  0.00000000 
  0.00332226  0.00996678  0.00000000  0.00000000  0.00719424  0.05755396  0.00000000  0.00719424  0.00000000  0.00000000  0.00000000  0.00000000 
  0.00315457  0.03470032  0.00000000  0.00000000  0.00000000  0.03333333  0.00000000  0.00000000  0.00000000  0.00000000  0.00000000  0.00000000 
  0.00615385  0.01846154  0.00000000  0.00000000  0.00000000  0.09032258  0.00000000  0.00000000  0.00000000  0.00000000  0.00000000  0.00000000 
