  0.00000000  0.00558659  0.00000000  0.00000000  0.00000000  0.14000000  0.00000000  0.00000000  0.00000000  0.00000000  0.00000000  0.00000000 
  0.00000000  0.01796407  0.00000000  0.00000000  0.00000000  0.30508475  0.00000000  0.01694915  0.00000000  0.00000000  0.00000000  0.00000000 
  0.00000000  0.02459016  0.00000000  0.00000000  0.01369863  0.16438356  0.00000000  0.00000000  0.00000000  0.00000000  0.00000000  0.00000000 
  0.00000000  0.02713178  0.00000000  0.00000000  0.00000000  0.10526316  0.00000000  0.00000000  0.00000000  0.00000000  0.00000000  0.00000000 
  0.00000000  0.01785714  0.00000000  0.00000000  0.00000000  0.15942029  0.00000000  0.01449275  0.00000000  0.00000000  0.00000000  0.00000000 
  0.00000000  0.00684932  0.00000000  0.00000000  0.00000000  0.07142857  0.00000000  0.00000000  0.00000000  0.00000000  0.00000000  0.00000000 
  0.00000000  0.03875969  0.00000000  0.00000000  0.00000000  0.06666667  0.00000000  0.06666667  0.00000000  0.00000000  0.00000000  0.00000000 
  0.00000000  0.03478261  0.00000000  0.00000000  0.00000000  0.11111111  0.00000000  0.00000000  0.00000000  0.00000000  0.00000000  0.00000000 
  0.00000000  0.00000000  0.00000000  0.00000000  0.00000000  0.10000000  0.00000000  0.00000000  0.00000000  0.00000000  0.00000000  0.00000000 
  0.00000000  0.02439024  0.00000000  0.00000000  0.00000000  0.00000000  0.00000000  0.00000000  0.00000000  0.00000000  0.00000000  0.00000000 
  0.00000000  0.08333333  0.00000000  0.00000000  0.00000000  0.00000000  0.00000000  0.00000000  0.00000000  0.00000000  0.00000000  0.00000000 
  0.00000000  0.02439024  0.00000000  0.00000000  0.00000000  0.06250000  0.00000000  0.00000000  0.00000000  0.00000000  0.00000000  0.00000000 
  0.00000000  0.01818182  0.00000000  0.00000000  0.00000000  0.02857143  0.00000000  0.00000000  0.00000000  0.00000000  0.00000000  0.00000000 
  0.00000000  0.00696864  0.00000000  0.00000000  0.00000000  0.06000000  0.00000000  0.00000000  0.00000000  0.00000000  0.00000000  0.00000000 
  0.00000000  0.00400000  0.00000000  0.00000000  0.00000000  0.05333333  0.00000000  0.00000000  0.00000000  0.00000000  0.00000000  0.00000000 
  0.00000000  0.00462963  0.00000000  0.00000000  0.01388889  0.06944444  0.00000000  0.00000000  0.00000000  0.00000000  0.00000000  0.00000000 
  0.00000000  0.00975610  0.00000000  0.00000000  0.00000000  0.08823529  0.00000000  0.00000000  0.00000000  0.00000000  0.00000000  0.00000000 
  0.00000000  0.01716738  0.00000000  0.00000000  0.00000000  0.10606061  0.00000000  0.00000000  0.00000000  0.00000000  0.00000000  0.00000000 
  0.00515464  0.02061856  0.00000000  0.00000000  0.00000000  0.14102564  0.00000000  0.01282051  0.00000000  0.00000000  0.00000000  0.00000000 
  0.00000000  0.01724138  0.00000000  0.00000000  0.00000000  0.14285714  0.00000000  0.00000000  0.00000000  0.00000000  0.00000000  0.00000000 
  0.00000000  0.01639344  0.00000000  0.00000000  0.00000000  0.08860759  0.00000000  0.00000000  0.00000000  0.00000000  0.00000000  0.00000000 
  0.00000000  0.01259446  0.00000000  0.00000000  0.00000000  0.11428571  0.00000000  0.00000000  0.00000000  0.00000000  0.00000000  0.00000000 
  0.00000000  0.00550964  0.00000000  0.00000000  0.00000000  0.09615385  0.00961538  0.00000000  0.00000000  0.00000000  0.00000000  0.00000000 
  0.00000000  0.01435407  0.00000000  0.00000000  0.00746269  0.08208955  0.00000000  0.00000000  0.00000000  0.00000000  0.00000000  0.00000000 
  0.00000000  0.00229885  0.00000000  0.00000000  0.00000000  0.07586207  0.00000000  0.00000000  0.00000000  0.00000000  0.00000000  0.00000000 
  0.00000000  0.00714286  0.00000000  0.00000000  0.00000000  0.11016949  0.00000000  0.00847458  0.00000000  0.00000000  0.00000000  0.00000000 
  0.00000000  0.03205128  0.00000000  0.00000000  0.00000000  0.12500000  0.00000000  0.00000000  0.00000000  0.00000000  0.00000000  0.00000000 
  0.00000000  0.00714286  0.00000000  0.00000000  0.00000000  0.13461538  0.00000000  0.00000000  0.00000000  0.00000000  0.00000000  0.00000000 
  0.00000000  0.00840336  0.00000000  0.00000000  0.00000000  0.05882353  0.00000000  0.00000000  0.00000000  0.00000000  0.00000000  0.00000000 
  0.00628931  0.01257862  0.00000000  0.00000000  0.00000000  0.03571429  0.00000000  0.00000000  0.00000000  0.00000000  0.00000000  0.00000000 
  0.00000000  0.00442478  0.00000000  0.00000000  0.00000000  0.06521739  0.00000000  0.00000000  0.00000000  0.00000000  0.00000000  0.00000000 
  0.00328947  0.00986842  0.00000000  0.00000000  0.00000000  0.10227273  0.00000000  0.00000000  0.00000000  0.00000000  0.00000000  0.00000000 
  0.00000000  0.00923077  0.00000000  0.00000000  0.01785714  0.05357143  0.00000000  0.00000000  0.00000000  0.00000000  0.00000000  0.00000000 
  0.00000000  0.00346021  0.00000000  0.00000000  0.00000000  0.10714286  0.00892857  0.00000000  0.00000000  0.00000000  0.00000000  0.00000000 
  0.00000000  0.01694915  0.00000000  0.00000000  0.00000000  0.03846154  0.00000000  0.00000000  0.00000000  0.00000000  0.00000000  0.00000000 
  0.00000000  0.01612903  0.00000000  0.00000000  0.03030303  0.15151515  0.00000000  0.03030303  0.00000000  0.00000000  0.00000000  0.00000000 
  0.00000000  0.02013423  0.00000000  0.00000000  0.00000000  0.17142857  0.00000000  0.00000000  0.00000000  0.00000000  0.00000000  0.00000000 
  0.00000000  0.00000000  0.00000000  0.00000000  0.00000000  0.28571429  0.00000000  0.00000000  0.00000000  0.00000000  0.00000000  0.00000000 
  0.00000000  0.02150538  0.00000000  0.00000000  0.00000000  0.00000000  0.00000000  0.00000000  0.00000000  0.00000000  0.00000000  0.00000000 
  0.00000000  0.01709402  0.00000000  0.00000000  0.00000000  0.03333333  0.00000000  0.03333333  0.00000000  0.00000000  0.00000000  0.00000000 
  0.00000000  0.01239669  0.00000000  0.00000000  0.00000000  0.04285714  0.00000000  0.00000000  0.00000000  0.00000000  0.00000000  0.00000000 
  0.00000000  0.00735294  0.00000000  0.00000000  0.00000000  0.08988764  0.00000000  0.00000000  0.00000000  0.00000000  0.00000000  0.00000000 
  0.00000000  0.01466276  0.00000000  0.00000000  0.00000000  0.12380952  0.00000000  0.00000000  0.00000000  0.00000000  0.00000000  0.00000000 
  0.00000000  0.00475059  0.00000000  0.00000000  0.00000000  0.10687023  0.00000000  0.00000000  0.00000000  0.00000000  0.00000000  0.00000000 
  0.00000000  0.01060071  0.00000000  0.00000000  0.00000000  0.12380952  0.00000000  0.00952381  0.00000000  0.00000000  0.00000000  0.00000000 
  0.00000000  0.04761905  0.00000000  0.00000000  0.00000000  0.08163265  0.00000000  0.00000000  0.00000000  0.00000000  0.00000000  0.00000000 
  0.00000000  0.03296703  0.00000000  0.00000000  0.00000000  0.08695652  0.00000000  0.00000000  0.00000000  0.00000000  0.00000000  0.00000000 
  0.00000000  0.00000000  0.00000000  0.00000000  0.00000000  0.11111111  0.00000000  0.03703704  0.00000000  0.00000000  0.00000000  0.00000000 
  0.00000000  0.00714286  0.00000000  0.00000000  0.00000000  0.10000000  0.00000000  0.00000000  0.00000000  0.00000000  0.00000000  0.00000000 
  0.00000000  0.00796813  0.00000000  0.00000000  0.00000000  0.06666667  0.00000000  0.00000000  0.00000000  0.00000000  0.00000000  0.00000000 
  0.00000000  0.02319588  0.00000000  0.00000000  0.00000000  0.09090909  0.00000000  0.01136364  0.00000000  0.00000000  0.00000000  0.00000000 
  0.00000000  0.00869565  0.00000000  0.00000000  0.00000000  0.08771930  0.00000000  0.00000000  0.00000000  0.00000000  0.00000000  0.00000000 
  0.00000000  0.01294498  0.00000000  0.00000000  0.00000000  0.12068966  0.00000000  0.00000000  0.00000000  0.00000000  0.00000000  0.00000000 
  0.00469484  0.00938967  0.00000000  0.00000000  0.00000000  0.13333333  0.00000000  0.00000000  0.00000000  0.00000000  0.00000000  0.00000000 
  0.00000000  0.01190476  0.00000000  0.00000000  0.00000000  0.03225806  0.00000000  0.00000000  0.00000000  0.00000000  0.00000000  0.00000000 
  0.00000000  0.01507538  0.00000000  0.00000000  0.00000000  0.11764706  0.00000000  0.00000000  0.00000000  0.00000000  0.00000000  0.00000000 
  0.00000000  0.00714286  0.00000000  0.00000000  0.00000000  0.18421053  0.00000000  0.00000000  0.00000000  0.00000000  0.00000000  0.00000000 
  0.00000000  0.05185185  0.00000000  0.00000000  0.00000000  0.14814815  0.00000000  0.03703704  0.00000000  0.00000000  0.00000000  0.00000000 
  0.00000000  0.00884956  0.00000000  0.00000000  0.00000000  0.10000000  0.00000000  0.00000000  0.00000000  0.00000000  0.00000000  0.00000000 
  0.00000000  0.00662252  0.00000000  0.00000000  0.00000000  0.04424779  0.00000000  0.00000000  0.00000000  0.00000000  0.00000000  0.00000000 
  0.00000000  0.01960784  0.00000000  0.00000000  0.00000000  0.06593407  0.00000000  0.00000000  0.00000000  0.00000000  0.00000000  0.00000000 
  0.00000000  0.02032520  0.00000000  0.00000000  0.00000000  0.06153846  0.00000000  0.00000000  0.00000000  0.00000000  0.00000000  0.00000000 
  0.00000000  0.01265823  0.00000000  0.00000000  0.00000000  0.07692308  0.00000000  0.00000000  0.00000000  0.00000000  0.00000000  0.00000000 
  0.00537634  0.02150538  0.00000000  0.00000000  0.00000000  0.13888889  0.00000000  0.00000000  0.00000000  0.00000000  0.00000000  0.00000000 
  0.00000000  0.01500000  0.00000000  0.00000000  0.00000000  0.13043478  0.00000000  0.00000000  0.00000000  0.00000000  0.00000000  0.00000000 
  0.00000000  0.01342282  0.00000000  0.00000000  0.00000000  0.08000000  0.00000000  0.00000000  0.00000000  0.00000000  0.00000000  0.00000000 
  0.00000000  0.00448430  0.00000000  0.00000000  0.00000000  0.13333333  0.00000000  0.00000000  0.00000000  0.00000000  0.00000000  0.00000000 
  0.00000000  0.02758621  0.00000000  0.00000000  0.00000000  0.18181818  0.00000000  0.04545455  0.00000000  0.00000000  0.00000000  0.00000000 
  0.00000000  0.02547771  0.00000000  0.00000000  0.00000000  0.02777778  0.00000000  0.00000000  0.00000000  0.00000000  0.00000000  0.00000000 
  0.00628931  0.01886792  0.00000000  0.00000000  0.00000000  0.03846154  0.00000000  0.00000000  0.00000000  0.00000000  0.00000000  0.00000000 
  0.00000000  0.01875000  0.00000000  0.00000000  0.00000000  0.10000000  0.00000000  0.00000000  0.00000000  0.00000000  0.00000000  0.00000000 
  0.00000000  0.02061856  0.00000000  0.00000000  0.00000000  0.09523810  0.00000000  0.00000000  0.00000000  0.00000000  0.00000000  0.00000000 
  0.00000000  0.00000000  0.00000000  0.00000000  0.00000000  0.00000000  0.00000000  0.00000000  0.00000000  0.00000000  0.00000000  0.00000000 
  0.00000000  0.03012048  0.00000000  0.00000000  0.00000000  0.00000000  0.00000000  0.00000000  0.00000000  0.00000000  0.00000000  0.00000000 
  0.00000000  0.00862069  0.00000000  0.00000000  0.00000000  0.06250000  0.00000000  0.00000000  0.00000000  0.00000000  0.00000000  0.00000000 
  0.00000000  0.02247191  0.00000000  0.00000000  0.00000000  0.10344828  0.00000000  0.00000000  0.00000000  0.00000000  0.00000000  0.00000000 
  0.00000000  0.00947867  0.00000000  0.00000000  0.00000000  0.11627907  0.00000000  0.00000000  0.00000000  0.00000000  0.00000000  0.00000000 
  0.00000000  0.01546392  0.00000000  0.00000000  0.00000000  0.05714286  0.00000000  0.00000000  0.00000000  0.00000000  0.00000000  0.00000000 
  0.00000000  0.01685393  0.00000000  0.00000000  0.03225806  0.09677419  0.03225806  0.00000000  0.00000000  0.00000000  0.00000000  0.00000000 
  0.00000000  0.02688172  0.00000000  0.00000000  0.03125000  0.15625000  0.00000000  0.00000000  0.00000000  0.00000000  0.00000000  0.00000000 
  0.00000000  0.02298851  0.00000000  0.00000000  0.00000000  0.24000000  0.00000000  0.00000000  0.00000000  0.00000000  0.00000000  0.00000000 
  0.00000000  0.05147059  0.00000000  0.00000000  0.00000000  0.07142857  0.00000000  0.00000000  0.00000000  0.00000000  0.00000000  0.00000000 
  0.00000000  0.01709402  0.00000000  0.00000000  0.00000000  0.08000000  0.00000000  0.00000000  0.00000000  0.00000000  0.00000000  0.00000000 
  0.00000000  0.00000000  0.00000000  0.00000000  0.00000000  0.10000000  0.00000000  0.00000000  0.00000000  0.00000000  0.00000000  0.00000000 
  0.00000000  0.01941748  0.00000000  0.00000000  0.00000000  0.16666667  0.00000000  0.05555556  0.00000000  0.00000000  0.00000000  0.00000000 
  0.00000000  0.01226994  0.00000000  0.00000000  0.00000000  0.22222222  0.00000000  0.00000000  0.00000000  0.00000000  0.00000000  0.00000000 
  0.00000000  0.04666667  0.00000000  0.00000000  0.04000000  0.12000000  0.00000000  0.00000000  0.00000000  0.00000000  0.00000000  0.00000000 
  0.00000000  0.00925926  0.00000000  0.00000000  0.00000000  0.10169492  0.00000000  0.03389831  0.00000000  0.00000000  0.00000000  0.00000000 
  0.00000000  0.04444444  0.00000000  0.00000000  0.00000000  0.08333333  0.00000000  0.00000000  0.00000000  0.00000000  0.00000000  0.00000000 
  0.00000000  0.00450450  0.00000000  0.00000000  0.00000000  0.20408163  0.00000000  0.00000000  0.00000000  0.00000000  0.00000000  0.00000000 
  0.00668896  0.04013378  0.00000000  0.00000000  0.00000000  0.11594203  0.00000000  0.00000000  0.00000000  0.00000000  0.00000000  0.00000000 
  0.00498753  0.00748130  0.00000000  0.00000000  0.02061856  0.07216495  0.00000000  0.00000000  0.00000000  0.00000000  0.00000000  0.00000000 
  0.00221239  0.01106195  0.00000000  0.00000000  0.00000000  0.05384615  0.00000000  0.00000000  0.00000000  0.00000000  0.00000000  0.00000000 
  0.00183824  0.01470588  0.00000000  0.00000000  0.02112676  0.07042254  0.00000000  0.00000000  0.00000000  0.00000000  0.00000000  0.00000000 
  0.00000000  0.01010101  0.00000000  0.00000000  0.00000000  0.06818182  0.00000000  0.00000000  0.00000000  0.00000000  0.00000000  0.00000000 
  0.00000000  0.01606426  0.00000000  0.00000000  0.00970874  0.07766990  0.00000000  0.00970874  0.00000000  0.00000000  0.00000000  0.00000000 
  0.00000000  0.00967118  0.00000000  0.00000000  0.00000000  0.05172414  0.00000000  0.00000000  0.00000000  0.00000000  0.00000000  0.00000000 
  0.00000000  0.00707965  0.00000000  0.00000000  0.01485149  0.07425743  0.00000000  0.00000000  0.00000000  0.00000000  0.00000000  0.00000000 
  0.00000000  0.00808081  0.00000000  0.00000000  0.00000000  0.07352941  0.00000000  0.00000000  0.00000000  0.00000000  0.00000000  0.00000000 
  0.00000000  0.01587302  0.00000000  0.00000000  0.00000000  0.12121212  0.00000000  0.00505051  0.00000000  0.00000000  0.00000000  0.00000000 
