  0.00000000  0.08695652  0.00000000  0.00000000  0.00000000  0.00000000  0.00000000  0.00000000  0.00000000  0.00000000  0.00000000  0.00000000 
  0.00000000  0.07692308  0.00000000  0.00000000  0.00000000  0.00000000  0.00000000  0.00000000  0.00000000  0.00000000  0.00000000  0.00000000 
  0.00000000  0.20000000  0.00000000  0.00000000  0.00000000  0.66666667  0.00000000  0.00000000  0.00000000  0.00000000  0.00000000  0.00000000 
  0.00000000  0.01960784  0.00000000  0.00000000  0.00000000  0.28571429  0.00000000  0.00000000  0.00000000  0.00000000  0.00000000  0.00000000 
  0.00000000  0.08064516  0.00000000  0.00000000  0.00000000  0.26666667  0.00000000  0.00000000  0.00000000  0.00000000  0.00000000  0.00000000 
  0.00000000  0.06034483  0.00000000  0.00000000  0.00000000  0.56410256  0.00000000  0.02564103  0.00000000  0.00000000  0.00000000  0.00000000 
  0.00384615  0.08846154  0.00000000  0.00000000  0.00000000  0.26136364  0.00000000  0.01136364  0.00000000  0.00000000  0.00000000  0.00000000 
  0.00000000  0.28086839  0.00000000  0.00000000  0.00000000  0.36565097  0.00000000  0.11911357  0.00000000  0.00000000  0.00000000  0.00000000 
  0.00000000  0.24311183  0.00000000  0.00000000  0.00347222  0.32986111  0.00000000  0.14583333  0.00000000  0.00000000  0.00000000  0.00000000 
  0.00000000  0.27120908  0.00000000  0.00000000  0.00136986  0.30273973  0.00000000  0.13698630  0.00000000  0.00000000  0.00000000  0.00000000 
  0.00091491  0.28819762  0.00000000  0.00000000  0.00415800  0.26611227  0.00000000  0.13513514  0.00000000  0.00000000  0.00000000  0.00000000 
  0.00433651  0.23417173  0.00000000  0.00000000  0.00203666  0.32382892  0.00203666  0.13849287  0.00000000  0.00000000  0.00000000  0.00000000 
  0.00000000  0.33810376  0.00000000  0.00000000  0.00181818  0.29090909  0.00181818  0.13454545  0.00000000  0.00000000  0.00000000  0.00000000 
  0.00259740  0.28658009  0.00000000  0.00000000  0.00532860  0.35168739  0.00000000  0.15985790  0.00000000  0.00000000  0.00000000  0.00000000 
  0.00107411  0.31041890  0.00000000  0.00000000  0.00229885  0.31034483  0.00000000  0.14252874  0.00000000  0.00000000  0.00000000  0.00000000 
  0.00252845  0.25663717  0.00000000  0.00000000  0.00000000  0.33815029  0.00289017  0.10982659  0.00000000  0.00000000  0.00000000  0.00000000 
  0.00185529  0.23191095  0.00000000  0.00000000  0.00913242  0.30593607  0.00456621  0.08675799  0.00000000  0.00000000  0.00000000  0.00000000 
  0.00108225  0.31385281  0.00000000  0.00000000  0.00000000  0.26886792  0.00000000  0.16273585  0.00000000  0.00000000  0.00000000  0.00000000 
  0.00150150  0.23423423  0.00000000  0.00000000  0.00311526  0.31464174  0.00000000  0.07788162  0.00000000  0.00000000  0.00000000  0.00000000 
  0.00000000  0.23882897  0.00000000  0.00000000  0.00398406  0.34661355  0.00398406  0.09960159  0.00000000  0.00000000  0.00000000  0.00000000 
  0.00240674  0.24308063  0.00000000  0.00000000  0.00000000  0.28774929  0.00000000  0.09971510  0.00000000  0.00000000  0.00000000  0.00000000 
  0.00152555  0.38520214  0.00000000  0.00000000  0.00000000  0.31278195  0.00000000  0.20751880  0.00000000  0.00000000  0.00000000  0.00000000 
  0.00377358  0.27672956  0.00000000  0.00000000  0.00290698  0.35755814  0.00000000  0.16569767  0.00000000  0.00000000  0.00000000  0.00000000 
  0.00000000  0.22367195  0.00000000  0.00000000  0.00194553  0.30933852  0.00000000  0.10505837  0.00000000  0.00000000  0.00000000  0.00000000 
  0.00269300  0.21813285  0.00000000  0.00000000  0.00170940  0.33162393  0.00170940  0.11111111  0.00000000  0.00000000  0.00000000  0.00000000 
  0.00088261  0.24977935  0.00000000  0.00000000  0.00000000  0.32173913  0.00173913  0.19130435  0.00000000  0.00000000  0.00000000  0.00000000 
  0.00168067  0.29579832  0.00000000  0.00000000  0.00207469  0.35269710  0.00000000  0.14937759  0.00000000  0.00000000  0.00000000  0.00000000 
  0.00000000  0.24057451  0.00000000  0.00000000  0.00000000  0.28010471  0.00000000  0.10471204  0.00000000  0.00000000  0.00000000  0.00000000 
  0.00571429  0.24095238  0.00000000  0.00000000  0.00000000  0.29411765  0.00000000  0.08963585  0.00000000  0.00000000  0.00000000  0.00000000 
  0.00177305  0.29609929  0.00000000  0.00000000  0.00000000  0.29856851  0.00000000  0.19222904  0.00000000  0.00000000  0.00000000  0.00000000 
  0.00265018  0.30388693  0.00000000  0.00000000  0.00218818  0.32603939  0.00000000  0.17943107  0.00000000  0.00000000  0.00000000  0.00000000 
  0.00102249  0.28425358  0.00000000  0.00000000  0.00235294  0.31058824  0.00000000  0.15058824  0.00000000  0.00000000  0.00000000  0.00000000 
  0.00290416  0.33301065  0.00000000  0.00000000  0.00665188  0.33037694  0.00221729  0.19733925  0.00000000  0.00000000  0.00000000  0.00000000 
  0.00100908  0.33804238  0.00000000  0.00000000  0.00000000  0.31481481  0.00000000  0.18518519  0.00000000  0.00000000  0.00000000  0.00000000 
  0.00116686  0.28704784  0.00000000  0.00000000  0.00000000  0.30379747  0.00000000  0.15506329  0.00000000  0.00000000  0.00000000  0.00000000 
  0.00657895  0.25767544  0.00000000  0.00000000  0.00000000  0.34000000  0.00285714  0.09714286  0.00000000  0.00000000  0.00000000  0.00000000 
  0.00474834  0.29249763  0.00000000  0.00000000  0.00224719  0.30337079  0.00224719  0.18202247  0.00000000  0.00000000  0.00000000  0.00000000 
  0.00668577  0.28844317  0.00000000  0.00000000  0.00000000  0.34782609  0.00334448  0.13712375  0.00000000  0.00000000  0.00000000  0.00000000 
  0.00548847  0.24807903  0.00000000  0.00000000  0.00297619  0.26785714  0.00000000  0.14583333  0.00000000  0.00000000  0.00000000  0.00000000 
  0.00101215  0.26113360  0.00000000  0.00000000  0.00000000  0.28108108  0.00270270  0.12972973  0.00000000  0.00000000  0.00000000  0.00000000 
  0.00268456  0.27785235  0.00000000  0.00000000  0.00396825  0.25793651  0.00793651  0.12301587  0.00000000  0.00000000  0.00000000  0.00000000 
  0.00815851  0.26923077  0.00000000  0.00000000  0.00569801  0.28774929  0.00284900  0.14245014  0.00000000  0.00000000  0.00000000  0.00000000 
  0.00604595  0.28536880  0.00000000  0.00000000  0.00387597  0.27131783  0.00000000  0.15116279  0.00000000  0.00000000  0.00000000  0.00000000 
  0.00572082  0.29176201  0.00000000  0.00000000  0.00000000  0.32269504  0.00000000  0.12765957  0.00000000  0.00000000  0.00000000  0.00000000 
  0.00291121  0.26200873  0.00000000  0.00000000  0.00420168  0.34033613  0.00840336  0.13865546  0.00000000  0.00000000  0.00000000  0.00000000 
  0.00414938  0.26694329  0.00000000  0.00000000  0.00000000  0.30708661  0.00393701  0.14960630  0.00000000  0.00000000  0.00000000  0.00000000 
  0.00120627  0.26658625  0.00000000  0.00000000  0.00337838  0.33108108  0.00000000  0.12837838  0.00000000  0.00000000  0.00000000  0.00000000 
  0.00625000  0.29625000  0.00000000  0.00000000  0.00000000  0.35797665  0.00000000  0.12840467  0.00000000  0.00000000  0.00000000  0.00000000 
  0.00445434  0.28396437  0.00000000  0.00000000  0.00643087  0.30546624  0.00964630  0.15112540  0.00000000  0.00000000  0.00000000  0.00000000 
  0.00302725  0.27447023  0.00000000  0.00000000  0.00000000  0.31680441  0.00000000  0.16528926  0.00000000  0.00000000  0.00000000  0.00000000 
  0.00495050  0.22648515  0.00000000  0.00000000  0.00000000  0.27192982  0.00438596  0.13596491  0.00000000  0.00000000  0.00000000  0.00000000 
  0.00437637  0.21772429  0.00000000  0.00000000  0.00395257  0.26482213  0.00395257  0.11462451  0.00000000  0.00000000  0.00000000  0.00000000 
  0.00283688  0.17872340  0.00000000  0.00000000  0.00000000  0.23744292  0.00456621  0.10502283  0.00000000  0.00000000  0.00000000  0.00000000 
  0.00829384  0.22511848  0.00000000  0.00000000  0.00375940  0.26315789  0.00000000  0.08270677  0.00000000  0.00000000  0.00000000  0.00000000 
  0.00236686  0.21775148  0.00000000  0.00000000  0.00000000  0.29288703  0.00000000  0.10041841  0.00000000  0.00000000  0.00000000  0.00000000 
  0.00544959  0.24386921  0.00000000  0.00000000  0.00381679  0.31679389  0.00000000  0.12977099  0.00000000  0.00000000  0.00000000  0.00000000 
  0.01486989  0.20322181  0.00000000  0.00000000  0.00884956  0.29203540  0.00442478  0.06637168  0.00000000  0.00000000  0.00000000  0.00000000 
  0.00784314  0.20130719  0.00000000  0.00000000  0.00505051  0.23737374  0.00000000  0.11111111  0.00000000  0.00000000  0.00000000  0.00000000 
  0.00992908  0.18297872  0.00000000  0.00000000  0.00529101  0.24338624  0.00000000  0.09523810  0.00000000  0.00000000  0.00000000  0.00000000 
  0.00150376  0.19699248  0.00000000  0.00000000  0.00000000  0.24864865  0.00540541  0.09189189  0.00000000  0.00000000  0.00000000  0.00000000 
  0.00496894  0.15776398  0.00000000  0.00000000  0.00000000  0.24882629  0.00469484  0.09389671  0.00000000  0.00000000  0.00000000  0.00000000 
  0.01019108  0.20000000  0.00000000  0.00000000  0.00000000  0.28820961  0.00000000  0.10480349  0.00000000  0.00000000  0.00000000  0.00000000 
  0.00619579  0.15489467  0.00000000  0.00000000  0.00000000  0.16129032  0.00000000  0.06451613  0.00000000  0.00000000  0.00000000  0.00000000 
  0.00782998  0.19351230  0.00000000  0.00000000  0.00000000  0.25581395  0.00000000  0.09689922  0.00000000  0.00000000  0.00000000  0.00000000 
  0.01290323  0.17032258  0.00000000  0.00000000  0.00429185  0.21888412  0.00429185  0.09012876  0.00000000  0.00000000  0.00000000  0.00000000 
  0.01243094  0.16436464  0.00000000  0.00000000  0.00000000  0.16239316  0.00427350  0.04700855  0.00000000  0.00000000  0.00000000  0.00000000 
  0.00456100  0.14709236  0.00000000  0.00000000  0.00000000  0.21428571  0.00000000  0.08730159  0.00000000  0.00000000  0.00000000  0.00000000 
  0.00643777  0.15236052  0.00000000  0.00000000  0.00766284  0.17624521  0.00000000  0.11877395  0.00000000  0.00000000  0.00000000  0.00000000 
  0.00529661  0.11546610  0.00000000  0.00000000  0.00332226  0.22591362  0.00000000  0.06312292  0.00000000  0.00000000  0.00000000  0.00000000 
  0.01115242  0.12515489  0.00000000  0.00000000  0.00366300  0.16483516  0.00000000  0.06959707  0.00000000  0.00000000  0.00000000  0.00000000 
  0.00697674  0.10232558  0.00000000  0.00000000  0.00358423  0.21863799  0.00000000  0.10394265  0.00000000  0.00000000  0.00000000  0.00000000 
  0.00406091  0.15939086  0.00000000  0.00000000  0.00615385  0.20000000  0.00000000  0.08615385  0.00000000  0.00000000  0.00000000  0.00000000 
  0.00531915  0.20656028  0.00000000  0.00000000  0.00000000  0.23218997  0.00000000  0.08443272  0.00000000  0.00000000  0.00000000  0.00000000 
  0.00219058  0.16648412  0.00000000  0.00000000  0.00280112  0.22408964  0.00560224  0.08683473  0.00000000  0.00000000  0.00000000  0.00000000 
  0.00878294  0.12672522  0.00000000  0.00000000  0.01886792  0.15094340  0.00377358  0.07169811  0.00000000  0.00000000  0.00000000  0.00000000 
  0.00765306  0.13265306  0.00000000  0.00000000  0.00727273  0.20727273  0.00000000  0.02181818  0.00000000  0.00000000  0.00000000  0.00000000 
  0.00921659  0.12211982  0.00000000  0.00000000  0.00000000  0.14393939  0.00757576  0.05681818  0.00000000  0.00000000  0.00000000  0.00000000 
  0.00718686  0.15400411  0.00000000  0.00000000  0.00000000  0.22222222  0.00000000  0.06906907  0.00000000  0.00000000  0.00000000  0.00000000 
  0.01040583  0.14880333  0.00000000  0.00000000  0.00315457  0.20504732  0.00000000  0.08517350  0.00000000  0.00000000  0.00000000  0.00000000 
  0.00806452  0.12903226  0.00000000  0.00000000  0.00000000  0.18581081  0.00000000  0.04054054  0.00000000  0.00000000  0.00000000  0.00000000 
  0.00443951  0.15760266  0.00000000  0.00000000  0.00287356  0.19252874  0.00287356  0.04597701  0.00000000  0.00000000  0.00000000  0.00000000 
  0.00735294  0.13655462  0.00000000  0.00000000  0.00000000  0.16863905  0.00591716  0.05325444  0.00000000  0.00000000  0.00000000  0.00000000 
  0.00506586  0.12158055  0.00000000  0.00000000  0.00000000  0.18991098  0.00000000  0.04154303  0.00000000  0.00000000  0.00000000  0.00000000 
