  0.00000000  0.19955157  0.00000000  0.00000000  0.00000000  0.35606061  0.00000000  0.07575758  0.00000000  0.00000000  0.00000000  0.00000000 
  0.00443459  0.19290466  0.00000000  0.00000000  0.00000000  0.28125000  0.00000000  0.05468750  0.00000000  0.00000000  0.00000000  0.00000000 
  0.00342466  0.15924658  0.00000000  0.00000000  0.00000000  0.27322404  0.00000000  0.06557377  0.00000000  0.00000000  0.00000000  0.00000000 
  0.00000000  0.21500000  0.00000000  0.00000000  0.00000000  0.29213483  0.00000000  0.07303371  0.00000000  0.00000000  0.00000000  0.00000000 
  0.00000000  0.19411765  0.00000000  0.00000000  0.00000000  0.30232558  0.00000000  0.08720930  0.00000000  0.00000000  0.00000000  0.00000000 
  0.00000000  0.22851920  0.00000000  0.00000000  0.00000000  0.34269663  0.00000000  0.10112360  0.00000000  0.00000000  0.00000000  0.00000000 
  0.00194175  0.21747573  0.00000000  0.00000000  0.00000000  0.28742515  0.00000000  0.07784431  0.00000000  0.00000000  0.00000000  0.00000000 
  0.00255754  0.20971867  0.00000000  0.00000000  0.00000000  0.22033898  0.00000000  0.05084746  0.00000000  0.00000000  0.00000000  0.00000000 
  0.00000000  0.25102881  0.00000000  0.00000000  0.00000000  0.27044025  0.00000000  0.06289308  0.00000000  0.00000000  0.00000000  0.00000000 
  0.00168919  0.20945946  0.00000000  0.00000000  0.00000000  0.33155080  0.00000000  0.04812834  0.00000000  0.00000000  0.00000000  0.00000000 
  0.00000000  0.21497121  0.00000000  0.00000000  0.00000000  0.29032258  0.00000000  0.06989247  0.00000000  0.00000000  0.00000000  0.00000000 
  0.00176678  0.22084806  0.00000000  0.00000000  0.00000000  0.25165563  0.00000000  0.05960265  0.00000000  0.00000000  0.00000000  0.00000000 
  0.00000000  0.20935412  0.00000000  0.00000000  0.00000000  0.19827586  0.00000000  0.10344828  0.00000000  0.00000000  0.00000000  0.00000000 
  0.00000000  0.15778689  0.00000000  0.00000000  0.00000000  0.22962963  0.00000000  0.05185185  0.00000000  0.00000000  0.00000000  0.00000000 
  0.00000000  0.18627451  0.00000000  0.00000000  0.00000000  0.25274725  0.00000000  0.04395604  0.00000000  0.00000000  0.00000000  0.00000000 
  0.00000000  0.25229358  0.00000000  0.00000000  0.00000000  0.23636364  0.00000000  0.08181818  0.00000000  0.00000000  0.00000000  0.00000000 
  0.00208768  0.22338205  0.00000000  0.00000000  0.00000000  0.18461538  0.00000000  0.12307692  0.00000000  0.00000000  0.00000000  0.00000000 
  0.00000000  0.22469983  0.00000000  0.00000000  0.00000000  0.25766871  0.00000000  0.09815951  0.00000000  0.00000000  0.00000000  0.00000000 
  0.00191571  0.19731801  0.00000000  0.00000000  0.00000000  0.25373134  0.00000000  0.05970149  0.00000000  0.00000000  0.00000000  0.00000000 
  0.00347826  0.16695652  0.00000000  0.00000000  0.00000000  0.25827815  0.00000000  0.04635762  0.00000000  0.00000000  0.00000000  0.00000000 
  0.00000000  0.21689498  0.00000000  0.00000000  0.00000000  0.22784810  0.00000000  0.05696203  0.00000000  0.00000000  0.00000000  0.00000000 
  0.00160514  0.16693419  0.00000000  0.00000000  0.00000000  0.34782609  0.00000000  0.04891304  0.00000000  0.00000000  0.00000000  0.00000000 
  0.00000000  0.23076923  0.00000000  0.00000000  0.00000000  0.28571429  0.00000000  0.06122449  0.00000000  0.00000000  0.00000000  0.00000000 
  0.00000000  0.22290076  0.00000000  0.00000000  0.00000000  0.29255319  0.00000000  0.06382979  0.00000000  0.00000000  0.00000000  0.00000000 
  0.00528169  0.17957746  0.00000000  0.00000000  0.00000000  0.24691358  0.00000000  0.07407407  0.00000000  0.00000000  0.00000000  0.00000000 
  0.00000000  0.17721519  0.00000000  0.00000000  0.00000000  0.27564103  0.00000000  0.04487179  0.00000000  0.00000000  0.00000000  0.00000000 
  0.00000000  0.19282511  0.00000000  0.00000000  0.00000000  0.23853211  0.00000000  0.09174312  0.00000000  0.00000000  0.00000000  0.00000000 
  0.00000000  0.15226337  0.00000000  0.00000000  0.00000000  0.21374046  0.00000000  0.08396947  0.00000000  0.00000000  0.00000000  0.00000000 
  0.00000000  0.20036101  0.00000000  0.00000000  0.00000000  0.22068966  0.00000000  0.09655172  0.00000000  0.00000000  0.00000000  0.00000000 
  0.00184502  0.19557196  0.00000000  0.00000000  0.00000000  0.22900763  0.00000000  0.03816794  0.00000000  0.00000000  0.00000000  0.00000000 
  0.00000000  0.16297787  0.00000000  0.00000000  0.00000000  0.21093750  0.00000000  0.05468750  0.00000000  0.00000000  0.00000000  0.00000000 
  0.00000000  0.16541353  0.00000000  0.00000000  0.00000000  0.29729730  0.00000000  0.04729730  0.00000000  0.00000000  0.00000000  0.00000000 
  0.00175439  0.17543860  0.00000000  0.00000000  0.00666667  0.21333333  0.00000000  0.05333333  0.00000000  0.00000000  0.00000000  0.00000000 
  0.00364964  0.19160584  0.00000000  0.00000000  0.00000000  0.24460432  0.00000000  0.10071942  0.00000000  0.00000000  0.00000000  0.00000000 
  0.00000000  0.19278997  0.00000000  0.00000000  0.00000000  0.25139665  0.00000000  0.05027933  0.00000000  0.00000000  0.00000000  0.00000000 
  0.00000000  0.17821782  0.00000000  0.00000000  0.00000000  0.26845638  0.00000000  0.05369128  0.00000000  0.00000000  0.00000000  0.00000000 
  0.00000000  0.17241379  0.00000000  0.00000000  0.00000000  0.21764706  0.00000000  0.08823529  0.00000000  0.00000000  0.00000000  0.00000000 
  0.00164745  0.18616145  0.00000000  0.00000000  0.00000000  0.22395833  0.00000000  0.06250000  0.00000000  0.00000000  0.00000000  0.00000000 
  0.00000000  0.16638655  0.00000000  0.00000000  0.00561798  0.25842697  0.00000000  0.06179775  0.00000000  0.00000000  0.00000000  0.00000000 
  0.00000000  0.22693727  0.00000000  0.00000000  0.00000000  0.26589595  0.00000000  0.07514451  0.00000000  0.00000000  0.00000000  0.00000000 
  0.00148368  0.20919881  0.00000000  0.00000000  0.00000000  0.19587629  0.00000000  0.10824742  0.00000000  0.00000000  0.00000000  0.00000000 
  0.00314465  0.19025157  0.00000000  0.00000000  0.00000000  0.24309392  0.00000000  0.04972376  0.00000000  0.00000000  0.00000000  0.00000000 
  0.00160256  0.18269231  0.00000000  0.00000000  0.00000000  0.25396825  0.00000000  0.06349206  0.00000000  0.00000000  0.00000000  0.00000000 
  0.00000000  0.14054054  0.00000000  0.00000000  0.00000000  0.23529412  0.00000000  0.05882353  0.00000000  0.00000000  0.00000000  0.00000000 
  0.00000000  0.20030581  0.00000000  0.00000000  0.00000000  0.31481481  0.00000000  0.06944444  0.00000000  0.00000000  0.00000000  0.00000000 
  0.00471698  0.20283019  0.00000000  0.00000000  0.00000000  0.31034483  0.00000000  0.07881773  0.00000000  0.00000000  0.00000000  0.00000000 
  0.00000000  0.23088456  0.00000000  0.00000000  0.00000000  0.22959184  0.00000000  0.08163265  0.00000000  0.00000000  0.00000000  0.00000000 
  0.00140449  0.17415730  0.00000000  0.00000000  0.00000000  0.31004367  0.00000000  0.04803493  0.00000000  0.00000000  0.00000000  0.00000000 
  0.00000000  0.20032310  0.00000000  0.00000000  0.00000000  0.25130890  0.00000000  0.05759162  0.00000000  0.00000000  0.00000000  0.00000000 
  0.00000000  0.21285714  0.00000000  0.00000000  0.00000000  0.19889503  0.00000000  0.07734807  0.00000000  0.00000000  0.00000000  0.00000000 
  0.00000000  0.22585925  0.00000000  0.00000000  0.00000000  0.29310345  0.00000000  0.05747126  0.00000000  0.00000000  0.00000000  0.00000000 
  0.00170940  0.21538462  0.00000000  0.00000000  0.00000000  0.30057803  0.00000000  0.05780347  0.00000000  0.00000000  0.00000000  0.00000000 
  0.00000000  0.19391026  0.00000000  0.00000000  0.00000000  0.27272727  0.00000000  0.04278075  0.00000000  0.00000000  0.00000000  0.00000000 
  0.00376648  0.19962335  0.00000000  0.00000000  0.00000000  0.23756906  0.00000000  0.06629834  0.00000000  0.00000000  0.00000000  0.00000000 
  0.00000000  0.20570265  0.00000000  0.00000000  0.00000000  0.27464789  0.00000000  0.07746479  0.00000000  0.00000000  0.00000000  0.00000000 
  0.00311526  0.23520249  0.00000000  0.00000000  0.00000000  0.29411765  0.00000000  0.02941176  0.00000000  0.00000000  0.00000000  0.00000000 
  0.00000000  0.22491909  0.00000000  0.00000000  0.00000000  0.30434783  0.00000000  0.07608696  0.00000000  0.00000000  0.00000000  0.00000000 
  0.00000000  0.19444444  0.00000000  0.00000000  0.00000000  0.22292994  0.00000000  0.05095541  0.00000000  0.00000000  0.00000000  0.00000000 
  0.00000000  0.23508137  0.00000000  0.00000000  0.00000000  0.28260870  0.00000000  0.03260870  0.00000000  0.00000000  0.00000000  0.00000000 
  0.00149254  0.19552239  0.00000000  0.00000000  0.00000000  0.26136364  0.00000000  0.07386364  0.00000000  0.00000000  0.00000000  0.00000000 
  0.00000000  0.17628205  0.00000000  0.00000000  0.00000000  0.24892704  0.00000000  0.06008584  0.00000000  0.00000000  0.00000000  0.00000000 
  0.00000000  0.16917923  0.00000000  0.00000000  0.00000000  0.27053140  0.00000000  0.04347826  0.00000000  0.00000000  0.00000000  0.00000000 
  0.00000000  0.17261905  0.00000000  0.00000000  0.00000000  0.20526316  0.00000000  0.04210526  0.00000000  0.00000000  0.00000000  0.00000000 
  0.00188679  0.21698113  0.00000000  0.00000000  0.00000000  0.30246914  0.00000000  0.02469136  0.00000000  0.00000000  0.00000000  0.00000000 
  0.00146843  0.22613803  0.00000000  0.00000000  0.00418410  0.22594142  0.00000000  0.05857741  0.00000000  0.00000000  0.00000000  0.00000000 
  0.00421941  0.20675105  0.00000000  0.00000000  0.00000000  0.27536232  0.00000000  0.07729469  0.00000000  0.00000000  0.00000000  0.00000000 
  0.00134771  0.18733154  0.00000000  0.00000000  0.00000000  0.30593607  0.00000000  0.04566210  0.00000000  0.00000000  0.00000000  0.00000000 
  0.00000000  0.17591340  0.00000000  0.00000000  0.00000000  0.25123153  0.00000000  0.07881773  0.00000000  0.00000000  0.00000000  0.00000000 
  0.00000000  0.18227848  0.00000000  0.00000000  0.00000000  0.28000000  0.00000000  0.07500000  0.00000000  0.00000000  0.00000000  0.00000000 
  0.00130548  0.18015666  0.00000000  0.00000000  0.00000000  0.23555556  0.00000000  0.01777778  0.00000000  0.00000000  0.00000000  0.00000000 
  0.00132100  0.18626156  0.00000000  0.00000000  0.00000000  0.23474178  0.00000000  0.11737089  0.00000000  0.00000000  0.00000000  0.00000000 
  0.00000000  0.20051414  0.00000000  0.00000000  0.00000000  0.19841270  0.00000000  0.04761905  0.00000000  0.00000000  0.00000000  0.00000000 
  0.00123153  0.20935961  0.00000000  0.00000000  0.00000000  0.23722628  0.00000000  0.04379562  0.00000000  0.00000000  0.00000000  0.00000000 
  0.00000000  0.20822943  0.00000000  0.00000000  0.00000000  0.23552124  0.00000000  0.05405405  0.00000000  0.00000000  0.00000000  0.00000000 
  0.00131062  0.19659240  0.00000000  0.00000000  0.00000000  0.27642276  0.00000000  0.05691057  0.00000000  0.00000000  0.00000000  0.00000000 
  0.00263158  0.20526316  0.00000000  0.00000000  0.00000000  0.24778761  0.00000000  0.06637168  0.00000000  0.00000000  0.00000000  0.00000000 
  0.00098619  0.18441815  0.00000000  0.00000000  0.00000000  0.26366559  0.00000000  0.06109325  0.00000000  0.00000000  0.00000000  0.00000000 
  0.00123001  0.17835178  0.00000000  0.00000000  0.00000000  0.23170732  0.00000000  0.04471545  0.00000000  0.00000000  0.00000000  0.00000000 
  0.00000000  0.17689531  0.00000000  0.00000000  0.00000000  0.26294821  0.00000000  0.05577689  0.00000000  0.00000000  0.00000000  0.00000000 
  0.00000000  0.17866324  0.00000000  0.00000000  0.00000000  0.25448029  0.00358423  0.08960573  0.00000000  0.00000000  0.00000000  0.00000000 
  0.00112740  0.19729425  0.00000000  0.00000000  0.00000000  0.27915194  0.00000000  0.05300353  0.00000000  0.00000000  0.00000000  0.00000000 
  0.00000000  0.16410256  0.00000000  0.00000000  0.00000000  0.23961661  0.00638978  0.06709265  0.00000000  0.00000000  0.00000000  0.00000000 
  0.00208117  0.17169615  0.00000000  0.00000000  0.00000000  0.22635135  0.00337838  0.02702703  0.00000000  0.00000000  0.00000000  0.00000000 
