  0.00000000  0.00000000  0.00000000  0.00000000  0.00000000  0.50000000  0.00000000  0.00000000  0.00000000  0.00000000  0.00000000  0.00000000 
  0.00000000  0.01639344  0.00000000  0.00000000  0.00000000  0.18750000  0.00000000  0.00000000  0.00000000  0.00000000  0.00000000  0.00000000 
  0.00000000  0.00000000  0.00000000  0.00000000  0.00000000  0.08888889  0.02222222  0.00000000  0.00000000  0.00000000  0.00000000  0.00000000 
  0.00000000  0.01538462  0.00000000  0.00000000  0.00000000  0.06250000  0.00000000  0.00000000  0.00000000  0.00000000  0.00000000  0.00000000 
  0.00000000  0.00000000  0.00000000  0.00000000  0.00000000  0.08888889  0.00000000  0.00000000  0.00000000  0.00000000  0.00000000  0.00000000 
  0.00000000  0.00970874  0.00000000  0.00000000  0.00000000  0.08000000  0.00000000  0.00000000  0.00000000  0.00000000  0.00000000  0.00000000 
  0.00000000  0.01111111  0.00000000  0.00000000  0.00000000  0.08888889  0.00000000  0.00000000  0.00000000  0.00000000  0.00000000  0.00000000 
  0.00000000  0.03191489  0.00000000  0.00000000  0.00000000  0.13333333  0.00000000  0.00000000  0.00000000  0.00000000  0.00000000  0.00000000 
  0.00943396  0.00943396  0.00000000  0.00000000  0.00000000  0.08771930  0.00000000  0.00000000  0.00000000  0.00000000  0.00000000  0.00000000 
  0.00000000  0.02597403  0.00000000  0.00000000  0.00000000  0.06250000  0.00000000  0.00000000  0.00000000  0.00000000  0.00000000  0.00000000 
  0.00000000  0.00826446  0.00000000  0.00000000  0.00000000  0.04285714  0.01428571  0.00000000  0.00000000  0.00000000  0.00000000  0.00000000 
  0.00000000  0.00000000  0.00000000  0.00000000  0.00000000  0.02702703  0.00000000  0.00000000  0.00000000  0.00000000  0.00000000  0.00000000 
  0.00000000  0.00000000  0.00000000  0.00000000  0.00000000  0.03508772  0.00000000  0.00000000  0.00000000  0.00000000  0.00000000  0.00000000 
  0.00000000  0.01652893  0.00000000  0.00000000  0.00000000  0.04838710  0.00000000  0.00000000  0.00000000  0.00000000  0.00000000  0.00000000 
  0.00000000  0.01204819  0.00000000  0.00000000  0.00000000  0.06666667  0.00000000  0.02222222  0.00000000  0.00000000  0.00000000  0.00000000 
  0.00000000  0.00000000  0.00000000  0.00000000  0.00000000  0.14285714  0.00000000  0.00000000  0.00000000  0.00000000  0.00000000  0.00000000 
  0.00000000  0.02816901  0.00000000  0.00000000  0.00000000  0.03703704  0.00000000  0.00000000  0.00000000  0.00000000  0.00000000  0.00000000 
  0.00000000  0.01785714  0.00000000  0.00000000  0.00000000  0.07843137  0.00000000  0.00000000  0.00000000  0.00000000  0.00000000  0.00000000 
  0.00000000  0.00000000  0.00000000  0.00000000  0.00000000  0.09836066  0.00000000  0.00000000  0.00000000  0.00000000  0.00000000  0.00000000 
  0.00000000  0.00000000  0.00000000  0.00000000  0.00000000  0.14000000  0.00000000  0.00000000  0.00000000  0.00000000  0.00000000  0.00000000 
  0.00000000  0.00961538  0.00000000  0.00000000  0.00000000  0.04918033  0.00000000  0.00000000  0.00000000  0.00000000  0.00000000  0.00000000 
  0.00000000  0.00000000  0.00000000  0.00000000  0.00000000  0.10526316  0.00000000  0.02631579  0.00000000  0.00000000  0.00000000  0.00000000 
  0.00000000  0.02985075  0.00000000  0.00000000  0.00000000  0.09090909  0.00000000  0.00000000  0.00000000  0.00000000  0.00000000  0.00000000 
  0.00000000  0.00000000  0.00000000  0.00000000  0.00000000  0.07142857  0.00000000  0.00000000  0.00000000  0.00000000  0.00000000  0.00000000 
  0.00000000  0.00000000  0.00000000  0.00000000  0.00000000  0.25000000  0.00000000  0.00000000  0.00000000  0.00000000  0.00000000  0.00000000 
  0.00000000  0.05194805  0.00000000  0.00000000  0.00000000  0.09756098  0.00000000  0.00000000  0.00000000  0.00000000  0.00000000  0.00000000 
  0.00000000  0.03960396  0.00000000  0.00000000  0.00000000  0.05714286  0.00000000  0.00000000  0.00000000  0.00000000  0.00000000  0.00000000 
  0.00000000  0.00833333  0.00000000  0.00000000  0.00000000  0.10256410  0.00000000  0.00000000  0.00000000  0.00000000  0.00000000  0.00000000 
  0.00000000  0.00000000  0.00000000  0.00000000  0.00000000  0.08928571  0.00000000  0.00000000  0.00000000  0.00000000  0.00000000  0.00000000 
  0.00000000  0.01935484  0.00000000  0.00000000  0.00000000  0.20408163  0.00000000  0.00000000  0.00000000  0.00000000  0.00000000  0.00000000 
  0.00000000  0.02127660  0.00000000  0.00000000  0.00000000  0.05660377  0.01886792  0.00000000  0.00000000  0.00000000  0.00000000  0.00000000 
  0.00000000  0.01515152  0.00000000  0.00000000  0.00000000  0.08888889  0.00000000  0.00000000  0.00000000  0.00000000  0.00000000  0.00000000 
  0.00000000  0.02150538  0.00000000  0.00000000  0.00000000  0.06521739  0.00000000  0.00000000  0.00000000  0.00000000  0.00000000  0.00000000 
  0.00000000  0.00584795  0.00000000  0.00000000  0.00000000  0.04000000  0.00000000  0.00000000  0.00000000  0.00000000  0.00000000  0.00000000 
  0.00000000  0.00763359  0.00000000  0.00000000  0.00000000  0.12380952  0.00000000  0.00000000  0.00000000  0.00000000  0.00000000  0.00000000 
  0.00000000  0.01769912  0.00000000  0.00000000  0.00000000  0.03333333  0.00000000  0.00000000  0.00000000  0.00000000  0.00000000  0.00000000 
  0.00000000  0.00000000  0.00000000  0.00000000  0.00000000  0.06521739  0.00000000  0.00000000  0.00000000  0.00000000  0.00000000  0.00000000 
  0.00952381  0.00952381  0.00000000  0.00000000  0.00000000  0.04651163  0.00000000  0.00000000  0.00000000  0.00000000  0.00000000  0.00000000 
  0.00000000  0.04000000  0.00000000  0.00000000  0.00000000  0.06250000  0.00000000  0.00000000  0.00000000  0.00000000  0.00000000  0.00000000 
  0.00000000  0.00000000  0.00000000  0.00000000  0.01176471  0.08235294  0.00000000  0.00000000  0.00000000  0.00000000  0.00000000  0.00000000 
  0.00000000  0.00675676  0.00000000  0.00000000  0.00000000  0.07142857  0.00000000  0.00000000  0.00000000  0.00000000  0.00000000  0.00000000 
  0.00000000  0.02255639  0.00000000  0.00000000  0.00000000  0.08620690  0.00000000  0.00000000  0.00000000  0.00000000  0.00000000  0.00000000 
  0.00909091  0.00909091  0.00000000  0.00000000  0.00000000  0.09677419  0.00000000  0.01612903  0.00000000  0.00000000  0.00000000  0.00000000 
  0.00000000  0.00000000  0.00000000  0.00000000  0.00000000  0.11475410  0.00000000  0.01639344  0.00000000  0.00000000  0.00000000  0.00000000 
  0.00606061  0.03030303  0.00000000  0.00000000  0.00000000  0.01851852  0.00000000  0.00000000  0.00000000  0.00000000  0.00000000  0.00000000 
  0.00000000  0.01428571  0.00000000  0.00000000  0.00000000  0.05714286  0.00000000  0.00000000  0.00000000  0.00000000  0.00000000  0.00000000 
  0.00000000  0.00000000  0.00000000  0.00000000  0.00000000  0.00000000  0.00000000  0.00000000  0.00000000  0.00000000  0.00000000  0.00000000 
  0.00000000  0.01754386  0.00000000  0.00000000  0.00000000  0.03703704  0.00000000  0.00000000  0.00000000  0.00000000  0.00000000  0.00000000 
  0.00000000  0.00000000  0.00000000  0.00000000  0.00000000  0.08333333  0.00000000  0.00000000  0.00000000  0.00000000  0.00000000  0.00000000 
