  0.00000000  0.03040541  0.00000000  0.00000000  0.00000000  0.12121212  0.00000000  0.01515152  0.00000000  0.00000000  0.00000000  0.00000000 
  0.00000000  0.04032258  0.00000000  0.00000000  0.00000000  0.08695652  0.00000000  0.00000000  0.00000000  0.00000000  0.00000000  0.00000000 
  0.00000000  0.00000000  0.00000000  0.00000000  0.00000000  0.00000000  0.00000000  0.00000000  0.00000000  0.00000000  0.00000000  0.00000000 
  0.00000000  0.00000000  0.00000000  0.00000000  0.00000000  0.00000000  0.00000000  0.00000000  0.00000000  0.00000000  0.00000000  0.00000000 
  0.00970874  0.08737864  0.00000000  0.00000000  0.00000000  0.30000000  0.00000000  0.00000000  0.00000000  0.00000000  0.00000000  0.00000000 
  0.00276625  0.02489627  0.00000000  0.00000000  0.00478469  0.09090909  0.01435407  0.00000000  0.00000000  0.00000000  0.00000000  0.00000000 
  0.00778443  0.02035928  0.00000000  0.00000000  0.00336700  0.07239057  0.00000000  0.00673401  0.00000000  0.00000000  0.00000000  0.00000000 
  0.00677603  0.02496434  0.00000000  0.00000000  0.00891862  0.06800446  0.00334448  0.00557414  0.00000000  0.00000000  0.00000000  0.00000000 
  0.00603622  0.01274313  0.00000000  0.00000000  0.01257862  0.08176101  0.00733753  0.00314465  0.00000000  0.00000000  0.00000000  0.00000000 
  0.00407056  0.01854365  0.00000000  0.00000000  0.01202749  0.05841924  0.00000000  0.00687285  0.00000000  0.00000000  0.00000000  0.00000000 
  0.00359497  0.02396645  0.00000000  0.00000000  0.00636943  0.09341826  0.00212314  0.00212314  0.00000000  0.00000000  0.00000000  0.00000000 
  0.00245098  0.01633987  0.00000000  0.00000000  0.00332226  0.09634551  0.00000000  0.00664452  0.00000000  0.00000000  0.00000000  0.00000000 
  0.00302343  0.01058201  0.00000000  0.00000000  0.02608696  0.06521739  0.00000000  0.00000000  0.00000000  0.00000000  0.00000000  0.00000000 
  0.00681663  0.00545331  0.00000000  0.00000000  0.03082192  0.08904110  0.00342466  0.00342466  0.00000000  0.00000000  0.00000000  0.00000000 
  0.00384615  0.01217949  0.00000000  0.00000000  0.00980392  0.06209150  0.00653595  0.00000000  0.00000000  0.00000000  0.00000000  0.00000000 
  0.00298507  0.01253731  0.00000000  0.00000000  0.01186944  0.05637982  0.00000000  0.00000000  0.00000000  0.00000000  0.00000000  0.00000000 
  0.00416450  0.01405518  0.00000000  0.00000000  0.00842697  0.07022472  0.00000000  0.00000000  0.00000000  0.00000000  0.00000000  0.00000000 
  0.00400802  0.01052104  0.00000000  0.00000000  0.01089918  0.07084469  0.00000000  0.00000000  0.00000000  0.00000000  0.00000000  0.00000000 
  0.00332700  0.00855513  0.00000000  0.00000000  0.00275482  0.05785124  0.00826446  0.00550964  0.00000000  0.00000000  0.00000000  0.00000000 
  0.00141443  0.01272984  0.00000000  0.00000000  0.00480769  0.08173077  0.00240385  0.00480769  0.00000000  0.00000000  0.00000000  0.00000000 
  0.00789474  0.01929825  0.00000000  0.00000000  0.00619195  0.03405573  0.00619195  0.00000000  0.00000000  0.00000000  0.00000000  0.00000000 
  0.01230769  0.01461538  0.00000000  0.00000000  0.00282486  0.06214689  0.00282486  0.00000000  0.00000000  0.00000000  0.00000000  0.00000000 
  0.01155116  0.01980198  0.00000000  0.00000000  0.00589971  0.05309735  0.00000000  0.00000000  0.00000000  0.00000000  0.00000000  0.00000000 
  0.00413565  0.02233251  0.00000000  0.00000000  0.01036269  0.04663212  0.00000000  0.00000000  0.00000000  0.00000000  0.00000000  0.00000000 
  0.00680272  0.02235180  0.00000000  0.00000000  0.00569801  0.03988604  0.00284900  0.00284900  0.00000000  0.00000000  0.00000000  0.00000000 
  0.01148600  0.01005025  0.00000000  0.00000000  0.00826446  0.04545455  0.00206612  0.00206612  0.00000000  0.00000000  0.00000000  0.00000000 
  0.01018676  0.01697793  0.00000000  0.00000000  0.00000000  0.11764706  0.00840336  0.01680672  0.00000000  0.00000000  0.00000000  0.00000000 
  0.00348129  0.00609225  0.00000000  0.00000000  0.01176471  0.11764706  0.00000000  0.01176471  0.00000000  0.00000000  0.00000000  0.00000000 
  0.00000000  0.00738007  0.00000000  0.00000000  0.00000000  0.03703704  0.00000000  0.07407407  0.00000000  0.00000000  0.00000000  0.00000000 
  0.00000000  0.00000000  0.00000000  0.00000000  0.00000000  1.00000000  0.00000000  0.00000000  0.00000000  0.00000000  0.00000000  0.00000000 
  0.00787402  0.03937008  0.00000000  0.00000000  0.02298851  0.13793103  0.00000000  0.00000000  0.00000000  0.00000000  0.00000000  0.00000000 
  0.00740741  0.01904762  0.00000000  0.00000000  0.00418410  0.08786611  0.00836820  0.00418410  0.00000000  0.00000000  0.00000000  0.00000000 
  0.00711111  0.01422222  0.00000000  0.00000000  0.00533333  0.06400000  0.00266667  0.01600000  0.00000000  0.00000000  0.00000000  0.00000000 
  0.00942588  0.01028278  0.00000000  0.00000000  0.00896861  0.06278027  0.00448430  0.00448430  0.00000000  0.00000000  0.00000000  0.00000000 
  0.00642055  0.02166934  0.00000000  0.00000000  0.01106195  0.08407080  0.00442478  0.00000000  0.00000000  0.00000000  0.00000000  0.00000000 
  0.00433705  0.02230483  0.00000000  0.00000000  0.00530035  0.05653710  0.00353357  0.00000000  0.00000000  0.00000000  0.00000000  0.00000000 
  0.00431406  0.02329594  0.00000000  0.00000000  0.00213675  0.05555556  0.00427350  0.00213675  0.00000000  0.00000000  0.00000000  0.00000000 
  0.00533130  0.02208682  0.00000000  0.00000000  0.00686499  0.07780320  0.00000000  0.00000000  0.00000000  0.00000000  0.00000000  0.00000000 
  0.00527859  0.01173021  0.00000000  0.00000000  0.00745156  0.02682563  0.00447094  0.00000000  0.00000000  0.00000000  0.00000000  0.00000000 
  0.00455789  0.02005469  0.00000000  0.00000000  0.00306748  0.04294479  0.00920245  0.00613497  0.00000000  0.00000000  0.00000000  0.00000000 
  0.00684080  0.01927861  0.00000000  0.00000000  0.01301518  0.07809111  0.00433839  0.00000000  0.00000000  0.00000000  0.00000000  0.00000000 
  0.00860383  0.01173250  0.00000000  0.00000000  0.00628931  0.07704403  0.00314465  0.00000000  0.00000000  0.00000000  0.00000000  0.00000000 
  0.00182149  0.01092896  0.00000000  0.00000000  0.00598802  0.05788423  0.00000000  0.00199601  0.00000000  0.00000000  0.00000000  0.00000000 
  0.00313808  0.01359833  0.00000000  0.00000000  0.00389105  0.07392996  0.00000000  0.00000000  0.00000000  0.00000000  0.00000000  0.00000000 
  0.00000000  0.02604167  0.00000000  0.00000000  0.00000000  0.15625000  0.03125000  0.00000000  0.00000000  0.00000000  0.00000000  0.00000000 
  0.00000000  0.03278689  0.00000000  0.00000000  0.05263158  0.15789474  0.00000000  0.00000000  0.00000000  0.00000000  0.00000000  0.00000000 
  0.01007557  0.02015113  0.00000000  0.00000000  0.03676471  0.08823529  0.00000000  0.00735294  0.00000000  0.00000000  0.00000000  0.00000000 
  0.00269542  0.01482480  0.00000000  0.00000000  0.00000000  0.06521739  0.00000000  0.00362319  0.00000000  0.00000000  0.00000000  0.00000000 
  0.00551471  0.02573529  0.00000000  0.00000000  0.00000000  0.15300546  0.00000000  0.00000000  0.00000000  0.00000000  0.00000000  0.00000000 
  0.00788644  0.02681388  0.00000000  0.00000000  0.01111111  0.10555556  0.00000000  0.02222222  0.00000000  0.00000000  0.00000000  0.00000000 
  0.00773994  0.02321981  0.00000000  0.00000000  0.00552486  0.10497238  0.00000000  0.01104972  0.00000000  0.00000000  0.00000000  0.00000000 
  0.01014493  0.01884058  0.00000000  0.00000000  0.00000000  0.10638298  0.00000000  0.01418440  0.00000000  0.00000000  0.00000000  0.00000000 
  0.01438849  0.01726619  0.00000000  0.00000000  0.01948052  0.10389610  0.01948052  0.00649351  0.00000000  0.00000000  0.00000000  0.00000000 
  0.00243013  0.02551640  0.00000000  0.00000000  0.00000000  0.09625668  0.00534759  0.00534759  0.00000000  0.00000000  0.00000000  0.00000000 
  0.00250627  0.02130326  0.00000000  0.00000000  0.00000000  0.10429448  0.00613497  0.00000000  0.00000000  0.00000000  0.00000000  0.00000000 
  0.00691244  0.02304147  0.00000000  0.00000000  0.02150538  0.13978495  0.01075269  0.03225806  0.00000000  0.00000000  0.00000000  0.00000000 
  0.00330579  0.01322314  0.00000000  0.00000000  0.00000000  0.14074074  0.00000000  0.01481481  0.00000000  0.00000000  0.00000000  0.00000000 
  0.00639659  0.01279318  0.00000000  0.00000000  0.00000000  0.14583333  0.02083333  0.01041667  0.00000000  0.00000000  0.00000000  0.00000000 
  0.01595745  0.02127660  0.00000000  0.00000000  0.03389831  0.15254237  0.00000000  0.03389831  0.00000000  0.00000000  0.00000000  0.00000000 
  0.00983607  0.03934426  0.00000000  0.00000000  0.00000000  0.08333333  0.00000000  0.04166667  0.00000000  0.00000000  0.00000000  0.00000000 
  0.00487805  0.04390244  0.00000000  0.00000000  0.00000000  0.00000000  0.00000000  0.00000000  0.00000000  0.00000000  0.00000000  0.00000000 
  0.01166181  0.02332362  0.00000000  0.00000000  0.10000000  0.00000000  0.00000000  0.00000000  0.00000000  0.00000000  0.00000000  0.00000000 
  0.00705882  0.02352941  0.00000000  0.00000000  0.00000000  0.15384615  0.00000000  0.00000000  0.00000000  0.00000000  0.00000000  0.00000000 
  0.02434077  0.02434077  0.00000000  0.00000000  0.07692308  0.07692308  0.00000000  0.00000000  0.00000000  0.00000000  0.00000000  0.00000000 
  0.00358423  0.02150538  0.00000000  0.00000000  0.03846154  0.23076923  0.00000000  0.00000000  0.00000000  0.00000000  0.00000000  0.00000000 
  0.00803213  0.00535475  0.00000000  0.00000000  0.01960784  0.13725490  0.00000000  0.01960784  0.00000000  0.00000000  0.00000000  0.00000000 
  0.00261097  0.00783290  0.00000000  0.00000000  0.02173913  0.08695652  0.02173913  0.00000000  0.00000000  0.00000000  0.00000000  0.00000000 
  0.00311042  0.00777605  0.00000000  0.00000000  0.02439024  0.09756098  0.02439024  0.00000000  0.00000000  0.00000000  0.00000000  0.00000000 
  0.00345423  0.00690846  0.00000000  0.00000000  0.03846154  0.30769231  0.00000000  0.00000000  0.00000000  0.00000000  0.00000000  0.00000000 
  0.00761421  0.01015228  0.00000000  0.00000000  0.00000000  0.15789474  0.00000000  0.00000000  0.00000000  0.00000000  0.00000000  0.00000000 
  0.01714286  0.01714286  0.00000000  0.00000000  0.00000000  0.12500000  0.00000000  0.06250000  0.00000000  0.00000000  0.00000000  0.00000000 
  0.01652893  0.02479339  0.00000000  0.00000000  0.07692308  0.15384615  0.00000000  0.00000000  0.00000000  0.00000000  0.00000000  0.00000000 
  0.01600000  0.01600000  0.00000000  0.00000000  0.00000000  0.07142857  0.00000000  0.07142857  0.00000000  0.00000000  0.00000000  0.00000000 
  0.00000000  0.01639344  0.00000000  0.00000000  0.00000000  0.05882353  0.00000000  0.00000000  0.00000000  0.00000000  0.00000000  0.00000000 
  0.00000000  0.00000000  0.00000000  0.00000000  0.00000000  0.14285714  0.00000000  0.00000000  0.00000000  0.00000000  0.00000000  0.00000000 
  0.00000000  0.00000000  0.00000000  0.00000000  0.00000000  0.05000000  0.00000000  0.05000000  0.00000000  0.00000000  0.00000000  0.00000000 
  0.00000000  0.06329114  0.00000000  0.00000000  0.13333333  0.00000000  0.00000000  0.00000000  0.00000000  0.00000000  0.00000000  0.00000000 
  0.00000000  0.00000000  0.00000000  0.00000000  0.00000000  0.00000000  0.00000000  0.00000000  0.00000000  0.00000000  0.00000000  0.00000000 
  0.02941176  0.02941176  0.00000000  0.00000000  0.00000000  0.00000000  0.00000000  0.00000000  0.00000000  0.00000000  0.00000000  0.00000000 
  0.00000000  0.00000000  0.00000000  0.00000000  0.00000000  0.14285714  0.00000000  0.00000000  0.00000000  0.00000000  0.00000000  0.00000000 
  0.00000000  0.04166667  0.00000000  0.00000000  0.00000000  0.25000000  0.00000000  0.00000000  0.00000000  0.00000000  0.00000000  0.00000000 
  0.00000000  0.05714286  0.00000000  0.00000000  0.00000000  0.60000000  0.00000000  0.00000000  0.00000000  0.00000000  0.00000000  0.00000000 
  0.00000000  0.00000000  0.00000000  0.00000000  0.00000000  0.25000000  0.25000000  0.00000000  0.00000000  0.00000000  0.00000000  0.00000000 
