  0.00000000  0.16849817  0.00000000  0.00000000  0.00000000  0.15322581  0.00000000  0.04838710  0.00000000  0.00000000  0.00000000  0.00000000 
  0.00268817  0.10215054  0.00000000  0.00000000  0.00000000  0.15822785  0.00000000  0.05696203  0.00000000  0.00000000  0.00000000  0.00000000 
  0.00579710  0.13043478  0.00000000  0.00000000  0.00000000  0.21678322  0.00000000  0.06293706  0.00000000  0.00000000  0.00000000  0.00000000 
  0.00000000  0.10666667  0.00000000  0.00000000  0.00000000  0.18750000  0.00000000  0.07142857  0.00000000  0.00000000  0.00000000  0.00000000 
  0.00000000  0.00000000  0.00000000  0.00000000  0.00000000  0.03846154  0.00000000  0.00000000  0.00000000  0.00000000  0.00000000  0.00000000 
  0.00534759  0.12299465  0.00000000  0.00000000  0.00000000  0.16949153  0.00000000  0.23728814  0.00000000  0.00000000  0.00000000  0.00000000 
  0.01038961  0.29090909  0.00000000  0.00000000  0.00000000  0.26000000  0.00000000  0.20000000  0.00000000  0.00000000  0.00000000  0.00000000 
  0.00452489  0.12669683  0.00000000  0.00000000  0.00000000  0.11627907  0.00000000  0.11627907  0.00000000  0.00000000  0.00000000  0.00000000 
  0.00450450  0.13963964  0.00000000  0.00000000  0.02631579  0.09210526  0.00000000  0.10526316  0.00000000  0.00000000  0.00000000  0.00000000 
  0.00502513  0.08040201  0.00000000  0.00000000  0.01234568  0.16049383  0.00000000  0.09876543  0.00000000  0.00000000  0.00000000  0.00000000 
  0.01600000  0.19200000  0.00000000  0.00000000  0.00000000  0.22881356  0.00000000  0.16101695  0.00000000  0.00000000  0.00000000  0.00000000 
  0.00343643  0.22336770  0.00000000  0.00000000  0.00000000  0.22413793  0.00000000  0.18965517  0.00000000  0.00000000  0.00000000  0.00000000 
  0.00743494  0.19702602  0.00000000  0.00000000  0.00000000  0.23756906  0.00000000  0.16022099  0.00000000  0.00000000  0.00000000  0.00000000 
  0.00000000  0.20168067  0.00000000  0.00000000  0.00000000  0.16417910  0.00000000  0.13432836  0.00000000  0.00000000  0.00000000  0.00000000 
