  0.00000000  0.21875000  0.00000000  0.00000000  0.00000000  0.14912281  0.00000000  0.04385965  0.00000000  0.00000000  0.00000000  0.00000000 
  0.00584795  0.25730994  0.00000000  0.00000000  0.00000000  0.19658120  0.00000000  0.06837607  0.00000000  0.00000000  0.00000000  0.00000000 
  0.00549451  0.12087912  0.00000000  0.00000000  0.00000000  0.14285714  0.00000000  0.01587302  0.00000000  0.00000000  0.00000000  0.00000000 
  0.00000000  0.12500000  0.00000000  0.00000000  0.00000000  0.21296296  0.00000000  0.00000000  0.00000000  0.00000000  0.00000000  0.00000000 
  0.00000000  0.11585366  0.00000000  0.00000000  0.00000000  0.15652174  0.00000000  0.01739130  0.00000000  0.00000000  0.00000000  0.00000000 
  0.00000000  0.16778523  0.00000000  0.00000000  0.00000000  0.19780220  0.00000000  0.02197802  0.00000000  0.00000000  0.00000000  0.00000000 
  0.00526316  0.13157895  0.00000000  0.00000000  0.00000000  0.18987342  0.00000000  0.10126582  0.00000000  0.00000000  0.00000000  0.00000000 
  0.00000000  0.19444444  0.00000000  0.00000000  0.00000000  0.17045455  0.00000000  0.05681818  0.00000000  0.00000000  0.00000000  0.00000000 
  0.00000000  0.17901235  0.00000000  0.00000000  0.00000000  0.27536232  0.00000000  0.01449275  0.00000000  0.00000000  0.00000000  0.00000000 
  0.01310044  0.16593886  0.00000000  0.00000000  0.00000000  0.15533981  0.00000000  0.05825243  0.00000000  0.00000000  0.00000000  0.00000000 
  0.00000000  0.11737089  0.00000000  0.00000000  0.00000000  0.14117647  0.00000000  0.02352941  0.00000000  0.00000000  0.00000000  0.00000000 
  0.00000000  0.17874396  0.00000000  0.00000000  0.00000000  0.12162162  0.00000000  0.09459459  0.00000000  0.00000000  0.00000000  0.00000000 
  0.00000000  0.13605442  0.00000000  0.00000000  0.00000000  0.21212121  0.00000000  0.09090909  0.00000000  0.00000000  0.00000000  0.00000000 
  0.00000000  0.10857143  0.00000000  0.00000000  0.00000000  0.17647059  0.00000000  0.11764706  0.00000000  0.00000000  0.00000000  0.00000000 
  0.00000000  0.17647059  0.00000000  0.00000000  0.00000000  0.22535211  0.00000000  0.01408451  0.00000000  0.00000000  0.00000000  0.00000000 
  0.00000000  0.19730942  0.00000000  0.00000000  0.00000000  0.27272727  0.00000000  0.06818182  0.00000000  0.00000000  0.00000000  0.00000000 
  0.00000000  0.18834081  0.00000000  0.00000000  0.00000000  0.25000000  0.00000000  0.03409091  0.00000000  0.00000000  0.00000000  0.00000000 
  0.00000000  0.16176471  0.00000000  0.00000000  0.00000000  0.20618557  0.00000000  0.09278351  0.00000000  0.00000000  0.00000000  0.00000000 
  0.00000000  0.11702128  0.00000000  0.00000000  0.00000000  0.11818182  0.00000000  0.09090909  0.00000000  0.00000000  0.00000000  0.00000000 
  0.00000000  0.14893617  0.00000000  0.00000000  0.00000000  0.20000000  0.00000000  0.05833333  0.00000000  0.00000000  0.00000000  0.00000000 
  0.00458716  0.12385321  0.00000000  0.00000000  0.00000000  0.19047619  0.00000000  0.01587302  0.00000000  0.00000000  0.00000000  0.00000000 
  0.00840336  0.13865546  0.00000000  0.00000000  0.00000000  0.11728395  0.00000000  0.02469136  0.00000000  0.00000000  0.00000000  0.00000000 
  0.00000000  0.10964912  0.00000000  0.00000000  0.00000000  0.13043478  0.00000000  0.01863354  0.00000000  0.00000000  0.00000000  0.00000000 
  0.00411523  0.13580247  0.00000000  0.00000000  0.00000000  0.09302326  0.00000000  0.02325581  0.00000000  0.00000000  0.00000000  0.00000000 
  0.00000000  0.08407080  0.00000000  0.00000000  0.00598802  0.10778443  0.00000000  0.02395210  0.00000000  0.00000000  0.00000000  0.00000000 
  0.00000000  0.07929515  0.00000000  0.00000000  0.00000000  0.11363636  0.00000000  0.01136364  0.00000000  0.00000000  0.00000000  0.00000000 
  0.01276596  0.11489362  0.00000000  0.00000000  0.00000000  0.12883436  0.00613497  0.01226994  0.00000000  0.00000000  0.00000000  0.00000000 
  0.00425532  0.06382979  0.00000000  0.00000000  0.00000000  0.14655172  0.00000000  0.01724138  0.00000000  0.00000000  0.00000000  0.00000000 
  0.00406504  0.09756098  0.00000000  0.00000000  0.00000000  0.16935484  0.00000000  0.02419355  0.00000000  0.00000000  0.00000000  0.00000000 
  0.00393701  0.11811024  0.00000000  0.00000000  0.00000000  0.15942029  0.00000000  0.01449275  0.00000000  0.00000000  0.00000000  0.00000000 
  0.01107011  0.08118081  0.00000000  0.00000000  0.00000000  0.15254237  0.00000000  0.00847458  0.00000000  0.00000000  0.00000000  0.00000000 
  0.00389105  0.10505837  0.00000000  0.00000000  0.00000000  0.12800000  0.00000000  0.00800000  0.00000000  0.00000000  0.00000000  0.00000000 
  0.00000000  0.10096154  0.00000000  0.00000000  0.00000000  0.13888889  0.00000000  0.03703704  0.00000000  0.00000000  0.00000000  0.00000000 
  0.00000000  0.05741627  0.00000000  0.00000000  0.00000000  0.13761468  0.00000000  0.01834862  0.00000000  0.00000000  0.00000000  0.00000000 
  0.00406504  0.08130081  0.00000000  0.00000000  0.00000000  0.11494253  0.00000000  0.02298851  0.00000000  0.00000000  0.00000000  0.00000000 
  0.00000000  0.10426540  0.00000000  0.00000000  0.00000000  0.14655172  0.00000000  0.02586207  0.00000000  0.00000000  0.00000000  0.00000000 
  0.00374532  0.08614232  0.00000000  0.00000000  0.00000000  0.14285714  0.00000000  0.00000000  0.00000000  0.00000000  0.00000000  0.00000000 
  0.00000000  0.05681818  0.00000000  0.00000000  0.00000000  0.14563107  0.00000000  0.03883495  0.00000000  0.00000000  0.00000000  0.00000000 
  0.00836820  0.12133891  0.00000000  0.00000000  0.00000000  0.12727273  0.00000000  0.00909091  0.00000000  0.00000000  0.00000000  0.00000000 
  0.00851064  0.09361702  0.00000000  0.00000000  0.00000000  0.20300752  0.00000000  0.00751880  0.00000000  0.00000000  0.00000000  0.00000000 
  0.00000000  0.12601626  0.00000000  0.00000000  0.00000000  0.11023622  0.00000000  0.02362205  0.00000000  0.00000000  0.00000000  0.00000000 
  0.01119403  0.10074627  0.00000000  0.00000000  0.00000000  0.07526882  0.00000000  0.02688172  0.00000000  0.00000000  0.00000000  0.00000000 
  0.00751880  0.06766917  0.00000000  0.00000000  0.00000000  0.15243902  0.00000000  0.03658537  0.00000000  0.00000000  0.00000000  0.00000000 
