  0.00132802  0.02788845  0.00000000  0.00000000  0.02380952  0.23809524  0.02380952  0.02380952  0.00000000  0.28571429  0.00000000  0.00000000 
  0.00000000  0.02377415  0.04166667  0.00000000  0.03921569  0.25490196  0.01960784  0.00000000  0.00000000  0.00000000  0.00000000  0.00000000 
  0.00267380  0.02673797  0.00000000  0.00000000  0.04651163  0.09302326  0.00000000  0.00000000  0.00000000  0.00000000  0.00000000  0.00000000 
  0.00293255  0.02932551  0.00000000  0.00000000  0.03773585  0.13207547  0.05660377  0.01886792  0.00000000  0.00000000  0.00000000  0.00000000 
  0.00626741  0.02715877  0.04615385  0.01538462  0.06306306  0.13513514  0.00900901  0.02702703  0.00000000  0.14285714  0.00000000  0.00000000 
  0.00730994  0.01900585  0.02898551  0.01449275  0.01769912  0.12389381  0.00884956  0.00000000  0.00000000  0.15625000  0.00000000  0.00000000 
  0.00148148  0.01333333  0.00000000  0.00000000  0.00000000  0.28205128  0.00000000  0.00000000  0.00000000  0.00000000  0.00000000  0.00000000 
  0.00350058  0.01633606  0.00000000  0.00000000  0.02173913  0.19565217  0.00000000  0.00000000  0.00000000  0.16666667  0.00000000  0.00000000 
  0.00000000  0.02990033  0.00000000  0.00000000  0.00000000  0.11940299  0.00000000  0.00000000  0.00000000  0.40000000  0.00000000  0.00000000 
  0.00476569  0.03415409  0.08474576  0.08474576  0.04761905  0.13095238  0.01190476  0.01190476  0.00000000  0.15789474  0.05263158  0.00000000 
  0.00702247  0.03019663  0.04819277  0.05421687  0.01754386  0.13157895  0.01754386  0.00877193  0.00000000  0.07692308  0.00000000  0.00000000 
  0.00546448  0.02322404  0.08974359  0.00000000  0.01785714  0.08035714  0.01785714  0.00000000  0.00000000  0.12000000  0.00000000  0.00000000 
  0.00274474  0.03293687  0.00000000  0.02040816  0.01265823  0.18987342  0.00000000  0.01265823  0.00000000  0.16666667  0.00000000  0.00000000 
  0.01172227  0.03065825  0.04109589  0.01369863  0.05194805  0.10389610  0.02597403  0.00000000  0.00000000  0.14285714  0.00000000  0.00000000 
  0.00564175  0.02256700  0.04458599  0.03821656  0.04477612  0.15671642  0.00746269  0.00000000  0.00000000  0.03773585  0.00000000  0.00000000 
  0.00461437  0.03098220  0.06134969  0.00613497  0.01851852  0.12345679  0.02469136  0.00617284  0.00000000  0.07352941  0.00000000  0.00000000 
  0.00201005  0.02512563  0.01923077  0.05769231  0.00000000  0.18571429  0.00000000  0.00000000  0.00000000  0.00000000  0.00000000  0.00000000 
  0.00437445  0.02887139  0.01219512  0.00000000  0.01481481  0.11851852  0.01481481  0.00000000  0.00000000  0.20000000  0.00000000  0.00000000 
  0.00488486  0.04117237  0.05504587  0.03669725  0.02189781  0.15328467  0.02189781  0.00729927  0.00000000  0.10714286  0.00000000  0.00000000 
  0.00978916  0.02936747  0.02777778  0.02777778  0.04237288  0.13559322  0.03389831  0.00847458  0.10344828  0.06896552  0.00000000  0.00000000 
  0.00121655  0.03527981  0.04000000  0.00000000  0.05172414  0.10344828  0.01724138  0.00000000  0.00000000  0.11111111  0.00000000  0.00000000 
  0.00550055  0.04510451  0.00000000  0.02631579  0.03846154  0.21153846  0.03846154  0.00000000  0.00000000  0.10000000  0.00000000  0.00000000 
  0.01025237  0.02996845  0.11627907  0.04651163  0.05617978  0.17977528  0.01123596  0.00000000  0.00000000  0.14285714  0.00000000  0.00000000 
  0.00576606  0.02718287  0.01587302  0.04761905  0.02409639  0.18072289  0.01204819  0.00000000  0.00000000  0.16666667  0.00000000  0.00000000 
  0.01482914  0.02965828  0.02777778  0.04166667  0.03053435  0.11450382  0.03816794  0.01526718  0.00000000  0.17857143  0.00000000  0.00000000 
  0.00367647  0.02665441  0.14285714  0.02040816  0.03125000  0.17708333  0.00000000  0.00000000  0.00000000  0.07142857  0.00000000  0.00000000 
  0.00199402  0.02193420  0.05263158  0.05263158  0.00000000  0.17857143  0.00000000  0.00000000  0.00000000  0.00000000  0.00000000  0.00000000 
  0.00313152  0.02922756  0.00000000  0.00000000  0.03278689  0.16393443  0.00000000  0.00000000  0.00000000  0.06250000  0.00000000  0.00000000 
  0.00366748  0.01833741  0.03703704  0.00000000  0.04615385  0.06153846  0.01538462  0.00000000  0.07692308  0.15384615  0.00000000  0.00000000 
  0.00777385  0.02897527  0.08064516  0.00000000  0.03614458  0.16867470  0.02409639  0.00000000  0.00000000  0.00000000  0.00000000  0.00000000 
  0.00736498  0.02209493  0.01960784  0.01960784  0.01724138  0.11206897  0.00862069  0.01724138  0.00000000  0.03571429  0.00000000  0.00000000 
  0.00352941  0.03764706  0.00000000  0.04878049  0.01694915  0.10169492  0.00000000  0.00000000  0.00000000  0.04166667  0.00000000  0.00000000 
  0.00115340  0.03114187  0.02325581  0.00000000  0.01351351  0.12162162  0.00000000  0.00000000  0.00000000  0.00000000  0.00000000  0.00000000 
  0.00256630  0.02053037  0.04761905  0.07142857  0.00000000  0.21951220  0.00000000  0.00000000  0.00000000  0.07142857  0.00000000  0.00000000 
  0.00346420  0.02309469  0.00000000  0.00000000  0.00000000  0.18333333  0.00000000  0.00000000  0.00000000  0.10000000  0.00000000  0.00000000 
  0.00403769  0.04172275  0.06060606  0.00000000  0.02040816  0.16326531  0.00000000  0.02040816  0.00000000  0.07692308  0.00000000  0.00000000 
  0.00268817  0.04032258  0.09090909  0.06060606  0.03278689  0.14754098  0.00000000  0.01639344  0.00000000  0.03571429  0.00000000  0.00000000 
  0.00582848  0.03663614  0.15116279  0.05813953  0.05102041  0.15306122  0.01020408  0.01020408  0.00000000  0.08571429  0.02857143  0.00000000 
  0.01031593  0.03868472  0.04210526  0.02105263  0.01818182  0.16363636  0.01818182  0.00000000  0.00000000  0.00000000  0.00000000  0.00000000 
  0.00491642  0.02359882  0.00000000  0.00000000  0.05633803  0.05633803  0.01408451  0.00000000  0.00000000  0.04761905  0.00000000  0.00000000 
  0.00525210  0.02626050  0.00000000  0.07317073  0.01639344  0.16393443  0.01639344  0.00000000  0.00000000  0.20000000  0.00000000  0.00000000 
  0.01328609  0.02302923  0.04166667  0.00000000  0.01298701  0.19480519  0.00000000  0.00000000  0.00000000  0.17647059  0.00000000  0.00000000 
  0.00859788  0.02447090  0.06578947  0.02631579  0.04580153  0.15267176  0.03053435  0.00763359  0.00000000  0.13636364  0.00000000  0.00000000 
  0.00841515  0.02664797  0.03703704  0.02469136  0.02654867  0.12389381  0.03539823  0.00884956  0.00000000  0.00000000  0.00000000  0.00000000 
  0.00336700  0.05499439  0.00000000  0.02564103  0.00000000  0.18644068  0.00000000  0.00000000  0.00000000  0.00000000  0.00000000  0.00000000 
  0.00851064  0.04361702  0.07500000  0.07500000  0.01724138  0.22413793  0.00000000  0.00000000  0.00000000  0.00000000  0.00000000  0.00000000 
  0.01171875  0.04101563  0.05633803  0.01408451  0.03750000  0.10000000  0.03750000  0.02500000  0.00000000  0.00000000  0.00000000  0.00000000 
  0.00497512  0.02132196  0.07317073  0.02439024  0.00847458  0.14406780  0.01694915  0.00000000  0.00000000  0.06060606  0.00000000  0.00000000 
  0.00520833  0.01979167  0.00000000  0.00000000  0.06666667  0.20000000  0.00000000  0.00000000  0.00000000  0.14285714  0.00000000  0.00000000 
  0.00488202  0.02034174  0.06521739  0.00000000  0.02857143  0.17142857  0.00000000  0.01904762  0.00000000  0.14285714  0.00000000  0.00000000 
  0.00910273  0.03185956  0.09890110  0.04395604  0.02649007  0.14569536  0.00662252  0.00662252  0.00000000  0.10526316  0.00000000  0.00000000 
  0.00662252  0.02566225  0.01333333  0.01333333  0.04651163  0.11627907  0.00000000  0.00000000  0.04761905  0.04761905  0.00000000  0.00000000 
  0.00544959  0.03905540  0.03225806  0.06451613  0.03125000  0.17187500  0.00000000  0.00000000  0.00000000  0.28571429  0.00000000  0.00000000 
  0.00645856  0.05812702  0.04000000  0.02000000  0.00000000  0.23076923  0.03846154  0.00000000  0.00000000  0.05263158  0.00000000  0.00000000 
  0.01116539  0.02512212  0.04000000  0.01000000  0.03571429  0.08035714  0.02678571  0.00000000  0.00000000  0.00000000  0.00000000  0.00000000 
  0.01050558  0.03479974  0.07352941  0.02941176  0.04000000  0.12000000  0.02000000  0.00000000  0.00000000  0.04347826  0.00000000  0.00000000 
  0.00179051  0.01790510  0.01754386  0.03508772  0.00000000  0.16666667  0.01388889  0.00000000  0.00000000  0.04347826  0.00000000  0.00000000 
  0.00260756  0.01955671  0.02564103  0.02564103  0.01470588  0.20588235  0.01470588  0.00000000  0.00000000  0.05000000  0.00000000  0.00000000 
  0.00434311  0.04560261  0.00000000  0.00000000  0.00000000  0.17333333  0.00000000  0.00000000  0.00000000  0.00000000  0.00000000  0.00000000 
  0.01484375  0.02578125  0.03614458  0.03614458  0.05000000  0.13000000  0.03000000  0.01000000  0.00000000  0.07142857  0.00000000  0.03571429 
  0.00796020  0.02388060  0.03333333  0.03333333  0.00000000  0.13636364  0.01515152  0.01515152  0.00000000  0.00000000  0.00000000  0.00000000 
  0.00308325  0.02774923  0.00000000  0.06666667  0.00000000  0.19354839  0.00000000  0.00000000  0.00000000  0.14285714  0.00000000  0.07142857 
  0.00473934  0.02369668  0.01190476  0.02380952  0.00000000  0.10416667  0.01041667  0.00000000  0.00000000  0.10344828  0.00000000  0.00000000 
  0.00624350  0.02393340  0.02272727  0.07954545  0.00943396  0.12264151  0.00943396  0.00000000  0.00000000  0.08695652  0.00000000  0.00000000 
  0.00696643  0.02849905  0.05102041  0.07142857  0.00613497  0.16564417  0.02453988  0.01840491  0.00000000  0.11428571  0.00000000  0.00000000 
  0.00428449  0.02142245  0.02564103  0.00000000  0.00980392  0.19607843  0.00980392  0.00000000  0.00000000  0.10714286  0.00000000  0.00000000 
  0.00407830  0.01712887  0.07547170  0.07547170  0.00000000  0.21176471  0.00000000  0.00000000  0.00000000  0.04347826  0.00000000  0.00000000 
  0.00688863  0.04018370  0.04878049  0.07317073  0.02985075  0.07462687  0.00000000  0.00000000  0.10000000  0.00000000  0.00000000  0.00000000 
  0.00529101  0.02796674  0.05357143  0.01785714  0.04651163  0.13953488  0.01162791  0.00000000  0.06250000  0.06250000  0.00000000  0.00000000 
  0.00941029  0.01819322  0.03906250  0.02343750  0.01369863  0.11643836  0.03424658  0.00000000  0.00000000  0.08823529  0.00000000  0.00000000 
  0.00210822  0.03443429  0.01010101  0.06060606  0.03076923  0.19230769  0.01538462  0.00000000  0.00000000  0.02941176  0.00000000  0.00000000 
  0.01135191  0.02889577  0.02985075  0.04477612  0.03191489  0.07446809  0.01063830  0.00000000  0.00000000  0.05405405  0.00000000  0.00000000 
