  0.00106952  0.01764706  0.00115741  0.00231481  0.00186220  0.11918063  0.00372439  0.00000000  0.00000000  0.04515272  0.00000000  0.00000000 
  0.00111483  0.00780379  0.00343643  0.00229095  0.00206612  0.10330579  0.00000000  0.00000000  0.00000000  0.03840683  0.00000000  0.00000000 
  0.00000000  0.00960566  0.00351700  0.00000000  0.00162866  0.12214984  0.00162866  0.00000000  0.00000000  0.05163043  0.00000000  0.00000000 
  0.00086693  0.01387083  0.00531208  0.00132802  0.00000000  0.10751105  0.00000000  0.00000000  0.00000000  0.06489676  0.00000000  0.00000000 
  0.00291687  0.00631988  0.00199203  0.00099602  0.00000000  0.10488246  0.00000000  0.00000000  0.00000000  0.04247573  0.00000000  0.00000000 
  0.00136054  0.00453515  0.00637755  0.00255102  0.00000000  0.10668790  0.00159236  0.00000000  0.00000000  0.03481013  0.00000000  0.00000000 
  0.00226449  0.01132246  0.00200602  0.00300903  0.00000000  0.11664075  0.00155521  0.00155521  0.00000000  0.04633621  0.00000000  0.00000000 
  0.00178891  0.01699463  0.00223964  0.00000000  0.00156986  0.10361068  0.00000000  0.00000000  0.00122100  0.04395604  0.00000000  0.00000000 
  0.00098087  0.02010790  0.00109290  0.00218579  0.00000000  0.11130742  0.00176678  0.00000000  0.00000000  0.05107527  0.00000000  0.00000000 
  0.00000000  0.00975836  0.00375469  0.00625782  0.00172117  0.12736661  0.00172117  0.00172117  0.00000000  0.03318903  0.00000000  0.00000000 
  0.00092678  0.00973123  0.00111359  0.00000000  0.00000000  0.07717042  0.00160772  0.00160772  0.00000000  0.04968153  0.00000000  0.00000000 
  0.00242817  0.00728450  0.00138889  0.00138889  0.00151286  0.09833585  0.00151286  0.00151286  0.00000000  0.04006410  0.00000000  0.00000000 
  0.00349476  0.01997004  0.00452489  0.00226244  0.00000000  0.10185185  0.00185185  0.00000000  0.00000000  0.02756892  0.00000000  0.00000000 
  0.00143678  0.02250958  0.00146628  0.00000000  0.00000000  0.08847737  0.00205761  0.00205761  0.00000000  0.03281520  0.00000000  0.00000000 
  0.00134469  0.01479157  0.00495663  0.00247831  0.00000000  0.12048193  0.00000000  0.00000000  0.00000000  0.02845528  0.00000000  0.00000000 
  0.00074212  0.00667904  0.00154560  0.00154560  0.00000000  0.11467116  0.00000000  0.00000000  0.00000000  0.04761905  0.00000000  0.00000000 
  0.00076278  0.01258581  0.00128535  0.00642674  0.00000000  0.10858144  0.00000000  0.00700525  0.00000000  0.03780069  0.00000000  0.00000000 
  0.00075131  0.01314801  0.00177620  0.00355240  0.00000000  0.11619718  0.00176056  0.00528169  0.00000000  0.05936073  0.00000000  0.00000000 
  0.00222717  0.00853749  0.00398406  0.00531208  0.00000000  0.09041591  0.00361664  0.00000000  0.00198020  0.06138614  0.00000000  0.00000000 
  0.00102006  0.00816049  0.00293686  0.00293686  0.00000000  0.14263566  0.00155039  0.00000000  0.00000000  0.04868154  0.00000000  0.00000000 
  0.00194099  0.01048137  0.00258065  0.00258065  0.00179533  0.13105925  0.00000000  0.00000000  0.00000000  0.04721754  0.00000000  0.00000000 
  0.00151000  0.00943752  0.00350263  0.00350263  0.00336700  0.14646465  0.00336700  0.00000000  0.00000000  0.05172414  0.00000000  0.00000000 
  0.00140696  0.01231094  0.00000000  0.00645161  0.00165837  0.13764511  0.00165837  0.00000000  0.00000000  0.05348837  0.00000000  0.00000000 
  0.00100134  0.00767690  0.00568182  0.00142045  0.00142857  0.12428571  0.00000000  0.00000000  0.00000000  0.03313840  0.00000000  0.00000000 
  0.00040833  0.00857493  0.00222222  0.00666667  0.00000000  0.11580882  0.00000000  0.00000000  0.00000000  0.06349206  0.00000000  0.00000000 
  0.00180963  0.00832429  0.00214133  0.00000000  0.00168919  0.13006757  0.00000000  0.00168919  0.00000000  0.04129794  0.00000000  0.00000000 
  0.00209205  0.00627615  0.00212766  0.00425532  0.00160256  0.11538462  0.00160256  0.00000000  0.00000000  0.04819277  0.00000000  0.00000000 
  0.00174155  0.00905608  0.00462963  0.00231481  0.00000000  0.09983361  0.00166389  0.00166389  0.00000000  0.05284553  0.00000000  0.00000000 
  0.00187688  0.00675676  0.00000000  0.00650759  0.00000000  0.12181818  0.00363636  0.00000000  0.00000000  0.05387205  0.00000000  0.00000000 
  0.00202593  0.00648298  0.00000000  0.00299401  0.00000000  0.11776447  0.00199601  0.00000000  0.00000000  0.06763285  0.00000000  0.00000000 
  0.00331675  0.00787728  0.00408998  0.00408998  0.00378788  0.07386364  0.00378788  0.00000000  0.00000000  0.04123711  0.00000000  0.00000000 
  0.00102215  0.00306644  0.00000000  0.00000000  0.00392157  0.07450980  0.00196078  0.00000000  0.00000000  0.03982301  0.00000000  0.00000000 
  0.00145296  0.00799128  0.00239808  0.00239808  0.00179211  0.09856631  0.00000000  0.00000000  0.00000000  0.05128205  0.00000000  0.00000000 
  0.00358938  0.00825556  0.01079137  0.00359712  0.00000000  0.12186380  0.00000000  0.00000000  0.00515464  0.05670103  0.00000000  0.00000000 
  0.00232198  0.01083591  0.00824176  0.00274725  0.00201207  0.09859155  0.00201207  0.00000000  0.00000000  0.08627451  0.00000000  0.00000000 
  0.00220960  0.00378788  0.00000000  0.01044386  0.00366972  0.07339450  0.00000000  0.00000000  0.00000000  0.06465517  0.00000000  0.00000000 
  0.00221157  0.01105787  0.00370370  0.00370370  0.00194932  0.08576998  0.00000000  0.00000000  0.00000000  0.07058824  0.00000000  0.00000000 
  0.00369800  0.00647149  0.00867679  0.00000000  0.00000000  0.08419244  0.00343643  0.00343643  0.00000000  0.04727273  0.00000000  0.00363636 
  0.00075075  0.00825826  0.00331126  0.00000000  0.00000000  0.07505519  0.00000000  0.00220751  0.00000000  0.05389222  0.00000000  0.00598802 
  0.00202497  0.00742491  0.00793651  0.00264550  0.00196078  0.07450980  0.00196078  0.00588235  0.00000000  0.02531646  0.00000000  0.00000000 
  0.00042735  0.01367521  0.00000000  0.00431034  0.00000000  0.05750000  0.00000000  0.00000000  0.00000000  0.02459016  0.00000000  0.00000000 
  0.00113809  0.00872534  0.00668896  0.00668896  0.00000000  0.08141962  0.00000000  0.00000000  0.00000000  0.03703704  0.00000000  0.00000000 
  0.00115964  0.01043680  0.00696864  0.00696864  0.00255102  0.09693878  0.00000000  0.00000000  0.00000000  0.03314917  0.00000000  0.00000000 
  0.00139665  0.00733240  0.00451467  0.00451467  0.00000000  0.08086785  0.00000000  0.00197239  0.00000000  0.04421769  0.00000000  0.00000000 
  0.00257448  0.00551673  0.00000000  0.00716846  0.00217391  0.10217391  0.00000000  0.00217391  0.00000000  0.03910615  0.00000000  0.00558659 
  0.00189897  0.00949487  0.00791557  0.01055409  0.00000000  0.08078603  0.00000000  0.00218341  0.00000000  0.03125000  0.00000000  0.00000000 
  0.00114199  0.00761325  0.00000000  0.00000000  0.00231481  0.06712963  0.00462963  0.00000000  0.00000000  0.02962963  0.00000000  0.00000000 
  0.00221435  0.00974314  0.01315789  0.00000000  0.00000000  0.05592841  0.00223714  0.00000000  0.00278552  0.03342618  0.00000000  0.00000000 
