  0.00204082  0.01530612  0.01107011  0.01845018  0.00295858  0.12130178  0.00000000  0.00295858  0.00000000  0.07949791  0.00000000  0.00000000 
  0.00083368  0.00791997  0.00274725  0.01098901  0.00000000  0.07987220  0.00000000  0.00319489  0.00000000  0.03971119  0.00000000  0.00000000 
  0.00173010  0.00692042  0.00974026  0.00324675  0.00000000  0.12676056  0.00281690  0.00000000  0.00000000  0.07307692  0.00000000  0.00000000 
  0.00137883  0.00482592  0.00000000  0.00000000  0.00284900  0.11965812  0.00000000  0.00000000  0.00000000  0.03149606  0.00000000  0.00000000 
  0.00307692  0.00646154  0.00284091  0.00000000  0.00265252  0.11140584  0.00000000  0.00000000  0.00000000  0.05947955  0.00000000  0.00000000 
  0.00114712  0.00516203  0.00699301  0.00233100  0.00000000  0.10400000  0.00000000  0.00000000  0.00277008  0.03601108  0.00000000  0.00000000 
  0.00171576  0.00772090  0.00278552  0.00557103  0.00000000  0.11440678  0.00000000  0.00000000  0.00000000  0.07326007  0.00000000  0.00000000 
  0.00196409  0.00589226  0.00501253  0.00000000  0.00189394  0.09280303  0.00000000  0.00000000  0.00781250  0.04296875  0.00000000  0.00000000 
  0.00170358  0.00567859  0.00225225  0.00675676  0.00395257  0.10079051  0.00000000  0.00000000  0.00000000  0.08992806  0.00000000  0.00000000 
  0.00101446  0.00634035  0.00357143  0.00178571  0.00164204  0.07881773  0.00164204  0.00000000  0.00000000  0.03856749  0.00000000  0.00000000 
  0.00080472  0.00831545  0.00225734  0.00225734  0.00000000  0.08802817  0.00000000  0.00000000  0.00000000  0.04983389  0.00000000  0.00000000 
  0.00215924  0.00512821  0.00254453  0.00254453  0.00187970  0.09210526  0.00187970  0.00000000  0.00000000  0.06620209  0.00000000  0.00000000 
  0.00224503  0.00641437  0.01253133  0.00250627  0.00221239  0.13053097  0.00221239  0.00000000  0.00000000  0.05194805  0.00000000  0.00432900 
  0.00105235  0.00526177  0.00513699  0.00171233  0.00000000  0.11307420  0.00000000  0.00000000  0.00000000  0.03529412  0.00000000  0.00000000 
  0.00103923  0.00493635  0.00216450  0.00216450  0.00000000  0.11797753  0.00000000  0.00000000  0.00000000  0.04590164  0.00000000  0.00000000 
  0.00131027  0.00550314  0.00613497  0.00817996  0.00000000  0.13402062  0.00000000  0.00000000  0.00000000  0.05629139  0.00000000  0.00331126 
  0.00181441  0.00829445  0.00472813  0.00236407  0.00164204  0.11986864  0.00328407  0.00000000  0.00000000  0.05952381  0.00000000  0.00000000 
  0.00160987  0.00778106  0.00000000  0.00381679  0.00000000  0.09897611  0.00000000  0.00000000  0.00000000  0.05949008  0.00000000  0.00000000 
  0.00143472  0.00669536  0.00158730  0.00158730  0.00148810  0.09672619  0.00148810  0.00000000  0.00285714  0.04285714  0.00000000  0.00000000 
  0.00254001  0.00812802  0.00497512  0.00663350  0.00161290  0.09193548  0.00161290  0.00000000  0.00000000  0.06122449  0.00000000  0.00000000 
  0.00107788  0.00808407  0.01312910  0.00875274  0.00000000  0.10973451  0.00176991  0.00000000  0.00338983  0.06440678  0.00000000  0.00000000 
  0.00264614  0.00457060  0.00647249  0.00161812  0.00307220  0.08448541  0.00000000  0.00000000  0.00000000  0.04861111  0.00231481  0.00000000 
  0.00310998  0.00904722  0.00581395  0.00193798  0.00000000  0.08950086  0.00000000  0.00000000  0.00000000  0.04153355  0.00000000  0.00000000 
  0.00136612  0.00792350  0.00000000  0.00909091  0.00000000  0.07608696  0.00724638  0.00362319  0.00000000  0.07857143  0.00000000  0.00000000 
  0.00245098  0.00514706  0.00473186  0.00000000  0.00155280  0.09472050  0.00310559  0.00000000  0.00000000  0.04000000  0.00000000  0.00000000 
  0.00235356  0.00496862  0.00450450  0.00150150  0.00000000  0.08571429  0.00158730  0.00000000  0.00000000  0.05528846  0.00000000  0.00000000 
  0.00210526  0.00691729  0.00618557  0.00206186  0.00000000  0.07869482  0.00000000  0.00000000  0.00000000  0.06309148  0.00000000  0.00000000 
  0.00314825  0.00686892  0.01034483  0.01379310  0.00181818  0.11636364  0.00181818  0.00363636  0.00000000  0.06060606  0.00000000  0.00000000 
  0.00142572  0.00684346  0.00831601  0.00415800  0.00179211  0.09856631  0.00000000  0.00000000  0.00000000  0.05757576  0.00000000  0.00000000 
  0.00162162  0.00513514  0.00963082  0.00642055  0.00302115  0.08912387  0.00000000  0.00151057  0.00000000  0.04825737  0.00000000  0.00000000 
  0.00240385  0.00587607  0.00900901  0.00675676  0.00291121  0.07132460  0.00145560  0.00000000  0.00000000  0.06968641  0.00000000  0.00000000 
  0.00247321  0.00549602  0.00300300  0.00900901  0.00000000  0.10231660  0.00386100  0.00000000  0.00549451  0.05494505  0.00000000  0.00000000 
  0.00182149  0.00880389  0.01084011  0.00000000  0.00200000  0.10800000  0.00000000  0.00200000  0.00727273  0.04363636  0.00000000  0.00000000 
  0.00112328  0.00645886  0.01278772  0.00511509  0.00696864  0.08362369  0.00000000  0.00000000  0.00000000  0.08333333  0.00000000  0.00000000 
  0.00141443  0.00565771  0.00492611  0.00738916  0.00000000  0.08190476  0.00000000  0.00000000  0.00000000  0.03543307  0.00000000  0.00000000 
  0.00201715  0.00302572  0.00636943  0.00424628  0.00553506  0.08856089  0.00000000  0.00000000  0.00000000  0.04285714  0.00000000  0.00000000 
  0.00151324  0.00353090  0.01295896  0.00647948  0.00194553  0.07392996  0.00194553  0.00000000  0.00000000  0.05319149  0.00000000  0.00000000 
  0.00144134  0.00778322  0.00466200  0.00000000  0.00000000  0.08829569  0.00205339  0.00000000  0.00000000  0.03658537  0.00406504  0.00000000 
  0.00234375  0.00598958  0.01092896  0.00273224  0.00000000  0.08057851  0.00000000  0.00000000  0.00000000  0.07425743  0.00000000  0.00000000 
  0.00139587  0.00474595  0.00955414  0.00318471  0.00201207  0.08853119  0.00000000  0.00000000  0.00000000  0.05464481  0.00546448  0.00000000 
  0.00215002  0.00453894  0.01118568  0.00671141  0.00364299  0.09107468  0.00182149  0.00000000  0.00000000  0.08810573  0.00000000  0.00000000 
  0.00244424  0.00763825  0.00769231  0.00256410  0.00618557  0.09690722  0.00000000  0.00000000  0.00000000  0.08292683  0.00000000  0.00000000 
  0.00176678  0.00378597  0.01541850  0.00220264  0.00336134  0.07563025  0.00000000  0.00000000  0.00000000  0.03433476  0.00000000  0.00000000 
  0.00025920  0.00596164  0.00974026  0.00649351  0.00194553  0.07976654  0.00000000  0.00389105  0.01098901  0.07142857  0.00000000  0.00000000 
  0.00198020  0.00452617  0.01277955  0.00319489  0.00209205  0.07112971  0.00418410  0.00418410  0.00000000  0.04294479  0.00000000  0.00000000 
  0.00177530  0.00456505  0.00000000  0.00222717  0.00169492  0.07457627  0.00169492  0.00000000  0.00000000  0.07042254  0.00000000  0.00000000 
  0.00094922  0.00237304  0.00428266  0.00214133  0.00000000  0.08907563  0.00000000  0.00000000  0.00000000  0.05363985  0.00000000  0.00000000 
  0.00158479  0.00554675  0.01470588  0.00245098  0.00000000  0.09074410  0.00362976  0.00000000  0.00000000  0.05759162  0.00000000  0.00000000 
  0.00108061  0.00583531  0.00621118  0.00621118  0.00000000  0.12396694  0.00165289  0.00000000  0.00000000  0.04458599  0.00000000  0.00000000 
  0.00069268  0.00300162  0.00407332  0.00610998  0.00000000  0.07467057  0.00000000  0.00000000  0.00000000  0.05905512  0.00000000  0.00000000 
  0.00160256  0.00400641  0.00473934  0.00000000  0.00000000  0.07869482  0.00000000  0.00000000  0.00000000  0.05394191  0.00000000  0.00000000 
  0.00169287  0.00411125  0.00257732  0.00257732  0.00000000  0.10301954  0.00177620  0.00000000  0.00000000  0.06936416  0.00000000  0.00000000 
  0.00100756  0.00377834  0.00505051  0.00000000  0.00332226  0.08803987  0.00664452  0.00000000  0.00000000  0.07106599  0.00000000  0.00000000 
  0.00046981  0.00399342  0.00396825  0.00396825  0.00000000  0.09323308  0.00000000  0.00000000  0.00000000  0.05932203  0.00000000  0.00000000 
  0.00075586  0.00403124  0.00233645  0.00233645  0.00000000  0.08762887  0.00000000  0.00000000  0.00000000  0.03061224  0.00000000  0.00000000 
  0.00200573  0.00544413  0.00000000  0.00309598  0.00551471  0.09926471  0.00183824  0.00000000  0.00574713  0.05747126  0.00000000  0.00000000 
  0.00112899  0.00508044  0.00240964  0.00000000  0.00182149  0.08014572  0.00000000  0.00182149  0.00000000  0.09189189  0.00000000  0.00000000 
  0.00240449  0.00454181  0.00659341  0.00000000  0.00000000  0.07324365  0.00000000  0.00149477  0.00000000  0.06986900  0.00000000  0.00000000 
  0.00159363  0.00504648  0.00259740  0.00000000  0.00392157  0.08823529  0.00000000  0.00000000  0.00534759  0.06417112  0.00000000  0.00534759 
  0.00192771  0.00457831  0.00291545  0.00583090  0.00328407  0.08045977  0.00164204  0.00000000  0.00000000  0.04678363  0.00000000  0.00000000 
  0.00242718  0.00364078  0.00312500  0.00625000  0.00198413  0.08134921  0.00198413  0.00198413  0.00000000  0.06586826  0.00000000  0.00598802 
  0.00257732  0.00335052  0.00000000  0.00520833  0.00180505  0.06317690  0.00180505  0.00000000  0.00000000  0.07692308  0.00000000  0.00000000 
  0.00209479  0.00340403  0.01002506  0.00501253  0.00191205  0.09177820  0.00000000  0.00000000  0.00000000  0.07894737  0.00000000  0.00000000 
  0.00144259  0.00461627  0.00371747  0.00371747  0.00579151  0.06756757  0.00000000  0.00000000  0.00000000  0.04166667  0.00000000  0.00000000 
  0.00270179  0.00574130  0.01310044  0.00000000  0.00229885  0.06896552  0.00000000  0.00459770  0.00000000  0.03225806  0.00000000  0.00000000 
  0.00332889  0.00599201  0.01094891  0.00364964  0.00586510  0.06451613  0.00000000  0.00000000  0.00000000  0.06293706  0.00000000  0.00000000 
