  0.00079586  0.00477517  0.01318681  0.00439560  0.00000000  0.33284672  0.00000000  0.00000000  0.00000000  0.29113924  0.00000000  0.00000000 
  0.00071505  0.00321773  0.01296296  0.00740741  0.00606061  0.36969697  0.00151515  0.00000000  0.00000000  0.21455939  0.00000000  0.00000000 
  0.00038880  0.00544323  0.00211864  0.00635593  0.00186220  0.30726257  0.00000000  0.00000000  0.00000000  0.20392157  0.00000000  0.00000000 
  0.00037202  0.00706845  0.00560748  0.01308411  0.00150376  0.32781955  0.00000000  0.00000000  0.00326797  0.21241830  0.00000000  0.00000000 
  0.00038329  0.00574933  0.00521739  0.01391304  0.00000000  0.29145729  0.00000000  0.00000000  0.00000000  0.23588040  0.00000000  0.00000000 
  0.00035638  0.00356379  0.00581395  0.00968992  0.00173611  0.36284722  0.00173611  0.00173611  0.00369004  0.21402214  0.00000000  0.00000000 
  0.00109689  0.00292505  0.00641026  0.00480769  0.00000000  0.34111311  0.00000000  0.00000000  0.00000000  0.17905405  0.00000000  0.00000000 
  0.00149309  0.00335946  0.00924214  0.00739372  0.00186567  0.30037313  0.00000000  0.00000000  0.00000000  0.15714286  0.00000000  0.00000000 
  0.00037481  0.00487256  0.00871080  0.01567944  0.00000000  0.36060100  0.00000000  0.00000000  0.00000000  0.19863014  0.00000000  0.00000000 
  0.00074991  0.00562430  0.00362319  0.00362319  0.00000000  0.27079646  0.00176991  0.00353982  0.00000000  0.15723270  0.00000000  0.00000000 
  0.00040883  0.00245298  0.00747664  0.00747664  0.00000000  0.30622837  0.00000000  0.00000000  0.00000000  0.18110236  0.00000000  0.00000000 
  0.00000000  0.00436335  0.00750469  0.00562852  0.00183486  0.32110092  0.00000000  0.00000000  0.00363636  0.17090909  0.00000000  0.00000000 
  0.00034941  0.00349406  0.00000000  0.00528169  0.00000000  0.31011609  0.00000000  0.00000000  0.00000000  0.22352941  0.00000000  0.00000000 
  0.00073448  0.00514139  0.00000000  0.01518027  0.00344234  0.30636833  0.00000000  0.00000000  0.00704225  0.21126761  0.00000000  0.00000000 
  0.00104094  0.00277585  0.00286533  0.00286533  0.00152905  0.24770642  0.00000000  0.00000000  0.00000000  0.14814815  0.00000000  0.00000000 
  0.00033659  0.00235611  0.00566038  0.00377358  0.00000000  0.29421222  0.00000000  0.00000000  0.00000000  0.14509804  0.00000000  0.00000000 
  0.00073394  0.00146789  0.00173010  0.01038062  0.00000000  0.26976744  0.00155039  0.00000000  0.00000000  0.22456140  0.00000000  0.00000000 
  0.00000000  0.00157109  0.00982318  0.00785855  0.00170068  0.30952381  0.00000000  0.00000000  0.00000000  0.19433198  0.00000000  0.00000000 
  0.00150038  0.00562641  0.00606061  0.00404040  0.00171233  0.31506849  0.00171233  0.00000000  0.00000000  0.18699187  0.00000000  0.00000000 
  0.00103950  0.00242550  0.00626959  0.00940439  0.00159490  0.31259968  0.00000000  0.00000000  0.00000000  0.24431818  0.00000000  0.00000000 
  0.00000000  0.00402901  0.00608519  0.01014199  0.00000000  0.29533679  0.00000000  0.00000000  0.00000000  0.17525773  0.00000000  0.00000000 
  0.00158667  0.00396668  0.00205339  0.00821355  0.00339559  0.35483871  0.00000000  0.00000000  0.00671141  0.22818792  0.00000000  0.00335570 
  0.00040883  0.00449714  0.00000000  0.01063830  0.00340136  0.33163265  0.00170068  0.00000000  0.00000000  0.18695652  0.00000000  0.00000000 
  0.00123508  0.00535200  0.00000000  0.00833333  0.00000000  0.38610039  0.00000000  0.00000000  0.00000000  0.22222222  0.00000000  0.00000000 
  0.00083857  0.00545073  0.00449438  0.01348315  0.00356506  0.31550802  0.00000000  0.00000000  0.00000000  0.20463320  0.00000000  0.00000000 
  0.00090785  0.00680890  0.00936768  0.00468384  0.00000000  0.35454545  0.00000000  0.00000000  0.00913242  0.19178082  0.00000000  0.00000000 
  0.00078493  0.00706436  0.00176678  0.00353357  0.00172712  0.31260794  0.00000000  0.00000000  0.00000000  0.21000000  0.00000000  0.00000000 
  0.00136116  0.00499093  0.01066098  0.00000000  0.00386100  0.31660232  0.00000000  0.00193050  0.00000000  0.21212121  0.00000000  0.00000000 
  0.00246132  0.00316456  0.00910747  0.00546448  0.00148588  0.30312036  0.00297177  0.00594354  0.00000000  0.22500000  0.00000000  0.00000000 
  0.00040469  0.00364225  0.00671141  0.00671141  0.00174216  0.25609756  0.00000000  0.00000000  0.00267380  0.17112299  0.00000000  0.00000000 
  0.00038971  0.00233827  0.00000000  0.00737101  0.00157233  0.31289308  0.00000000  0.00000000  0.00000000  0.18584071  0.00000000  0.00000000 
  0.00181406  0.00136054  0.01515152  0.00757576  0.00194932  0.35477583  0.00000000  0.00000000  0.00000000  0.26235741  0.00000000  0.00000000 
  0.00083717  0.00293010  0.00985222  0.00000000  0.00000000  0.34336283  0.00176991  0.00000000  0.00000000  0.16666667  0.00000000  0.00000000 
  0.00038565  0.00501350  0.00185874  0.00743494  0.00000000  0.28241563  0.00000000  0.00000000  0.00000000  0.17034700  0.00000000  0.00000000 
  0.00084495  0.00211238  0.00800000  0.00533333  0.00178253  0.31729055  0.00000000  0.00000000  0.00000000  0.16826923  0.00000000  0.00000000 
  0.00132567  0.00618648  0.01168224  0.01401869  0.00189394  0.33143939  0.00000000  0.00000000  0.00000000  0.20553360  0.00000000  0.00000000 
  0.00171086  0.00598802  0.00930233  0.00232558  0.00196464  0.33202358  0.00000000  0.00000000  0.00000000  0.19130435  0.00000000  0.00000000 
  0.00000000  0.00848256  0.00751880  0.00000000  0.00421941  0.33966245  0.00000000  0.00000000  0.00440529  0.18502203  0.00000000  0.00000000 
  0.00000000  0.00679406  0.00917431  0.00688073  0.00193798  0.33527132  0.00000000  0.00000000  0.00000000  0.22222222  0.00000000  0.00000000 
  0.00047664  0.00667302  0.01351351  0.00810811  0.00416667  0.31041667  0.00208333  0.00208333  0.00000000  0.24892704  0.00000000  0.00000000 
  0.00327409  0.00608045  0.00510204  0.00510204  0.00213675  0.32051282  0.00000000  0.00000000  0.00000000  0.17500000  0.00000000  0.00000000 
  0.00000000  0.00444884  0.00849858  0.00566572  0.00595238  0.29960317  0.00000000  0.00000000  0.00000000  0.19072165  0.00000000  0.00000000 
  0.00044583  0.00312082  0.00862069  0.01508621  0.00157978  0.35229068  0.00000000  0.00000000  0.00000000  0.21705426  0.00000000  0.00000000 
  0.00044307  0.00354453  0.02083333  0.01388889  0.00000000  0.31578947  0.00000000  0.00181488  0.00000000  0.18846154  0.00000000  0.00000000 
  0.00045746  0.00640439  0.01014199  0.00608519  0.00194553  0.25875486  0.00000000  0.00000000  0.00000000  0.16961131  0.00000000  0.00000000 
  0.00129310  0.00431034  0.00879121  0.00439560  0.00000000  0.32721713  0.00000000  0.00152905  0.00000000  0.22834646  0.00000000  0.00000000 
  0.00150678  0.00351582  0.00248756  0.00497512  0.00419287  0.30188679  0.00000000  0.00000000  0.00854701  0.13675214  0.00000000  0.00000000 
  0.00134228  0.00357942  0.00248756  0.00497512  0.00000000  0.29800000  0.00000000  0.00000000  0.00467290  0.18224299  0.00000000  0.00000000 
  0.00130548  0.00217581  0.00697674  0.00465116  0.00395257  0.24110672  0.00197628  0.00000000  0.00000000  0.15415020  0.00000000  0.00000000 
  0.00086281  0.00086281  0.00254453  0.00254453  0.00195695  0.30332681  0.00000000  0.00195695  0.00000000  0.19607843  0.00000000  0.00000000 
  0.00205761  0.00462963  0.01577287  0.00315457  0.00215054  0.31612903  0.00000000  0.00000000  0.00000000  0.16425121  0.00000000  0.00000000 
  0.00268216  0.00402325  0.00726392  0.00968523  0.00414079  0.27122153  0.00000000  0.00207039  0.00000000  0.17475728  0.00000000  0.00000000 
  0.00130265  0.00390795  0.00516796  0.01033592  0.00187266  0.29026217  0.00000000  0.00374532  0.00465116  0.17674419  0.00000000  0.00000000 
  0.00052521  0.00682773  0.00250000  0.00500000  0.00000000  0.29336188  0.00000000  0.00000000  0.00000000  0.13913043  0.00000000  0.00000000 
  0.00207577  0.00726518  0.00292398  0.00292398  0.00233100  0.33566434  0.00000000  0.00000000  0.00000000  0.16062176  0.00000000  0.00518135 
  0.00000000  0.00504626  0.00207039  0.00621118  0.00328407  0.34318555  0.00000000  0.00164204  0.00000000  0.23247232  0.00000000  0.00000000 
  0.00049092  0.00343643  0.00243902  0.01219512  0.00218341  0.29912664  0.00218341  0.00000000  0.00000000  0.15151515  0.00000000  0.00000000 
  0.00093023  0.00279070  0.00461894  0.00692841  0.00000000  0.27755906  0.00000000  0.00000000  0.00000000  0.21161826  0.00000000  0.00000000 
  0.00042283  0.00000000  0.01131222  0.00226244  0.00000000  0.35700935  0.00000000  0.00000000  0.00000000  0.14522822  0.00000000  0.00000000 
  0.00180018  0.00270027  0.00570342  0.00380228  0.00378788  0.31250000  0.00000000  0.00000000  0.00000000  0.14696486  0.00000000  0.00000000 
  0.00081136  0.00081136  0.00808081  0.00202020  0.00196850  0.31692913  0.00000000  0.00000000  0.00000000  0.16849817  0.00000000  0.00366300 
  0.00089485  0.00178971  0.00000000  0.00210526  0.00000000  0.30099010  0.00000000  0.00000000  0.00000000  0.14859438  0.00000000  0.00000000 
  0.00111276  0.00408012  0.00701754  0.00701754  0.00154321  0.29629630  0.00000000  0.00000000  0.00000000  0.18208955  0.00000000  0.00000000 
  0.00000000  0.00383142  0.00731707  0.00487805  0.00448430  0.32511211  0.00000000  0.00000000  0.00375940  0.12781955  0.00000000  0.00000000 
  0.00134650  0.00269300  0.00399202  0.00998004  0.00000000  0.31570248  0.00000000  0.00165289  0.00000000  0.21292776  0.00000000  0.00000000 
  0.00000000  0.00257069  0.00547445  0.00182482  0.00337838  0.32094595  0.00000000  0.00000000  0.00000000  0.17628205  0.00000000  0.00000000 
  0.00000000  0.00186654  0.01307190  0.00217865  0.00000000  0.30499076  0.00000000  0.00000000  0.00000000  0.14957265  0.00000000  0.00000000 
  0.00000000  0.00411335  0.00974659  0.01169591  0.00000000  0.25192308  0.00000000  0.00000000  0.00000000  0.15884477  0.00000000  0.00000000 
  0.00224593  0.00786075  0.00561798  0.00842697  0.00000000  0.32304527  0.00000000  0.00205761  0.00000000  0.16336634  0.00000000  0.00000000 
  0.00149626  0.00399002  0.00266667  0.01066667  0.00000000  0.36116910  0.00000000  0.00000000  0.00000000  0.17256637  0.00000000  0.00000000 
  0.00000000  0.00576701  0.00579710  0.00289855  0.00232558  0.31627907  0.00000000  0.00000000  0.00467290  0.14018692  0.00000000  0.00000000 
  0.00170261  0.00510783  0.00859599  0.00000000  0.00000000  0.27733333  0.00000000  0.00000000  0.00000000  0.10504202  0.00000000  0.00000000 
  0.00000000  0.00360082  0.00773196  0.00515464  0.00000000  0.25959368  0.00000000  0.00000000  0.00000000  0.12396694  0.00000000  0.00000000 
  0.00000000  0.00314136  0.00835655  0.00278552  0.00000000  0.29192547  0.00000000  0.00000000  0.00000000  0.12830189  0.00000000  0.00000000 
  0.00282619  0.00282619  0.00193050  0.00579151  0.00212314  0.26114650  0.00000000  0.00000000  0.00267380  0.16310160  0.00000000  0.00000000 
  0.00323102  0.00538503  0.01086957  0.00000000  0.00405680  0.24543611  0.00000000  0.00000000  0.00401606  0.14859438  0.00000000  0.00000000 
  0.00119952  0.00159936  0.00166945  0.00500835  0.00000000  0.30000000  0.00000000  0.00000000  0.00000000  0.11849711  0.00000000  0.00000000 
  0.00045683  0.00502513  0.00571429  0.00571429  0.00414938  0.22821577  0.00000000  0.00000000  0.00285714  0.16285714  0.00000000  0.00000000 
  0.00046620  0.00279720  0.00464037  0.00696056  0.00421941  0.27848101  0.00000000  0.00000000  0.00298507  0.17313433  0.00000000  0.00000000 
  0.00163755  0.00272926  0.00810811  0.00000000  0.00492611  0.29802956  0.00000000  0.00000000  0.00000000  0.18072289  0.00000000  0.00000000 
  0.00137237  0.00320220  0.00211864  0.00211864  0.00552486  0.31491713  0.00184162  0.00000000  0.00000000  0.16613419  0.00000000  0.00000000 
  0.00159046  0.00159046  0.00904159  0.00000000  0.00169205  0.27749577  0.00000000  0.00000000  0.00000000  0.18461538  0.00000000  0.00000000 
  0.00248756  0.00435323  0.01282051  0.00000000  0.00000000  0.27893175  0.00000000  0.00000000  0.00000000  0.19502075  0.00000000  0.00414938 
  0.00049432  0.00444884  0.00985222  0.00492611  0.00787402  0.32677165  0.00393701  0.00000000  0.00000000  0.19831224  0.00000000  0.00421941 
  0.00097943  0.00244858  0.00569801  0.00284900  0.00190476  0.38095238  0.00000000  0.00000000  0.00000000  0.15948276  0.00000000  0.00000000 
  0.00151976  0.00303951  0.00970874  0.01699029  0.00193050  0.29922780  0.00000000  0.00193050  0.00000000  0.12549020  0.00000000  0.00000000 
  0.00046533  0.00558399  0.00635593  0.00423729  0.00176678  0.30212014  0.00000000  0.00000000  0.00000000  0.14885496  0.00000000  0.00000000 
  0.00113443  0.00567215  0.00842697  0.00842697  0.00000000  0.23543124  0.00000000  0.00000000  0.00000000  0.13043478  0.00000000  0.00000000 
  0.00220751  0.00275938  0.00307692  0.00923077  0.00437637  0.23413567  0.00218818  0.00000000  0.00000000  0.15319149  0.00000000  0.00000000 
  0.00093197  0.00279590  0.00914077  0.00548446  0.00000000  0.25396825  0.00000000  0.00000000  0.00000000  0.14563107  0.00000000  0.00000000 
  0.00116077  0.00580383  0.01988636  0.00284091  0.00236967  0.24644550  0.00000000  0.00000000  0.00411523  0.18106996  0.00000000  0.00000000 
  0.00092937  0.00557621  0.01257862  0.00209644  0.00392927  0.22789784  0.00000000  0.00000000  0.00367647  0.12500000  0.00000000  0.00000000 
  0.00044248  0.00486726  0.01252610  0.00417537  0.00000000  0.32116788  0.00000000  0.00182482  0.00367647  0.14338235  0.00000000  0.00000000 
  0.00041374  0.00330989  0.00688468  0.00172117  0.00000000  0.30169492  0.00000000  0.00000000  0.00000000  0.17142857  0.00000000  0.00000000 
  0.00221239  0.00276549  0.00256410  0.01025641  0.00000000  0.27074236  0.00000000  0.00000000  0.00000000  0.14338235  0.00000000  0.00000000 
  0.00154400  0.00154400  0.00627615  0.01046025  0.00000000  0.31905782  0.00000000  0.00000000  0.00000000  0.15916955  0.00000000  0.00000000 
  0.00148515  0.00346535  0.00200000  0.00400000  0.00422833  0.26638478  0.00000000  0.00000000  0.00332226  0.14950166  0.00000000  0.00000000 
  0.00097466  0.00682261  0.00600000  0.01000000  0.00000000  0.29007634  0.00000000  0.00190840  0.00389105  0.16342412  0.00000000  0.00389105 
  0.00053879  0.00484914  0.00722892  0.01445783  0.00228311  0.28310502  0.00000000  0.00000000  0.00432900  0.14718615  0.00000000  0.00000000 
  0.00045872  0.00366972  0.00947867  0.00473934  0.00739372  0.36414048  0.00000000  0.00000000  0.00000000  0.16236162  0.00000000  0.00000000 
  0.00224316  0.00403769  0.01082251  0.00216450  0.00000000  0.33600000  0.00000000  0.00000000  0.00000000  0.18532819  0.00000000  0.00000000 
  0.00200602  0.00200602  0.00453515  0.00000000  0.00198413  0.26190476  0.00000000  0.00000000  0.00420168  0.12605042  0.00000000  0.00000000 
  0.00042265  0.00211327  0.00917431  0.00917431  0.00170068  0.32482993  0.00000000  0.00000000  0.00000000  0.15845070  0.00000000  0.00000000 
  0.00223514  0.00268216  0.00623701  0.00623701  0.00000000  0.28598131  0.00000000  0.00000000  0.00000000  0.21686747  0.00000000  0.00000000 
  0.00042319  0.00084638  0.00482315  0.00482315  0.00336134  0.26722689  0.00000000  0.00168067  0.00000000  0.14325843  0.00000000  0.00000000 
  0.00071023  0.00177557  0.00827815  0.00662252  0.00150376  0.28421053  0.00000000  0.00000000  0.00000000  0.18678161  0.00000000  0.00000000 
  0.00332779  0.00499168  0.00526316  0.01052632  0.00237530  0.26128266  0.00000000  0.00000000  0.00000000  0.13100437  0.00000000  0.00000000 
  0.00044683  0.00134048  0.01018330  0.00610998  0.00187617  0.27204503  0.00000000  0.00000000  0.00000000  0.14695341  0.00000000  0.00000000 
  0.00200904  0.00301356  0.01193317  0.00715990  0.00441501  0.23620309  0.00000000  0.00000000  0.00000000  0.15062762  0.00000000  0.00000000 
  0.00191865  0.00422103  0.01112878  0.00158983  0.00427350  0.31908832  0.00000000  0.00000000  0.00308642  0.22530864  0.00000000  0.00308642 
  0.00124896  0.00249792  0.00521739  0.00869565  0.00352113  0.22359155  0.00000000  0.00000000  0.00000000  0.17759563  0.00000000  0.00000000 
  0.00044643  0.00267857  0.00538600  0.00179533  0.00000000  0.29565217  0.00173913  0.00000000  0.00350877  0.14035088  0.00000000  0.00000000 
  0.00144998  0.00241663  0.01072961  0.00858369  0.00170358  0.32367973  0.00000000  0.00000000  0.00346021  0.16955017  0.00000000  0.00000000 
  0.00088535  0.00132802  0.00199203  0.00199203  0.00386847  0.30367505  0.00000000  0.00193424  0.00000000  0.15686275  0.00000000  0.00000000 
  0.00095374  0.00286123  0.01663202  0.00623701  0.00369004  0.29889299  0.00000000  0.00000000  0.00377358  0.17735849  0.00000000  0.00000000 
  0.00117233  0.00312622  0.00652529  0.00652529  0.00000000  0.25080906  0.00000000  0.00000000  0.00000000  0.12938005  0.00000000  0.00000000 
  0.00136674  0.00410023  0.01190476  0.00793651  0.00549451  0.28205128  0.00000000  0.00000000  0.00000000  0.19498607  0.00000000  0.00000000 
  0.00049237  0.00246184  0.00892857  0.00446429  0.00214592  0.29828326  0.00000000  0.00000000  0.00000000  0.12751678  0.00000000  0.00000000 
  0.00047237  0.00566840  0.00400000  0.01000000  0.00189036  0.27977316  0.00000000  0.00000000  0.00390625  0.16015625  0.00000000  0.00000000 
  0.00042937  0.00343495  0.00493421  0.00657895  0.00172712  0.24179620  0.00000000  0.00000000  0.00243309  0.15815085  0.00000000  0.00000000 
  0.00122399  0.00203998  0.01426025  0.00356506  0.00000000  0.28970332  0.00000000  0.00000000  0.00341297  0.16723549  0.00000000  0.00000000 
  0.00149254  0.00348259  0.01041667  0.00781250  0.00405680  0.23732252  0.00000000  0.00000000  0.00000000  0.12359551  0.00000000  0.00000000 
  0.00045809  0.00687128  0.01089325  0.01089325  0.00204082  0.27755102  0.00000000  0.00000000  0.00000000  0.21538462  0.00000000  0.00000000 
  0.00000000  0.00265135  0.00210526  0.00631579  0.00173310  0.30849220  0.00000000  0.00000000  0.00000000  0.18560606  0.00000000  0.00000000 
  0.00093414  0.00280243  0.00674157  0.01573034  0.00000000  0.32523364  0.00373832  0.00000000  0.00000000  0.18287938  0.00000000  0.00389105 
  0.00156986  0.00745683  0.00952381  0.00634921  0.00160000  0.32000000  0.00000000  0.00160000  0.00270270  0.14324324  0.00000000  0.00000000 
  0.00088106  0.00881057  0.00439560  0.00659341  0.00160256  0.33333333  0.00320513  0.00160256  0.00000000  0.18808777  0.00000000  0.00000000 
  0.00000000  0.00819672  0.00956938  0.01196172  0.00349650  0.31118881  0.00000000  0.00000000  0.00000000  0.16349810  0.00000000  0.00000000 
  0.00049213  0.00541339  0.00655022  0.00655022  0.00380952  0.33142857  0.00000000  0.00000000  0.00000000  0.10791367  0.00000000  0.00000000 
  0.00000000  0.00659522  0.00690846  0.00345423  0.00170940  0.29914530  0.00170940  0.00000000  0.00250627  0.16541353  0.00000000  0.00000000 
  0.00245218  0.00637567  0.00223214  0.01339286  0.00833333  0.32083333  0.00000000  0.00000000  0.00000000  0.15748031  0.00000000  0.00000000 
  0.00151976  0.00557244  0.00904977  0.00678733  0.00000000  0.30501931  0.00000000  0.00193050  0.00370370  0.14074074  0.00000000  0.00000000 
  0.00156740  0.00470219  0.00278552  0.00557103  0.00000000  0.29629630  0.00000000  0.00000000  0.00000000  0.12863071  0.00000000  0.00000000 
  0.00138504  0.00554017  0.00595238  0.00198413  0.00000000  0.31914894  0.00000000  0.00000000  0.00364964  0.18613139  0.00000000  0.00000000 
  0.00241213  0.00413508  0.00273973  0.00273973  0.00426136  0.26136364  0.00000000  0.00142045  0.00000000  0.17590361  0.00000000  0.00240964 
  0.00233318  0.00373308  0.00863931  0.00431965  0.00000000  0.30600000  0.00000000  0.00000000  0.00000000  0.14728682  0.00000000  0.00000000 
  0.00146413  0.00146413  0.00663717  0.00442478  0.00361664  0.32368897  0.00000000  0.00000000  0.00000000  0.18772563  0.00000000  0.00000000 
  0.00087566  0.00131349  0.01167315  0.00194553  0.00336700  0.28787879  0.00000000  0.00000000  0.00000000  0.16666667  0.00000000  0.00000000 
  0.00048876  0.00586510  0.01039501  0.01039501  0.00196464  0.31827112  0.00000000  0.00000000  0.00330033  0.13531353  0.00000000  0.00000000 
  0.00267142  0.00667854  0.01147228  0.00000000  0.00390625  0.24804688  0.00000000  0.00000000  0.00000000  0.15204678  0.00000000  0.00000000 
  0.00108814  0.00544070  0.00652174  0.00217391  0.00000000  0.24213075  0.00000000  0.00000000  0.00335570  0.15771812  0.00000000  0.00000000 
  0.00000000  0.00357143  0.00375940  0.00563910  0.00417537  0.31106472  0.00000000  0.00000000  0.00000000  0.19745223  0.00000000  0.00000000 
  0.00107817  0.00592992  0.01007557  0.00755668  0.00225734  0.27765237  0.00000000  0.00000000  0.00000000  0.12500000  0.00000000  0.00000000 
  0.00133571  0.00534283  0.00668151  0.00000000  0.00176367  0.30158730  0.00000000  0.00000000  0.00337838  0.17567568  0.00000000  0.00000000 
  0.00089047  0.00489760  0.01022147  0.00681431  0.00194932  0.24171540  0.00000000  0.00000000  0.00000000  0.14488636  0.00000000  0.00000000 
  0.00096154  0.00673077  0.00432900  0.00432900  0.00000000  0.27454910  0.00000000  0.00200401  0.00341297  0.14675768  0.00000000  0.00000000 
  0.00000000  0.00662879  0.00400802  0.01202405  0.00000000  0.25625000  0.00000000  0.00000000  0.00000000  0.15562914  0.00000000  0.00000000 
  0.00188235  0.00329412  0.01428571  0.01071429  0.00186220  0.34078212  0.00186220  0.00000000  0.00313480  0.15360502  0.00000000  0.00000000 
  0.00047574  0.00190295  0.00559701  0.01119403  0.00185185  0.29259259  0.00000000  0.00000000  0.00000000  0.20749280  0.00000000  0.00000000 
  0.00187829  0.00375657  0.00461538  0.00307692  0.00000000  0.27586207  0.00000000  0.00000000  0.00257732  0.11340206  0.00000000  0.00000000 
  0.00093633  0.00327715  0.00197628  0.00592885  0.00000000  0.27884615  0.00000000  0.00000000  0.00000000  0.14423077  0.00000000  0.00000000 
  0.00087951  0.00263852  0.00863558  0.00172712  0.00350877  0.29122807  0.00000000  0.00000000  0.00000000  0.12721893  0.00000000  0.00000000 
  0.00044425  0.00133274  0.00549451  0.00549451  0.00000000  0.29353234  0.00000000  0.00000000  0.00000000  0.22875817  0.00000000  0.00000000 
  0.00041254  0.00247525  0.00167224  0.00167224  0.00000000  0.31313131  0.00000000  0.00000000  0.00000000  0.17073171  0.00000000  0.00000000 
  0.00078247  0.00234742  0.00283286  0.00424929  0.00154560  0.25965997  0.00000000  0.00000000  0.00000000  0.16504854  0.00000000  0.00000000 
  0.00044863  0.00403769  0.00975610  0.00325203  0.00000000  0.32154882  0.00000000  0.00000000  0.00000000  0.13994169  0.00000000  0.00000000 
  0.00046125  0.00369004  0.00956023  0.00764818  0.00386847  0.27852998  0.00000000  0.00000000  0.00000000  0.12871287  0.00000000  0.00000000 
  0.00041425  0.00207125  0.00000000  0.00530035  0.00317965  0.27027027  0.00000000  0.00000000  0.00273224  0.21857923  0.00000000  0.00273224 
  0.00000000  0.00252101  0.00776398  0.00621118  0.00160772  0.26366559  0.00000000  0.00000000  0.00280899  0.18258427  0.00000000  0.00000000 
  0.00044189  0.00353513  0.00569260  0.01138520  0.00170940  0.30769231  0.00000000  0.00000000  0.00000000  0.16964286  0.00000000  0.00000000 
  0.00091827  0.00550964  0.00970874  0.00582524  0.00000000  0.27818182  0.00363636  0.00000000  0.00000000  0.12426036  0.00000000  0.00000000 
  0.00046838  0.00749415  0.01744186  0.00581395  0.00352113  0.30457746  0.00000000  0.00000000  0.00000000  0.20588235  0.00000000  0.00000000 
  0.00105485  0.00580169  0.00224719  0.00224719  0.00400000  0.26800000  0.00000000  0.00000000  0.00000000  0.13636364  0.00000000  0.00000000 
  0.00187196  0.00599027  0.00160256  0.01121795  0.00300300  0.29879880  0.00000000  0.00150150  0.00000000  0.19277108  0.00000000  0.00301205 
  0.00079777  0.00159553  0.01147776  0.00000000  0.00000000  0.31229773  0.00000000  0.00000000  0.00000000  0.15724816  0.00000000  0.00000000 
  0.00085800  0.00171600  0.00563910  0.01127820  0.00000000  0.31198686  0.00000000  0.00000000  0.00000000  0.16993464  0.00000000  0.00000000 
  0.00050000  0.00300000  0.01757813  0.00976563  0.00174520  0.30890052  0.00000000  0.00000000  0.00364964  0.14963504  0.00000000  0.00000000 
  0.00110497  0.00441989  0.00246305  0.00738916  0.00454545  0.24545455  0.00000000  0.00227273  0.00000000  0.14396887  0.00000000  0.00000000 
  0.00044346  0.00399113  0.00835073  0.00626305  0.00177936  0.25622776  0.00177936  0.00177936  0.00000000  0.11419753  0.00000000  0.00000000 
  0.00050226  0.00351582  0.01151631  0.00959693  0.00000000  0.29442509  0.00000000  0.00174216  0.00000000  0.16393443  0.00000000  0.00327869 
  0.00279486  0.00167691  0.00466200  0.00466200  0.00000000  0.27176221  0.00212314  0.00000000  0.00000000  0.11788618  0.00000000  0.00406504 
  0.00115741  0.00289352  0.00992556  0.00000000  0.00229358  0.28440367  0.00000000  0.00000000  0.00000000  0.18333333  0.00000000  0.00000000 
  0.00000000  0.00156822  0.00493827  0.00987654  0.00208333  0.31250000  0.00000000  0.00000000  0.00784314  0.14901961  0.00000000  0.00000000 
  0.00134108  0.00625838  0.01340996  0.00383142  0.00344234  0.34079174  0.00000000  0.00000000  0.00000000  0.13141026  0.00000000  0.00000000 
  0.00050025  0.00250125  0.00000000  0.00188324  0.00186916  0.31401869  0.00000000  0.00000000  0.00000000  0.17629179  0.00000000  0.00000000 
  0.00145349  0.00193798  0.00462963  0.00231481  0.00000000  0.31028369  0.00000000  0.00177305  0.00000000  0.11895911  0.00000000  0.00000000 
  0.00048403  0.00435624  0.00420168  0.00420168  0.00000000  0.27686703  0.00000000  0.00000000  0.00327869  0.18032787  0.00000000  0.00000000 
  0.00048216  0.00337512  0.00998004  0.00598802  0.00000000  0.27238095  0.00000000  0.00000000  0.00657895  0.14802632  0.00000000  0.00000000 
  0.00185099  0.00832948  0.00764818  0.00382409  0.00369004  0.23247232  0.00184502  0.00000000  0.00000000  0.13529412  0.00000000  0.00000000 
  0.00225632  0.00180505  0.00743494  0.00743494  0.00202840  0.24340771  0.00000000  0.00000000  0.00579710  0.16231884  0.00000000  0.00000000 
  0.00277264  0.00369686  0.00602410  0.00803213  0.00000000  0.29366603  0.00000000  0.00000000  0.00370370  0.17037037  0.00000000  0.00000000 
  0.00136364  0.00227273  0.00913242  0.00456621  0.00333333  0.29000000  0.00000000  0.00000000  0.00000000  0.16428571  0.00000000  0.00000000 
  0.00160643  0.00160643  0.00496689  0.00496689  0.00182482  0.24087591  0.00000000  0.00000000  0.00286533  0.16332378  0.00000000  0.00000000 
  0.00053850  0.00323102  0.00930233  0.00465116  0.00000000  0.26682135  0.00000000  0.00000000  0.00000000  0.14457831  0.00000000  0.00000000 
  0.00198118  0.00346706  0.01046025  0.00418410  0.00000000  0.29770992  0.00000000  0.00000000  0.00000000  0.16030534  0.00000000  0.00000000 
  0.00217037  0.00217037  0.00871460  0.00217865  0.00453515  0.20408163  0.00000000  0.00000000  0.00386100  0.13899614  0.00000000  0.00000000 
  0.00214684  0.00300558  0.00553506  0.00553506  0.00161812  0.31391586  0.00000000  0.00000000  0.00000000  0.18918919  0.00000000  0.00000000 
  0.00093545  0.00187091  0.00972763  0.00389105  0.00186916  0.28598131  0.00000000  0.00000000  0.00000000  0.17096774  0.00000000  0.00000000 
  0.00203666  0.00305499  0.00875274  0.00218818  0.00000000  0.36976321  0.00000000  0.00000000  0.00370370  0.14444444  0.00000000  0.00000000 
  0.00197726  0.00296589  0.00764818  0.00382409  0.00736648  0.27992634  0.00184162  0.00000000  0.00000000  0.17363344  0.00000000  0.00000000 
  0.00144578  0.00144578  0.00430108  0.00860215  0.00188324  0.29001883  0.00000000  0.00000000  0.00000000  0.14878893  0.00000000  0.00000000 
  0.00156658  0.00208877  0.00663717  0.01327434  0.00180832  0.25858951  0.00000000  0.00180832  0.00361011  0.14801444  0.00000000  0.00000000 
  0.00092894  0.00603809  0.00691244  0.00460829  0.00381679  0.28435115  0.00190840  0.00000000  0.00000000  0.18088737  0.00000000  0.00000000 
  0.00159744  0.00159744  0.00724638  0.00483092  0.00000000  0.27692308  0.00000000  0.00000000  0.00000000  0.13223140  0.00000000  0.00000000 
  0.00041494  0.00331950  0.00666667  0.00166667  0.00348432  0.28397213  0.00000000  0.00000000  0.00000000  0.14795918  0.00000000  0.00000000 
  0.00048031  0.00288184  0.00435730  0.00217865  0.00196078  0.28039216  0.00196078  0.00000000  0.00331126  0.14569536  0.00000000  0.00000000 
  0.00045704  0.00045704  0.00965251  0.00193050  0.00000000  0.29553903  0.00185874  0.00000000  0.00000000  0.16819572  0.00000000  0.00000000 
  0.00224820  0.00089928  0.01190476  0.00793651  0.00389105  0.23735409  0.00000000  0.00000000  0.00000000  0.16379310  0.00000000  0.00000000 
  0.00200100  0.00300150  0.00608519  0.00405680  0.00831601  0.29313929  0.00000000  0.00000000  0.00358423  0.12186380  0.00000000  0.00000000 
  0.00097135  0.00145702  0.00383877  0.00767754  0.00200000  0.29000000  0.00000000  0.00000000  0.00000000  0.14565826  0.00000000  0.00280112 
  0.00341491  0.00455322  0.00966184  0.00483092  0.00448430  0.22421525  0.00000000  0.00000000  0.00337838  0.17229730  0.00000000  0.00000000 
  0.00178359  0.01070155  0.00930233  0.00465116  0.00240964  0.25301205  0.00240964  0.00000000  0.00000000  0.12881356  0.00000000  0.00000000 
  0.00095057  0.00522814  0.01156069  0.01348748  0.00407332  0.25458248  0.00203666  0.00000000  0.00000000  0.13312693  0.00000000  0.00000000 
  0.00050251  0.00201005  0.01548673  0.00221239  0.00000000  0.30217391  0.00000000  0.00000000  0.00000000  0.15243902  0.00000000  0.00000000 
  0.00192400  0.00384800  0.00409836  0.01024590  0.00000000  0.33079848  0.00190114  0.00000000  0.00000000  0.16314199  0.00000000  0.00000000 
  0.00156006  0.00156006  0.00450450  0.00675676  0.01035197  0.26708075  0.00000000  0.00000000  0.00000000  0.18151815  0.00000000  0.00000000 
