  0.00214203  0.00790905  0.00613968  0.01688411  0.00321802  0.23169751  0.00160901  0.00000000  0.00000000  0.11414791  0.00000000  0.00160772 
  0.00310966  0.00736498  0.00692308  0.01000000  0.00239617  0.21325879  0.00399361  0.00000000  0.00158228  0.09177215  0.00000000  0.00000000 
  0.00209847  0.00484262  0.00606061  0.01414141  0.00230238  0.20951650  0.00306984  0.00076746  0.00452489  0.08446456  0.00000000  0.00000000 
  0.00242797  0.00760764  0.00704225  0.01152369  0.00226244  0.20814480  0.00075415  0.00000000  0.00000000  0.09669211  0.00000000  0.00000000 
  0.00256164  0.00544348  0.00642261  0.01091843  0.00144928  0.21449275  0.00217391  0.00000000  0.00133156  0.08655126  0.00000000  0.00000000 
  0.00189663  0.00553185  0.00957854  0.00638570  0.00138026  0.20841960  0.00138026  0.00000000  0.00123305  0.07891492  0.00000000  0.00000000 
  0.00289105  0.00684723  0.00473373  0.01124260  0.00134409  0.20967742  0.00268817  0.00067204  0.00000000  0.10311751  0.00000000  0.00000000 
  0.00147558  0.00457430  0.00298686  0.01015532  0.00128205  0.20576923  0.00192308  0.00000000  0.00121359  0.09587379  0.00000000  0.00000000 
  0.00130890  0.00567190  0.00658617  0.01042810  0.00062035  0.18610422  0.00124069  0.00000000  0.00000000  0.09090909  0.00000000  0.00115075 
  0.00199914  0.00471227  0.00408372  0.01174068  0.00129116  0.22014203  0.00064558  0.00064558  0.00215054  0.08709677  0.00000000  0.00000000 
  0.00165107  0.00412768  0.00586980  0.01280683  0.00182482  0.21776156  0.00182482  0.00000000  0.00000000  0.08735632  0.00000000  0.00000000 
  0.00092642  0.00622022  0.00410889  0.00770416  0.00055928  0.21868009  0.00000000  0.00000000  0.00000000  0.10939227  0.00110497  0.00000000 
  0.00150075  0.00512756  0.00655124  0.00795508  0.00157563  0.20483193  0.00105042  0.00000000  0.00101729  0.10885046  0.00000000  0.00000000 
  0.00175090  0.00396872  0.01075847  0.00968263  0.00308166  0.19774011  0.00513611  0.00051361  0.00000000  0.09352518  0.00000000  0.00000000 
  0.00261810  0.00535003  0.00427122  0.01014415  0.00301811  0.20321932  0.00402414  0.00000000  0.00223714  0.09395973  0.00000000  0.00111857 
  0.00151400  0.00465016  0.00636319  0.00783162  0.00352290  0.20382486  0.00503271  0.00050327  0.00000000  0.08886719  0.00000000  0.00000000 
  0.00178853  0.00473435  0.00526568  0.01005266  0.00000000  0.19466403  0.00148221  0.00049407  0.00000000  0.08077710  0.00000000  0.00102249 
  0.00093487  0.00363561  0.00503894  0.00687128  0.00097561  0.20048780  0.00292683  0.00000000  0.00000000  0.09404097  0.00000000  0.00000000 
  0.00129598  0.00358887  0.00366804  0.00917011  0.00228728  0.19487649  0.00365965  0.00000000  0.00000000  0.08895131  0.00000000  0.00000000 
  0.00136054  0.00466472  0.00459770  0.00689655  0.00273224  0.19808743  0.00273224  0.00000000  0.00000000  0.10020040  0.00000000  0.00000000 
  0.00134953  0.00453056  0.00669643  0.00758929  0.00346470  0.19662191  0.00216544  0.00000000  0.00000000  0.11759657  0.00085837  0.00000000 
  0.00179720  0.00529701  0.00555298  0.01156872  0.00272851  0.17598909  0.00318327  0.00090950  0.00104603  0.08158996  0.00000000  0.00000000 
  0.00139925  0.00550373  0.00705882  0.01317647  0.00375235  0.21200750  0.00609756  0.00046904  0.00000000  0.08943089  0.00101626  0.00000000 
  0.00139509  0.00465030  0.00709555  0.00851466  0.00045517  0.19526627  0.00273100  0.00045517  0.00096154  0.08365385  0.00000000  0.00000000 
  0.00140108  0.00476368  0.00424528  0.00896226  0.00175362  0.20517317  0.00131521  0.00043840  0.00096805  0.11132623  0.00000000  0.00096805 
  0.00119860  0.00460999  0.00781571  0.00822707  0.00139470  0.21850302  0.00371920  0.00092980  0.00173611  0.10677083  0.00000000  0.00000000 
  0.00090123  0.00378515  0.00440141  0.00704225  0.00408719  0.23660309  0.00227066  0.00000000  0.00000000  0.11410602  0.00000000  0.00000000 
  0.00110031  0.00495140  0.00401427  0.00758252  0.00000000  0.22972361  0.00181242  0.00000000  0.00000000  0.11290323  0.00000000  0.00000000 
  0.00101084  0.00312443  0.00425039  0.01043277  0.00320660  0.22491984  0.00137426  0.00045809  0.00000000  0.10842491  0.00000000  0.00146520 
  0.00168935  0.00403566  0.00285566  0.00830737  0.00042283  0.23509514  0.00042283  0.00042283  0.00000000  0.12280702  0.00000000  0.00000000 
  0.00054259  0.00298426  0.00404767  0.01011918  0.00000000  0.24390244  0.00116144  0.00038715  0.00115964  0.12098956  0.00000000  0.00038655 
  0.00115228  0.00257047  0.00431328  0.00885358  0.00117371  0.24687011  0.00000000  0.00039124  0.00000000  0.13394834  0.00036900  0.00000000 
  0.00068717  0.00369352  0.00601008  0.00814269  0.00106990  0.24286733  0.00071327  0.00035663  0.00000000  0.12250000  0.00031250  0.00000000 
  0.00052636  0.00228090  0.00488051  0.00673174  0.00074766  0.23925234  0.00000000  0.00037383  0.00025394  0.13077704  0.00000000  0.00000000 
  0.00129068  0.00156725  0.00433231  0.00458716  0.00038775  0.23575029  0.00000000  0.00000000  0.00016943  0.12233141  0.00000000  0.00000000 
  0.00104325  0.00123293  0.00200424  0.00341900  0.00000000  0.23013183  0.00037665  0.00000000  0.00000000  0.12677346  0.00000000  0.00000000 
