  0.07142857  0.00000000  0.00000000  0.00000000  0.00000000  0.00000000  0.00000000  0.00000000  0.00000000  0.00000000  0.00000000  0.00000000 
  0.00000000  0.00000000  0.00000000  0.00000000  0.00000000  1.00000000  0.00000000  0.00000000  0.00000000  0.00000000  0.00000000  0.00000000 
  0.00000000  0.00000000  0.00000000  0.00000000  0.00000000  0.00000000  0.00000000  0.00000000  0.00000000  0.00000000  0.00000000  0.00000000 
  0.00000000  0.00000000  0.00000000  0.00000000  0.00000000  0.00000000  0.00000000  0.00000000  0.00000000  0.00000000  0.00000000  0.00000000 
  0.00000000  0.16666667  0.00000000  0.00000000  0.00000000  0.00000000  0.00000000  0.00000000  0.00000000  0.00000000  0.00000000  0.00000000 
  0.10000000  0.10000000  0.00000000  0.00000000  0.00000000  0.00000000  0.00000000  0.00000000  0.00000000  0.00000000  0.00000000  0.00000000 
  0.00000000  0.00000000  0.00000000  0.00000000  0.00000000  0.00000000  0.00000000  0.00000000  0.00000000  0.00000000  0.00000000  0.00000000 
  0.05263158  0.01754386  0.00000000  0.00000000  1.00000000  0.00000000  0.00000000  0.00000000  0.00000000  0.00000000  0.00000000  0.00000000 
  0.01666667  0.02500000  0.00000000  0.00000000  0.00000000  0.28571429  0.00000000  0.00000000  0.00000000  0.00000000  0.00000000  0.00000000 
  0.00270270  0.01351351  0.06060606  0.06060606  0.00000000  0.08823529  0.02941176  0.00000000  0.16666667  0.16666667  0.00000000  0.00000000 
  0.00228311  0.00228311  0.02702703  0.00000000  0.03125000  0.09375000  0.01562500  0.00000000  0.00000000  0.00000000  0.00000000  0.00000000 
  0.00804290  0.00536193  0.04444444  0.02222222  0.00000000  0.07317073  0.00000000  0.00000000  0.00000000  0.26666667  0.00000000  0.00000000 
  0.00000000  0.00000000  0.00000000  0.00000000  0.00000000  0.10810811  0.00000000  0.00000000  0.00000000  0.07142857  0.00000000  0.00000000 
  0.00000000  0.00810811  0.00000000  0.00000000  0.00000000  0.10869565  0.00000000  0.00000000  0.00000000  0.16129032  0.00000000  0.00000000 
  0.00223714  0.00447427  0.04651163  0.02325581  0.02272727  0.18181818  0.00000000  0.00000000  0.00000000  0.11538462  0.00000000  0.00000000 
  0.00000000  0.00523560  0.02127660  0.00000000  0.00000000  0.23913043  0.00000000  0.00000000  0.00000000  0.05555556  0.00000000  0.00000000 
  0.00000000  0.00000000  0.03571429  0.00000000  0.00000000  0.17391304  0.00000000  0.00000000  0.00000000  0.12500000  0.00000000  0.00000000 
  0.00000000  0.01083032  0.08333333  0.00000000  0.00000000  0.29166667  0.00000000  0.00000000  0.00000000  0.00000000  0.00000000  0.00000000 
  0.00326797  0.01307190  0.00000000  0.00000000  0.00000000  0.26666667  0.06666667  0.00000000  0.00000000  0.09090909  0.00000000  0.00000000 
  0.00000000  0.00857143  0.00000000  0.00000000  0.00000000  0.26086957  0.00000000  0.00000000  0.00000000  0.12500000  0.00000000  0.00000000 
  0.00000000  0.01069519  0.00000000  0.00000000  0.00000000  0.24390244  0.00000000  0.00000000  0.00000000  0.18750000  0.00000000  0.00000000 
  0.00000000  0.00674157  0.02419355  0.00806452  0.00000000  0.10638298  0.00000000  0.00000000  0.00000000  0.05405405  0.00000000  0.00000000 
  0.01117318  0.02234637  0.08235294  0.00000000  0.00000000  0.12903226  0.03225806  0.00000000  0.03571429  0.03571429  0.00000000  0.00000000 
  0.00000000  0.00609756  0.00000000  0.00000000  0.00000000  0.18181818  0.00000000  0.00000000  0.00000000  0.04545455  0.00000000  0.00000000 
  0.00000000  0.00757576  0.05882353  0.00000000  0.00000000  0.14285714  0.00000000  0.00000000  0.00000000  0.08000000  0.00000000  0.00000000 
  0.00529101  0.02645503  0.06818182  0.00000000  0.00000000  0.10000000  0.00000000  0.00000000  0.05882353  0.05882353  0.00000000  0.00000000 
  0.00462963  0.01157407  0.02054795  0.01369863  0.00000000  0.12244898  0.00000000  0.00000000  0.00000000  0.14000000  0.00000000  0.00000000 
  0.00200401  0.00200401  0.04477612  0.00000000  0.00000000  0.10000000  0.00000000  0.00000000  0.00000000  0.06250000  0.00000000  0.00000000 
  0.00000000  0.00543478  0.00000000  0.00000000  0.00000000  0.11428571  0.00000000  0.00000000  0.00000000  0.00000000  0.00000000  0.00000000 
  0.00000000  0.01612903  0.00000000  0.00000000  0.00000000  0.15384615  0.00000000  0.00000000  0.00000000  0.00000000  0.00000000  0.00000000 
  0.00000000  0.00630915  0.04000000  0.00000000  0.00000000  0.08695652  0.00000000  0.00000000  0.00000000  0.00000000  0.00000000  0.00000000 
  0.00000000  0.00000000  0.05479452  0.02739726  0.00000000  0.09302326  0.00000000  0.00000000  0.00000000  0.25925926  0.00000000  0.00000000 
  0.00863931  0.00215983  0.04109589  0.01369863  0.02325581  0.03875969  0.00775194  0.00000000  0.00000000  0.10714286  0.00000000  0.00000000 
  0.00240385  0.00480769  0.01250000  0.00000000  0.01923077  0.07692308  0.00000000  0.00000000  0.00000000  0.12903226  0.00000000  0.00000000 
  0.01574803  0.00393701  0.00000000  0.00000000  0.00000000  0.05555556  0.00000000  0.00000000  0.00000000  0.00000000  0.00000000  0.00000000 
  0.01694915  0.01694915  0.00000000  0.00000000  0.00000000  0.00000000  0.00000000  0.00000000  0.00000000  0.00000000  0.00000000  0.00000000 
  0.01250000  0.00000000  0.00000000  0.00000000  0.33333333  0.00000000  0.00000000  0.00000000  0.00000000  0.00000000  0.00000000  0.00000000 
  0.02272727  0.02272727  0.00000000  0.00000000  0.00000000  0.66666667  0.00000000  0.00000000  0.00000000  0.00000000  0.00000000  0.00000000 
  0.00000000  0.00000000  0.00000000  0.00000000  0.00000000  0.00000000  0.00000000  0.00000000  0.00000000  0.00000000  0.00000000  0.00000000 
  0.00000000  0.05000000  0.00000000  0.00000000  0.00000000  0.00000000  0.00000000  0.00000000  0.00000000  0.00000000  0.00000000  0.00000000 
  0.00000000  0.10000000  0.00000000  0.00000000  0.00000000  0.00000000  0.00000000  0.00000000  0.00000000  0.00000000  0.00000000  0.00000000 
  0.00000000  0.00000000  0.00000000  0.00000000  0.00000000  0.00000000  0.00000000  0.00000000  0.00000000  0.00000000  0.00000000  0.00000000 
  0.00000000  0.00000000  0.00000000  0.00000000  0.00000000  0.00000000  0.00000000  0.00000000  0.00000000  0.00000000  0.00000000  0.00000000 
  0.00000000  0.00000000  0.00000000  0.00000000  0.00000000  0.00000000  0.00000000  0.00000000  0.00000000  0.00000000  0.00000000  0.00000000 
  0.00000000  0.00000000  0.00000000  0.00000000  0.00000000  1.00000000  0.00000000  0.00000000  0.00000000  0.00000000  0.00000000  0.00000000 
  0.00000000  0.00000000  0.00000000  0.00000000  0.00000000  0.00000000  0.00000000  0.00000000  0.00000000  0.00000000  0.00000000  0.00000000 
  0.00000000  0.00000000  0.00000000  0.00000000  0.00000000  0.00000000  0.00000000  0.00000000  0.00000000  0.00000000  0.00000000  0.00000000 
  0.00000000  0.00000000  0.00000000  0.00000000  0.00000000  0.00000000  0.00000000  0.00000000  0.00000000  0.00000000  0.00000000  0.00000000 
  0.00000000  0.00000000  0.00000000  0.00000000  0.00000000  0.00000000  0.00000000  0.00000000  0.00000000  0.00000000  0.00000000  0.00000000 
