  0.00286533  0.00143266  0.00000000  0.00000000  0.00000000  0.14375000  0.00000000  0.00000000  0.00678733  0.08371041  0.00000000  0.00000000 
  0.00320513  0.00160256  0.00000000  0.00000000  0.00000000  0.12643678  0.00000000  0.00000000  0.00180832  0.06690778  0.00000000  0.00000000 
  0.00000000  0.00176678  0.00000000  0.00179211  0.00000000  0.11377246  0.00000000  0.00000000  0.00000000  0.07933194  0.00000000  0.00000000 
  0.00361011  0.00180505  0.00489396  0.00489396  0.00000000  0.15337423  0.00000000  0.00000000  0.00649351  0.06655844  0.00000000  0.00000000 
  0.00157729  0.00000000  0.00451128  0.00150376  0.00000000  0.12987013  0.00000000  0.00000000  0.00733945  0.06055046  0.00000000  0.00000000 
  0.00000000  0.00000000  0.00305344  0.00305344  0.00000000  0.11764706  0.00000000  0.00000000  0.00470219  0.05956113  0.00000000  0.00000000 
  0.00340136  0.00000000  0.00575540  0.00287770  0.00000000  0.15000000  0.00000000  0.00000000  0.00592593  0.07851852  0.00000000  0.00000000 
  0.00160514  0.00160514  0.00736377  0.00147275  0.00000000  0.10759494  0.00000000  0.00000000  0.00446429  0.06994048  0.00000000  0.00000000 
  0.00000000  0.00321027  0.00960219  0.00000000  0.00000000  0.18633540  0.00000000  0.00000000  0.00757576  0.05606061  0.00000000  0.00000000 
  0.00000000  0.00167504  0.00000000  0.00136986  0.00000000  0.12365591  0.00000000  0.00000000  0.00540541  0.08378378  0.00000000  0.00000000 
  0.00000000  0.00000000  0.00435730  0.00326797  0.00000000  0.11728395  0.00000000  0.00000000  0.00125000  0.05500000  0.00000000  0.00000000 
  0.00142857  0.00285714  0.00634249  0.00211416  0.00000000  0.07407407  0.00000000  0.00000000  0.00000000  0.04986150  0.00000000  0.00000000 
  0.00000000  0.00150602  0.00664452  0.00166113  0.00000000  0.09933775  0.00000000  0.00000000  0.00405680  0.05679513  0.00000000  0.00000000 
  0.00305810  0.00305810  0.00158228  0.00316456  0.00000000  0.19310345  0.00000000  0.00000000  0.00355240  0.07815275  0.00000000  0.00000000 
  0.00000000  0.00000000  0.01190476  0.00340136  0.00000000  0.18131868  0.00000000  0.00000000  0.01181102  0.05314961  0.00000000  0.00000000 
  0.00000000  0.00000000  0.00624025  0.00468019  0.00000000  0.22543353  0.00000000  0.00000000  0.00000000  0.07213115  0.00000000  0.00000000 
  0.00000000  0.00156006  0.00000000  0.00352113  0.00000000  0.20645161  0.00000000  0.00000000  0.00589391  0.07662083  0.00000000  0.00000000 
  0.00000000  0.00000000  0.00684932  0.00513699  0.00666667  0.15333333  0.00000000  0.00000000  0.01260504  0.08613445  0.00000000  0.00000000 
  0.00000000  0.00000000  0.01489758  0.00000000  0.00000000  0.15942029  0.00000000  0.00000000  0.01518987  0.07341772  0.00000000  0.00000000 
  0.00308642  0.00154321  0.01016949  0.00169492  0.00000000  0.15527950  0.00000000  0.00621118  0.00475059  0.07600950  0.00000000  0.00000000 
  0.00168350  0.00336700  0.00396040  0.00000000  0.00000000  0.11320755  0.00000000  0.00000000  0.00000000  0.07712766  0.00000000  0.00000000 
  0.00146199  0.00146199  0.00194553  0.00194553  0.00000000  0.16352201  0.00000000  0.00000000  0.00000000  0.07766990  0.00000000  0.00000000 
  0.00000000  0.00000000  0.00341880  0.00170940  0.00000000  0.16455696  0.00000000  0.00000000  0.00423729  0.09322034  0.00000000  0.00000000 
  0.00144928  0.00000000  0.00817996  0.00000000  0.00000000  0.15822785  0.00000000  0.00000000  0.00710900  0.07345972  0.00000000  0.00000000 
  0.00148810  0.00000000  0.01165501  0.00000000  0.00000000  0.17222222  0.00000000  0.00000000  0.00459770  0.06666667  0.00000000  0.00000000 
  0.00302572  0.00000000  0.00219298  0.00219298  0.00000000  0.14024390  0.00609756  0.00000000  0.00259067  0.10880829  0.00000000  0.00000000 
  0.00000000  0.00000000  0.00453515  0.00000000  0.00000000  0.16384181  0.00000000  0.00000000  0.00469484  0.10798122  0.00000000  0.00000000 
  0.00157978  0.00157978  0.00205339  0.00000000  0.00000000  0.19018405  0.00000000  0.00000000  0.00490196  0.08333333  0.00000000  0.00000000 
  0.00146413  0.00146413  0.00790514  0.00197628  0.00000000  0.23076923  0.00000000  0.00000000  0.01515152  0.08333333  0.00000000  0.00000000 
  0.00000000  0.00147275  0.00418410  0.00000000  0.00000000  0.21768707  0.00000000  0.00000000  0.00767263  0.09207161  0.00000000  0.00000000 
  0.00149254  0.00149254  0.00409836  0.00614754  0.00000000  0.16000000  0.00000000  0.00000000  0.00696056  0.08352668  0.00000000  0.00000000 
  0.00298063  0.00447094  0.01153846  0.00000000  0.00000000  0.23021583  0.00000000  0.00000000  0.00694444  0.12268519  0.00000000  0.00000000 
  0.00000000  0.00165289  0.01781737  0.00000000  0.00000000  0.13986014  0.00000000  0.00000000  0.01990050  0.10199005  0.00000000  0.00000000 
  0.00301659  0.00150830  0.00445434  0.00445434  0.00000000  0.27659574  0.00000000  0.00000000  0.00930233  0.10930233  0.00000000  0.00000000 
  0.00000000  0.00000000  0.00890869  0.00222717  0.00000000  0.18709677  0.00000000  0.00000000  0.01272265  0.09414758  0.00000000  0.00000000 
  0.00000000  0.00141443  0.01758242  0.00879121  0.00000000  0.16564417  0.00000000  0.00000000  0.01794872  0.08205128  0.00000000  0.00000000 
  0.00000000  0.00150602  0.00000000  0.00000000  0.00000000  0.23239437  0.00000000  0.00000000  0.00240385  0.08413462  0.00000000  0.00000000 
  0.00000000  0.00000000  0.00253165  0.00253165  0.00000000  0.16455696  0.00000000  0.00000000  0.01612903  0.08602151  0.00000000  0.00000000 
  0.00149031  0.00000000  0.00656455  0.00437637  0.00000000  0.15894040  0.00000000  0.00000000  0.01005025  0.10552764  0.00000000  0.00000000 
  0.00307220  0.00307220  0.01932367  0.00000000  0.00000000  0.22058824  0.00000000  0.00000000  0.00769231  0.09487179  0.00000000  0.00000000 
  0.00000000  0.00140647  0.00700935  0.00233645  0.00000000  0.18421053  0.00000000  0.00000000  0.00263158  0.08684211  0.00000000  0.00000000 
  0.00000000  0.00000000  0.02027027  0.00225225  0.00000000  0.19375000  0.00000000  0.00000000  0.01647059  0.09647059  0.00000000  0.00000000 
  0.00000000  0.00144718  0.01154734  0.00692841  0.00000000  0.22400000  0.00000000  0.00000000  0.00750000  0.14250000  0.00000000  0.00250000 
  0.00147059  0.00441176  0.00486618  0.00243309  0.00000000  0.13888889  0.00000000  0.00000000  0.00753769  0.07035176  0.00000000  0.00000000 
  0.00144300  0.00000000  0.00444444  0.00444444  0.00000000  0.14371257  0.00000000  0.00000000  0.00677201  0.11963883  0.00000000  0.00000000 
  0.00000000  0.00000000  0.00751880  0.00751880  0.00000000  0.15723270  0.00000000  0.00000000  0.00733496  0.09046455  0.00000000  0.00000000 
  0.00000000  0.00148368  0.01225490  0.00980392  0.00000000  0.16339869  0.00000000  0.00000000  0.00507614  0.08629442  0.00000000  0.00000000 
  0.00000000  0.00141844  0.00000000  0.00259740  0.00000000  0.14184397  0.00000000  0.00000000  0.00514139  0.08483290  0.00000000  0.00000000 
  0.00000000  0.00144092  0.00483092  0.00241546  0.00000000  0.12500000  0.00000000  0.00000000  0.00473934  0.08767773  0.00000000  0.00000000 
