  0.00344785  0.00172393  0.00490785  0.00320513  0.00183756  0.10841602  0.00036751  0.00036751  0.00081972  0.06667031  0.00000000  0.00005465 
  0.00278693  0.00126678  0.00525578  0.00265292  0.00075358  0.11755840  0.00000000  0.00000000  0.00079813  0.06581888  0.00000000  0.00000000 
  0.00322956  0.00206692  0.00497563  0.00314785  0.00118906  0.12604043  0.00039635  0.00000000  0.00087298  0.06711043  0.00000000  0.00005456 
  0.00287732  0.00209260  0.00499798  0.00262520  0.00235018  0.10419115  0.00117509  0.00039170  0.00076000  0.06373161  0.00000000  0.00005429 
  0.00317581  0.00177846  0.00490196  0.00260104  0.00039620  0.12361331  0.00000000  0.00000000  0.00063694  0.06374735  0.00000000  0.00005308 
  0.00205973  0.00231720  0.00547112  0.00293820  0.00228397  0.12257328  0.00000000  0.00000000  0.00088398  0.06596685  0.00000000  0.00000000 
  0.00313440  0.00188064  0.00619573  0.00248805  0.00149701  0.12425150  0.00037425  0.00000000  0.00096313  0.06388785  0.00000000  0.00000000 
  0.00250188  0.00262697  0.00617467  0.00251926  0.00074184  0.12945104  0.00074184  0.00000000  0.00088687  0.06196996  0.00005543  0.00005543 
  0.00277148  0.00214160  0.00595326  0.00290283  0.00150773  0.11609499  0.00150773  0.00000000  0.00070725  0.06479517  0.00000000  0.00010881 
  0.00324919  0.00137466  0.00542060  0.00311182  0.00113379  0.12055933  0.00000000  0.00000000  0.00082745  0.05863857  0.00000000  0.00000000 
  0.00133333  0.00242424  0.00637768  0.00279023  0.00176305  0.10014104  0.00070522  0.00000000  0.00073738  0.06296086  0.00000000  0.00005672 
  0.00293722  0.00171338  0.00624010  0.00341719  0.00141894  0.11635332  0.00141894  0.00000000  0.00089410  0.05951383  0.00000000  0.00005588 
  0.00163743  0.00210526  0.00507059  0.00318155  0.00140400  0.12741313  0.00000000  0.00000000  0.00118450  0.06385019  0.00005640  0.00000000 
  0.00247321  0.00153103  0.00516466  0.00332379  0.00143215  0.11743645  0.00071608  0.00000000  0.00102552  0.06050593  0.00005697  0.00000000 
  0.00271964  0.00165543  0.00587074  0.00298598  0.00176741  0.11558855  0.00035348  0.00000000  0.00103407  0.05974608  0.00000000  0.00000000 
  0.00171359  0.00220318  0.00553931  0.00261579  0.00218103  0.11632134  0.00036350  0.00000000  0.00090406  0.06237993  0.00005650  0.00000000 
  0.00234019  0.00110851  0.00615815  0.00300145  0.00036010  0.12783579  0.00036010  0.00000000  0.00068807  0.06009174  0.00000000  0.00000000 
  0.00249732  0.00225948  0.00556890  0.00255454  0.00105263  0.11438596  0.00035088  0.00000000  0.00160809  0.06099242  0.00000000  0.00000000 
  0.00226893  0.00214951  0.00562639  0.00247768  0.00141293  0.11939244  0.00035323  0.00000000  0.00122542  0.06132929  0.00005835  0.00005835 
  0.00203959  0.00251950  0.00603684  0.00294102  0.00176554  0.11334746  0.00035311  0.00035311  0.00097960  0.06292497  0.00005762  0.00017287 
  0.00230555  0.00218420  0.00560795  0.00280398  0.00142653  0.11126961  0.00071327  0.00000000  0.00063635  0.06276756  0.00000000  0.00000000 
  0.00383923  0.00191962  0.00717032  0.00337733  0.00201613  0.11827957  0.00067204  0.00033602  0.00101402  0.06263048  0.00000000  0.00000000 
  0.00192261  0.00120163  0.00568660  0.00305392  0.00346141  0.11284181  0.00069228  0.00000000  0.00089896  0.05723361  0.00000000  0.00005993 
  0.00266118  0.00217733  0.00666018  0.00302270  0.00139714  0.11491443  0.00000000  0.00000000  0.00075568  0.06138464  0.00005813  0.00000000 
  0.00203935  0.00239923  0.00529209  0.00359657  0.00142146  0.12686567  0.00035537  0.00000000  0.00132542  0.06016251  0.00005763  0.00000000 
  0.00345444  0.00202501  0.00637462  0.00203988  0.00208623  0.11265647  0.00069541  0.00034771  0.00086725  0.05972479  0.00000000  0.00005782 
  0.00354286  0.00194286  0.00613189  0.00321673  0.00199137  0.11151676  0.00033190  0.00000000  0.00091917  0.06520365  0.00000000  0.00000000 
  0.00185917  0.00197537  0.00469944  0.00278868  0.00370370  0.10370370  0.00000000  0.00000000  0.00077037  0.06417778  0.00000000  0.00000000 
  0.00233672  0.00268723  0.00546227  0.00293344  0.00196528  0.11103832  0.00065509  0.00000000  0.00082010  0.05910609  0.00000000  0.00000000 
  0.00192632  0.00180592  0.00594633  0.00299858  0.00099272  0.11846459  0.00033091  0.00033091  0.00069987  0.06147206  0.00000000  0.00011665 
  0.00176991  0.00200590  0.00573268  0.00346978  0.00066028  0.11687025  0.00066028  0.00000000  0.00076090  0.06514486  0.00000000  0.00000000 
  0.00249584  0.00190159  0.00705349  0.00308912  0.00065574  0.11868852  0.00032787  0.00000000  0.00150541  0.05847953  0.00000000  0.00005790 
  0.00274561  0.00095500  0.00582756  0.00288888  0.00031756  0.10924103  0.00031756  0.00000000  0.00108808  0.05978697  0.00000000  0.00005727 
  0.00285128  0.00159672  0.00560380  0.00302908  0.00097339  0.11096690  0.00064893  0.00000000  0.00084664  0.05689451  0.00005644  0.00005644 
  0.00211268  0.00199531  0.00632239  0.00283243  0.00156838  0.10790464  0.00031368  0.00000000  0.00107230  0.06095152  0.00005644  0.00000000 
  0.00313094  0.00201275  0.00580243  0.00415841  0.00159642  0.11717752  0.00031928  0.00000000  0.00076936  0.05825136  0.00000000  0.00010991 
  0.00222456  0.00117082  0.00603201  0.00277278  0.00131926  0.11048813  0.00000000  0.00000000  0.00089571  0.06208364  0.00000000  0.00000000 
  0.00236463  0.00165524  0.00653310  0.00295199  0.00155376  0.10316967  0.00031075  0.00000000  0.00110497  0.05906077  0.00000000  0.00005525 
  0.00185400  0.00208575  0.00572274  0.00345338  0.00250705  0.10623629  0.00000000  0.00000000  0.00092805  0.06119664  0.00000000  0.00000000 
  0.00286375  0.00154202  0.00594069  0.00324038  0.00091269  0.10404624  0.00000000  0.00000000  0.00079002  0.06212968  0.00000000  0.00005643 
  0.00256979  0.00175213  0.00622896  0.00276285  0.00156348  0.10881801  0.00062539  0.00000000  0.00114850  0.05742506  0.00000000  0.00000000 
  0.00129856  0.00270533  0.00567931  0.00401469  0.00180995  0.10678733  0.00030166  0.00030166  0.00104378  0.06024935  0.00011598  0.00000000 
  0.00113404  0.00238149  0.00631338  0.00377809  0.00118483  0.11344787  0.00000000  0.00029621  0.00125456  0.05964872  0.00005703  0.00005703 
  0.00145805  0.00213100  0.00650170  0.00383309  0.00153516  0.09732883  0.00030703  0.00030703  0.00077791  0.05973218  0.00000000  0.00000000 
  0.00110412  0.00276030  0.00663853  0.00313915  0.00120373  0.10863677  0.00000000  0.00000000  0.00046176  0.05610390  0.00023088  0.00005772 
  0.00117408  0.00266837  0.00522856  0.00358530  0.00000000  0.10926366  0.00029691  0.00029691  0.00118852  0.06344445  0.00000000  0.00022639 
  0.00235268  0.00145642  0.00572190  0.00295960  0.00124961  0.11184005  0.00031240  0.00000000  0.00112937  0.05511322  0.00000000  0.00000000 
  0.00205962  0.00227642  0.00581540  0.00352900  0.00121914  0.11124657  0.00060957  0.00030479  0.00120759  0.05922944  0.00011501  0.00005750 
  0.00143140  0.00165162  0.00548042  0.00311730  0.00126024  0.10586011  0.00031506  0.00000000  0.00109340  0.06220867  0.00005755  0.00017264 
  0.00241971  0.00164980  0.00644066  0.00259624  0.00119796  0.10871518  0.00000000  0.00000000  0.00111817  0.06096987  0.00005885  0.00000000 
  0.00134123  0.00122946  0.00526316  0.00252838  0.00089100  0.09801010  0.00059400  0.00000000  0.00156372  0.06242858  0.00006014  0.00000000 
  0.00271710  0.00173894  0.00712311  0.00302998  0.00058945  0.11818450  0.00000000  0.00000000  0.00104874  0.05632326  0.00000000  0.00000000 
  0.00233844  0.00255102  0.00657163  0.00291483  0.00228376  0.10819298  0.00085641  0.00000000  0.00100125  0.05919900  0.00000000  0.00006258 
  0.00253673  0.00190255  0.00649215  0.00319372  0.00309249  0.09642958  0.00000000  0.00000000  0.00087309  0.06036795  0.00012473  0.00006236 
  0.00116107  0.00189994  0.00644139  0.00300950  0.00176263  0.10193890  0.00000000  0.00029377  0.00091436  0.05833587  0.00006096  0.00000000 
  0.00200147  0.00200147  0.00742762  0.00333485  0.00088080  0.11186142  0.00000000  0.00000000  0.00101408  0.06233596  0.00000000  0.00005965 
  0.00184342  0.00184342  0.00587244  0.00326814  0.00178518  0.11068134  0.00029753  0.00000000  0.00120163  0.05815910  0.00000000  0.00000000 
  0.00148054  0.00211506  0.00810642  0.00379339  0.00060827  0.13108273  0.00060827  0.00030414  0.00061557  0.05884888  0.00006156  0.00000000 
  0.00224671  0.00224671  0.00725819  0.00310314  0.00000000  0.10938897  0.00089419  0.00000000  0.00091991  0.05764749  0.00024531  0.00000000 
  0.00085161  0.00255482  0.00654587  0.00403226  0.00232491  0.09880849  0.00029061  0.00029061  0.00067914  0.06087547  0.00006174  0.00000000 
  0.00134311  0.00154975  0.00567850  0.00302500  0.00114613  0.10573066  0.00000000  0.00000000  0.00147068  0.06196048  0.00000000  0.00006394 
  0.00230898  0.00136440  0.00760334  0.00396230  0.00172563  0.10842680  0.00057521  0.00057521  0.00127413  0.05841881  0.00000000  0.00000000 
  0.00166875  0.00229453  0.00664507  0.00373442  0.00147710  0.12023634  0.00059084  0.00029542  0.00105764  0.05750925  0.00006610  0.00000000 
  0.00241622  0.00262633  0.00671785  0.00282263  0.00142816  0.10568409  0.00057127  0.00028563  0.00154632  0.05721393  0.00006723  0.00006723 
  0.00234455  0.00366972  0.00595304  0.00363797  0.00056609  0.09765072  0.00028305  0.00028305  0.00120555  0.06389391  0.00000000  0.00006697 
  0.00192287  0.00235018  0.00659341  0.00362637  0.00229819  0.10255674  0.00000000  0.00000000  0.00066375  0.05568830  0.00006637  0.00019912 
  0.00180832  0.00271248  0.00660578  0.00338905  0.00171429  0.09742857  0.00085714  0.00000000  0.00076543  0.05671143  0.00000000  0.00000000 
  0.00130313  0.00210505  0.00597190  0.00322014  0.00221729  0.10171840  0.00027716  0.00027716  0.00092930  0.05811709  0.00000000  0.00000000 
  0.00141058  0.00282116  0.00544617  0.00329164  0.00111638  0.09684622  0.00027910  0.00000000  0.00200669  0.05477518  0.00000000  0.00000000 
  0.00262212  0.00301059  0.00645717  0.00325933  0.00206612  0.08961777  0.00051653  0.00051653  0.00132605  0.05959438  0.00007800  0.00007800 
  0.00201735  0.00332863  0.00673753  0.00348493  0.00197461  0.09111425  0.00028209  0.00000000  0.00123582  0.05808375  0.00000000  0.00014539 
  0.00166493  0.00239334  0.00631241  0.00447607  0.00140647  0.09592124  0.00028129  0.00000000  0.00146597  0.05452007  0.00000000  0.00000000 
  0.00188492  0.00168651  0.00743970  0.00371985  0.00193317  0.09223971  0.00000000  0.00000000  0.00120687  0.06062757  0.00000000  0.00000000 
  0.00222088  0.00181708  0.00672849  0.00373177  0.00029078  0.08345449  0.00087235  0.00000000  0.00101812  0.05823661  0.00006787  0.00000000 
  0.00266167  0.00226735  0.00607780  0.00410975  0.00195367  0.09433436  0.00000000  0.00000000  0.00072312  0.06016342  0.00000000  0.00000000 
  0.00214045  0.00183468  0.00631811  0.00388361  0.00144134  0.09801095  0.00057654  0.00000000  0.00071968  0.05620727  0.00007197  0.00000000 
  0.00144345  0.00195896  0.00650645  0.00310668  0.00085034  0.09495465  0.00056689  0.00000000  0.00130321  0.05683464  0.00000000  0.00000000 
  0.00184767  0.00195032  0.00565553  0.00337047  0.00146028  0.09696262  0.00000000  0.00000000  0.00124585  0.05786268  0.00000000  0.00000000 
  0.00189773  0.00126516  0.00589766  0.00393177  0.00086856  0.11175449  0.00028952  0.00057904  0.00110604  0.05578598  0.00000000  0.00006913 
  0.00262679  0.00202061  0.00681608  0.00327172  0.00000000  0.10477835  0.00057571  0.00028785  0.00107940  0.06024422  0.00006746  0.00000000 
  0.00143900  0.00380306  0.00635867  0.00382646  0.00217189  0.10238908  0.00031027  0.00000000  0.00139823  0.05845928  0.00013316  0.00000000 
  0.00270298  0.00291091  0.00671364  0.00466071  0.00087540  0.10709075  0.00087540  0.00000000  0.00087619  0.06059176  0.00000000  0.00020220 
  0.00270433  0.00210337  0.00638204  0.00330106  0.00056354  0.10340941  0.00000000  0.00000000  0.00122266  0.06242358  0.00000000  0.00013585 
