  0.00881057  0.00000000  0.00000000  0.00000000  0.00000000  0.15789474  0.00000000  0.00000000  0.00000000  0.08800000  0.00000000  0.00000000 
  0.00000000  0.00492611  0.00626959  0.00313480  0.00000000  0.01388889  0.00000000  0.00000000  0.00000000  0.11764706  0.00000000  0.00000000 
  0.00000000  0.00416667  0.00476190  0.01428571  0.00000000  0.21153846  0.00000000  0.00000000  0.00000000  0.12000000  0.00000000  0.00000000 
  0.00438596  0.00438596  0.00826446  0.00000000  0.00000000  0.10000000  0.00000000  0.00000000  0.00653595  0.11764706  0.00000000  0.00000000 
  0.00000000  0.00829876  0.00529101  0.01058201  0.00000000  0.18000000  0.00000000  0.00000000  0.00000000  0.16949153  0.00000000  0.00000000 
  0.00442478  0.00000000  0.00000000  0.01242236  0.00000000  0.19565217  0.00000000  0.00000000  0.00000000  0.10989011  0.00000000  0.00000000 
  0.00000000  0.01442308  0.00546448  0.00546448  0.00000000  0.21212121  0.00000000  0.00000000  0.00000000  0.07692308  0.00000000  0.00000000 
  0.00000000  0.00934579  0.00806452  0.04838710  0.00000000  0.21621622  0.00000000  0.00000000  0.00000000  0.13698630  0.00000000  0.00000000 
  0.00000000  0.01030928  0.00775194  0.00000000  0.00000000  0.29545455  0.00000000  0.00000000  0.00000000  0.18032787  0.00000000  0.00000000 
  0.00595238  0.00000000  0.00000000  0.00000000  0.00000000  0.26666667  0.00000000  0.00000000  0.00000000  0.13793103  0.00000000  0.00000000 
  0.00000000  0.01020408  0.00000000  0.01333333  0.00000000  0.21951220  0.00000000  0.00000000  0.00000000  0.09302326  0.00000000  0.00000000 
  0.00000000  0.00000000  0.00000000  0.00000000  0.00000000  0.29166667  0.00000000  0.00000000  0.00000000  0.12328767  0.00000000  0.00000000 
  0.00000000  0.00000000  0.00000000  0.00000000  0.00000000  0.25000000  0.00000000  0.00000000  0.00000000  0.11764706  0.00000000  0.00000000 
  0.00000000  0.01834862  0.02463054  0.00985222  0.00000000  0.16901408  0.00000000  0.00000000  0.00000000  0.07547170  0.00000000  0.00000000 
  0.00000000  0.00000000  0.00869565  0.00000000  0.00000000  0.15254237  0.00000000  0.00000000  0.00000000  0.13178295  0.00000000  0.00000000 
  0.00000000  0.00000000  0.00000000  0.01498127  0.00000000  0.15254237  0.00000000  0.00000000  0.00000000  0.15294118  0.00000000  0.00000000 
  0.00000000  0.00408163  0.00406504  0.00813008  0.00000000  0.15476190  0.00000000  0.00000000  0.00000000  0.14197531  0.00000000  0.00000000 
  0.00000000  0.00000000  0.01265823  0.00421941  0.00000000  0.14516129  0.00000000  0.00000000  0.00847458  0.14406780  0.00000000  0.00000000 
  0.00000000  0.00000000  0.00520833  0.00520833  0.00000000  0.26984127  0.00000000  0.00000000  0.00000000  0.12371134  0.00000000  0.01030928 
  0.00000000  0.01176471  0.00000000  0.00483092  0.00000000  0.20547945  0.00000000  0.00000000  0.00000000  0.13076923  0.00000000  0.00000000 
  0.00000000  0.00000000  0.00487805  0.00000000  0.00000000  0.16666667  0.00000000  0.00000000  0.00000000  0.12413793  0.00000000  0.00689655 
  0.00408163  0.00816327  0.00854701  0.01709402  0.00000000  0.07692308  0.00000000  0.00000000  0.00000000  0.09554140  0.00000000  0.00000000 
  0.00373134  0.00000000  0.01838235  0.00367647  0.00000000  0.09876543  0.00000000  0.00000000  0.00000000  0.12690355  0.00000000  0.00000000 
  0.00357143  0.00000000  0.01079137  0.00000000  0.00000000  0.11111111  0.00000000  0.00000000  0.00000000  0.11165049  0.00000000  0.00000000 
  0.00000000  0.00000000  0.00315457  0.00315457  0.00000000  0.12500000  0.00000000  0.00000000  0.00497512  0.06965174  0.00000000  0.00000000 
  0.00000000  0.00000000  0.00343643  0.01030928  0.00000000  0.12345679  0.00000000  0.00000000  0.00000000  0.10256410  0.00000000  0.00000000 
  0.00000000  0.01255230  0.00409836  0.01639344  0.00000000  0.17647059  0.00000000  0.00000000  0.00000000  0.12500000  0.00000000  0.00000000 
  0.00414938  0.00000000  0.01632653  0.00000000  0.00000000  0.17391304  0.00000000  0.00000000  0.00000000  0.09655172  0.00000000  0.00000000 
  0.00000000  0.00000000  0.00418410  0.00418410  0.00000000  0.19230769  0.00000000  0.00000000  0.00000000  0.07096774  0.00000000  0.00000000 
  0.00414938  0.00000000  0.00581395  0.00000000  0.00000000  0.10975610  0.00000000  0.00000000  0.00000000  0.09644670  0.00000000  0.00000000 
  0.00000000  0.00362319  0.01269841  0.00317460  0.00000000  0.11666667  0.00000000  0.00000000  0.00440529  0.11013216  0.00000000  0.00000000 
  0.00000000  0.00000000  0.00000000  0.01769912  0.00000000  0.16417910  0.00000000  0.00000000  0.00000000  0.08860759  0.00000000  0.00000000 
  0.00000000  0.00000000  0.01860465  0.00000000  0.00000000  0.09836066  0.00000000  0.00000000  0.00699301  0.09790210  0.00000000  0.00000000 
  0.00000000  0.00847458  0.00000000  0.00000000  0.00000000  0.24489796  0.00000000  0.00000000  0.00000000  0.03921569  0.00000000  0.00000000 
  0.00000000  0.00000000  0.01041667  0.01041667  0.00000000  0.25714286  0.00000000  0.00000000  0.00000000  0.13513514  0.00000000  0.00000000 
  0.00000000  0.01315789  0.00000000  0.00000000  0.00000000  0.17808219  0.00000000  0.00000000  0.00000000  0.13333333  0.00000000  0.00000000 
  0.00000000  0.00450450  0.00000000  0.00917431  0.00000000  0.16393443  0.00000000  0.00000000  0.00000000  0.14492754  0.00000000  0.00000000 
  0.00000000  0.00515464  0.00000000  0.00000000  0.00000000  0.29545455  0.00000000  0.00000000  0.00000000  0.18000000  0.00000000  0.00000000 
  0.00000000  0.00000000  0.00000000  0.00900901  0.00000000  0.17500000  0.00000000  0.00000000  0.00000000  0.14035088  0.00000000  0.00000000 
  0.00000000  0.00000000  0.01666667  0.00000000  0.00000000  0.22500000  0.00000000  0.00000000  0.00000000  0.19480519  0.00000000  0.00000000 
  0.00000000  0.00000000  0.01069519  0.00534759  0.00000000  0.10606061  0.00000000  0.00000000  0.00000000  0.08474576  0.00000000  0.00000000 
  0.00000000  0.01449275  0.01304348  0.00000000  0.00000000  0.12500000  0.00000000  0.00000000  0.00800000  0.11200000  0.00000000  0.00000000 
  0.00000000  0.00442478  0.00429185  0.00429185  0.00000000  0.13636364  0.00000000  0.00000000  0.00632911  0.11392405  0.00000000  0.00000000 
  0.00000000  0.00467290  0.00444444  0.00444444  0.00000000  0.06349206  0.00000000  0.00000000  0.00000000  0.07407407  0.00000000  0.00000000 
  0.00000000  0.00000000  0.00000000  0.00000000  0.00000000  0.14285714  0.00000000  0.00000000  0.00000000  0.16666667  0.00000000  0.00000000 
  0.00000000  0.00000000  0.00000000  0.00000000  0.00000000  0.06521739  0.00000000  0.00000000  0.00000000  0.07920792  0.00000000  0.00000000 
  0.00000000  0.00000000  0.00000000  0.01136364  0.00000000  0.30357143  0.00000000  0.00000000  0.00000000  0.16000000  0.00000000  0.00000000 
  0.00000000  0.00970874  0.00000000  0.00000000  0.00000000  0.14583333  0.00000000  0.00000000  0.00000000  0.14285714  0.00000000  0.00000000 
  0.00000000  0.00492611  0.00000000  0.02970297  0.00000000  0.21276596  0.00000000  0.00000000  0.00000000  0.20000000  0.00000000  0.00000000 
  0.00000000  0.00497512  0.00952381  0.02857143  0.00000000  0.20000000  0.00000000  0.00000000  0.00000000  0.09090909  0.00000000  0.00000000 
  0.00000000  0.00000000  0.02027027  0.00675676  0.00000000  0.16949153  0.00000000  0.00000000  0.00000000  0.12871287  0.00000000  0.00000000 
  0.00000000  0.00858369  0.00000000  0.00000000  0.00000000  0.14285714  0.00000000  0.00000000  0.00000000  0.09230769  0.00000000  0.00000000 
  0.00000000  0.00865801  0.00546448  0.00000000  0.00000000  0.11111111  0.00000000  0.00000000  0.00000000  0.08620690  0.00000000  0.00000000 
  0.00000000  0.00000000  0.02158273  0.00719424  0.00000000  0.20000000  0.00000000  0.00000000  0.00000000  0.08450704  0.00000000  0.00000000 
  0.00000000  0.00980392  0.00000000  0.01176471  0.00000000  0.35000000  0.00000000  0.00000000  0.00000000  0.09615385  0.00000000  0.00000000 
  0.00444444  0.01333333  0.00000000  0.00000000  0.00000000  0.36956522  0.00000000  0.00000000  0.00000000  0.15000000  0.00000000  0.00000000 
  0.00000000  0.00000000  0.00000000  0.01923077  0.00000000  0.44117647  0.00000000  0.00000000  0.00000000  0.08000000  0.00000000  0.00000000 
  0.00000000  0.00000000  0.00000000  0.00709220  0.00000000  0.30000000  0.00000000  0.00000000  0.00000000  0.08695652  0.00000000  0.00000000 
  0.00000000  0.00000000  0.00490196  0.00490196  0.00000000  0.16901408  0.00000000  0.00000000  0.00000000  0.08759124  0.00000000  0.00000000 
  0.00000000  0.01724138  0.00000000  0.00934579  0.00000000  0.15873016  0.00000000  0.00000000  0.00000000  0.09322034  0.00000000  0.00000000 
  0.00476190  0.00476190  0.00000000  0.00000000  0.00000000  0.13953488  0.00000000  0.00000000  0.00000000  0.09756098  0.00000000  0.00000000 
  0.00000000  0.00000000  0.00000000  0.00000000  0.00000000  0.02040816  0.00000000  0.00000000  0.00000000  0.10465116  0.00000000  0.00000000 
  0.00000000  0.00000000  0.00000000  0.01470588  0.00000000  0.20512821  0.00000000  0.00000000  0.00000000  0.12500000  0.00000000  0.00000000 
  0.00000000  0.00000000  0.01086957  0.00000000  0.00000000  0.23913043  0.00000000  0.00000000  0.00000000  0.19642857  0.00000000  0.00000000 
  0.00000000  0.00000000  0.00000000  0.01612903  0.00000000  0.13725490  0.00000000  0.00000000  0.00000000  0.18918919  0.00000000  0.00000000 
  0.00000000  0.00452489  0.00000000  0.00000000  0.00000000  0.25581395  0.00000000  0.00000000  0.00000000  0.08571429  0.00000000  0.00000000 
  0.00000000  0.00000000  0.00000000  0.00000000  0.00000000  0.19607843  0.00000000  0.00000000  0.00000000  0.17021277  0.00000000  0.00000000 
  0.00000000  0.00000000  0.00000000  0.03157895  0.00000000  0.32352941  0.00000000  0.00000000  0.00000000  0.23809524  0.00000000  0.00000000 
  0.00000000  0.00531915  0.00000000  0.00000000  0.00000000  0.33333333  0.00000000  0.00000000  0.00000000  0.03703704  0.00000000  0.00000000 
  0.00000000  0.00632911  0.00000000  0.00000000  0.00000000  0.31578947  0.00000000  0.00000000  0.00000000  0.05555556  0.00000000  0.00000000 
  0.00000000  0.00505051  0.00000000  0.00000000  0.00000000  0.31250000  0.00000000  0.00000000  0.00000000  0.08823529  0.00000000  0.00000000 
  0.00000000  0.00000000  0.00000000  0.02702703  0.00000000  0.18421053  0.00000000  0.00000000  0.00000000  0.06060606  0.00000000  0.00000000 
  0.00000000  0.00888889  0.00462963  0.00000000  0.01694915  0.10169492  0.00000000  0.00000000  0.00000000  0.07432432  0.00000000  0.00000000 
  0.00000000  0.00000000  0.00634921  0.00000000  0.00000000  0.04347826  0.00000000  0.00000000  0.00000000  0.10500000  0.00000000  0.00000000 
  0.00000000  0.00362319  0.01152738  0.00000000  0.00000000  0.13888889  0.00000000  0.00000000  0.00000000  0.12107623  0.00000000  0.00000000 
  0.00757576  0.00378788  0.01699717  0.01983003  0.01801802  0.09909910  0.00000000  0.00000000  0.00000000  0.07725322  0.00000000  0.00000000 
  0.00384615  0.00769231  0.01620370  0.00694444  0.01075269  0.08602151  0.00000000  0.00000000  0.00393701  0.13385827  0.00000000  0.00000000 
  0.00371747  0.00000000  0.00829876  0.00829876  0.00000000  0.27027027  0.00000000  0.00000000  0.00000000  0.10000000  0.00000000  0.00000000 
  0.00000000  0.00668896  0.01689189  0.00337838  0.00000000  0.17647059  0.00000000  0.00000000  0.00636943  0.12738854  0.00000000  0.00000000 
  0.00396825  0.00000000  0.02397260  0.01369863  0.00000000  0.16000000  0.00000000  0.00000000  0.00591716  0.07100592  0.00000000  0.00000000 
  0.00421941  0.00000000  0.00000000  0.00000000  0.00000000  0.19718310  0.00000000  0.00000000  0.00000000  0.13939394  0.00000000  0.00000000 
  0.00458716  0.00458716  0.01162791  0.00000000  0.00000000  0.09803922  0.00000000  0.00000000  0.00000000  0.13609467  0.00000000  0.00000000 
  0.00404858  0.00809717  0.01677852  0.00671141  0.00000000  0.16250000  0.00000000  0.00000000  0.00510204  0.08163265  0.00000000  0.00000000 
  0.00000000  0.00000000  0.00689655  0.00000000  0.00000000  0.16666667  0.00000000  0.00000000  0.00000000  0.13793103  0.00574713  0.00000000 
  0.00000000  0.00000000  0.00760456  0.01140684  0.01369863  0.16438356  0.00000000  0.00000000  0.00000000  0.11475410  0.00000000  0.00000000 
  0.00000000  0.00000000  0.01382488  0.00000000  0.00000000  0.11538462  0.00000000  0.00000000  0.00000000  0.19230769  0.00000000  0.00000000 
  0.00000000  0.00000000  0.00502513  0.00502513  0.00000000  0.04545455  0.00000000  0.00000000  0.00000000  0.16964286  0.00000000  0.00000000 
  0.00000000  0.00836820  0.01898734  0.00632911  0.00000000  0.13513514  0.00000000  0.00000000  0.00000000  0.21111111  0.00000000  0.00000000 
  0.00000000  0.00000000  0.00000000  0.00826446  0.00000000  0.18918919  0.00000000  0.00000000  0.00000000  0.17460317  0.00000000  0.00000000 
  0.00000000  0.00409836  0.01052632  0.01578947  0.00000000  0.25454545  0.00000000  0.00000000  0.01098901  0.16483516  0.00000000  0.00000000 
  0.00000000  0.00421941  0.00000000  0.00000000  0.00000000  0.09090909  0.02272727  0.00000000  0.00000000  0.15447154  0.00000000  0.00000000 
  0.00418410  0.00000000  0.00561798  0.01123596  0.00000000  0.16393443  0.00000000  0.00000000  0.00000000  0.17241379  0.00000000  0.00000000 
  0.00000000  0.00000000  0.00000000  0.00000000  0.00000000  0.14545455  0.00000000  0.00000000  0.00000000  0.14953271  0.00000000  0.00000000 
  0.00000000  0.00000000  0.00598802  0.00598802  0.00000000  0.05263158  0.00000000  0.00000000  0.00000000  0.10975610  0.00000000  0.00000000 
  0.00000000  0.00816327  0.00549451  0.01098901  0.00000000  0.18750000  0.00000000  0.00000000  0.00000000  0.12962963  0.00000000  0.00000000 
  0.00000000  0.00000000  0.00000000  0.00862069  0.00000000  0.22727273  0.00000000  0.00000000  0.03030303  0.21212121  0.00000000  0.00000000 
  0.00000000  0.00000000  0.00000000  0.00884956  0.00000000  0.25862069  0.00000000  0.00000000  0.00000000  0.18604651  0.00000000  0.00000000 
  0.00000000  0.01276596  0.01111111  0.00555556  0.00000000  0.19642857  0.00000000  0.00000000  0.00000000  0.12359551  0.00000000  0.00000000 
  0.00000000  0.01181102  0.00000000  0.00540541  0.00000000  0.17500000  0.00000000  0.00000000  0.00000000  0.15053763  0.00000000  0.00000000 
  0.00000000  0.00896861  0.00000000  0.00862069  0.00000000  0.17647059  0.00000000  0.00000000  0.00000000  0.16393443  0.00000000  0.00000000 
  0.00000000  0.00000000  0.00666667  0.00000000  0.00000000  0.16326531  0.00000000  0.00000000  0.00000000  0.09183673  0.00000000  0.00000000 
  0.00000000  0.00523560  0.00877193  0.00000000  0.00000000  0.19642857  0.00000000  0.00000000  0.00000000  0.12121212  0.00000000  0.00000000 
  0.00520833  0.00520833  0.00645161  0.01290323  0.00000000  0.11111111  0.00000000  0.00000000  0.00000000  0.05940594  0.00000000  0.00000000 
  0.00000000  0.00483092  0.00000000  0.00724638  0.00000000  0.30909091  0.00000000  0.00000000  0.00000000  0.08823529  0.00000000  0.00000000 
  0.00000000  0.00413223  0.01117318  0.01675978  0.00000000  0.18181818  0.00000000  0.00000000  0.00000000  0.14117647  0.00000000  0.00000000 
  0.00000000  0.00000000  0.00454545  0.01363636  0.00000000  0.26666667  0.00000000  0.00000000  0.00000000  0.12000000  0.00000000  0.00000000 
  0.00000000  0.00000000  0.00000000  0.00543478  0.00000000  0.30612245  0.00000000  0.00000000  0.00000000  0.16666667  0.00000000  0.00980392 
  0.00000000  0.00403226  0.00414938  0.00414938  0.00000000  0.20253165  0.00000000  0.00000000  0.00000000  0.10294118  0.00000000  0.00000000 
  0.00384615  0.02307692  0.00465116  0.00000000  0.00000000  0.10937500  0.00000000  0.00000000  0.00000000  0.09923664  0.00000000  0.00000000 
  0.00000000  0.01304348  0.00495050  0.00990099  0.00000000  0.14492754  0.00000000  0.00000000  0.00000000  0.10483871  0.00000000  0.00806452 
  0.00000000  0.00000000  0.00500000  0.01500000  0.00000000  0.14925373  0.00000000  0.00000000  0.00000000  0.09821429  0.00000000  0.00000000 
  0.00000000  0.00442478  0.01415094  0.00943396  0.00000000  0.11627907  0.00000000  0.00000000  0.00000000  0.08602151  0.00000000  0.00000000 
  0.00000000  0.00454545  0.00446429  0.00892857  0.00000000  0.13846154  0.00000000  0.00000000  0.00000000  0.10769231  0.00000000  0.00000000 
  0.00000000  0.00843882  0.00588235  0.01764706  0.00000000  0.24528302  0.00000000  0.00000000  0.00000000  0.12345679  0.00000000  0.00000000 
  0.00000000  0.00000000  0.00671141  0.00671141  0.00000000  0.16666667  0.00000000  0.00000000  0.00000000  0.07594937  0.00000000  0.00000000 
  0.00448430  0.00000000  0.00704225  0.00000000  0.00000000  0.21739130  0.00000000  0.00000000  0.00000000  0.09195402  0.00000000  0.00000000 
  0.00000000  0.00000000  0.01315789  0.00438596  0.00000000  0.16666667  0.00000000  0.00000000  0.00000000  0.14893617  0.00000000  0.00000000 
  0.00000000  0.00462963  0.00454545  0.00000000  0.00000000  0.04761905  0.01587302  0.00000000  0.00000000  0.02439024  0.00000000  0.00000000 
  0.00000000  0.00434783  0.00404858  0.00000000  0.00000000  0.08000000  0.00000000  0.00000000  0.00000000  0.12080537  0.00000000  0.00000000 
  0.00000000  0.00460829  0.00576369  0.00000000  0.00000000  0.09756098  0.00000000  0.00000000  0.00000000  0.03255814  0.00000000  0.00000000 
  0.00000000  0.00000000  0.01634877  0.00000000  0.00000000  0.10112360  0.00000000  0.01123596  0.00000000  0.11666667  0.00000000  0.00000000 
  0.00000000  0.00383142  0.00815217  0.00815217  0.00000000  0.09523810  0.00000000  0.00000000  0.00387597  0.07751938  0.00000000  0.00000000 
  0.00000000  0.00000000  0.00000000  0.00280112  0.00000000  0.11842105  0.00000000  0.00000000  0.00000000  0.08148148  0.00000000  0.00000000 
  0.00000000  0.00383142  0.00573066  0.00286533  0.00000000  0.15714286  0.00000000  0.00000000  0.00000000  0.11284047  0.00000000  0.00000000 
  0.00000000  0.00000000  0.00000000  0.00645161  0.00000000  0.19642857  0.00000000  0.00000000  0.00000000  0.05945946  0.00000000  0.00000000 
  0.00858369  0.00000000  0.01388889  0.00347222  0.00000000  0.17105263  0.00000000  0.00000000  0.00000000  0.10000000  0.00000000  0.00000000 
  0.00546448  0.00000000  0.01115242  0.00371747  0.00000000  0.07692308  0.00000000  0.00000000  0.00000000  0.13658537  0.00000000  0.00000000 
  0.00000000  0.01357466  0.01052632  0.00701754  0.00000000  0.06557377  0.00000000  0.00000000  0.00000000  0.09638554  0.00000000  0.00000000 
  0.00000000  0.00909091  0.00892857  0.00000000  0.00000000  0.18055556  0.00000000  0.00000000  0.00000000  0.11875000  0.00000000  0.00000000 
  0.00000000  0.00000000  0.00414938  0.00000000  0.00000000  0.18181818  0.00000000  0.00000000  0.00000000  0.12359551  0.00000000  0.00000000 
  0.00000000  0.01169591  0.00000000  0.00000000  0.00000000  0.12280702  0.00000000  0.00000000  0.00561798  0.05617978  0.00000000  0.00000000 
  0.00000000  0.01015228  0.01650165  0.00330033  0.01694915  0.06779661  0.00000000  0.00000000  0.00000000  0.06167401  0.00000000  0.00000000 
  0.00000000  0.01271186  0.01056338  0.00704225  0.00000000  0.07142857  0.00000000  0.00000000  0.00000000  0.11475410  0.00000000  0.00000000 
  0.00380228  0.00760456  0.01581028  0.00395257  0.00000000  0.19672131  0.00000000  0.00000000  0.00000000  0.08421053  0.00000000  0.00000000 
  0.00000000  0.00877193  0.02521008  0.00840336  0.00000000  0.06521739  0.02173913  0.00000000  0.00000000  0.14666667  0.00000000  0.00000000 
  0.00421941  0.00421941  0.00467290  0.01401869  0.00000000  0.05172414  0.00000000  0.00000000  0.00000000  0.11564626  0.00000000  0.00000000 
  0.00000000  0.00000000  0.01063830  0.00531915  0.00000000  0.10344828  0.00000000  0.00000000  0.00000000  0.11450382  0.00000000  0.00000000 
  0.00000000  0.00803213  0.01298701  0.01298701  0.00000000  0.21428571  0.00000000  0.00000000  0.00000000  0.12173913  0.00000000  0.00000000 
  0.00000000  0.00421941  0.01639344  0.00000000  0.00000000  0.18518519  0.00000000  0.00000000  0.00000000  0.12857143  0.00000000  0.00000000 
  0.00000000  0.00000000  0.01342282  0.00671141  0.00000000  0.16666667  0.00000000  0.00000000  0.00000000  0.22727273  0.00000000  0.00000000 
  0.00000000  0.00000000  0.01234568  0.02469136  0.00000000  0.18181818  0.00000000  0.00000000  0.00000000  0.17582418  0.00000000  0.00000000 
  0.00471698  0.00000000  0.01224490  0.00408163  0.00000000  0.13114754  0.00000000  0.00000000  0.00000000  0.11333333  0.00000000  0.00000000 
  0.00000000  0.00000000  0.00000000  0.00387597  0.00000000  0.07575758  0.00000000  0.00000000  0.00000000  0.08928571  0.00000000  0.00000000 
  0.00000000  0.00943396  0.01324503  0.00000000  0.00000000  0.10416667  0.00000000  0.00000000  0.00000000  0.09756098  0.00000000  0.00813008 
  0.00000000  0.00425532  0.01257862  0.00628931  0.00000000  0.17777778  0.00000000  0.00000000  0.00934579  0.08411215  0.00000000  0.00000000 
  0.00418410  0.00418410  0.00000000  0.00568182  0.00000000  0.16666667  0.00000000  0.00000000  0.00000000  0.07079646  0.00000000  0.00000000 
  0.00467290  0.00000000  0.00465116  0.00465116  0.00000000  0.08000000  0.00000000  0.00000000  0.00719424  0.06474820  0.00000000  0.00000000 
  0.00450450  0.00000000  0.02232143  0.00892857  0.00000000  0.11111111  0.00000000  0.00000000  0.00000000  0.11111111  0.00000000  0.00000000 
  0.00000000  0.00896861  0.00917431  0.00000000  0.00000000  0.12500000  0.00000000  0.00000000  0.00000000  0.14925373  0.00000000  0.00000000 
  0.00000000  0.00784314  0.01388889  0.00925926  0.00000000  0.29824561  0.00000000  0.00000000  0.00000000  0.09401709  0.00000000  0.00000000 
  0.00000000  0.01041667  0.00515464  0.01030928  0.00000000  0.06493506  0.01298701  0.00000000  0.00000000  0.09523810  0.00000000  0.00000000 
  0.00000000  0.00000000  0.01345291  0.00000000  0.00000000  0.15294118  0.00000000  0.00000000  0.00000000  0.09558824  0.00000000  0.00000000 
  0.00000000  0.00408163  0.00869565  0.00000000  0.00000000  0.09589041  0.00000000  0.00000000  0.00000000  0.12666667  0.00000000  0.00000000 
  0.00000000  0.00000000  0.01415094  0.00000000  0.00000000  0.08571429  0.00000000  0.00000000  0.00000000  0.06766917  0.00000000  0.00000000 
  0.00000000  0.00000000  0.00454545  0.00454545  0.00000000  0.16666667  0.00000000  0.00000000  0.00000000  0.05932203  0.00000000  0.00000000 
  0.00000000  0.00427350  0.01333333  0.00000000  0.00000000  0.09090909  0.01136364  0.00000000  0.00000000  0.09917355  0.00000000  0.00000000 
  0.00000000  0.00401606  0.00000000  0.01369863  0.00000000  0.25000000  0.00000000  0.00000000  0.00000000  0.05172414  0.00000000  0.00000000 
  0.00000000  0.00888889  0.00000000  0.00000000  0.00000000  0.18333333  0.00000000  0.00000000  0.00000000  0.08750000  0.00000000  0.00000000 
  0.00000000  0.01339286  0.00000000  0.01000000  0.00000000  0.24000000  0.00000000  0.00000000  0.00000000  0.12903226  0.00000000  0.00000000 
  0.00000000  0.00507614  0.00000000  0.01973684  0.00000000  0.13414634  0.00000000  0.00000000  0.00000000  0.12500000  0.00000000  0.00000000 
  0.00404858  0.00809717  0.00529101  0.00529101  0.00000000  0.09677419  0.00000000  0.00000000  0.00000000  0.11000000  0.00000000  0.00000000 
  0.00427350  0.00000000  0.00000000  0.00000000  0.00000000  0.13636364  0.00000000  0.00000000  0.00000000  0.06593407  0.00000000  0.00000000 
  0.00000000  0.00000000  0.00000000  0.01169591  0.00000000  0.11538462  0.00000000  0.00000000  0.00000000  0.06410256  0.00000000  0.00000000 
  0.00000000  0.00000000  0.00000000  0.00000000  0.00000000  0.10909091  0.00000000  0.00000000  0.00000000  0.20000000  0.00000000  0.00000000 
  0.00471698  0.00000000  0.00000000  0.01098901  0.00000000  0.24390244  0.00000000  0.00000000  0.00000000  0.12698413  0.00000000  0.00000000 
  0.00000000  0.00518135  0.01086957  0.00000000  0.00000000  0.32608696  0.00000000  0.00000000  0.00000000  0.11320755  0.00000000  0.00000000 
  0.00000000  0.00000000  0.00751880  0.00000000  0.00000000  0.23333333  0.00000000  0.00000000  0.00000000  0.15277778  0.00000000  0.00000000 
  0.00000000  0.00000000  0.01052632  0.01578947  0.00000000  0.12903226  0.00000000  0.00000000  0.00000000  0.12000000  0.00000000  0.00000000 
  0.00000000  0.00000000  0.00000000  0.01980198  0.00000000  0.13114754  0.00000000  0.00000000  0.00000000  0.09160305  0.00000000  0.00000000 
  0.00000000  0.00444444  0.00325733  0.00651466  0.00000000  0.17543860  0.00000000  0.00000000  0.00000000  0.08235294  0.00000000  0.00000000 
  0.00436681  0.00436681  0.00000000  0.00387597  0.00000000  0.10975610  0.00000000  0.01219512  0.00000000  0.09316770  0.00000000  0.00000000 
  0.00369004  0.00369004  0.01185771  0.01185771  0.00000000  0.20967742  0.00000000  0.00000000  0.00000000  0.05027933  0.00000000  0.00000000 
  0.00000000  0.00448430  0.01568627  0.00784314  0.00000000  0.12941176  0.00000000  0.00000000  0.00000000  0.10937500  0.00000000  0.00000000 
  0.00000000  0.00000000  0.00626959  0.00626959  0.02197802  0.04395604  0.00000000  0.00000000  0.00497512  0.09452736  0.00000000  0.00000000 
  0.00000000  0.00396825  0.01181102  0.00000000  0.00000000  0.22727273  0.00000000  0.00000000  0.00000000  0.09395973  0.00000000  0.00000000 
  0.00000000  0.01119403  0.01393728  0.00696864  0.00000000  0.07594937  0.00000000  0.00000000  0.00000000  0.06250000  0.00000000  0.00000000 
  0.00000000  0.00418410  0.01754386  0.00000000  0.00000000  0.08974359  0.00000000  0.00000000  0.00000000  0.05797101  0.00000000  0.00000000 
  0.00000000  0.00427350  0.01550388  0.00775194  0.00000000  0.20370370  0.00000000  0.00000000  0.00000000  0.07058824  0.00000000  0.00000000 
  0.00000000  0.01492537  0.00000000  0.00621118  0.00000000  0.06000000  0.00000000  0.00000000  0.00000000  0.18181818  0.00000000  0.00000000 
  0.00000000  0.00000000  0.00000000  0.01886792  0.00000000  0.28571429  0.00000000  0.00000000  0.00000000  0.24444444  0.00000000  0.00000000 
  0.00000000  0.00000000  0.00000000  0.00000000  0.00000000  0.19512195  0.00000000  0.00000000  0.00000000  0.13513514  0.00000000  0.00000000 
  0.00000000  0.00000000  0.00000000  0.01515152  0.00000000  0.30555556  0.00000000  0.00000000  0.00000000  0.22222222  0.00000000  0.00000000 
  0.00000000  0.00485437  0.00000000  0.01818182  0.00000000  0.33333333  0.00000000  0.00000000  0.00000000  0.17142857  0.00000000  0.00000000 
  0.00000000  0.00401606  0.02941176  0.00000000  0.00000000  0.14705882  0.00000000  0.00000000  0.00000000  0.09836066  0.00000000  0.00000000 
  0.00000000  0.00000000  0.00000000  0.02105263  0.00000000  0.20408163  0.00000000  0.00000000  0.00000000  0.11363636  0.00000000  0.00000000 
  0.00456621  0.00000000  0.00943396  0.01886792  0.00000000  0.10000000  0.00000000  0.00000000  0.00000000  0.08955224  0.00000000  0.00000000 
  0.00442478  0.00884956  0.00000000  0.01000000  0.00000000  0.16666667  0.00000000  0.00000000  0.00000000  0.15625000  0.00000000  0.00000000 
  0.00000000  0.00000000  0.00000000  0.01162791  0.00000000  0.12500000  0.00000000  0.00000000  0.00000000  0.17543860  0.00000000  0.00000000 
  0.00000000  0.00448430  0.00617284  0.00617284  0.00000000  0.18367347  0.00000000  0.00000000  0.00000000  0.10869565  0.00000000  0.00000000 
  0.00448430  0.01345291  0.01197605  0.01197605  0.00000000  0.09615385  0.00000000  0.00000000  0.00000000  0.10483871  0.00000000  0.00000000 
  0.00000000  0.00796813  0.00000000  0.00000000  0.00000000  0.17142857  0.00000000  0.00000000  0.00000000  0.14406780  0.00000000  0.00000000 
  0.00000000  0.00000000  0.01111111  0.00000000  0.00000000  0.07792208  0.00000000  0.00000000  0.00000000  0.12048193  0.00000000  0.00000000 
  0.00000000  0.00000000  0.00343643  0.01030928  0.00000000  0.13157895  0.00000000  0.00000000  0.00000000  0.03763441  0.00000000  0.00000000 
  0.00869565  0.00000000  0.00724638  0.00362319  0.00000000  0.07936508  0.00000000  0.00000000  0.00602410  0.10240964  0.00000000  0.00000000 
  0.00000000  0.00000000  0.00884956  0.00442478  0.00000000  0.12500000  0.00000000  0.00000000  0.00000000  0.10606061  0.00000000  0.00000000 
  0.00000000  0.00000000  0.00568182  0.01136364  0.00000000  0.17391304  0.00000000  0.00000000  0.00000000  0.07407407  0.00000000  0.00000000 
  0.00000000  0.00440529  0.00000000  0.00000000  0.00000000  0.12765957  0.00000000  0.00000000  0.00000000  0.07291667  0.00000000  0.00000000 
  0.00000000  0.00790514  0.01369863  0.00000000  0.01492537  0.07462687  0.00000000  0.00000000  0.00000000  0.10569106  0.00000000  0.00000000 
  0.00000000  0.00408163  0.00000000  0.00529101  0.00000000  0.06578947  0.00000000  0.00000000  0.00000000  0.13793103  0.00000000  0.00000000 
  0.00000000  0.00000000  0.00000000  0.00000000  0.00000000  0.28947368  0.00000000  0.00000000  0.00000000  0.12087912  0.00000000  0.00000000 
  0.00421941  0.00000000  0.01162791  0.00000000  0.00000000  0.34375000  0.00000000  0.00000000  0.00000000  0.21052632  0.00000000  0.00000000 
  0.00000000  0.00645161  0.01086957  0.01086957  0.00000000  0.21212121  0.00000000  0.00000000  0.00000000  0.13888889  0.00000000  0.00000000 
  0.00000000  0.00000000  0.00000000  0.01923077  0.00000000  0.18518519  0.00000000  0.00000000  0.00000000  0.17857143  0.00000000  0.00000000 
  0.00000000  0.01041667  0.00000000  0.00000000  0.00000000  0.31250000  0.00000000  0.00000000  0.00000000  0.13043478  0.00000000  0.00000000 
  0.00000000  0.00492611  0.00000000  0.00000000  0.00000000  0.25000000  0.00000000  0.00000000  0.00000000  0.21739130  0.00000000  0.00000000 
  0.00000000  0.00896861  0.00000000  0.01219512  0.00000000  0.19444444  0.00000000  0.00000000  0.00000000  0.15789474  0.00000000  0.00000000 
  0.00000000  0.01428571  0.00000000  0.00000000  0.00000000  0.30303030  0.03030303  0.00000000  0.00000000  0.24324324  0.00000000  0.00000000 
  0.00458716  0.00917431  0.00000000  0.00000000  0.00000000  0.30952381  0.00000000  0.00000000  0.00000000  0.15217391  0.00000000  0.00000000 
  0.00000000  0.00000000  0.01581028  0.00790514  0.00000000  0.06756757  0.00000000  0.00000000  0.00000000  0.10344828  0.00000000  0.00000000 
  0.00000000  0.00444444  0.02996255  0.01123596  0.00000000  0.09333333  0.00000000  0.00000000  0.00000000  0.06493506  0.00000000  0.00000000 
  0.00829876  0.00414938  0.00934579  0.00467290  0.00000000  0.14444444  0.00000000  0.00000000  0.00000000  0.10691824  0.00000000  0.00000000 
  0.00000000  0.00378788  0.00966184  0.01449275  0.00000000  0.10714286  0.00000000  0.00000000  0.00000000  0.09482759  0.00000000  0.00000000 
  0.00000000  0.00000000  0.01546392  0.00515464  0.00000000  0.10937500  0.00000000  0.00000000  0.00000000  0.11340206  0.00000000  0.00000000 
  0.00000000  0.00000000  0.00478469  0.02392344  0.00000000  0.16393443  0.00000000  0.00000000  0.00000000  0.12631579  0.00000000  0.00000000 
  0.00000000  0.00416667  0.00980392  0.00000000  0.00000000  0.09859155  0.00000000  0.00000000  0.00000000  0.16513761  0.00000000  0.00000000 
  0.00000000  0.01075269  0.01840491  0.00613497  0.00000000  0.08860759  0.00000000  0.00000000  0.00000000  0.20833333  0.00000000  0.00000000 
  0.00743494  0.00371747  0.00000000  0.01169591  0.00000000  0.10344828  0.00000000  0.00000000  0.01098901  0.09890110  0.00000000  0.00000000 
  0.00000000  0.01167315  0.02649007  0.01324503  0.00000000  0.07500000  0.00000000  0.00000000  0.00000000  0.19178082  0.00000000  0.00000000 
  0.00000000  0.00000000  0.00000000  0.00000000  0.00000000  0.20338983  0.00000000  0.00000000  0.00000000  0.05714286  0.00000000  0.00000000 
  0.00000000  0.01785714  0.00684932  0.00000000  0.00000000  0.12307692  0.00000000  0.00000000  0.00000000  0.06410256  0.00000000  0.00000000 
  0.00000000  0.00380228  0.00000000  0.00000000  0.00000000  0.17647059  0.00000000  0.00000000  0.00000000  0.07692308  0.00000000  0.00000000 
  0.00000000  0.00000000  0.00000000  0.01010101  0.00000000  0.13953488  0.00000000  0.00000000  0.00000000  0.13793103  0.00000000  0.00000000 
  0.00000000  0.00000000  0.02325581  0.00775194  0.00000000  0.14893617  0.00000000  0.00000000  0.00000000  0.08823529  0.00000000  0.00000000 
  0.00000000  0.01102941  0.00877193  0.00000000  0.00000000  0.15789474  0.00000000  0.00000000  0.00000000  0.07272727  0.00000000  0.00000000 
  0.00363636  0.00363636  0.00819672  0.00000000  0.00000000  0.08955224  0.00000000  0.00000000  0.01176471  0.12941176  0.00000000  0.00000000 
  0.00000000  0.00763359  0.01117318  0.01117318  0.00000000  0.14285714  0.00000000  0.00000000  0.01176471  0.08235294  0.00000000  0.00000000 
  0.00401606  0.00000000  0.00000000  0.00645161  0.00000000  0.13157895  0.00000000  0.00000000  0.00000000  0.15094340  0.00000000  0.00000000 
  0.00000000  0.00404858  0.00000000  0.00684932  0.00000000  0.26470588  0.00000000  0.00000000  0.00000000  0.21621622  0.00000000  0.00000000 
