  0.00069132  0.00172831  0.00409062  0.00388085  0.00000000  0.05149425  0.00045977  0.00000000  0.00032248  0.04579168  0.00000000  0.00000000 
  0.00105263  0.00350877  0.00349040  0.00328508  0.00143472  0.05308465  0.00000000  0.00000000  0.00045753  0.04453256  0.00000000  0.00000000 
  0.00173521  0.00190873  0.00324851  0.00303194  0.00000000  0.04936530  0.00000000  0.00000000  0.00015728  0.04844291  0.00000000  0.00000000 
  0.00088370  0.00212089  0.00270523  0.00353761  0.00046707  0.04717422  0.00000000  0.00000000  0.00000000  0.04817045  0.00000000  0.00000000 
  0.00106572  0.00373002  0.00412584  0.00340382  0.00048263  0.03378378  0.00000000  0.00000000  0.00060790  0.04468085  0.00000000  0.00000000 
  0.00105932  0.00176554  0.00277321  0.00359491  0.00000000  0.04307841  0.00000000  0.00000000  0.00000000  0.04670622  0.00000000  0.00015214 
  0.00069324  0.00311958  0.00316756  0.00358991  0.00046447  0.05712959  0.00000000  0.00000000  0.00030883  0.04107474  0.00000000  0.00000000 
  0.00069457  0.00277826  0.00380349  0.00380349  0.00049188  0.05607477  0.00000000  0.00000000  0.00046012  0.03773006  0.00000000  0.00015337 
  0.00156006  0.00121338  0.00322749  0.00239459  0.00046882  0.03938115  0.00046882  0.00000000  0.00015399  0.04157684  0.00000000  0.00000000 
  0.00071162  0.00249066  0.00328003  0.00287003  0.00046232  0.04160888  0.00000000  0.00000000  0.00000000  0.04033338  0.00000000  0.00000000 
  0.00197380  0.00287099  0.00435866  0.00352844  0.00093110  0.03770950  0.00000000  0.00000000  0.00043796  0.03649635  0.00000000  0.00014599 
  0.00070249  0.00210748  0.00342644  0.00249195  0.00000000  0.05650764  0.00046318  0.00000000  0.00014567  0.04399126  0.00000000  0.00000000 
  0.00106781  0.00213561  0.00367184  0.00304238  0.00000000  0.04793864  0.00000000  0.00000000  0.00014126  0.03814098  0.00000000  0.00014126 
  0.00089127  0.00196078  0.00267036  0.00395609  0.00050942  0.04330107  0.00050942  0.00050942  0.00025836  0.03487921  0.00012918  0.00000000 
  0.00171363  0.00152323  0.00361354  0.00342335  0.00162866  0.04831705  0.00000000  0.00000000  0.00011647  0.02993245  0.00000000  0.00000000 
  0.00062762  0.00167364  0.00310531  0.00283914  0.00170261  0.04426788  0.00000000  0.00000000  0.00048838  0.02275835  0.00009768  0.00000000 
  0.00089465  0.00380228  0.00261324  0.00252613  0.00000000  0.05198973  0.00064185  0.00000000  0.00016865  0.02335779  0.00000000  0.00000000 
  0.00142857  0.00404762  0.00309875  0.00252793  0.00139860  0.04405594  0.00000000  0.00000000  0.00036977  0.01915397  0.00000000  0.00000000 
  0.00049505  0.00297030  0.00240365  0.00264402  0.00000000  0.03106009  0.00000000  0.00000000  0.00013087  0.02061249  0.00000000  0.00000000 
  0.00079576  0.00106101  0.00221594  0.00252159  0.00000000  0.04036186  0.00069589  0.00000000  0.00012436  0.02083074  0.00000000  0.00000000 
  0.00107730  0.00188527  0.00275421  0.00267977  0.00000000  0.04478708  0.00000000  0.00000000  0.00022981  0.01643112  0.00000000  0.00000000 
  0.00116347  0.00349040  0.00199929  0.00228490  0.00000000  0.03729604  0.00000000  0.00000000  0.00005605  0.01939462  0.00000000  0.00000000 
  0.00056705  0.00311880  0.00209947  0.00253384  0.00000000  0.04581359  0.00000000  0.00000000  0.00010960  0.02011069  0.00000000  0.00000000 
  0.00141363  0.00197908  0.00188501  0.00181251  0.00000000  0.05862923  0.00000000  0.00082576  0.00005334  0.02085667  0.00000000  0.00000000 
  0.00055310  0.00165929  0.00192208  0.00273527  0.00000000  0.04290172  0.00000000  0.00078003  0.00010585  0.02439799  0.00000000  0.00000000 
  0.00109022  0.00136277  0.00183164  0.00227123  0.00161290  0.05725806  0.00000000  0.00080645  0.00005137  0.01926337  0.00000000  0.00000000 
  0.00083799  0.00139665  0.00175029  0.00240665  0.00087336  0.05676856  0.00000000  0.00000000  0.00010142  0.02231237  0.00000000  0.00000000 
  0.00056007  0.00112013  0.00145096  0.00261172  0.00000000  0.04676871  0.00000000  0.00000000  0.00004938  0.02128290  0.00000000  0.00000000 
  0.00137627  0.00165153  0.00142694  0.00199772  0.00000000  0.03869833  0.00000000  0.00000000  0.00014555  0.02173597  0.00000000  0.00000000 
  0.00166945  0.00222593  0.00135938  0.00257566  0.00093721  0.06185567  0.00000000  0.00000000  0.00009486  0.02271865  0.00000000  0.00000000 
  0.00110895  0.00166343  0.00126431  0.00245838  0.00180832  0.04701627  0.00000000  0.00000000  0.00000000  0.02226971  0.00000000  0.00004748 
  0.00144175  0.00201845  0.00228027  0.00283306  0.00091827  0.05509642  0.00000000  0.00000000  0.00000000  0.02184400  0.00000000  0.00000000 
  0.00287356  0.00402299  0.00172010  0.00254575  0.00096993  0.05916586  0.00000000  0.00000000  0.00013848  0.02044867  0.00000000  0.00004616 
  0.00150602  0.00150602  0.00161518  0.00255737  0.00000000  0.05367232  0.00000000  0.00000000  0.00004564  0.02282063  0.00000000  0.00004564 
  0.00187383  0.00218613  0.00153712  0.00307425  0.00000000  0.05698006  0.00000000  0.00000000  0.00022403  0.02276190  0.00000000  0.00004481 
  0.00124766  0.00124766  0.00163752  0.00255453  0.00000000  0.07157258  0.00000000  0.00000000  0.00008979  0.02321092  0.00000000  0.00000000 
  0.00127267  0.00286351  0.00188177  0.00233599  0.00000000  0.05929648  0.00000000  0.00000000  0.00008972  0.02310349  0.00000000  0.00000000 
  0.00095329  0.00349539  0.00172911  0.00345821  0.00000000  0.04951561  0.00107643  0.00000000  0.00000000  0.02153791  0.00000000  0.00000000 
  0.00125353  0.00156691  0.00242270  0.00274147  0.00000000  0.05729730  0.00000000  0.00000000  0.00009083  0.02484218  0.00000000  0.00000000 
  0.00189514  0.00252685  0.00144187  0.00255604  0.00225989  0.05762712  0.00000000  0.00000000  0.00000000  0.02322498  0.00004572  0.00004572 
  0.00124378  0.00186567  0.00123674  0.00344985  0.00000000  0.06400839  0.00000000  0.00000000  0.00013910  0.02169982  0.00000000  0.00009273 
  0.00152207  0.00273973  0.00119848  0.00292962  0.00000000  0.05468750  0.00000000  0.00097656  0.00000000  0.02375728  0.00000000  0.00000000 
  0.00182094  0.00182094  0.00185308  0.00225017  0.00318471  0.06369427  0.00000000  0.00000000  0.00000000  0.02499639  0.00000000  0.00000000 
  0.00151103  0.00362647  0.00180036  0.00320064  0.00310238  0.06204757  0.00103413  0.00000000  0.00019888  0.02555561  0.00000000  0.00000000 
  0.00123533  0.00339716  0.00193566  0.00327059  0.00000000  0.06138614  0.00000000  0.00000000  0.00000000  0.02753829  0.00000000  0.00005072 
  0.00120048  0.00150060  0.00156261  0.00271758  0.00098814  0.04940711  0.00000000  0.00000000  0.00020858  0.02304844  0.00000000  0.00000000 
  0.00140213  0.00252384  0.00182729  0.00331619  0.00000000  0.06824926  0.00098912  0.00000000  0.00000000  0.02574790  0.00000000  0.00000000 
  0.00111390  0.00278474  0.00222222  0.00263889  0.00000000  0.06445672  0.00000000  0.00000000  0.00000000  0.02865770  0.00000000  0.00000000 
  0.00249032  0.00249032  0.00179682  0.00234969  0.00000000  0.05523256  0.00000000  0.00096899  0.00005499  0.02612187  0.00000000  0.00000000 
  0.00164114  0.00382932  0.00189129  0.00252171  0.00000000  0.07005758  0.00000000  0.00000000  0.00000000  0.02636164  0.00000000  0.00000000 
  0.00160214  0.00267023  0.00209176  0.00251011  0.00000000  0.06015038  0.00000000  0.00000000  0.00005694  0.03149023  0.00000000  0.00000000 
  0.00155966  0.00285937  0.00149775  0.00235361  0.00000000  0.06143667  0.00094518  0.00000000  0.00005791  0.02518965  0.00000000  0.00000000 
  0.00185087  0.00132205  0.00195525  0.00267941  0.00000000  0.06272401  0.00089606  0.00000000  0.00000000  0.02735746  0.00000000  0.00000000 
  0.00155642  0.00129702  0.00163958  0.00299401  0.00000000  0.06057782  0.00000000  0.00000000  0.00006131  0.03151441  0.00000000  0.00006131 
  0.00261028  0.00261028  0.00208543  0.00366748  0.00093721  0.06935333  0.00000000  0.00000000  0.00012264  0.03157959  0.00000000  0.00006132 
  0.00130514  0.00469851  0.00171025  0.00277916  0.00186393  0.06337372  0.00000000  0.00093197  0.00000000  0.02984520  0.00000000  0.00000000 
  0.00288336  0.00262123  0.00178955  0.00322119  0.00000000  0.06613047  0.00000000  0.00089366  0.00000000  0.03071562  0.00000000  0.00000000 
  0.00183824  0.00236345  0.00223859  0.00296072  0.00000000  0.05657093  0.00000000  0.00000000  0.00013017  0.03032867  0.00000000  0.00013017 
  0.00127551  0.00306122  0.00158422  0.00324044  0.00000000  0.06672520  0.00000000  0.00175593  0.00006459  0.03016406  0.00000000  0.00006459 
  0.00101189  0.00430053  0.00146466  0.00314903  0.00083333  0.06583333  0.00000000  0.00000000  0.00006766  0.03017591  0.00000000  0.00006766 
  0.00123426  0.00320908  0.00177187  0.00354374  0.00174520  0.06806283  0.00000000  0.00000000  0.00020367  0.03054990  0.00000000  0.00000000 
  0.00025484  0.00152905  0.00204439  0.00299357  0.00000000  0.06992418  0.00000000  0.00000000  0.00000000  0.02936179  0.00000000  0.00000000 
  0.00220049  0.00220049  0.00176548  0.00375166  0.00000000  0.06394884  0.00000000  0.00000000  0.00006974  0.03166411  0.00000000  0.00006974 
  0.00147420  0.00270270  0.00244916  0.00341398  0.00083963  0.06045340  0.00000000  0.00000000  0.00014049  0.03238269  0.00000000  0.00000000 
  0.00214082  0.00261656  0.00218423  0.00278677  0.00000000  0.06615776  0.00084818  0.00000000  0.00007142  0.03135266  0.00000000  0.00000000 
  0.00071874  0.00239578  0.00164732  0.00292025  0.00000000  0.07131537  0.00000000  0.00000000  0.00014539  0.03271300  0.00000000  0.00014539 
  0.00191525  0.00454872  0.00230141  0.00341500  0.00000000  0.06322282  0.00000000  0.00000000  0.00000000  0.03271849  0.00000000  0.00007320 
  0.00094630  0.00141945  0.00171950  0.00396232  0.00000000  0.05467512  0.00000000  0.00000000  0.00007586  0.03314875  0.00000000  0.00007586 
  0.00141443  0.00282885  0.00252694  0.00364177  0.00000000  0.05630452  0.00000000  0.00000000  0.00015141  0.03391627  0.00000000  0.00000000 
  0.00138696  0.00416089  0.00203666  0.00407332  0.00000000  0.05376344  0.00000000  0.00000000  0.00007541  0.03107089  0.00000000  0.00000000 
  0.00093502  0.00187003  0.00181420  0.00385517  0.00000000  0.06858924  0.00000000  0.00000000  0.00000000  0.03078902  0.00000000  0.00000000 
  0.00117096  0.00327869  0.00264151  0.00407547  0.00000000  0.05668934  0.00000000  0.00000000  0.00007652  0.02945903  0.00000000  0.00000000 
  0.00116063  0.00232126  0.00223128  0.00453951  0.00000000  0.05691057  0.00073910  0.00000000  0.00015912  0.03309730  0.00000000  0.00000000 
  0.00118540  0.00189663  0.00278447  0.00391331  0.00000000  0.05968992  0.00000000  0.00077519  0.00023847  0.03314785  0.00000000  0.00000000 
  0.00137994  0.00229991  0.00189782  0.00288469  0.00000000  0.06671839  0.00000000  0.00000000  0.00015777  0.03147432  0.00000000  0.00000000 
  0.00162564  0.00371575  0.00223696  0.00385683  0.00074738  0.05231689  0.00000000  0.00000000  0.00000000  0.03414516  0.00000000  0.00000000 
  0.00090682  0.00226706  0.00129751  0.00236605  0.00154083  0.05932203  0.00000000  0.00000000  0.00024572  0.03390941  0.00000000  0.00000000 
  0.00135655  0.00180873  0.00206028  0.00320488  0.00000000  0.06268437  0.00000000  0.00000000  0.00016333  0.03527971  0.00000000  0.00000000 
  0.00067766  0.00225887  0.00192278  0.00399938  0.00145985  0.05474453  0.00000000  0.00000000  0.00008304  0.03553932  0.00000000  0.00008304 
  0.00113199  0.00339597  0.00169062  0.00245908  0.00000000  0.04718310  0.00000000  0.00000000  0.00016603  0.03627760  0.00000000  0.00000000 
  0.00227221  0.00227221  0.00192441  0.00384882  0.00000000  0.05263158  0.00000000  0.00000000  0.00016513  0.03674042  0.00000000  0.00016513 
  0.00159055  0.00227221  0.00160232  0.00442545  0.00000000  0.05314371  0.00000000  0.00000000  0.00000000  0.03326438  0.00000000  0.00008275 
  0.00065949  0.00351726  0.00214035  0.00305764  0.00000000  0.06308920  0.00000000  0.00000000  0.00008552  0.03232703  0.00000000  0.00000000 
