  0.01770386  0.03379828  0.03174603  0.00793651  0.02958580  0.07100592  0.08284024  0.00000000  0.01052632  0.09473684  0.00000000  0.00000000 
  0.01879491  0.04477612  0.06140351  0.02631579  0.09322034  0.03389831  0.07627119  0.00847458  0.00000000  0.09433962  0.00000000  0.01886792 
  0.00445038  0.01127429  0.03917051  0.01267281  0.01058710  0.03368624  0.00481232  0.00096246  0.00549451  0.09340659  0.00000000  0.00000000 
  0.00561723  0.01230440  0.02627665  0.01239465  0.01252087  0.02420701  0.00584307  0.00083472  0.01197605  0.07035928  0.00000000  0.00149701 
  0.01647940  0.02596754  0.16666667  0.09259259  0.06906077  0.06353591  0.05524862  0.00552486  0.06666667  0.40000000  0.00000000  0.00000000 
  0.02856293  0.02677774  0.17647059  0.05882353  0.06985294  0.11764706  0.06250000  0.00735294  0.11111111  0.16666667  0.00000000  0.05555556 
  0.02674550  0.02477477  0.15652174  0.06086957  0.10676157  0.11743772  0.07473310  0.00711744  0.14285714  0.14285714  0.00000000  0.00000000 
  0.02472454  0.02499328  0.08219178  0.02739726  0.11726384  0.08143322  0.10097720  0.00325733  0.20000000  0.60000000  0.00000000  0.00000000 
  0.02718869  0.01957586  0.09090909  0.07575758  0.07766990  0.10032362  0.07119741  0.01294498  0.00000000  0.20000000  0.00000000  0.00000000 
  0.02766365  0.01917283  0.09649123  0.01754386  0.07796610  0.09830508  0.08474576  0.00677966  0.00000000  0.00000000  0.00000000  0.00000000 
  0.03248390  0.01512181  0.08602151  0.03225806  0.08540925  0.09964413  0.06761566  0.00355872  0.07142857  0.07142857  0.00000000  0.00000000 
  0.02633638  0.01642764  0.11409396  0.04026846  0.09712230  0.12230216  0.06115108  0.00359712  0.03703704  0.22222222  0.00000000  0.00000000 
  0.02118116  0.01719412  0.07391304  0.03913043  0.09264305  0.11444142  0.04904632  0.01362398  0.02500000  0.10000000  0.02500000  0.00000000 
  0.02121610  0.01902887  0.05466238  0.02893891  0.07823961  0.07823961  0.05623472  0.00488998  0.02325581  0.09302326  0.00000000  0.01162791 
  0.01829122  0.02021661  0.06557377  0.02295082  0.05454545  0.09696970  0.06363636  0.01818182  0.00000000  0.12195122  0.00000000  0.00000000 
  0.02512407  0.02171216  0.06896552  0.02155172  0.09285714  0.13214286  0.07142857  0.00000000  0.03389831  0.08474576  0.00000000  0.05084746 
  0.02185609  0.02925353  0.08536585  0.01219512  0.06804734  0.07100592  0.04733728  0.00000000  0.00671141  0.12080537  0.00000000  0.00671141 
  0.01678979  0.02048355  0.06250000  0.01750000  0.07090465  0.07579462  0.03667482  0.00488998  0.01388889  0.11111111  0.00694444  0.00694444 
  0.02045530  0.01682613  0.06960557  0.03712297  0.04950495  0.06188119  0.02722772  0.00495050  0.01630435  0.14673913  0.00000000  0.00543478 
  0.02079063  0.01522694  0.07205240  0.01310044  0.04384134  0.07724426  0.03757829  0.00626305  0.00000000  0.06369427  0.00000000  0.00636943 
  0.01955671  0.01668840  0.06518010  0.03087479  0.03652174  0.08000000  0.03826087  0.00173913  0.00454545  0.08636364  0.00000000  0.00454545 
  0.01396509  0.02294264  0.06857143  0.03857143  0.03291536  0.06269592  0.01880878  0.00626959  0.00851064  0.07234043  0.01702128  0.00425532 
  0.01491301  0.01739851  0.07032967  0.03956044  0.02469136  0.07544582  0.00137174  0.00548697  0.00662252  0.09602649  0.00000000  0.01324503 
  0.01437997  0.01522585  0.05637467  0.01734605  0.01938426  0.08665906  0.01140251  0.00228050  0.00287356  0.12068966  0.00000000  0.00862069 
  0.01157294  0.01499593  0.05762082  0.02602230  0.02071974  0.08724100  0.01635769  0.00218103  0.00879765  0.08797654  0.01173021  0.00000000 
  0.01488372  0.01283721  0.03234750  0.01109057  0.00940071  0.07638073  0.00940071  0.00235018  0.00456621  0.08675799  0.00000000  0.00228311 
  0.01619196  0.01463129  0.03634827  0.01521555  0.01570048  0.06038647  0.01328502  0.00000000  0.00434783  0.10652174  0.00217391  0.00217391 
  0.01500600  0.01620648  0.03738318  0.01699235  0.01351351  0.07862408  0.00982801  0.00122850  0.00563910  0.11466165  0.00000000  0.00000000 
  0.01302803  0.01579155  0.04294479  0.01738241  0.01783265  0.07133059  0.02469136  0.00137174  0.01168224  0.11915888  0.00000000  0.00233645 
  0.01241060  0.01703828  0.02738337  0.01521298  0.01226158  0.07629428  0.01089918  0.00272480  0.00501253  0.13784461  0.00250627  0.00501253 
  0.01661342  0.02193823  0.04545455  0.03246753  0.01841360  0.04957507  0.01558074  0.00424929  0.00958466  0.10223642  0.00638978  0.00319489 
  0.01784160  0.01762402  0.06294821  0.01274900  0.03321678  0.07342657  0.01573427  0.00524476  0.03610108  0.16606498  0.00000000  0.00000000 
  0.01895587  0.02019888  0.07653575  0.00906344  0.04956268  0.05830904  0.02332362  0.00291545  0.03144654  0.10691824  0.00628931  0.00628931 
  0.02429828  0.02513615  0.06179775  0.00000000  0.04255319  0.07801418  0.06028369  0.00354610  0.01010101  0.15151515  0.00000000  0.00000000 
  0.02055407  0.01697945  0.04117647  0.01470588  0.04529617  0.06968641  0.01742160  0.00000000  0.00892857  0.08035714  0.01785714  0.03571429 
  0.01273032  0.01876047  0.02178218  0.00594059  0.02340426  0.05744681  0.02127660  0.00000000  0.01724138  0.12068966  0.00000000  0.00000000 
  0.00551268  0.01470048  0.02702703  0.00737101  0.01495726  0.08333333  0.01282051  0.00000000  0.01129944  0.12429379  0.00000000  0.00564972 
  0.00706964  0.01131142  0.03664921  0.00261780  0.01719902  0.09090909  0.00982801  0.00245700  0.00558659  0.11173184  0.01117318  0.00000000 
  0.01350936  0.01074609  0.01339286  0.01339286  0.01057082  0.06765328  0.01268499  0.00211416  0.00000000  0.08021390  0.00000000  0.00534759 
  0.01273320  0.00769914  0.04484305  0.01793722  0.02341137  0.05518395  0.02173913  0.00167224  0.00628931  0.10691824  0.00000000  0.00000000 
  0.01259182  0.01101784  0.04918033  0.01639344  0.03471074  0.04958678  0.03140496  0.00330579  0.00662252  0.17880795  0.00000000  0.00000000 
  0.01638937  0.01415446  0.05544554  0.01584158  0.03697479  0.07226891  0.04705882  0.00504202  0.02985075  0.11194030  0.00000000  0.00000000 
  0.01645804  0.01506722  0.05405405  0.02948403  0.05110733  0.06984668  0.04770017  0.00340716  0.00000000  0.13076923  0.00769231  0.03076923 
  0.02116742  0.01411161  0.06331878  0.01746725  0.03623188  0.05942029  0.02608696  0.00434783  0.03076923  0.09230769  0.01538462  0.00000000 
  0.02416987  0.01287554  0.06652807  0.01039501  0.03698435  0.07254623  0.02844950  0.00000000  0.00555556  0.11666667  0.00000000  0.00000000 
  0.02133217  0.00805398  0.03155340  0.01213592  0.02635659  0.09922481  0.04341085  0.00000000  0.02061856  0.13917526  0.01030928  0.00515464 
  0.02285477  0.00810305  0.04157044  0.03002309  0.03768116  0.10434783  0.02028986  0.00144928  0.01775148  0.07100592  0.01183432  0.01183432 
  0.01969324  0.01079341  0.06546645  0.03764321  0.02594034  0.08690013  0.02464332  0.00259403  0.01612903  0.13440860  0.00000000  0.00000000 
  0.02554745  0.01152516  0.09070796  0.02876106  0.03628447  0.06821480  0.03047896  0.00145138  0.01111111  0.12777778  0.00555556  0.00000000 
  0.02621796  0.01369595  0.08141962  0.04175365  0.03744799  0.09431345  0.02357836  0.00138696  0.00729927  0.10948905  0.02189781  0.02189781 
  0.02012265  0.01418168  0.05218855  0.01683502  0.03094233  0.08016878  0.01125176  0.00000000  0.03056769  0.12227074  0.00000000  0.00000000 
  0.01685505  0.01011303  0.07442748  0.01908397  0.03389831  0.08012327  0.02465331  0.00154083  0.03076923  0.11282051  0.00000000  0.01025641 
  0.01551337  0.01326801  0.04926108  0.01477833  0.03921569  0.08144796  0.02262443  0.00301659  0.01142857  0.17714286  0.00000000  0.00000000 
  0.01841244  0.01309329  0.05043478  0.01217391  0.04654443  0.06911142  0.04654443  0.00282087  0.01142857  0.09714286  0.00571429  0.00000000 
  0.01726506  0.01412596  0.05792683  0.01371951  0.03787879  0.06212121  0.01969697  0.00303030  0.01081081  0.14054054  0.00000000  0.01081081 
  0.01520990  0.01439870  0.06476190  0.01523810  0.03703704  0.08179012  0.02160494  0.00617284  0.01428571  0.15714286  0.00000000  0.00476190 
