  0.01078608  0.01814022  0.02753221  0.01768123  0.01316577  0.14661879  0.00598444  0.00359066  0.00503778  0.09895646  0.00035984  0.00035984 
  0.00800400  0.01617475  0.02170330  0.01675824  0.01450189  0.15195460  0.00567465  0.00189155  0.00572738  0.08132875  0.00114548  0.00000000 
  0.00931300  0.01754623  0.04223277  0.01653298  0.01166045  0.11147388  0.00932836  0.00419776  0.01108533  0.08765146  0.00077340  0.00051560 
  0.00823820  0.01435801  0.04454101  0.01711027  0.01652542  0.12203390  0.00508475  0.00169492  0.00989247  0.09526882  0.00043011  0.00064516 
  0.00719505  0.01562676  0.03994169  0.01895044  0.01223990  0.12117503  0.00856793  0.00244798  0.00815217  0.10190217  0.00045290  0.00090580 
  0.00986294  0.01562700  0.04665107  0.01974261  0.01755196  0.10715935  0.00877598  0.00230947  0.01111380  0.08407828  0.00048321  0.00120802 
  0.01126156  0.01595388  0.04965585  0.01917404  0.01557286  0.07897664  0.00556174  0.00111235  0.01276827  0.07579462  0.00054333  0.00081500 
  0.00693897  0.01718972  0.03069421  0.01950660  0.01170047  0.04368175  0.00858034  0.00234009  0.00601805  0.05767302  0.00050150  0.00100301 
  0.00722804  0.01590170  0.01818182  0.00964750  0.01098901  0.05219780  0.00641026  0.00183150  0.00647017  0.04672897  0.00071891  0.00215672 
  0.00806327  0.01550628  0.03100775  0.02214839  0.01065449  0.04718417  0.00608828  0.00304414  0.00767085  0.06276151  0.00069735  0.00278940 
  0.00857843  0.01036953  0.03139254  0.01475718  0.00776461  0.07274213  0.00490396  0.00081733  0.00734394  0.06487148  0.00183599  0.00061200 
  0.00669989  0.01209249  0.03248441  0.01507277  0.00564334  0.05191874  0.00225734  0.00000000  0.00678593  0.06662554  0.00000000  0.00123381 
  0.00676293  0.01060135  0.02961056  0.01802382  0.01266395  0.04658526  0.00452284  0.00090457  0.00739645  0.06952663  0.00221893  0.00221893 
  0.00524769  0.01563812  0.03367434  0.01790281  0.01066667  0.05173333  0.00746667  0.00053333  0.00693642  0.06936416  0.00000000  0.00231214 
  0.00615317  0.01296561  0.03493450  0.01746725  0.01376721  0.05944931  0.00813517  0.00000000  0.00496032  0.06944444  0.00496032  0.00297619 
  0.00511727  0.01375267  0.03323558  0.01824699  0.01329305  0.04652568  0.00302115  0.00120846  0.00966962  0.05318292  0.00322321  0.00161160 
  0.00493218  0.00986436  0.03201067  0.01867289  0.00757576  0.04545455  0.00757576  0.00233100  0.00745156  0.07451565  0.00223547  0.00447094 
  0.00497029  0.00972447  0.04213772  0.01541624  0.00830484  0.03712750  0.00537372  0.00097704  0.01033386  0.07710652  0.00238474  0.00079491 
  0.00508962  0.00984731  0.04541667  0.02958333  0.00806834  0.04651163  0.00237304  0.00047461  0.00922131  0.07069672  0.00512295  0.01024590 
  0.00397057  0.01051034  0.05843544  0.02921772  0.00845467  0.05166745  0.00234852  0.00187882  0.01454545  0.08242424  0.00606061  0.01090909 
  0.00573394  0.00866463  0.04171934  0.02064897  0.00892438  0.05025834  0.00140911  0.00046970  0.00814901  0.08847497  0.00349243  0.00698487 
  0.00466763  0.01174956  0.04193077  0.01657728  0.00185414  0.04511743  0.00123609  0.00000000  0.00834327  0.07032181  0.00357569  0.00357569 
  0.00651303  0.01177355  0.05621693  0.01388889  0.00750268  0.04394427  0.00535906  0.00000000  0.01882845  0.09623431  0.00627615  0.00209205 
  0.01321138  0.03760163  0.04237288  0.03389831  0.03378378  0.03378378  0.04054054  0.00675676  0.00943396  0.06603774  0.00000000  0.00000000 
  0.00754936  0.03600465  0.02689487  0.01955990  0.00970874  0.03559871  0.01294498  0.00323625  0.01832461  0.06282723  0.00523560  0.00785340 
  0.00724146  0.01493551  0.03679853  0.01103956  0.00653595  0.02832244  0.00871460  0.00108932  0.00602410  0.06626506  0.00200803  0.00200803 
  0.00670921  0.01456390  0.02858655  0.01535204  0.01233616  0.03238242  0.01619121  0.00154202  0.00431034  0.07183908  0.00574713  0.00143678 
  0.00418994  0.01053834  0.02038787  0.02187966  0.00146092  0.04309715  0.00803506  0.00146092  0.01444043  0.07039711  0.00180505  0.00180505 
  0.00535168  0.01452599  0.03054893  0.02338902  0.00820232  0.03417635  0.00683527  0.00068353  0.00963082  0.06260032  0.00000000  0.00321027 
  0.00664688  0.01495549  0.03297818  0.02587519  0.00867679  0.04121475  0.00578453  0.00144613  0.00505051  0.05555556  0.00168350  0.00000000 
  0.00730185  0.01731245  0.03301081  0.02390438  0.01353503  0.04458599  0.00716561  0.00079618  0.00714286  0.06857143  0.00000000  0.00142857 
  0.00775767  0.01237532  0.03439803  0.02825553  0.02472952  0.07727975  0.01081917  0.00000000  0.00359712  0.05035971  0.00359712  0.00359712 
  0.00649984  0.01018308  0.02476780  0.01805986  0.01472995  0.04828151  0.00900164  0.00245499  0.01085271  0.07131783  0.00155039  0.00930233 
  0.00608158  0.00754954  0.02963311  0.02069614  0.01250000  0.06805556  0.01319444  0.00277778  0.00399467  0.07856192  0.00133156  0.00133156 
  0.00425935  0.00982016  0.02537183  0.01793526  0.02237288  0.05016949  0.01220339  0.00203390  0.00232019  0.07888631  0.00000000  0.00232019 
  0.00493864  0.01182281  0.01914207  0.01452952  0.00936768  0.03864169  0.00351288  0.00175644  0.00356930  0.05651398  0.00059488  0.00118977 
  0.00469028  0.01083616  0.01164425  0.00943586  0.01088534  0.04499274  0.00000000  0.00000000  0.00265252  0.04986737  0.00106101  0.00106101 
  0.00760125  0.01433022  0.02710027  0.01795393  0.00987092  0.05466970  0.00531511  0.00151860  0.00675676  0.04138514  0.00168919  0.00168919 
  0.00635089  0.01495105  0.02923977  0.02339181  0.01662510  0.03906899  0.00581879  0.00083126  0.00656168  0.05511811  0.00131234  0.00131234 
  0.00556628  0.01158696  0.02350290  0.01899549  0.00570613  0.03138374  0.00523062  0.00047551  0.00895037  0.06346623  0.00081367  0.00081367 
  0.00335393  0.01006178  0.02850138  0.01777505  0.00613497  0.04371166  0.00345092  0.00038344  0.00671141  0.07466443  0.00083893  0.00000000 
  0.00352578  0.01198766  0.02703718  0.01126549  0.00755892  0.06891952  0.00355714  0.00000000  0.00610376  0.08036623  0.00000000  0.00101729 
  0.00469259  0.00948094  0.02485004  0.01285347  0.00439560  0.07692308  0.00439560  0.00219780  0.00554324  0.08869180  0.00000000  0.00554324 
  0.00386026  0.00887859  0.03471074  0.01487603  0.00705645  0.06804435  0.00604839  0.00252016  0.00331858  0.07743363  0.00110619  0.00110619 
  0.00538651  0.01162351  0.02639594  0.01370558  0.00914962  0.08234661  0.00592034  0.00000000  0.00831025  0.07756233  0.00000000  0.00000000 
  0.00465884  0.01387945  0.03782506  0.01654846  0.00889152  0.07350326  0.00711322  0.00059277  0.00480769  0.07852564  0.00000000  0.00000000 
  0.00494297  0.01368821  0.03381340  0.01628053  0.01587302  0.05339105  0.00577201  0.00072150  0.00773694  0.05029014  0.00000000  0.00386847 
  0.00415911  0.01034446  0.02666667  0.01523810  0.01760563  0.04049296  0.00792254  0.00088028  0.00600601  0.07807808  0.00000000  0.00600601 
  0.00739881  0.01378210  0.02472527  0.01785714  0.02130493  0.05592543  0.01597870  0.00133156  0.00425532  0.08510638  0.00851064  0.00425532 
  0.00609470  0.01218940  0.03784571  0.03202329  0.02242152  0.05680120  0.01195815  0.00298954  0.00000000  0.08900524  0.01047120  0.00000000 
  0.00506971  0.01380087  0.01847575  0.03002309  0.01147541  0.06229508  0.01147541  0.00491803  0.03571429  0.11607143  0.00892857  0.00000000 
  0.00539437  0.01472518  0.04746835  0.01898734  0.01645338  0.08226691  0.00914077  0.00548446  0.00000000  0.15384615  0.01282051  0.01282051 
  0.00270840  0.01263918  0.02427184  0.01941748  0.01990050  0.07296849  0.00829187  0.00497512  0.00813008  0.13821138  0.00813008  0.00000000 
  0.00507692  0.01538462  0.02627258  0.02955665  0.03039074  0.06222865  0.01302460  0.00289436  0.01976285  0.17391304  0.00000000  0.00395257 
  0.00828949  0.01657899  0.05531915  0.04255319  0.04025974  0.10519481  0.01558442  0.00389610  0.01010101  0.14393939  0.00252525  0.01262626 
  0.01261779  0.01453442  0.04977376  0.03733032  0.02171291  0.09770808  0.01568154  0.00000000  0.00984252  0.17322835  0.00000000  0.00000000 
  0.01366206  0.01790201  0.04853387  0.03640040  0.03455497  0.10366492  0.01256545  0.00000000  0.01562500  0.17812500  0.00312500  0.00000000 
  0.01288830  0.01801058  0.05177373  0.02301055  0.01983003  0.10953730  0.01227573  0.00472144  0.00454545  0.15151515  0.00000000  0.00757576 
  0.01394325  0.02201566  0.03534778  0.02622577  0.01492537  0.07628524  0.00995025  0.00000000  0.00430108  0.12043011  0.00215054  0.00645161 
  0.01703801  0.03276540  0.01476015  0.02029520  0.01729107  0.05475504  0.01152738  0.00288184  0.00000000  0.11481481  0.00000000  0.00740741 
  0.01712981  0.02131709  0.04597701  0.01806240  0.02684564  0.11185682  0.00894855  0.00000000  0.00302115  0.15709970  0.00000000  0.00906344 
  0.01762600  0.02230790  0.02900552  0.02071823  0.01681759  0.10996119  0.00905563  0.00129366  0.00543478  0.16304348  0.00000000  0.00271739 
  0.01242400  0.02114724  0.06044678  0.01971091  0.01552393  0.10866753  0.01164295  0.00517464  0.00543478  0.12228261  0.00000000  0.00271739 
  0.01476741  0.01821314  0.06296852  0.02098951  0.02534854  0.11533587  0.01520913  0.00253485  0.00701754  0.14385965  0.00000000  0.00000000 
  0.01209253  0.02365931  0.06157113  0.02547771  0.01488834  0.10173697  0.00992556  0.00124069  0.00226244  0.11312217  0.01357466  0.00452489 
  0.01401195  0.02513909  0.05916399  0.02958199  0.01758499  0.07620164  0.01289566  0.00117233  0.01369863  0.09452055  0.00547945  0.00547945 
  0.01058601  0.02268431  0.07972136  0.03250774  0.01625239  0.07361377  0.01338432  0.00000000  0.01964286  0.11428571  0.00535714  0.00535714 
  0.01120448  0.02025426  0.04915433  0.02167019  0.00804020  0.06934673  0.00804020  0.00201005  0.01365188  0.07849829  0.00455063  0.00455063 
  0.01311614  0.01903956  0.03793382  0.01452785  0.01925134  0.11016043  0.01176471  0.00320856  0.01302932  0.09446254  0.00000000  0.00325733 
  0.01323463  0.01816958  0.04987685  0.02155172  0.01416765  0.06611570  0.00354191  0.00000000  0.01237964  0.09903714  0.00137552  0.00137552 
  0.01377358  0.02207547  0.07078764  0.02392822  0.02054795  0.07045010  0.01272016  0.00097847  0.01714286  0.12857143  0.00857143  0.01428571 
  0.00743297  0.01725511  0.09002904  0.03000968  0.01243781  0.04726368  0.00746269  0.00000000  0.02139037  0.13101604  0.00534759  0.01336898 
  0.00735895  0.01689834  0.05627706  0.03636364  0.01295337  0.04792746  0.00388601  0.00259067  0.00783290  0.10704961  0.00261097  0.00783290 
  0.01996234  0.02184557  0.11253197  0.01534527  0.02052239  0.08955224  0.01865672  0.00186567  0.03603604  0.14414414  0.00000000  0.00900901 
  0.01784121  0.02586976  0.09218437  0.03006012  0.01694915  0.07415254  0.00211864  0.00423729  0.01000000  0.08000000  0.00000000  0.00500000 
  0.01263617  0.01830065  0.08363636  0.03454545  0.02455357  0.06919643  0.00892857  0.00223214  0.02577320  0.16494845  0.01030928  0.00000000 
  0.01976794  0.02105716  0.05333333  0.03333333  0.01682692  0.07692308  0.01442308  0.00240385  0.04310345  0.11206897  0.00000000  0.00000000 
  0.01277778  0.03500000  0.05641026  0.00512821  0.02649007  0.07615894  0.00993377  0.00993377  0.02702703  0.05405405  0.00000000  0.00000000 
  0.02194093  0.03544304  0.02570093  0.00934579  0.01477833  0.06896552  0.01970443  0.00000000  0.00473934  0.05213270  0.00000000  0.00000000 
  0.01210654  0.03208232  0.02011263  0.01528560  0.01515152  0.07196970  0.00378788  0.00000000  0.00291545  0.02332362  0.00000000  0.00291545 
  0.01356269  0.02977175  0.02314815  0.01785714  0.03225806  0.04569892  0.01075269  0.00268817  0.00460829  0.05069124  0.00000000  0.00000000 
  0.01557936  0.03018500  0.03002611  0.02480418  0.04098361  0.07650273  0.04098361  0.00273224  0.00518135  0.05958549  0.00259067  0.00777202 
