  0.00209851  0.01308480  0.01639344  0.01639344  0.00891972  0.14568880  0.00495540  0.00198216  0.00337838  0.08108108  0.00000000  0.00000000 
  0.00157760  0.00690199  0.01566364  0.02225886  0.00288184  0.14841499  0.00288184  0.00000000  0.00947867  0.08767773  0.00236967  0.00710900 
  0.00238711  0.00905112  0.01620162  0.02520252  0.00487805  0.14634146  0.00325203  0.00243902  0.00466200  0.06060606  0.00000000  0.01398601 
  0.00163449  0.00766166  0.01994302  0.03038936  0.00239234  0.13476874  0.00398724  0.00159490  0.00250627  0.06015038  0.00000000  0.00751880 
  0.00228833  0.00656651  0.02819738  0.02618328  0.00710339  0.12628256  0.00394633  0.00236780  0.00555556  0.05000000  0.00555556  0.00833333 
  0.00256594  0.00359232  0.01990632  0.01639344  0.00760135  0.10979730  0.00168919  0.00000000  0.00000000  0.06115108  0.00000000  0.01079137 
  0.00376530  0.00522958  0.02017291  0.02449568  0.00880282  0.09154930  0.00352113  0.00176056  0.00393701  0.09055118  0.00000000  0.00000000 
  0.00454294  0.00631579  0.02871622  0.03716216  0.01302605  0.09819639  0.00200401  0.00100200  0.00000000  0.08675799  0.00000000  0.00913242 
  0.00342223  0.00578239  0.02697095  0.01659751  0.01428571  0.10329670  0.00769231  0.00219780  0.00529101  0.13756614  0.00000000  0.01058201 
  0.00445519  0.00572811  0.02657005  0.05314010  0.00692841  0.09699769  0.00461894  0.00115473  0.00833333  0.12500000  0.00000000  0.01666667 
  0.00402504  0.00715564  0.03601108  0.02770083  0.00256739  0.10783055  0.01026958  0.00128370  0.00000000  0.11475410  0.00000000  0.00000000 
  0.00603693  0.00727983  0.05294118  0.02352941  0.02190923  0.12519562  0.00625978  0.00312989  0.00680272  0.08843537  0.00000000  0.00000000 
  0.00451653  0.00718538  0.04712042  0.04973822  0.02127660  0.11292962  0.00490998  0.00490998  0.00680272  0.06802721  0.00000000  0.01360544 
  0.01008403  0.01176471  0.05841121  0.06074766  0.01515152  0.10606061  0.00568182  0.00189394  0.00000000  0.08461538  0.00000000  0.00000000 
  0.01153735  0.01355639  0.04508197  0.03688525  0.02244898  0.08367347  0.00612245  0.00408163  0.00546448  0.03278689  0.01092896  0.01092896 
  0.00744772  0.01203094  0.02304738  0.01408451  0.02003643  0.08014572  0.00182149  0.00000000  0.00518135  0.04922280  0.00259067  0.00000000 
  0.00412371  0.01108247  0.05808325  0.00968054  0.01367781  0.05927052  0.00151976  0.00303951  0.02412869  0.08310992  0.00000000  0.00000000 
  0.00245700  0.00737101  0.02700386  0.00985855  0.00808407  0.05092967  0.00242522  0.00080841  0.00177148  0.04871568  0.00265722  0.00265722 
  0.00239323  0.00202504  0.00313357  0.00305523  0.00046393  0.01275806  0.00023196  0.00000000  0.00067431  0.03169252  0.00000000  0.00000000 
  0.00178934  0.00226649  0.00377181  0.00330033  0.00074479  0.06628600  0.00074479  0.00000000  0.00109569  0.02337473  0.00036523  0.00000000 
  0.00294118  0.00679513  0.00735801  0.01057714  0.00230548  0.13371758  0.00115274  0.00115274  0.00090226  0.02706767  0.00000000  0.00000000 
  0.00258065  0.00634409  0.02858999  0.01819363  0.00705882  0.17882353  0.00078431  0.00156863  0.00389610  0.09610390  0.00129870  0.00000000 
  0.00158428  0.00918885  0.01808511  0.01702128  0.00533944  0.17925248  0.00152555  0.00228833  0.00340136  0.09523810  0.00113379  0.00566893 
  0.00306560  0.00715308  0.01441441  0.00660661  0.00219138  0.17969321  0.00146092  0.00146092  0.00112740  0.07328072  0.00000000  0.00000000 
  0.00304398  0.00650782  0.02186761  0.00827423  0.00369004  0.17564576  0.00147601  0.00073801  0.00452489  0.09502262  0.00000000  0.00000000 
  0.00296123  0.00681981  0.01539138  0.01407212  0.00329308  0.14654226  0.00219539  0.00000000  0.00548948  0.07776761  0.00091491  0.00274474 
  0.00270923  0.00380757  0.00785182  0.00563721  0.00094607  0.03140965  0.00000000  0.00000000  0.00182232  0.06560364  0.00000000  0.00000000 
  0.00577585  0.00399867  0.00485900  0.00251627  0.00145773  0.00728863  0.00032394  0.00000000  0.00131431  0.03623733  0.00018776  0.00000000 
  0.00863328  0.01075840  0.00831453  0.00677040  0.00214305  0.01660863  0.00133941  0.00000000  0.00229826  0.05643514  0.00025536  0.00076609 
  0.00869565  0.01104210  0.01081217  0.01433241  0.00739280  0.04632824  0.00640710  0.00000000  0.00147493  0.07325467  0.00049164  0.00098328 
  0.00720576  0.01216974  0.00711997  0.01174795  0.00257898  0.06511928  0.00322373  0.00064475  0.00240385  0.06410256  0.00160256  0.00160256 
  0.00746269  0.01129488  0.00909091  0.01033058  0.00913621  0.08471761  0.00332226  0.00000000  0.00300300  0.07307307  0.00000000  0.00000000 
  0.00909962  0.01125479  0.01469508  0.00881705  0.00531915  0.13031915  0.00531915  0.00132979  0.00414079  0.06625259  0.00000000  0.00000000 
  0.00709220  0.00945626  0.01897810  0.01532847  0.00163532  0.08176615  0.00245298  0.00081766  0.00190840  0.08778626  0.00000000  0.00763359 
  0.00597256  0.01049233  0.01635402  0.01827802  0.00517799  0.06537217  0.00970874  0.00000000  0.00434783  0.07173913  0.00217391  0.00108696 
  0.00826972  0.01224555  0.01536246  0.01200192  0.00303398  0.05097087  0.00364078  0.00000000  0.00609756  0.08170732  0.00000000  0.00121951 
  0.00627334  0.01314414  0.01562961  0.01150103  0.00464684  0.03717472  0.00185874  0.00000000  0.00458415  0.07400131  0.00000000  0.00130976 
  0.00800739  0.01093317  0.00897666  0.01095153  0.00324281  0.03202270  0.00202675  0.00040535  0.00108069  0.06123919  0.00036023  0.00036023 
  0.00441971  0.01489606  0.01125209  0.01580081  0.00268962  0.03173749  0.00107585  0.00000000  0.00416171  0.07253270  0.00000000  0.00118906 
  0.00718168  0.01455745  0.01488909  0.01306594  0.00474255  0.03590786  0.00406504  0.00135501  0.00355872  0.06476868  0.00000000  0.00142349 
  0.00706436  0.01707221  0.01767505  0.01053705  0.01099764  0.05420267  0.00628437  0.00000000  0.00249066  0.04669988  0.00000000  0.00062267 
  0.00745077  0.01028916  0.01897400  0.00726165  0.00894569  0.05750799  0.00766773  0.00063898  0.00078989  0.04620853  0.00039494  0.00039494 
  0.00845744  0.01195073  0.02279813  0.00993765  0.01278772  0.05200341  0.00682012  0.00085251  0.00245432  0.02972457  0.00000000  0.00000000 
  0.00837100  0.01339360  0.01644317  0.00782248  0.00628492  0.05586592  0.00558659  0.00069832  0.00210330  0.03365272  0.00023370  0.00023370 
  0.00910584  0.00865801  0.02190923  0.00665102  0.00732154  0.05247102  0.00305064  0.00122026  0.00245886  0.03064120  0.00000000  0.00000000 
  0.00855973  0.00955216  0.02167149  0.01008475  0.00761308  0.04388715  0.00268697  0.00044783  0.00515375  0.03349940  0.00068717  0.00000000 
  0.00742520  0.00677004  0.02075362  0.00962319  0.01203852  0.04614767  0.00280899  0.00040128  0.00405268  0.04539007  0.00040527  0.00000000 
  0.00638204  0.00968310  0.02117769  0.01110537  0.00802890  0.05820955  0.00481734  0.00120434  0.00557103  0.04828227  0.00023213  0.00000000 
  0.00485591  0.00918400  0.02317623  0.01244361  0.00733795  0.05421932  0.00285365  0.00081533  0.00831281  0.06003695  0.00000000  0.00061576 
  0.00561110  0.00856968  0.02140557  0.01079750  0.00408497  0.05433007  0.00326797  0.00081699  0.00468637  0.06849315  0.00072098  0.00000000 
  0.00687428  0.00822831  0.02243140  0.01001402  0.00613968  0.04834996  0.00191865  0.00076746  0.00350263  0.08800350  0.00000000  0.00043783 
  0.00849829  0.01108923  0.02848795  0.01266131  0.00648228  0.04624028  0.00432152  0.00043215  0.00904466  0.08479367  0.00113058  0.00113058 
  0.01070181  0.01239157  0.04365621  0.01391542  0.01118133  0.04472533  0.00291687  0.00097229  0.00648415  0.08573487  0.00072046  0.00144092 
  0.00786293  0.01326135  0.04080408  0.01110111  0.01220159  0.04509284  0.00689655  0.00159151  0.01108472  0.09422011  0.00079177  0.00079177 
  0.00876561  0.01368876  0.04614275  0.01802451  0.00901408  0.05352113  0.00619718  0.00169014  0.00799290  0.08348135  0.00177620  0.00000000 
  0.01424072  0.01780090  0.06367663  0.01439646  0.01761804  0.03805497  0.01268499  0.00140944  0.01675978  0.08240223  0.00279330  0.00558659 
  0.01726506  0.02472042  0.06273526  0.02509410  0.02756892  0.04511278  0.01127820  0.00000000  0.02080444  0.09570042  0.00138696  0.00554785 
  0.00965759  0.02897278  0.03024748  0.02566453  0.00660793  0.02202643  0.00660793  0.00220264  0.00689655  0.06206897  0.00229885  0.00000000 
  0.00948188  0.02404335  0.03695324  0.03770739  0.01200000  0.03200000  0.01466667  0.00266667  0.00321543  0.07073955  0.00000000  0.00482315 
  0.02042451  0.03083700  0.04791482  0.01774623  0.01991150  0.06194690  0.02212389  0.00221239  0.00152207  0.05936073  0.00304414  0.00304414 
  0.01538462  0.03046757  0.06387435  0.02408377  0.01950355  0.04787234  0.02304965  0.00177305  0.00761421  0.06852792  0.01015228  0.00253807 
  0.01311635  0.02040321  0.05902384  0.02837684  0.02305476  0.04322767  0.01585014  0.00144092  0.00909091  0.10303030  0.00606061  0.00909091 
  0.01523254  0.01912170  0.03487592  0.02682763  0.02030457  0.05583756  0.00710660  0.00101523  0.00663717  0.07964602  0.00221239  0.01769912 
  0.01492319  0.01916606  0.03640982  0.02455546  0.02584270  0.08539326  0.02359551  0.00224719  0.02549575  0.08215297  0.00000000  0.01133144 
  0.01446759  0.02039931  0.03316327  0.01530612  0.05580029  0.08663730  0.03083700  0.00440529  0.01023891  0.08191126  0.00341297  0.00682594 
  0.01351351  0.01746128  0.03871577  0.03493862  0.03182580  0.09715243  0.04187605  0.01172529  0.01162791  0.06976744  0.00000000  0.00775194 
  0.01563952  0.01796222  0.03745318  0.02153558  0.04387569  0.08409506  0.02925046  0.00365631  0.01215805  0.08206687  0.00000000  0.00000000 
  0.01398601  0.01666419  0.03476483  0.02147239  0.04071661  0.08631922  0.03745928  0.00488599  0.00733496  0.08068460  0.00000000  0.00244499 
  0.01299277  0.01697918  0.03006682  0.02561247  0.02819237  0.09452736  0.02985075  0.01160862  0.00542005  0.05691057  0.00271003  0.00271003 
  0.01079977  0.01897256  0.02601457  0.01977107  0.03025719  0.10590015  0.00907716  0.00907716  0.00824176  0.10164835  0.00000000  0.00549451 
  0.00958866  0.01389661  0.03174603  0.01587302  0.02706186  0.09149485  0.01159794  0.00386598  0.00467290  0.08411215  0.00233645  0.00233645 
  0.00787202  0.01422042  0.01689546  0.01267159  0.01452785  0.07869249  0.01210654  0.00242131  0.00511509  0.06649616  0.00000000  0.00767263 
  0.00466744  0.01028959  0.03878903  0.01229896  0.01271571  0.07356948  0.00544959  0.00544959  0.00729927  0.08029197  0.00243309  0.00243309 
  0.00632201  0.00866728  0.03379310  0.01793103  0.00538358  0.07537012  0.00471063  0.00134590  0.00636943  0.06528662  0.00000000  0.00000000 
  0.00467290  0.00740825  0.02021019  0.01616815  0.00441640  0.05930599  0.00441640  0.00063091  0.00000000  0.07400000  0.00000000  0.00200000 
  0.00377852  0.00959163  0.03284072  0.01970443  0.00414938  0.07157676  0.00414938  0.00103734  0.00675676  0.09797297  0.00168919  0.00000000 
  0.00517972  0.01004552  0.03312883  0.01226994  0.00756430  0.07337368  0.00529501  0.00151286  0.00261780  0.08507853  0.00130890  0.00130890 
  0.00676315  0.00838631  0.03313112  0.01866542  0.00516055  0.06766055  0.00229358  0.00286697  0.00211416  0.09725159  0.00000000  0.00317125 
  0.00607488  0.00843045  0.03385511  0.01601747  0.00799148  0.05807139  0.00852424  0.00053277  0.00757002  0.08024224  0.00000000  0.00151400 
  0.00877458  0.01467474  0.02892713  0.01428048  0.00783605  0.08137432  0.00542495  0.00120555  0.00505051  0.07792208  0.00216450  0.00000000 
  0.00785824  0.01402157  0.03751737  0.01945345  0.01317523  0.09486166  0.00658762  0.00065876  0.00653595  0.09056956  0.00186741  0.00186741 
  0.00960781  0.01464798  0.03701360  0.02341031  0.01532567  0.11430396  0.00638570  0.00191571  0.00854336  0.08543358  0.00042717  0.00042717 
