  0.00000000  0.00763359  0.00141844  0.00567376  0.00000000  0.50000000  0.00000000  0.00000000  0.00000000  0.24885496  0.00000000  0.00000000 
  0.00406504  0.00813008  0.00265252  0.00132626  0.00000000  0.57746479  0.00000000  0.00000000  0.00000000  0.23815789  0.00000000  0.00000000 
  0.00454545  0.00454545  0.00395257  0.00131752  0.00000000  0.62121212  0.00000000  0.00000000  0.00000000  0.30167598  0.00000000  0.00000000 
  0.00408163  0.00816327  0.00136240  0.00272480  0.00000000  0.59420290  0.00000000  0.00000000  0.00000000  0.26100152  0.00000000  0.00000000 
  0.00473934  0.00473934  0.00117509  0.00470035  0.03636364  0.32727273  0.00000000  0.00000000  0.00000000  0.26169265  0.00000000  0.00000000 
  0.00487805  0.00000000  0.00126422  0.00379267  0.00000000  0.45454545  0.00000000  0.00000000  0.00000000  0.26082005  0.00000000  0.00000000 
  0.00913242  0.00000000  0.00000000  0.00130208  0.00000000  0.45283019  0.00000000  0.00000000  0.00000000  0.28862974  0.00000000  0.00000000 
  0.00000000  0.00000000  0.00000000  0.00000000  0.00000000  0.61403509  0.00000000  0.00000000  0.00000000  0.29304636  0.00000000  0.00000000 
  0.00000000  0.00790514  0.00000000  0.00149477  0.00000000  0.58620690  0.00000000  0.00000000  0.00000000  0.27641100  0.00000000  0.00000000 
  0.00000000  0.00000000  0.00000000  0.00000000  0.00000000  0.60416667  0.00000000  0.00000000  0.00000000  0.25063291  0.00000000  0.00000000 
  0.00000000  0.01621622  0.00110254  0.00661521  0.00000000  0.31111111  0.00000000  0.00000000  0.00000000  0.24296435  0.00000000  0.00000000 
  0.00515464  0.00515464  0.00115473  0.00692841  0.00000000  0.38888889  0.00000000  0.00000000  0.00000000  0.22681452  0.00000000  0.00000000 
  0.00442478  0.00000000  0.00000000  0.00246002  0.00000000  0.54385965  0.00000000  0.00000000  0.00000000  0.27343750  0.00000000  0.00130208 
  0.00000000  0.00961538  0.00425080  0.00318810  0.00000000  0.46296296  0.00000000  0.00000000  0.00000000  0.23718593  0.00000000  0.00000000 
  0.00578035  0.00000000  0.00000000  0.00310559  0.02127660  0.51063830  0.00000000  0.00000000  0.00000000  0.22953451  0.00000000  0.00000000 
  0.01818182  0.00000000  0.00122699  0.00245399  0.00000000  0.69117647  0.00000000  0.00000000  0.00132275  0.30158730  0.00000000  0.00000000 
  0.00975610  0.00487805  0.00117509  0.00235018  0.00000000  0.50724638  0.01449275  0.00000000  0.00000000  0.25141563  0.00000000  0.00000000 
  0.00000000  0.00800000  0.00237248  0.00474496  0.02702703  0.44594595  0.00000000  0.00000000  0.00122549  0.26593137  0.00000000  0.00000000 
  0.00000000  0.00543478  0.00116414  0.00232829  0.00000000  0.46666667  0.00000000  0.00000000  0.00000000  0.19869403  0.00000000  0.00000000 
  0.00858369  0.00429185  0.00351700  0.00117233  0.00000000  0.54545455  0.00000000  0.00000000  0.00225989  0.24632768  0.00000000  0.00000000 
  0.01345291  0.00000000  0.00119332  0.00238663  0.00000000  0.57142857  0.00000000  0.00000000  0.00000000  0.24324324  0.00000000  0.00000000 
  0.00000000  0.00000000  0.00289017  0.00144509  0.00000000  0.67058824  0.00000000  0.00000000  0.00000000  0.32746479  0.00000000  0.00000000 
  0.00000000  0.00793651  0.00164745  0.00000000  0.00000000  0.65079365  0.01587302  0.00000000  0.00000000  0.26347305  0.00000000  0.00000000 
  0.00000000  0.00465116  0.00000000  0.00000000  0.00000000  0.58490566  0.00000000  0.00000000  0.00000000  0.27222982  0.00000000  0.00000000 
  0.00000000  0.00000000  0.00000000  0.00000000  0.00000000  0.74603175  0.00000000  0.00000000  0.00000000  0.30622010  0.00000000  0.00000000 
  0.00790514  0.00395257  0.00497512  0.00124378  0.00000000  0.66666667  0.00000000  0.00000000  0.00000000  0.27183272  0.00000000  0.00000000 
  0.00826446  0.00826446  0.00000000  0.00252207  0.00000000  0.54687500  0.01562500  0.00000000  0.00000000  0.25976769  0.00000000  0.00000000 
  0.00000000  0.00854701  0.00330761  0.00330761  0.00000000  0.42857143  0.01428571  0.00000000  0.00000000  0.24721030  0.00000000  0.00000000 
  0.00000000  0.00473934  0.00000000  0.00397878  0.00000000  0.60655738  0.00000000  0.00000000  0.00000000  0.28451381  0.00000000  0.00000000 
  0.00423729  0.00000000  0.00277393  0.00138696  0.00000000  0.63013699  0.00000000  0.00000000  0.00000000  0.27818627  0.00000000  0.00000000 
  0.00373134  0.00000000  0.00354610  0.00118203  0.00000000  0.51351351  0.00000000  0.00000000  0.00112740  0.27282976  0.00000000  0.00000000 
  0.00000000  0.00000000  0.00467290  0.00116822  0.00000000  0.36363636  0.00000000  0.00000000  0.00156740  0.26332288  0.00000000  0.00000000 
  0.00000000  0.00000000  0.00609013  0.00487211  0.00000000  0.32967033  0.02197802  0.00000000  0.00115207  0.19585253  0.00000000  0.00000000 
  0.00000000  0.00327869  0.00679502  0.00339751  0.00000000  0.39772727  0.00000000  0.00000000  0.00000000  0.21325967  0.00000000  0.00000000 
  0.00000000  0.00000000  0.00519751  0.00415800  0.00000000  0.42857143  0.00000000  0.00000000  0.00000000  0.20186698  0.00000000  0.00000000 
  0.00380228  0.01140684  0.00375940  0.00469925  0.01351351  0.36486486  0.00000000  0.00000000  0.00083403  0.19182652  0.00000000  0.00000000 
  0.00000000  0.00743494  0.00472144  0.00188857  0.01282051  0.30769231  0.00000000  0.00000000  0.00077640  0.18090062  0.00000000  0.00000000 
  0.00000000  0.00269542  0.00445931  0.00445931  0.00000000  0.47000000  0.01000000  0.00000000  0.00242424  0.24000000  0.00000000  0.00000000 
  0.00302115  0.00000000  0.00422386  0.00211193  0.00000000  0.38554217  0.00000000  0.01204819  0.00102459  0.20799180  0.00000000  0.00000000 
  0.00305810  0.00611621  0.00617284  0.00411523  0.00000000  0.51578947  0.00000000  0.00000000  0.00000000  0.22164948  0.00000000  0.00000000 
  0.00316456  0.00000000  0.00487329  0.00097466  0.00000000  0.44660194  0.00000000  0.00000000  0.00101937  0.24770642  0.00000000  0.00000000 
