  0.00000000  0.00621118  0.01115242  0.01486989  0.00000000  0.12987013  0.00649351  0.00000000  0.00900901  0.08108108  0.00000000  0.00000000 
  0.00413793  0.00827586  0.01461988  0.01169591  0.00000000  0.08125000  0.00000000  0.00625000  0.00000000  0.07194245  0.00000000  0.00000000 
  0.00144300  0.00721501  0.02072539  0.01554404  0.00000000  0.08092486  0.00000000  0.00000000  0.00000000  0.08333333  0.00000000  0.00000000 
  0.00297177  0.01337296  0.00760456  0.01140684  0.00000000  0.15822785  0.00000000  0.00000000  0.00000000  0.11200000  0.00000000  0.00000000 
  0.00000000  0.00671141  0.00555556  0.01111111  0.00000000  0.16528926  0.00000000  0.00000000  0.00000000  0.10958904  0.00000000  0.00000000 
  0.00000000  0.01044776  0.00398406  0.00796813  0.00000000  0.18421053  0.00000000  0.00000000  0.01000000  0.07000000  0.00000000  0.00000000 
  0.00156006  0.01092044  0.01655629  0.00993377  0.00000000  0.16666667  0.00000000  0.00000000  0.00000000  0.11851852  0.00000000  0.00000000 
  0.00447094  0.01341282  0.01805054  0.02527076  0.00000000  0.12056738  0.00000000  0.00000000  0.00000000  0.06756757  0.00000000  0.00000000 
  0.00163666  0.00818331  0.00867052  0.01734104  0.00000000  0.11678832  0.00000000  0.00000000  0.00000000  0.11965812  0.00000000  0.00000000 
  0.00285307  0.00713267  0.00887574  0.00295858  0.00000000  0.14084507  0.00000000  0.00704225  0.00613497  0.13496933  0.00000000  0.00000000 
  0.00144509  0.00867052  0.00294985  0.00884956  0.00000000  0.14193548  0.00645161  0.00000000  0.00636943  0.11464968  0.00000000  0.00000000 
  0.00150376  0.01052632  0.02424242  0.00303030  0.00000000  0.09230769  0.00000000  0.00000000  0.00757576  0.05303030  0.00000000  0.00000000 
  0.00000000  0.00750751  0.01869159  0.01246106  0.00000000  0.10370370  0.00000000  0.00000000  0.02097902  0.07692308  0.00000000  0.00000000 
  0.00156495  0.00312989  0.01602564  0.00641026  0.00000000  0.09554140  0.00000000  0.00636943  0.00675676  0.08108108  0.00000000  0.00000000 
  0.00139470  0.00697350  0.01983003  0.01416431  0.00000000  0.08074534  0.00000000  0.00000000  0.00000000  0.07831325  0.00000000  0.00000000 
  0.00000000  0.00495868  0.03125000  0.01136364  0.00000000  0.11042945  0.00000000  0.00000000  0.00000000  0.05555556  0.00000000  0.00000000 
  0.00155763  0.00934579  0.00507614  0.00507614  0.00000000  0.21568627  0.00000000  0.00000000  0.00000000  0.11428571  0.00000000  0.00000000 
  0.00307220  0.00921659  0.00657895  0.00657895  0.00000000  0.19000000  0.00000000  0.00000000  0.00000000  0.07547170  0.00000000  0.00000000 
  0.00162338  0.00811688  0.02127660  0.01063830  0.00000000  0.11009174  0.00000000  0.00000000  0.00000000  0.07594937  0.00000000  0.01265823 
  0.00000000  0.00998336  0.01149425  0.01149425  0.00000000  0.14285714  0.00000000  0.00000000  0.00000000  0.13846154  0.00000000  0.00000000 
  0.00138696  0.00970874  0.00769231  0.00384615  0.00666667  0.10666667  0.00000000  0.00000000  0.00000000  0.11224490  0.00000000  0.00000000 
  0.00601504  0.01052632  0.02064897  0.00884956  0.00769231  0.07692308  0.00000000  0.00000000  0.00000000  0.10691824  0.00000000  0.00000000 
  0.00289855  0.00579710  0.01058201  0.00264550  0.00000000  0.14814815  0.00000000  0.00000000  0.00000000  0.09139785  0.00000000  0.00000000 
  0.00000000  0.00996678  0.01707317  0.00243902  0.00000000  0.11445783  0.00602410  0.00000000  0.00476190  0.07142857  0.00000000  0.00000000 
  0.00000000  0.00811688  0.01993355  0.00664452  0.00000000  0.15671642  0.00000000  0.00000000  0.01204819  0.09638554  0.00000000  0.00000000 
  0.00000000  0.00772201  0.02777778  0.02160494  0.00000000  0.10714286  0.00000000  0.00000000  0.00000000  0.07692308  0.00000000  0.00000000 
  0.00000000  0.00768049  0.01056338  0.01760563  0.00666667  0.10000000  0.00000000  0.00000000  0.00000000  0.09489051  0.00000000  0.00000000 
  0.00000000  0.00315457  0.01908397  0.01526718  0.00000000  0.10526316  0.00000000  0.00000000  0.00000000  0.15126050  0.00000000  0.00000000 
  0.00830565  0.02159468  0.04166667  0.01620370  0.00740741  0.10370370  0.00000000  0.00000000  0.00000000  0.09956710  0.00000000  0.00000000 
  0.00481541  0.01926164  0.01995565  0.02217295  0.01470588  0.04411765  0.00000000  0.00000000  0.00000000  0.04787234  0.00000000  0.00000000 
  0.00890208  0.01038576  0.00655738  0.00983607  0.00540541  0.08108108  0.00540541  0.00540541  0.00000000  0.07051282  0.00641026  0.00000000 
  0.00761905  0.01333333  0.02621723  0.01123596  0.01408451  0.06338028  0.00704225  0.00704225  0.00000000  0.09027778  0.00000000  0.00000000 
  0.00366300  0.00732601  0.02229299  0.01910828  0.00000000  0.08904110  0.00000000  0.00000000  0.00000000  0.08333333  0.00000000  0.00000000 
  0.00653595  0.02396514  0.05527638  0.00502513  0.00000000  0.11267606  0.00000000  0.00000000  0.00909091  0.06363636  0.00000000  0.00000000 
  0.00167504  0.01842546  0.01219512  0.01219512  0.00000000  0.07142857  0.01190476  0.00000000  0.00000000  0.00000000  0.00000000  0.00000000 
  0.00157729  0.01577287  0.01293103  0.01293103  0.01234568  0.14814815  0.00000000  0.00000000  0.01250000  0.05000000  0.00000000  0.00000000 
  0.00000000  0.01178203  0.01355932  0.01694915  0.00000000  0.19767442  0.00000000  0.00000000  0.00000000  0.05882353  0.00000000  0.00000000 
  0.00000000  0.00601504  0.01465201  0.02564103  0.00000000  0.24038462  0.00000000  0.00000000  0.00000000  0.06250000  0.00000000  0.00000000 
  0.00173913  0.00000000  0.00869565  0.01739130  0.00000000  0.24770642  0.00000000  0.00000000  0.00000000  0.08620690  0.00000000  0.00000000 
  0.00000000  0.00174216  0.01672241  0.01003344  0.00000000  0.40476190  0.00000000  0.00000000  0.02222222  0.12222222  0.00000000  0.00000000 
  0.00000000  0.00517241  0.02960526  0.00657895  0.00000000  0.41052632  0.00000000  0.00000000  0.00552486  0.11602210  0.00000000  0.00000000 
  0.00000000  0.00000000  0.00346021  0.00000000  0.00000000  0.45945946  0.00000000  0.00000000  0.00970874  0.15533981  0.00000000  0.00000000 
  0.00000000  0.00327332  0.00000000  0.00297619  0.00000000  0.29600000  0.00000000  0.00000000  0.00000000  0.09565217  0.00000000  0.00000000 
  0.00000000  0.00327869  0.00000000  0.00333333  0.00000000  0.34126984  0.00000000  0.00793651  0.00000000  0.16037736  0.00000000  0.00000000 
  0.00000000  0.00156495  0.00375940  0.00751880  0.00000000  0.39495798  0.00000000  0.00000000  0.00000000  0.15151515  0.00000000  0.00000000 
  0.00000000  0.00175747  0.00000000  0.00602410  0.00000000  0.54455446  0.00000000  0.00000000  0.00000000  0.22413793  0.00000000  0.00000000 
  0.00000000  0.00462963  0.00000000  0.01550388  0.00000000  0.41803279  0.00000000  0.00000000  0.00000000  0.20512821  0.00000000  0.00000000 
  0.00000000  0.00157480  0.00000000  0.00793651  0.00000000  0.41025641  0.00000000  0.00000000  0.00000000  0.16071429  0.00000000  0.00000000 
  0.00186567  0.00373134  0.01190476  0.00396825  0.00000000  0.47368421  0.00000000  0.00000000  0.00000000  0.15789474  0.00000000  0.00000000 
