  0.00000000  0.00842697  0.00000000  0.00000000  0.00000000  0.28260870  0.00000000  0.00000000  0.00000000  0.62500000  0.00000000  0.00000000 
  0.00000000  0.00657895  0.00000000  0.00000000  0.00000000  0.46511628  0.00000000  0.00000000  0.00000000  0.14285714  0.00000000  0.00000000 
  0.01140684  0.00380228  0.00000000  0.02898551  0.00000000  0.32000000  0.00000000  0.00000000  0.00000000  0.24324324  0.00000000  0.00000000 
  0.00392157  0.01568627  0.02857143  0.00000000  0.00000000  0.16981132  0.00000000  0.00000000  0.01075269  0.05376344  0.00000000  0.00000000 
  0.00571429  0.00285714  0.01578947  0.00526316  0.00000000  0.22500000  0.00000000  0.00000000  0.00000000  0.07000000  0.00000000  0.00000000 
  0.00000000  0.00692042  0.01764706  0.00000000  0.00000000  0.22807018  0.01754386  0.00000000  0.00000000  0.13000000  0.00000000  0.00000000 
  0.00781250  0.00260417  0.00531915  0.00000000  0.00000000  0.32307692  0.00000000  0.00000000  0.00775194  0.13953488  0.00000000  0.00000000 
  0.00628931  0.00628931  0.00000000  0.00549451  0.00000000  0.36363636  0.00000000  0.00000000  0.00000000  0.07031250  0.00000000  0.00000000 
  0.00709220  0.00354610  0.00775194  0.00775194  0.00000000  0.22033898  0.00000000  0.00000000  0.00000000  0.09420290  0.00000000  0.00000000 
  0.00289855  0.00869565  0.00787402  0.00787402  0.01666667  0.30000000  0.00000000  0.00000000  0.00000000  0.12056738  0.00000000  0.00000000 
  0.00604230  0.00604230  0.00724638  0.00000000  0.00000000  0.33333333  0.00000000  0.00000000  0.00000000  0.08527132  0.00000000  0.00000000 
  0.00000000  0.00696864  0.00000000  0.00000000  0.00000000  0.38297872  0.00000000  0.00000000  0.00000000  0.06422018  0.00000000  0.00000000 
  0.00303030  0.00303030  0.00483092  0.00000000  0.00000000  0.19444444  0.00000000  0.00000000  0.00000000  0.09917355  0.00000000  0.00000000 
  0.00983607  0.00000000  0.00000000  0.00689655  0.00000000  0.41176471  0.00000000  0.00000000  0.00680272  0.06122449  0.00000000  0.00000000 
  0.00313480  0.00940439  0.00613497  0.00613497  0.00000000  0.20000000  0.00000000  0.00000000  0.00000000  0.09550562  0.00000000  0.00000000 
  0.00334448  0.02006689  0.00518135  0.01036269  0.00000000  0.28571429  0.00000000  0.00000000  0.00000000  0.08000000  0.00000000  0.00000000 
  0.01384083  0.00000000  0.00684932  0.00000000  0.00000000  0.26000000  0.00000000  0.00000000  0.00000000  0.05263158  0.00000000  0.00000000 
  0.00319489  0.00319489  0.00000000  0.00602410  0.00000000  0.28571429  0.00000000  0.00000000  0.00000000  0.08000000  0.00000000  0.00800000 
  0.00303030  0.00000000  0.00000000  0.00719424  0.00000000  0.28571429  0.00000000  0.00000000  0.00000000  0.10714286  0.00000000  0.00000000 
  0.00364964  0.00364964  0.00862069  0.00862069  0.00000000  0.38297872  0.00000000  0.00000000  0.00000000  0.11458333  0.00000000  0.00000000 
  0.00314465  0.00314465  0.00584795  0.01169591  0.00000000  0.31818182  0.00000000  0.00000000  0.00000000  0.10989011  0.00000000  0.00000000 
  0.00709220  0.00000000  0.00000000  0.00000000  0.00000000  0.33870968  0.00000000  0.00000000  0.00980392  0.13725490  0.00000000  0.00000000 
  0.00000000  0.00316456  0.00000000  0.00543478  0.01818182  0.40000000  0.00000000  0.00000000  0.00000000  0.13274336  0.00000000  0.00000000 
  0.00704225  0.00000000  0.00694444  0.00694444  0.00000000  0.17777778  0.00000000  0.00000000  0.00000000  0.10317460  0.00000000  0.00000000 
  0.00000000  0.00348432  0.01333333  0.00666667  0.00000000  0.33333333  0.00000000  0.00000000  0.00000000  0.11184211  0.00000000  0.00000000 
  0.01102941  0.01470588  0.00000000  0.00000000  0.00000000  0.31250000  0.02083333  0.00000000  0.00000000  0.11258278  0.00000000  0.00000000 
  0.00746269  0.00373134  0.01324503  0.00000000  0.00000000  0.28947368  0.00000000  0.00000000  0.00000000  0.08633094  0.00000000  0.00000000 
  0.00297619  0.00892857  0.00595238  0.00000000  0.00000000  0.29268293  0.00000000  0.00000000  0.00000000  0.06976744  0.00000000  0.00000000 
  0.00387597  0.00775194  0.00000000  0.00000000  0.00000000  0.36666667  0.00000000  0.00000000  0.00000000  0.10256410  0.00000000  0.00000000 
  0.00335570  0.00000000  0.01515152  0.01010101  0.00000000  0.26190476  0.00000000  0.00000000  0.00000000  0.15540541  0.00000000  0.00000000 
  0.00000000  0.00636943  0.00628931  0.00000000  0.00000000  0.43181818  0.00000000  0.00000000  0.00000000  0.08000000  0.00000000  0.00000000 
  0.00000000  0.00371747  0.00641026  0.00000000  0.00000000  0.33333333  0.00000000  0.00000000  0.00000000  0.10937500  0.00000000  0.00000000 
  0.00000000  0.00000000  0.00000000  0.01212121  0.00000000  0.28333333  0.00000000  0.00000000  0.00000000  0.14285714  0.00000000  0.00000000 
  0.01013514  0.00337838  0.00000000  0.00529101  0.00000000  0.52000000  0.00000000  0.00000000  0.00000000  0.09150327  0.00000000  0.00000000 
  0.00330033  0.00000000  0.00507614  0.00000000  0.00000000  0.50000000  0.00000000  0.00000000  0.00000000  0.11486486  0.00000000  0.00000000 
  0.00000000  0.00000000  0.00675676  0.00000000  0.00000000  0.40476190  0.00000000  0.00000000  0.00000000  0.10256410  0.00000000  0.00000000 
  0.00301205  0.00301205  0.00000000  0.02234637  0.00000000  0.33333333  0.00000000  0.00000000  0.00000000  0.10457516  0.00000000  0.00000000 
  0.00692042  0.00692042  0.00000000  0.00000000  0.00000000  0.32075472  0.00000000  0.00000000  0.00000000  0.07865169  0.00000000  0.00000000 
  0.00000000  0.00000000  0.00540541  0.00000000  0.00000000  0.32653061  0.00000000  0.00000000  0.00000000  0.12435233  0.00000000  0.00000000 
  0.00000000  0.00369004  0.00000000  0.00568182  0.00000000  0.32432432  0.00000000  0.00000000  0.00000000  0.12234043  0.00000000  0.00000000 
  0.00657895  0.00657895  0.01030928  0.00000000  0.00000000  0.20833333  0.00000000  0.00000000  0.00000000  0.12000000  0.00000000  0.00000000 
  0.00000000  0.00000000  0.00000000  0.00000000  0.00000000  0.16981132  0.00000000  0.00000000  0.00934579  0.06542056  0.00000000  0.00000000 
  0.00000000  0.00000000  0.00781250  0.00000000  0.00000000  0.28000000  0.00000000  0.00000000  0.00000000  0.15151515  0.00000000  0.00000000 
  0.00000000  0.00583090  0.00000000  0.00000000  0.00000000  0.26315789  0.00000000  0.00000000  0.00000000  0.10227273  0.00000000  0.00000000 
  0.00606061  0.00000000  0.00529101  0.00000000  0.02173913  0.34782609  0.00000000  0.00000000  0.00000000  0.16216216  0.00000000  0.00000000 
  0.00349650  0.00699301  0.00543478  0.00000000  0.00000000  0.33333333  0.00000000  0.00000000  0.00000000  0.10204082  0.00000000  0.00000000 
  0.00384615  0.00384615  0.00000000  0.00512821  0.00000000  0.35000000  0.00000000  0.00000000  0.00000000  0.08955224  0.00000000  0.00000000 
  0.00311526  0.00311526  0.00000000  0.00584795  0.00000000  0.32075472  0.00000000  0.00000000  0.00000000  0.11666667  0.00000000  0.00000000 
  0.00359712  0.00359712  0.02538071  0.00507614  0.00000000  0.31250000  0.00000000  0.00000000  0.00000000  0.03539823  0.00000000  0.00000000 
