  0.00552486  0.00000000  0.00084602  0.00592217  0.00000000  0.45000000  0.00000000  0.00000000  0.00000000  0.14129941  0.00000000  0.00000000 
  0.00000000  0.00000000  0.00072411  0.00217234  0.00000000  0.35714286  0.00000000  0.00000000  0.00037722  0.15126367  0.00000000  0.00000000 
  0.00578035  0.00000000  0.00280112  0.00140056  0.00000000  0.33734940  0.00000000  0.00000000  0.00000000  0.14308877  0.00000000  0.00000000 
  0.00591716  0.00591716  0.00069204  0.00276817  0.00000000  0.27450980  0.00000000  0.00000000  0.00000000  0.12504403  0.00000000  0.00000000 
  0.00000000  0.00000000  0.00190114  0.00570342  0.00000000  0.31372549  0.00000000  0.00000000  0.00000000  0.12360312  0.00000000  0.00000000 
  0.00000000  0.00000000  0.00067705  0.00270819  0.00000000  0.28888889  0.00000000  0.00000000  0.00069735  0.11262204  0.00000000  0.00000000 
  0.00000000  0.00000000  0.00000000  0.00269724  0.00000000  0.33333333  0.00000000  0.00000000  0.00000000  0.11063830  0.00000000  0.00000000 
  0.00000000  0.00000000  0.00292612  0.00292612  0.00000000  0.22916667  0.00000000  0.00000000  0.00114987  0.12993484  0.00000000  0.00000000 
  0.00000000  0.01307190  0.00131234  0.00196850  0.00000000  0.20454545  0.00000000  0.00000000  0.00030912  0.10355487  0.00000000  0.00000000 
  0.01538462  0.00769231  0.00310174  0.00248139  0.01694915  0.28813559  0.00000000  0.00000000  0.00089339  0.08904110  0.00000000  0.00000000 
  0.00000000  0.00854701  0.00196078  0.00392157  0.04166667  0.29166667  0.02083333  0.00000000  0.00055695  0.07964355  0.00000000  0.00000000 
  0.00000000  0.00961538  0.00000000  0.00594530  0.03125000  0.21875000  0.00000000  0.00000000  0.00000000  0.08036857  0.00000000  0.00000000 
  0.00000000  0.00000000  0.00062735  0.00188206  0.04761905  0.33333333  0.00000000  0.00000000  0.00025361  0.08470708  0.00000000  0.00000000 
  0.00000000  0.00000000  0.00330033  0.00264026  0.00000000  0.50000000  0.00000000  0.00000000  0.00061218  0.11600857  0.00000000  0.00000000 
  0.00000000  0.00000000  0.00289017  0.00072254  0.00000000  0.28205128  0.00000000  0.00000000  0.00063796  0.12918660  0.00000000  0.00000000 
  0.00000000  0.00000000  0.00139958  0.00349895  0.00000000  0.21568627  0.00000000  0.00000000  0.00065898  0.11433278  0.00000000  0.00000000 
  0.00806452  0.00000000  0.00068446  0.00205339  0.00000000  0.12500000  0.02083333  0.00000000  0.00032520  0.11056911  0.00000000  0.00000000 
  0.00000000  0.00000000  0.00131234  0.00328084  0.00000000  0.33333333  0.00000000  0.00000000  0.00030572  0.12626108  0.00000000  0.00000000 
  0.00000000  0.00892857  0.00000000  0.00258900  0.00000000  0.39534884  0.02325581  0.00000000  0.00000000  0.11658354  0.00000000  0.00000000 
  0.00000000  0.00833333  0.00058309  0.00524781  0.00000000  0.20512821  0.00000000  0.00000000  0.00000000  0.14555097  0.00000000  0.00000000 
  0.01041667  0.01041667  0.00000000  0.00174927  0.00000000  0.21621622  0.00000000  0.00000000  0.00027352  0.12171772  0.00000000  0.00000000 
  0.00000000  0.00000000  0.00108401  0.00271003  0.02173913  0.19565217  0.00000000  0.00000000  0.00000000  0.12439288  0.00000000  0.00000000 
  0.00000000  0.00000000  0.00220022  0.00110011  0.00000000  0.23913043  0.02173913  0.00000000  0.00053662  0.12181379  0.00000000  0.00000000 
  0.00000000  0.00000000  0.00000000  0.00213447  0.00000000  0.19047619  0.00000000  0.00000000  0.00000000  0.09618245  0.00000000  0.00000000 
  0.01020408  0.00000000  0.00165746  0.00441989  0.00000000  0.20000000  0.00000000  0.00000000  0.00027709  0.10085896  0.00000000  0.00000000 
  0.00000000  0.00000000  0.00421941  0.00301386  0.00000000  0.21818182  0.00000000  0.00000000  0.00128452  0.08734746  0.00000000  0.00000000 
  0.00826446  0.00000000  0.00414446  0.00177620  0.00000000  0.13513514  0.00000000  0.00000000  0.00056577  0.07298444  0.00000000  0.00028289 
  0.00636943  0.00000000  0.00378310  0.00441362  0.00000000  0.21153846  0.00000000  0.00000000  0.00169722  0.07399864  0.00000000  0.00000000 
  0.00000000  0.00621118  0.00324675  0.00584416  0.00000000  0.39325843  0.00000000  0.00000000  0.00000000  0.06172291  0.00000000  0.00000000 
  0.00581395  0.00000000  0.00322789  0.00710136  0.00000000  0.26000000  0.00000000  0.00000000  0.00091870  0.05695912  0.00000000  0.00000000 
  0.01562500  0.00000000  0.00142721  0.00285442  0.02439024  0.00000000  0.00000000  0.00000000  0.00097339  0.03698897  0.00000000  0.00000000 
  0.00000000  0.00000000  0.00262605  0.00630252  0.00000000  0.01666667  0.01666667  0.00000000  0.00081433  0.06188925  0.00000000  0.00040717 
  0.01098901  0.00000000  0.00179533  0.00359066  0.00000000  0.00000000  0.00000000  0.00000000  0.00000000  0.03936630  0.00000000  0.00000000 
  0.00000000  0.00000000  0.00190024  0.00427553  0.00000000  0.00000000  0.00000000  0.00000000  0.00000000  0.02205456  0.00000000  0.00000000 
  0.01492537  0.02985075  0.00151439  0.00504796  0.00000000  0.00000000  0.00000000  0.00000000  0.00000000  0.03858351  0.00000000  0.00000000 
  0.00411523  0.00411523  0.00680272  0.00831444  0.00000000  0.10344828  0.00492611  0.00000000  0.00154083  0.07627119  0.00000000  0.00000000 
  0.00716846  0.00358423  0.00550964  0.00757576  0.00000000  0.26136364  0.00568182  0.00000000  0.00240096  0.07923169  0.00000000  0.00000000 
  0.00772201  0.00000000  0.00504323  0.00360231  0.00000000  0.42477876  0.00000000  0.00000000  0.00000000  0.10716436  0.00000000  0.00000000 
  0.00000000  0.00000000  0.00123077  0.00000000  0.00000000  0.20634921  0.00000000  0.00000000  0.00049116  0.11198428  0.00000000  0.00000000 
  0.00000000  0.00000000  0.00153846  0.00307692  0.00000000  0.07692308  0.00000000  0.00000000  0.00000000  0.10096541  0.00000000  0.00000000 
  0.00000000  0.00000000  0.00049140  0.00098280  0.00847458  0.11016949  0.00847458  0.00000000  0.00081169  0.10227273  0.00000000  0.00000000 
