  0.00317460  0.00317460  0.00845666  0.00845666  0.00000000  0.07407407  0.00000000  0.00000000  0.00000000  0.06332454  0.00000000  0.00000000 
  0.00380228  0.00380228  0.01728395  0.00740741  0.01176471  0.07058824  0.00000000  0.00000000  0.00000000  0.06060606  0.00000000  0.00000000 
  0.00330033  0.00000000  0.01139601  0.00284900  0.00000000  0.17045455  0.00000000  0.00000000  0.00000000  0.06324111  0.00000000  0.00000000 
  0.00335570  0.00000000  0.00819672  0.00546448  0.00000000  0.11538462  0.01282051  0.00000000  0.00724638  0.03985507  0.00000000  0.00000000 
  0.01158301  0.00000000  0.00970874  0.00000000  0.02666667  0.12000000  0.00000000  0.00000000  0.00775194  0.03488372  0.00000000  0.00000000 
  0.00403226  0.00000000  0.01246106  0.01246106  0.00000000  0.09459459  0.00000000  0.00000000  0.00000000  0.09132420  0.00000000  0.00000000 
  0.00000000  0.00000000  0.01805054  0.00722022  0.00000000  0.05660377  0.01886792  0.00000000  0.00000000  0.03614458  0.00000000  0.00000000 
  0.00819672  0.00819672  0.01030928  0.00000000  0.01818182  0.03636364  0.00000000  0.00000000  0.00000000  0.05847953  0.00000000  0.00000000 
  0.00000000  0.01185771  0.00381679  0.00381679  0.00000000  0.09090909  0.00000000  0.00000000  0.00000000  0.08108108  0.00000000  0.00000000 
  0.00896861  0.00000000  0.01302932  0.00325733  0.00000000  0.11864407  0.00000000  0.00000000  0.00000000  0.06629834  0.00000000  0.00000000 
  0.00471698  0.00000000  0.01194030  0.00298507  0.00000000  0.17142857  0.00000000  0.00000000  0.00000000  0.04602510  0.00000000  0.00000000 
  0.00000000  0.00000000  0.00000000  0.00320513  0.00000000  0.04081633  0.00000000  0.00000000  0.00448430  0.04932735  0.00000000  0.00000000 
  0.00502513  0.00502513  0.00706714  0.00000000  0.01960784  0.09803922  0.01960784  0.00000000  0.00000000  0.06763285  0.00000000  0.00000000 
  0.00000000  0.01149425  0.02076125  0.00692042  0.00000000  0.19230769  0.00000000  0.00000000  0.00515464  0.05154639  0.00000000  0.00000000 
  0.00000000  0.00537634  0.00636943  0.01273885  0.00000000  0.02040816  0.00000000  0.00000000  0.00000000  0.05314010  0.00000000  0.00000000 
  0.00000000  0.00000000  0.00000000  0.01052632  0.00000000  0.03703704  0.00000000  0.00000000  0.00990099  0.03960396  0.00000000  0.00000000 
  0.00738007  0.00369004  0.01171875  0.01171875  0.00000000  0.16666667  0.00000000  0.00000000  0.00531915  0.07446809  0.00000000  0.00000000 
  0.00000000  0.00000000  0.00701754  0.00000000  0.00000000  0.13580247  0.00000000  0.01234568  0.00000000  0.09392265  0.00000000  0.00000000 
  0.00000000  0.00421941  0.01432665  0.00000000  0.00000000  0.11764706  0.00000000  0.00000000  0.00478469  0.03827751  0.00000000  0.00000000 
  0.00873362  0.00436681  0.01362398  0.00817439  0.00000000  0.12790698  0.00000000  0.00000000  0.00000000  0.04739336  0.00000000  0.00000000 
  0.00938967  0.00000000  0.01506024  0.00301205  0.00000000  0.17500000  0.00000000  0.00000000  0.00406504  0.02439024  0.00000000  0.00000000 
  0.00492611  0.00492611  0.01971831  0.00281690  0.01724138  0.08620690  0.00000000  0.00000000  0.00000000  0.07438017  0.00000000  0.00000000 
  0.00000000  0.00000000  0.01162791  0.00872093  0.00000000  0.00000000  0.00000000  0.00000000  0.00000000  0.05747126  0.00000000  0.00000000 
  0.00000000  0.00546448  0.02362205  0.01049869  0.00000000  0.07142857  0.00000000  0.00000000  0.00000000  0.03780069  0.00343643  0.00000000 
  0.00000000  0.00404858  0.00496278  0.00248139  0.00000000  0.07246377  0.00000000  0.00000000  0.00000000  0.06250000  0.00000000  0.00000000 
  0.00423729  0.00423729  0.01452785  0.00000000  0.00000000  0.08602151  0.00000000  0.00000000  0.00432900  0.04761905  0.00000000  0.00000000 
  0.00000000  0.00416667  0.01273885  0.00636943  0.00000000  0.08536585  0.00000000  0.00000000  0.00330033  0.05940594  0.00000000  0.00000000 
  0.00000000  0.00502513  0.00665188  0.00221729  0.00000000  0.11666667  0.00000000  0.00000000  0.00000000  0.04629630  0.00000000  0.00000000 
  0.02392344  0.00956938  0.00491400  0.00982801  0.00000000  0.07812500  0.00000000  0.00000000  0.00314465  0.04402516  0.00000000  0.00000000 
  0.01255230  0.00000000  0.01438849  0.00239808  0.00000000  0.08620690  0.00000000  0.00000000  0.00000000  0.06529210  0.00000000  0.00000000 
  0.00803213  0.00401606  0.01526718  0.00508906  0.01515152  0.03030303  0.04545455  0.00000000  0.00404858  0.06477733  0.00000000  0.00000000 
  0.00000000  0.00699301  0.01084599  0.00433839  0.00000000  0.11940299  0.00000000  0.00000000  0.00673401  0.06060606  0.00000000  0.00000000 
  0.00302115  0.00604230  0.00806452  0.00806452  0.01052632  0.10526316  0.00000000  0.00000000  0.00617284  0.04938272  0.00000000  0.00000000 
  0.00000000  0.00270270  0.00652174  0.01086957  0.00000000  0.07964602  0.00000000  0.00000000  0.00000000  0.08469055  0.00000000  0.00000000 
  0.00267380  0.00267380  0.02477477  0.00450450  0.00000000  0.05357143  0.00000000  0.00000000  0.00740741  0.08888889  0.00000000  0.00000000 
  0.00000000  0.00738916  0.01456311  0.00970874  0.00000000  0.06363636  0.00909091  0.00000000  0.00000000  0.06034483  0.00000000  0.00000000 
  0.00757576  0.00505051  0.01518987  0.00506329  0.00000000  0.06315789  0.00000000  0.00000000  0.00432900  0.05194805  0.00432900  0.00000000 
  0.00273973  0.00000000  0.01552106  0.00886918  0.00892857  0.09821429  0.00000000  0.00000000  0.00361011  0.08664260  0.00000000  0.00000000 
  0.00000000  0.00265252  0.00587084  0.00587084  0.00000000  0.06603774  0.00000000  0.00000000  0.00729927  0.05839416  0.00000000  0.00000000 
