  0.00215866  0.00323799  0.00320171  0.00533618  0.00000000  0.40259740  0.00000000  0.00000000  0.00000000  0.20000000  0.00000000  0.00000000 
  0.00042328  0.00211640  0.00136147  0.00748809  0.00000000  0.44937177  0.00000000  0.00000000  0.00000000  0.23030303  0.00000000  0.00000000 
  0.00024201  0.00217812  0.00096805  0.00774443  0.00000000  0.47666068  0.00000000  0.00000000  0.00000000  0.25502008  0.00000000  0.00000000 
  0.00052365  0.00192006  0.00236518  0.00520341  0.00000000  0.37435567  0.00000000  0.00000000  0.00000000  0.22670251  0.00000000  0.00089606 
  0.00048650  0.00243250  0.00000000  0.00125313  0.00000000  0.46661102  0.00000000  0.00000000  0.00000000  0.24768519  0.00000000  0.00000000 
  0.00068855  0.00298370  0.00088028  0.00616197  0.00083195  0.49417637  0.00000000  0.00000000  0.00000000  0.22979398  0.00000000  0.00000000 
  0.00079888  0.00479329  0.00285307  0.00665716  0.00000000  0.35697211  0.00000000  0.00159363  0.00000000  0.19735877  0.00000000  0.00000000 
  0.00148976  0.00372439  0.00375516  0.00713481  0.00000000  0.35047067  0.00072411  0.00000000  0.00000000  0.18873239  0.00000000  0.00000000 
  0.00083840  0.00272480  0.00395257  0.00451722  0.00000000  0.40350877  0.00000000  0.00000000  0.00000000  0.19910714  0.00000000  0.00089286 
  0.00100827  0.00403307  0.00350526  0.00851277  0.00079554  0.35560859  0.00000000  0.00000000  0.00000000  0.19066774  0.00000000  0.00080451 
  0.00165700  0.00414250  0.00478469  0.00777512  0.00000000  0.37350427  0.00000000  0.00000000  0.00000000  0.19884170  0.00000000  0.00000000 
  0.00142276  0.00304878  0.00417537  0.00974252  0.00000000  0.37864887  0.00000000  0.00083403  0.00000000  0.22382671  0.00000000  0.00000000 
  0.00079507  0.00318028  0.00244898  0.00979592  0.00000000  0.41003460  0.00000000  0.00000000  0.00000000  0.25549915  0.00000000  0.00000000 
  0.00167049  0.00250574  0.00111235  0.00778643  0.00000000  0.38526119  0.00000000  0.00000000  0.00000000  0.21991701  0.00000000  0.00000000 
  0.00133946  0.00420972  0.00000000  0.00903862  0.00000000  0.39298246  0.00087719  0.00000000  0.00000000  0.21092564  0.00000000  0.00000000 
  0.00107481  0.00472915  0.00656660  0.00844278  0.00090827  0.40508629  0.00000000  0.00000000  0.00000000  0.20795660  0.00000000  0.00000000 
  0.00076643  0.00421537  0.00508906  0.00593723  0.00000000  0.38998211  0.00000000  0.00000000  0.00000000  0.21922428  0.00000000  0.00000000 
  0.00102312  0.00286474  0.00447628  0.00716204  0.00090744  0.42740472  0.00000000  0.00090744  0.00000000  0.22318339  0.00000000  0.00000000 
  0.00064725  0.00345200  0.00099108  0.00991080  0.00000000  0.38584906  0.00000000  0.00000000  0.00000000  0.22641509  0.00000000  0.00000000 
  0.00126904  0.00253807  0.00396040  0.00594059  0.00090416  0.40867993  0.00000000  0.00000000  0.00000000  0.26522593  0.00000000  0.00000000 
  0.00099108  0.00317146  0.00425894  0.01022147  0.00000000  0.38847584  0.00092937  0.00000000  0.00000000  0.21070812  0.00000000  0.00172712 
  0.00125576  0.00313939  0.00322581  0.00860215  0.00000000  0.38325123  0.00098522  0.00000000  0.00000000  0.21713147  0.00000000  0.00000000 
  0.00214041  0.00235445  0.00401070  0.01069519  0.00000000  0.39877925  0.00101729  0.00000000  0.00000000  0.18367347  0.00000000  0.00000000 
  0.00102543  0.00410172  0.00123153  0.01108374  0.00000000  0.39876033  0.00103306  0.00103306  0.00000000  0.19843342  0.00000000  0.00000000 
  0.00081235  0.00264013  0.00243013  0.00850547  0.00000000  0.39685864  0.00000000  0.00000000  0.00000000  0.20673077  0.00000000  0.00000000 
  0.00164745  0.00164745  0.00000000  0.00807382  0.00000000  0.37183718  0.00000000  0.00000000  0.00000000  0.22030238  0.00000000  0.00000000 
  0.00086599  0.00281446  0.00107991  0.00971922  0.00000000  0.37550607  0.00000000  0.00000000  0.00000000  0.19189765  0.00000000  0.00000000 
  0.00104624  0.00272023  0.00284495  0.00284495  0.00114025  0.37058153  0.00000000  0.00000000  0.00000000  0.21981424  0.00000000  0.00000000 
  0.00306373  0.00224673  0.00138696  0.00693481  0.00106724  0.33404482  0.00320171  0.00000000  0.00000000  0.19414894  0.00000000  0.00000000 
  0.00524990  0.00398992  0.00429185  0.01072961  0.00210305  0.36593060  0.00210305  0.00105152  0.00000000  0.18929254  0.00000000  0.00191205 
  0.00107689  0.00279991  0.00000000  0.00339751  0.00000000  0.37997847  0.00107643  0.00000000  0.00000000  0.21610169  0.00000000  0.00000000 
  0.00084944  0.00297303  0.00483676  0.00120919  0.00101317  0.36474164  0.00000000  0.00000000  0.00000000  0.22337662  0.00000000  0.00259740 
  0.00162933  0.00305499  0.00441501  0.00551876  0.00328947  0.39035088  0.00328947  0.00000000  0.00000000  0.22961373  0.00000000  0.00000000 
  0.00104015  0.00208030  0.00120048  0.00480192  0.00323974  0.39092873  0.00107991  0.00107991  0.00000000  0.19250000  0.00000000  0.00000000 
  0.00165563  0.00186258  0.00156006  0.00936037  0.00117925  0.35849057  0.00117925  0.00000000  0.00000000  0.20327869  0.00000000  0.00000000 
  0.00127551  0.00212585  0.00307220  0.00614439  0.00233918  0.34269006  0.00350877  0.00000000  0.00309598  0.21052632  0.00000000  0.00000000 
  0.00136830  0.00319270  0.00156495  0.00625978  0.00123153  0.41995074  0.00000000  0.00000000  0.00000000  0.21405751  0.00000000  0.00000000 
  0.00239808  0.00327011  0.00167224  0.00668896  0.00357143  0.36190476  0.00238095  0.00000000  0.00000000  0.20284698  0.00000000  0.00000000 
  0.00175131  0.00218914  0.00296296  0.00592593  0.00118765  0.39311164  0.00000000  0.00000000  0.00000000  0.21804511  0.00000000  0.00000000 
  0.00111732  0.00156425  0.00443131  0.00295421  0.00000000  0.35095613  0.00000000  0.00112486  0.00000000  0.20141343  0.00000000  0.00000000 
  0.00247915  0.00315529  0.00323102  0.00484653  0.00000000  0.36579276  0.00124844  0.00000000  0.00000000  0.18092105  0.00000000  0.00000000 
  0.00183234  0.00297755  0.00326264  0.00163132  0.00477327  0.36515513  0.00000000  0.00119332  0.00000000  0.20761246  0.00000000  0.00000000 
  0.00112943  0.00338830  0.00506757  0.00506757  0.00000000  0.35968379  0.00000000  0.00000000  0.00349650  0.19580420  0.00000000  0.00000000 
  0.00142721  0.00190295  0.00526316  0.00175439  0.00256739  0.38896021  0.00000000  0.00128370  0.00000000  0.19455253  0.00000000  0.00000000 
  0.00198807  0.00248509  0.00000000  0.00736648  0.00133333  0.38400000  0.00400000  0.00000000  0.00000000  0.20000000  0.00000000  0.00000000 
  0.00094585  0.00260109  0.00000000  0.00846024  0.00000000  0.35856574  0.00265604  0.00000000  0.00000000  0.22173913  0.00000000  0.00000000 
  0.00118147  0.00354442  0.00178253  0.01069519  0.00130890  0.34031414  0.00130890  0.00000000  0.00000000  0.16513761  0.00000000  0.00000000 
  0.00181913  0.00259875  0.00411523  0.00000000  0.00144300  0.37373737  0.00144300  0.00144300  0.00000000  0.16666667  0.00000000  0.00000000 
  0.00204186  0.00280755  0.00803213  0.00803213  0.00000000  0.31486880  0.00000000  0.00145773  0.00000000  0.15357143  0.00000000  0.00000000 
  0.00201461  0.00226643  0.00396825  0.00396825  0.00151057  0.31722054  0.00000000  0.00151057  0.00000000  0.16877637  0.00000000  0.00000000 
  0.00159363  0.00318725  0.00729927  0.00486618  0.00171821  0.32130584  0.00000000  0.00171821  0.00000000  0.15228426  0.00000000  0.00000000 
  0.00209974  0.00209974  0.00255754  0.00255754  0.00341880  0.28888889  0.00000000  0.00000000  0.00000000  0.14110429  0.00000000  0.00000000 
  0.00199317  0.00227790  0.00440529  0.00440529  0.00335008  0.33835846  0.00167504  0.00000000  0.00000000  0.19774011  0.00000000  0.00000000 
  0.00446553  0.00279096  0.00202840  0.00608519  0.00000000  0.37138508  0.00152207  0.00152207  0.00000000  0.15454545  0.00000000  0.00000000 
  0.00541311  0.00170940  0.00000000  0.00265252  0.00330579  0.31239669  0.00000000  0.00000000  0.00000000  0.18125000  0.00000000  0.00000000 
  0.00496786  0.00263004  0.00280112  0.01680672  0.00177620  0.29662522  0.00177620  0.00000000  0.00000000  0.11309524  0.00000000  0.00000000 
  0.00245023  0.00459418  0.00000000  0.00265252  0.00000000  0.31204380  0.00000000  0.00000000  0.00000000  0.14925373  0.00000000  0.00000000 
  0.00403101  0.00279070  0.00546448  0.00273224  0.00176056  0.35739437  0.00000000  0.00000000  0.00000000  0.16778523  0.00000000  0.00000000 
  0.00791296  0.00296736  0.00242131  0.01210654  0.00601202  0.36873747  0.00200401  0.00000000  0.00000000  0.12290503  0.00000000  0.00000000 
  0.00205761  0.00171468  0.00201613  0.00604839  0.00185185  0.36296296  0.00000000  0.00000000  0.00000000  0.13242009  0.00000000  0.00000000 
  0.00347102  0.00138841  0.00706714  0.00883392  0.00000000  0.35606061  0.00189394  0.00000000  0.00000000  0.16078431  0.00000000  0.00000000 
  0.00426789  0.00164150  0.00357143  0.00714286  0.00178891  0.34525939  0.00000000  0.00000000  0.00338983  0.11186441  0.00000000  0.00000000 
  0.00569514  0.00167504  0.01358234  0.00679117  0.00000000  0.36157025  0.00206612  0.00000000  0.00362319  0.13405797  0.00000000  0.00000000 
  0.00468541  0.00200803  0.00573888  0.00717360  0.00179211  0.34408602  0.00000000  0.00000000  0.00000000  0.12000000  0.00000000  0.00000000 
  0.00437269  0.00134544  0.00367647  0.00490196  0.00000000  0.32231405  0.00000000  0.00000000  0.00000000  0.13281250  0.00000000  0.00000000 
  0.00139714  0.00488998  0.00281690  0.01267606  0.00157480  0.36220472  0.00157480  0.00000000  0.00000000  0.14250000  0.00000000  0.00000000 
  0.00133422  0.00100067  0.00133156  0.00665779  0.00314961  0.35748031  0.00314961  0.00000000  0.00000000  0.10904872  0.00000000  0.00000000 
  0.00332005  0.00232404  0.00273598  0.00683995  0.00340716  0.36797274  0.00000000  0.00000000  0.00000000  0.10572687  0.00000000  0.00000000 
  0.00208914  0.00383008  0.00711744  0.00474496  0.00307692  0.30307692  0.00000000  0.00000000  0.00000000  0.10040161  0.00000000  0.00000000 
  0.00375555  0.00273131  0.00782123  0.00558659  0.00519931  0.30675910  0.00346620  0.00000000  0.00190476  0.09714286  0.00000000  0.00000000 
  0.00163452  0.00261523  0.00326442  0.00326442  0.00696864  0.31533101  0.00000000  0.00000000  0.00184162  0.07366483  0.00000000  0.00000000 
  0.00199601  0.00232868  0.00693069  0.00396040  0.00000000  0.32542373  0.00000000  0.00000000  0.00169492  0.07796610  0.00000000  0.00000000 
  0.00127714  0.00191571  0.00714286  0.00000000  0.00167785  0.31543624  0.00000000  0.00000000  0.00000000  0.06570513  0.00000000  0.00000000 
  0.00291734  0.00097245  0.00567644  0.00283822  0.00159744  0.30191693  0.00319489  0.00000000  0.00000000  0.08814590  0.00000000  0.00000000 
  0.00163345  0.00228683  0.00217155  0.00760043  0.00175747  0.27768014  0.00175747  0.00000000  0.00338409  0.06429780  0.00000000  0.00000000 
  0.00192184  0.00160154  0.00529101  0.00317460  0.00884956  0.23893805  0.00176991  0.00000000  0.00000000  0.09363958  0.00000000  0.00000000 
  0.00481100  0.00240550  0.00387597  0.00775194  0.00359066  0.26570916  0.00000000  0.00000000  0.00000000  0.06560636  0.00000000  0.00000000 
  0.00307903  0.00205269  0.00579374  0.00463499  0.00521739  0.26260870  0.00000000  0.00000000  0.00193798  0.08333333  0.00000000  0.00000000 
  0.00214900  0.00143266  0.00218579  0.00327869  0.00373832  0.30280374  0.00000000  0.00000000  0.00173010  0.07439446  0.00000000  0.00000000 
  0.00172652  0.00310773  0.00105485  0.00316456  0.00196464  0.22986248  0.00000000  0.00000000  0.00000000  0.06487342  0.00000000  0.00000000 
  0.00176678  0.00459364  0.00570776  0.00684932  0.00185529  0.26530612  0.00185529  0.00000000  0.00166667  0.07000000  0.00000000  0.00000000 
  0.00349650  0.00174825  0.00820633  0.00703400  0.00202840  0.27586207  0.00202840  0.00000000  0.00000000  0.08704453  0.00000000  0.00000000 
  0.00353732  0.00424478  0.00348432  0.00232288  0.00409836  0.25614754  0.00000000  0.00000000  0.00000000  0.05747126  0.00000000  0.00000000 
