  0.00000000  0.00279330  0.00215285  0.01076426  0.00662252  0.32450331  0.00000000  0.00000000  0.00000000  0.19471488  0.00000000  0.00000000 
  0.00000000  0.00000000  0.00281690  0.00563380  0.00000000  0.30322581  0.00000000  0.00000000  0.00121507  0.17861482  0.00000000  0.00000000 
  0.00558659  0.00279330  0.00374532  0.00655431  0.00000000  0.31012658  0.00000000  0.00000000  0.00000000  0.18227848  0.00000000  0.00000000 
  0.00275482  0.00275482  0.00418410  0.00209205  0.00000000  0.31055901  0.00000000  0.00000000  0.00000000  0.17163121  0.00000000  0.00000000 
  0.00000000  0.00000000  0.00215750  0.00539374  0.00000000  0.37106918  0.00000000  0.00000000  0.00000000  0.20168067  0.00000000  0.00000000 
  0.00273973  0.00000000  0.00327511  0.00109170  0.00000000  0.30635838  0.00000000  0.00000000  0.00000000  0.16436464  0.00000000  0.00000000 
  0.00000000  0.00864553  0.00387973  0.00678952  0.00000000  0.34177215  0.00000000  0.00000000  0.00000000  0.17211055  0.00000000  0.00000000 
  0.00000000  0.00268817  0.00103734  0.00829876  0.00000000  0.25984252  0.00000000  0.00000000  0.00000000  0.16878173  0.00000000  0.00000000 
  0.00000000  0.00263158  0.00118343  0.01065089  0.00000000  0.35333333  0.00000000  0.00000000  0.00000000  0.21248340  0.00000000  0.00000000 
  0.00257069  0.00257069  0.00415800  0.00831601  0.00000000  0.29104478  0.00000000  0.00000000  0.00000000  0.18475452  0.00000000  0.00000000 
  0.00000000  0.00303030  0.00106724  0.00106724  0.00000000  0.35526316  0.00000000  0.00000000  0.00112740  0.16798196  0.00000000  0.00000000 
  0.00940439  0.00313480  0.00276753  0.00553506  0.00000000  0.29518072  0.00000000  0.00000000  0.00106496  0.16506922  0.00000000  0.00000000 
  0.00305810  0.00305810  0.00192308  0.00480769  0.00000000  0.26174497  0.00000000  0.00000000  0.00104822  0.16352201  0.00000000  0.00000000 
  0.00000000  0.00271739  0.00185014  0.00832562  0.00000000  0.25781250  0.00000000  0.00000000  0.00000000  0.16335079  0.00000000  0.00000000 
  0.00000000  0.00297619  0.00177936  0.00533808  0.00000000  0.40458015  0.00000000  0.00000000  0.00000000  0.15731463  0.00000000  0.00000000 
  0.00000000  0.00584795  0.00449640  0.00809353  0.00000000  0.30921053  0.00000000  0.00000000  0.00000000  0.17516843  0.00000000  0.00000000 
  0.00327869  0.00000000  0.00194363  0.00777454  0.00000000  0.31034483  0.00000000  0.00000000  0.00000000  0.16560510  0.00000000  0.00000000 
  0.00296736  0.00000000  0.00279330  0.00465549  0.00000000  0.30985915  0.00000000  0.00000000  0.00000000  0.16129032  0.00000000  0.00000000 
  0.00000000  0.00000000  0.00457875  0.00915751  0.00000000  0.28888889  0.00000000  0.00000000  0.00195503  0.16813294  0.00000000  0.00000000 
  0.00000000  0.00289855  0.00200200  0.00800801  0.00000000  0.37931034  0.00000000  0.00000000  0.00000000  0.16871508  0.00000000  0.00000000 
  0.00000000  0.00280112  0.00483559  0.00580271  0.00000000  0.31446541  0.00000000  0.00000000  0.00000000  0.16755037  0.00000000  0.00000000 
  0.00300300  0.00000000  0.00091743  0.00642202  0.00000000  0.30921053  0.00000000  0.00000000  0.00000000  0.18253080  0.00000000  0.00000000 
  0.00584795  0.00000000  0.00183150  0.00549451  0.00000000  0.35877863  0.00000000  0.00000000  0.00000000  0.19584245  0.00000000  0.00000000 
  0.00000000  0.00312500  0.00173310  0.00346620  0.00000000  0.28682171  0.00000000  0.00000000  0.00000000  0.16252588  0.00000000  0.00000000 
  0.00000000  0.00000000  0.00191205  0.00286807  0.00000000  0.34586466  0.00000000  0.00000000  0.00000000  0.15972222  0.00000000  0.00000000 
  0.00350877  0.00000000  0.00193798  0.00193798  0.00000000  0.40740741  0.00000000  0.00000000  0.00000000  0.17139480  0.00118203  0.00000000 
  0.00000000  0.00000000  0.00110619  0.00110619  0.00000000  0.45925926  0.00000000  0.00000000  0.00000000  0.18045113  0.00000000  0.00000000 
  0.00000000  0.00000000  0.00152439  0.00304878  0.00000000  0.53333333  0.00000000  0.00000000  0.00000000  0.17142857  0.00000000  0.00000000 
  0.00865801  0.00000000  0.00176367  0.00176367  0.00000000  0.62809917  0.00000000  0.00000000  0.00000000  0.14959016  0.00000000  0.00000000 
  0.00000000  0.00000000  0.00265957  0.00265957  0.00000000  0.58823529  0.00000000  0.00000000  0.00000000  0.13125000  0.00000000  0.00000000 
  0.00000000  0.00000000  0.00316456  0.00474684  0.00000000  0.49032258  0.00000000  0.00000000  0.00000000  0.19391635  0.00000000  0.00000000 
  0.00000000  0.00000000  0.00000000  0.00341880  0.00000000  0.55033557  0.00000000  0.00000000  0.00000000  0.16820702  0.00000000  0.00000000 
  0.00000000  0.00000000  0.00162602  0.00487805  0.00000000  0.52307692  0.00000000  0.00000000  0.00000000  0.19713831  0.00000000  0.00158983 
  0.00000000  0.00000000  0.00288600  0.00144300  0.00000000  0.53846154  0.00000000  0.00000000  0.00000000  0.16925734  0.00000000  0.00000000 
  0.00000000  0.00000000  0.00361011  0.00842359  0.00000000  0.44444444  0.00000000  0.00000000  0.00000000  0.14535666  0.00000000  0.00000000 
  0.00000000  0.00000000  0.00468384  0.00819672  0.00000000  0.40714286  0.00000000  0.00000000  0.00126582  0.17721519  0.00000000  0.00000000 
  0.00271003  0.00271003  0.00419727  0.00524659  0.00000000  0.30555556  0.00000000  0.00000000  0.00000000  0.18632708  0.00000000  0.00000000 
  0.00000000  0.00270270  0.00104712  0.00942408  0.00000000  0.40000000  0.00000000  0.00000000  0.00000000  0.16759156  0.00000000  0.00221976 
  0.00238663  0.00000000  0.00000000  0.00382653  0.00000000  0.49704142  0.00000000  0.00000000  0.00000000  0.17384844  0.00000000  0.00000000 
  0.00224215  0.00000000  0.00122399  0.00122399  0.00000000  0.45856354  0.00000000  0.00000000  0.00140647  0.18002813  0.00000000  0.00000000 
  0.00000000  0.00000000  0.00123001  0.00615006  0.00000000  0.50675676  0.00000000  0.00000000  0.00000000  0.14449213  0.00000000  0.00000000 
  0.00000000  0.00000000  0.00000000  0.00000000  0.00000000  0.59047619  0.00000000  0.00000000  0.00230415  0.16589862  0.00000000  0.00000000 
  0.00000000  0.00250000  0.00129199  0.00258398  0.00000000  0.48447205  0.00000000  0.00000000  0.00000000  0.17488076  0.00000000  0.00000000 
  0.00000000  0.00000000  0.00000000  0.00498132  0.00000000  0.58421053  0.00000000  0.00000000  0.00147059  0.15882353  0.00000000  0.00000000 
  0.00000000  0.00000000  0.00881057  0.00000000  0.00000000  0.62244898  0.00000000  0.00000000  0.00000000  0.14945652  0.00000000  0.00000000 
  0.00000000  0.00000000  0.00000000  0.00325733  0.00000000  0.60606061  0.00000000  0.00000000  0.00000000  0.20948617  0.00000000  0.00000000 
  0.00000000  0.00000000  0.00183824  0.00183824  0.00000000  0.58715596  0.00000000  0.00000000  0.00000000  0.17990654  0.00000000  0.00000000 
  0.00000000  0.00000000  0.00000000  0.00000000  0.00000000  0.53191489  0.00000000  0.00000000  0.00000000  0.15748031  0.00000000  0.00000000 
  0.00386100  0.00386100  0.00327869  0.00000000  0.00000000  0.71052632  0.00000000  0.00000000  0.00328947  0.16447368  0.00000000  0.00000000 
