  0.00000000  0.00000000  0.00000000  0.00000000  0.00000000  0.02325581  0.00000000  0.00000000  0.00000000  0.00000000  0.00000000  0.00000000 
  0.00000000  0.00840336  0.00000000  0.00000000  0.00000000  0.23809524  0.00000000  0.00000000  0.00000000  0.00000000  0.00000000  0.00000000 
  0.00000000  0.00813008  0.00000000  0.00000000  0.00000000  0.16666667  0.00000000  0.00000000  0.00000000  0.00000000  0.00000000  0.00000000 
  0.00000000  0.00000000  0.00000000  0.00000000  0.00000000  0.15789474  0.00000000  0.00000000  0.00000000  0.06250000  0.00000000  0.00000000 
  0.00000000  0.00000000  0.00000000  0.00000000  0.00000000  0.03370787  0.01123596  0.00000000  0.00000000  0.03636364  0.00000000  0.00000000 
  0.00000000  0.00443459  0.00000000  0.00000000  0.00000000  0.10169492  0.00000000  0.00000000  0.00000000  0.16666667  0.00000000  0.00000000 
  0.00000000  0.00000000  0.00000000  0.00000000  0.00000000  0.13888889  0.00000000  0.00000000  0.00000000  1.00000000  0.00000000  0.00000000 
  0.00000000  0.00000000  0.02040816  0.00000000  0.00000000  0.02325581  0.00000000  0.00000000  0.00000000  0.25000000  0.00000000  0.00000000 
  0.00232019  0.00232019  0.00000000  0.00000000  0.00000000  0.06818182  0.00000000  0.00000000  0.00000000  0.07407407  0.00000000  0.00000000 
  0.00000000  0.00263852  0.02439024  0.00000000  0.00000000  0.09756098  0.00000000  0.00000000  0.00000000  0.07142857  0.00000000  0.00000000 
  0.00000000  0.00771208  0.02083333  0.00000000  0.00000000  0.04938272  0.00000000  0.00000000  0.00000000  0.02380952  0.00000000  0.00000000 
  0.00000000  0.00000000  0.00000000  0.00000000  0.00000000  0.07246377  0.00000000  0.00000000  0.00000000  0.11363636  0.00000000  0.00000000 
  0.00000000  0.00237530  0.00980392  0.00000000  0.00000000  0.06756757  0.00000000  0.00000000  0.00000000  0.09090909  0.00000000  0.00000000 
  0.00000000  0.01411765  0.02061856  0.00000000  0.00000000  0.08536585  0.00000000  0.00000000  0.00000000  0.00000000  0.02631579  0.00000000 
  0.00000000  0.01095890  0.02197802  0.00000000  0.00000000  0.06976744  0.00000000  0.00000000  0.02857143  0.14285714  0.00000000  0.00000000 
  0.00235849  0.00471698  0.00000000  0.00990099  0.00000000  0.04545455  0.00000000  0.00000000  0.00000000  0.02325581  0.00000000  0.00000000 
  0.00000000  0.00684932  0.02222222  0.00000000  0.00000000  0.08988764  0.00000000  0.00000000  0.02941176  0.00000000  0.00000000  0.00000000 
  0.00000000  0.00232558  0.01265823  0.00000000  0.01639344  0.11475410  0.00000000  0.00000000  0.00000000  0.07692308  0.00000000  0.00000000 
  0.00000000  0.00533333  0.00000000  0.00000000  0.00000000  0.06060606  0.00000000  0.00000000  0.00000000  0.10714286  0.00000000  0.00000000 
  0.00253807  0.00253807  0.00000000  0.00000000  0.00000000  0.02941176  0.00000000  0.00000000  0.00000000  0.02702703  0.00000000  0.00000000 
  0.00000000  0.00483092  0.01204819  0.01204819  0.00000000  0.10989011  0.00000000  0.00000000  0.00000000  0.02702703  0.00000000  0.00000000 
  0.00000000  0.00452489  0.01342282  0.00671141  0.00000000  0.03787879  0.00000000  0.00000000  0.00000000  0.07142857  0.00000000  0.00000000 
  0.00000000  0.01049869  0.01265823  0.00000000  0.00000000  0.09459459  0.00000000  0.00000000  0.00000000  0.14705882  0.00000000  0.00000000 
  0.00275482  0.00550964  0.00000000  0.00000000  0.00000000  0.10526316  0.00000000  0.00000000  0.00000000  0.00000000  0.00000000  0.00000000 
  0.00256410  0.00512821  0.00709220  0.01418440  0.00000000  0.07291667  0.00000000  0.00000000  0.01538462  0.04615385  0.00000000  0.00000000 
  0.00000000  0.00666667  0.00000000  0.00746269  0.00000000  0.05405405  0.00000000  0.00000000  0.00000000  0.03448276  0.00000000  0.00000000 
  0.00000000  0.00636943  0.00000000  0.00000000  0.00000000  0.03947368  0.00000000  0.00000000  0.00000000  0.26470588  0.00000000  0.00000000 
  0.00000000  0.00223714  0.00000000  0.00000000  0.00000000  0.10526316  0.00000000  0.00000000  0.00000000  0.04761905  0.00000000  0.00000000 
  0.00000000  0.00000000  0.00000000  0.00000000  0.00000000  0.04285714  0.00000000  0.00000000  0.00000000  0.18181818  0.00000000  0.00000000 
  0.00000000  0.01259446  0.00000000  0.00000000  0.00000000  0.18421053  0.00000000  0.00000000  0.00000000  0.12500000  0.00000000  0.00000000 
  0.00226757  0.01133787  0.00000000  0.00000000  0.00000000  0.09523810  0.00000000  0.00000000  0.00000000  0.04166667  0.00000000  0.00000000 
  0.00000000  0.00647948  0.00813008  0.00000000  0.00000000  0.08411215  0.00000000  0.00000000  0.00000000  0.07575758  0.00000000  0.00000000 
  0.00000000  0.00238095  0.01834862  0.00000000  0.00000000  0.07070707  0.00000000  0.00000000  0.00000000  0.02083333  0.00000000  0.00000000 
  0.00000000  0.00224719  0.00000000  0.00000000  0.00000000  0.07792208  0.00000000  0.00000000  0.00000000  0.07142857  0.00000000  0.00000000 
  0.00000000  0.00500000  0.00000000  0.00000000  0.00000000  0.02222222  0.00000000  0.00000000  0.00000000  0.15384615  0.00000000  0.00000000 
  0.00000000  0.00724638  0.00000000  0.00000000  0.00000000  0.11764706  0.00000000  0.00000000  0.00000000  0.00000000  0.00000000  0.00000000 
  0.00000000  0.00898204  0.00000000  0.00000000  0.00000000  0.08695652  0.00000000  0.00000000  0.00000000  0.00000000  0.00000000  0.00000000 
  0.00323625  0.00323625  0.00000000  0.00000000  0.00000000  0.09090909  0.00000000  0.00000000  0.00000000  0.00000000  0.00000000  0.00000000 
  0.00000000  0.00248756  0.00000000  0.00000000  0.00000000  0.11764706  0.00000000  0.00000000  0.00000000  0.06250000  0.00000000  0.00000000 
  0.00000000  0.01857585  0.00000000  0.00000000  0.00000000  0.13043478  0.00000000  0.00000000  0.00000000  0.00000000  0.00000000  0.00000000 
  0.00000000  0.00000000  0.00000000  0.00000000  0.00000000  0.12500000  0.00000000  0.00000000  0.00000000  0.00000000  0.00000000  0.00000000 
  0.00000000  0.00684932  0.00000000  0.00000000  0.00000000  0.19047619  0.00000000  0.00000000  0.00000000  0.00000000  0.00000000  0.00000000 
  0.00000000  0.00920245  0.00000000  0.00000000  0.00000000  0.09803922  0.00000000  0.00000000  0.00000000  0.11764706  0.00000000  0.00000000 
  0.00000000  0.00000000  0.00000000  0.00000000  0.00000000  0.06315789  0.00000000  0.00000000  0.00000000  0.25000000  0.00000000  0.00000000 
  0.00000000  0.00925926  0.00000000  0.00000000  0.00000000  0.05454545  0.00000000  0.00000000  0.00000000  0.08333333  0.00000000  0.00000000 
  0.00000000  0.01079137  0.00000000  0.08333333  0.00000000  0.12500000  0.00000000  0.00000000  0.00000000  0.00000000  0.00000000  0.00000000 
  0.00000000  0.00323625  0.00000000  0.00000000  0.00000000  0.21739130  0.00000000  0.00000000  0.00000000  0.33333333  0.00000000  0.00000000 
  0.00413223  0.01239669  0.00000000  0.00000000  0.00000000  0.25000000  0.00000000  0.00000000  0.00000000  0.00000000  0.00000000  0.00000000 
  0.00343643  0.00000000  0.00000000  0.00000000  0.00000000  0.18750000  0.00000000  0.00000000  0.00000000  0.12500000  0.00000000  0.00000000 
