  0.00000000  0.00000000  0.01600000  0.00000000  0.00000000  0.33333333  0.00000000  0.00000000  0.00000000  0.03571429  0.00000000  0.00000000 
  0.00000000  0.00000000  0.00000000  0.00671141  0.00000000  0.34146341  0.00000000  0.00000000  0.00000000  0.06250000  0.00000000  0.00000000 
  0.00000000  0.00000000  0.00925926  0.00000000  0.00000000  0.26086957  0.00000000  0.00000000  0.00000000  0.11111111  0.00000000  0.00000000 
  0.00000000  0.00000000  0.00000000  0.00719424  0.00000000  0.26190476  0.02380952  0.00000000  0.00000000  0.06250000  0.00000000  0.00000000 
  0.00909091  0.00000000  0.02255639  0.00000000  0.00000000  0.30232558  0.00000000  0.00000000  0.00000000  0.08045977  0.00000000  0.00000000 
  0.00000000  0.00487805  0.02290076  0.00763359  0.00000000  0.41463415  0.00000000  0.00000000  0.00000000  0.04395604  0.00000000  0.00000000 
  0.00568182  0.00000000  0.00000000  0.00000000  0.00000000  0.26470588  0.00000000  0.00000000  0.01052632  0.07368421  0.01052632  0.00000000 
  0.00000000  0.00709220  0.01086957  0.00000000  0.00000000  0.29411765  0.00000000  0.00000000  0.01923077  0.01923077  0.00000000  0.00000000 
  0.00000000  0.00000000  0.00000000  0.00000000  0.00000000  0.27272727  0.00000000  0.00000000  0.01666667  0.01666667  0.00000000  0.00000000 
  0.00558659  0.00000000  0.00000000  0.00000000  0.00000000  0.30952381  0.00000000  0.00000000  0.00000000  0.06097561  0.00000000  0.00000000 
  0.00000000  0.00000000  0.00000000  0.00000000  0.00000000  0.23529412  0.00000000  0.00000000  0.00000000  0.10784314  0.00000000  0.00000000 
  0.00000000  0.00000000  0.01360544  0.00000000  0.00000000  0.17948718  0.00000000  0.00000000  0.00000000  0.00000000  0.00000000  0.00000000 
  0.00000000  0.00000000  0.01234568  0.00617284  0.00000000  0.11627907  0.00000000  0.00000000  0.00000000  0.04819277  0.00000000  0.00000000 
  0.00334448  0.00334448  0.00000000  0.00000000  0.00000000  0.15151515  0.00000000  0.00000000  0.00000000  0.09090909  0.00000000  0.00000000 
  0.00000000  0.00338983  0.00497512  0.00497512  0.00000000  0.16417910  0.00000000  0.00000000  0.00000000  0.07500000  0.00000000  0.00000000 
  0.00000000  0.00709220  0.00460829  0.00460829  0.00000000  0.20370370  0.00000000  0.00000000  0.00000000  0.05000000  0.00000000  0.00000000 
  0.00000000  0.00836820  0.00000000  0.00000000  0.00000000  0.20454545  0.00000000  0.00000000  0.00000000  0.06140351  0.00000000  0.00000000 
  0.00000000  0.00809717  0.00724638  0.00724638  0.00000000  0.27083333  0.00000000  0.00000000  0.00000000  0.04444444  0.00000000  0.00000000 
  0.00000000  0.00578035  0.00684932  0.00000000  0.00000000  0.34883721  0.00000000  0.00000000  0.00000000  0.03174603  0.00000000  0.00000000 
  0.00000000  0.00000000  0.00833333  0.00000000  0.00000000  0.39285714  0.00000000  0.00000000  0.00000000  0.03125000  0.00000000  0.00000000 
  0.00000000  0.00000000  0.01587302  0.00000000  0.00000000  0.35897436  0.00000000  0.00000000  0.00000000  0.04761905  0.00000000  0.00000000 
  0.00000000  0.00000000  0.00512821  0.00512821  0.00000000  0.25714286  0.00000000  0.00000000  0.00613497  0.02453988  0.00000000  0.00613497 
  0.00456621  0.00000000  0.00609756  0.00609756  0.00000000  0.25757576  0.00000000  0.00000000  0.00000000  0.06122449  0.00000000  0.00000000 
  0.00000000  0.00000000  0.01052632  0.00000000  0.00000000  0.29090909  0.00000000  0.00000000  0.00000000  0.07777778  0.00000000  0.00000000 
  0.00000000  0.01081081  0.00000000  0.00000000  0.00000000  0.27500000  0.00000000  0.00000000  0.00000000  0.06122449  0.00000000  0.00000000 
  0.00000000  0.00000000  0.02521008  0.00000000  0.00000000  0.11764706  0.00000000  0.00000000  0.00000000  0.05882353  0.00000000  0.00000000 
  0.00492611  0.00000000  0.00000000  0.00000000  0.00000000  0.30000000  0.00000000  0.00000000  0.00000000  0.09090909  0.00000000  0.00000000 
  0.00000000  0.00000000  0.00813008  0.00813008  0.00000000  0.21568627  0.00000000  0.00000000  0.00000000  0.03773585  0.00000000  0.00000000 
  0.00000000  0.00600601  0.00625000  0.00000000  0.00000000  0.20000000  0.00000000  0.00000000  0.00000000  0.12631579  0.00000000  0.00000000 
  0.00000000  0.00337838  0.01680672  0.00000000  0.00000000  0.18518519  0.00000000  0.00000000  0.00000000  0.05660377  0.00000000  0.00000000 
  0.00000000  0.00000000  0.00420168  0.00420168  0.00000000  0.26984127  0.00000000  0.00000000  0.00000000  0.11711712  0.00000000  0.00000000 
  0.00000000  0.00000000  0.00699301  0.00000000  0.02985075  0.10447761  0.00000000  0.00000000  0.01075269  0.06451613  0.00000000  0.00000000 
  0.00000000  0.00952381  0.00000000  0.00000000  0.00000000  0.20000000  0.00000000  0.00000000  0.00000000  0.10344828  0.00000000  0.00000000 
  0.00000000  0.00000000  0.01769912  0.00000000  0.00000000  0.12500000  0.00000000  0.00000000  0.00000000  0.04000000  0.00000000  0.00000000 
  0.00458716  0.00000000  0.02105263  0.00000000  0.00000000  0.23809524  0.00000000  0.00000000  0.00000000  0.07042254  0.00000000  0.00000000 
  0.00401606  0.00000000  0.00884956  0.00000000  0.00000000  0.37209302  0.00000000  0.00000000  0.01176471  0.08235294  0.00000000  0.00000000 
  0.00469484  0.00469484  0.01562500  0.00781250  0.00000000  0.29268293  0.00000000  0.00000000  0.00000000  0.05050505  0.00000000  0.00000000 
  0.00000000  0.00401606  0.00000000  0.00000000  0.00000000  0.12727273  0.00000000  0.00000000  0.00000000  0.11340206  0.00000000  0.00000000 
  0.00000000  0.00000000  0.01117318  0.01117318  0.00000000  0.15094340  0.00000000  0.00000000  0.00000000  0.04545455  0.00000000  0.00000000 
  0.00427350  0.00000000  0.00000000  0.00000000  0.00000000  0.22580645  0.00000000  0.00000000  0.00000000  0.07317073  0.00000000  0.00000000 
  0.00000000  0.00000000  0.00657895  0.00000000  0.00000000  0.16129032  0.00000000  0.00000000  0.00000000  0.03571429  0.00000000  0.00000000 
  0.00000000  0.00000000  0.00000000  0.00000000  0.00000000  0.28125000  0.00000000  0.00000000  0.00000000  0.05617978  0.00000000  0.00000000 
  0.00000000  0.00000000  0.00000000  0.00000000  0.00000000  0.37142857  0.00000000  0.00000000  0.00000000  0.03759398  0.00000000  0.00000000 
  0.00000000  0.00000000  0.00000000  0.00000000  0.00000000  0.14705882  0.00000000  0.00000000  0.00000000  0.07299270  0.00000000  0.00000000 
  0.00000000  0.00892857  0.00689655  0.00000000  0.00000000  0.35555556  0.00000000  0.00000000  0.00751880  0.04511278  0.00000000  0.00000000 
  0.00000000  0.00387597  0.00000000  0.00000000  0.00000000  0.25000000  0.00000000  0.00000000  0.00000000  0.03571429  0.00000000  0.00000000 
  0.00662252  0.00000000  0.00000000  0.01360544  0.00000000  0.25806452  0.00000000  0.00000000  0.00925926  0.09259259  0.00000000  0.00000000 
  0.00781250  0.00781250  0.01538462  0.00769231  0.00000000  0.35714286  0.00000000  0.00000000  0.00000000  0.05691057  0.00000000  0.00000000 
  0.00000000  0.00000000  0.00800000  0.01600000  0.00000000  0.11428571  0.00000000  0.00000000  0.00000000  0.05882353  0.00000000  0.00000000 
