  0.00241838  0.00217654  0.00000000  0.00248756  0.00000000  0.30695771  0.00272851  0.00000000  0.00000000  0.14843750  0.00000000  0.00000000 
  0.00141509  0.00141509  0.00000000  0.00603622  0.00373599  0.27272727  0.00000000  0.00000000  0.00000000  0.14285714  0.00000000  0.00000000 
  0.00163551  0.00140187  0.00000000  0.00000000  0.00127226  0.26463104  0.00000000  0.00000000  0.00000000  0.18055556  0.00000000  0.00000000 
  0.00140318  0.00116932  0.00372439  0.00372439  0.00134590  0.27590848  0.00134590  0.00000000  0.00000000  0.14146341  0.00000000  0.00000000 
  0.00165602  0.00283889  0.00181818  0.00909091  0.00132626  0.26790451  0.00000000  0.00000000  0.00000000  0.16113744  0.00000000  0.00000000 
  0.00096759  0.00096759  0.00386847  0.00580271  0.00129366  0.27425614  0.00129366  0.00000000  0.00000000  0.15555556  0.00000000  0.00000000 
  0.00193237  0.00072464  0.00190840  0.00190840  0.00000000  0.25647668  0.00000000  0.00000000  0.00000000  0.12663755  0.00000000  0.00000000 
  0.00147710  0.00196947  0.00225225  0.00225225  0.00265957  0.27526596  0.00000000  0.00000000  0.00000000  0.13259669  0.00000000  0.00000000 
  0.00120279  0.00336781  0.00000000  0.00567108  0.00000000  0.28740741  0.00000000  0.00000000  0.00000000  0.14973262  0.00000000  0.00000000 
  0.00048438  0.00193752  0.00192308  0.00192308  0.00000000  0.26804124  0.00000000  0.00000000  0.00000000  0.15075377  0.00000000  0.00000000 
  0.00308203  0.00189663  0.00401606  0.00000000  0.00000000  0.28513514  0.00000000  0.00000000  0.00000000  0.17307692  0.00000000  0.00000000 
  0.00142687  0.00237812  0.00634249  0.00211416  0.00000000  0.29274966  0.00000000  0.00000000  0.00000000  0.14361702  0.00000000  0.00000000 
  0.00071839  0.00071839  0.00622407  0.00207469  0.00128866  0.25644330  0.00000000  0.00000000  0.00000000  0.15625000  0.00000000  0.00000000 
  0.00268097  0.00048745  0.00365631  0.00365631  0.00130719  0.26797386  0.00000000  0.00000000  0.00000000  0.15591398  0.00000000  0.00000000 
  0.00237079  0.00213371  0.00000000  0.00203252  0.00000000  0.26731470  0.00364520  0.00121507  0.00000000  0.17061611  0.00000000  0.00000000 
  0.00235849  0.00212264  0.00423729  0.00423729  0.00000000  0.27207977  0.00000000  0.00000000  0.00000000  0.15025907  0.00000000  0.00000000 
  0.00195360  0.00219780  0.00186220  0.00186220  0.00269179  0.27187079  0.00134590  0.00000000  0.00000000  0.17801047  0.00000000  0.00000000 
  0.00216035  0.00120019  0.00225225  0.00675676  0.00000000  0.28102710  0.00285307  0.00000000  0.00000000  0.16666667  0.00000000  0.00000000 
  0.00173267  0.00123762  0.00000000  0.00643777  0.00000000  0.29428571  0.00000000  0.00000000  0.00000000  0.16860465  0.00000000  0.00000000 
  0.00094384  0.00330345  0.00000000  0.00571429  0.00000000  0.28324468  0.00000000  0.00000000  0.00000000  0.18134715  0.00000000  0.00000000 
  0.00071023  0.00165720  0.00000000  0.00976563  0.00000000  0.27777778  0.00000000  0.00000000  0.00000000  0.12500000  0.00000000  0.00000000 
  0.00092443  0.00092443  0.00364964  0.00000000  0.00000000  0.28442728  0.00000000  0.00000000  0.00000000  0.15533981  0.00000000  0.00000000 
  0.00073010  0.00194695  0.00442478  0.00663717  0.00142045  0.28977273  0.00284091  0.00000000  0.00000000  0.21088435  0.00000000  0.00000000 
  0.00143403  0.00167304  0.00000000  0.00550459  0.00134771  0.32210243  0.00000000  0.00000000  0.00000000  0.16753927  0.00000000  0.00000000 
  0.00072710  0.00121183  0.00000000  0.00392157  0.00000000  0.28269485  0.00264201  0.00132100  0.00000000  0.14534884  0.00000000  0.00000000 
  0.00144928  0.00096618  0.00000000  0.01318681  0.00000000  0.27690289  0.00000000  0.00000000  0.00000000  0.15642458  0.00000000  0.00000000 
  0.00070855  0.00094473  0.00000000  0.00207469  0.00137363  0.28434066  0.00274725  0.00000000  0.00000000  0.21764706  0.00000000  0.00000000 
  0.00095465  0.00047733  0.00000000  0.00000000  0.00134771  0.24528302  0.00000000  0.00000000  0.00000000  0.13888889  0.00000000  0.00555556 
  0.00151019  0.00050340  0.00000000  0.00628931  0.00000000  0.30670103  0.00000000  0.00000000  0.00000000  0.12820513  0.00000000  0.00000000 
  0.00172754  0.00197433  0.00362319  0.00724638  0.00000000  0.30428571  0.00000000  0.00000000  0.00000000  0.17777778  0.00000000  0.00000000 
  0.00024307  0.00121536  0.00364964  0.00547445  0.00000000  0.27600555  0.00138696  0.00000000  0.00000000  0.16748768  0.00000000  0.00000000 
  0.00224104  0.00000000  0.00000000  0.00602410  0.00142045  0.27556818  0.00142045  0.00000000  0.00000000  0.16243655  0.00000000  0.00507614 
  0.00097064  0.00121330  0.00386100  0.00386100  0.00000000  0.28552097  0.00270636  0.00000000  0.00000000  0.13567839  0.00000000  0.00000000 
  0.00173870  0.00173870  0.00185185  0.00370370  0.00000000  0.26783115  0.00000000  0.00000000  0.00000000  0.16666667  0.00000000  0.00000000 
  0.00145843  0.00194458  0.00179856  0.00359712  0.00000000  0.28111888  0.00000000  0.00000000  0.00000000  0.14468085  0.00000000  0.00000000 
  0.00152284  0.00228426  0.00000000  0.00398406  0.00000000  0.28176796  0.00000000  0.00000000  0.00000000  0.14516129  0.00000000  0.00000000 
  0.00049665  0.00173827  0.00203252  0.00813008  0.00000000  0.32316227  0.00000000  0.00138696  0.00000000  0.14778325  0.00000000  0.00000000 
  0.00118511  0.00094809  0.00000000  0.00170648  0.00132275  0.30423280  0.00000000  0.00000000  0.00000000  0.15094340  0.00000000  0.00000000 
  0.00210035  0.00210035  0.00000000  0.00358423  0.00129534  0.26036269  0.00000000  0.00000000  0.00000000  0.19806763  0.00000000  0.00000000 
  0.00168148  0.00216190  0.00000000  0.00178253  0.00253807  0.26015228  0.00000000  0.00000000  0.00000000  0.17156863  0.00000000  0.00000000 
  0.00309524  0.00166667  0.00347222  0.00173611  0.00000000  0.27864215  0.00141443  0.00000000  0.00000000  0.17030568  0.00000000  0.00000000 
  0.00263536  0.00239578  0.00000000  0.00375235  0.00000000  0.27883397  0.00000000  0.00000000  0.00000000  0.12834225  0.00000000  0.00000000 
  0.00209400  0.00209400  0.00000000  0.00183824  0.00129870  0.28051948  0.00129870  0.00000000  0.00000000  0.21714286  0.00000000  0.00000000 
  0.00091116  0.00182232  0.00181159  0.00362319  0.00000000  0.28626943  0.00000000  0.00000000  0.00000000  0.16883117  0.00000000  0.00000000 
  0.00185917  0.00116198  0.00000000  0.00470219  0.00000000  0.25771971  0.00000000  0.00000000  0.00000000  0.15546218  0.00000000  0.00000000 
  0.00122279  0.00097823  0.00178253  0.00891266  0.00135135  0.27432432  0.00000000  0.00000000  0.00000000  0.15476190  0.00000000  0.00000000 
  0.00071310  0.00142619  0.00000000  0.00526316  0.00275103  0.28060523  0.00000000  0.00000000  0.00000000  0.15165877  0.00000000  0.00000000 
  0.00237699  0.00071310  0.00549451  0.00549451  0.00408719  0.28201635  0.00272480  0.00000000  0.00000000  0.15920398  0.00000000  0.00000000 
  0.00260787  0.00142248  0.00000000  0.00190840  0.00000000  0.24043716  0.00000000  0.00000000  0.00000000  0.09302326  0.00000000  0.00000000 
  0.00242660  0.00169862  0.00000000  0.00550459  0.00137931  0.24413793  0.00000000  0.00000000  0.00000000  0.18518519  0.00000000  0.00000000 
  0.00212665  0.00141777  0.00186220  0.00558659  0.00000000  0.29074316  0.00391134  0.00000000  0.00000000  0.16062176  0.00000000  0.00000000 
  0.00120308  0.00312801  0.00204499  0.00408998  0.00139470  0.30683403  0.00000000  0.00000000  0.00000000  0.14207650  0.00000000  0.00000000 
  0.00070472  0.00117454  0.00000000  0.00191939  0.00000000  0.27903683  0.00000000  0.00000000  0.00000000  0.20218579  0.00000000  0.00000000 
  0.00275672  0.00206754  0.00000000  0.00202020  0.00000000  0.25135870  0.00000000  0.00000000  0.00000000  0.11290323  0.00000000  0.00000000 
  0.00090600  0.00158550  0.00000000  0.00183150  0.00000000  0.25910931  0.00000000  0.00000000  0.00000000  0.17543860  0.00000000  0.00000000 
  0.00139502  0.00325506  0.00000000  0.00183486  0.00000000  0.25773196  0.00000000  0.00000000  0.00000000  0.13265306  0.00000000  0.00000000 
  0.00117151  0.00187441  0.00000000  0.00208768  0.00000000  0.27586207  0.00132626  0.00000000  0.00000000  0.13333333  0.00000000  0.00000000 
  0.00114312  0.00160037  0.00183486  0.00183486  0.00000000  0.28284024  0.00000000  0.00000000  0.00000000  0.14358974  0.00000000  0.00000000 
  0.00209205  0.00209205  0.00000000  0.00714286  0.00550206  0.27785420  0.00000000  0.00000000  0.00000000  0.16666667  0.00000000  0.00000000 
  0.00252990  0.00160994  0.00000000  0.00714286  0.00127714  0.27075351  0.00000000  0.00000000  0.00000000  0.15500000  0.00000000  0.00000000 
  0.00297075  0.00182815  0.00000000  0.00168350  0.00129534  0.23316062  0.00129534  0.00000000  0.00000000  0.09844560  0.00000000  0.00000000 
  0.00140482  0.00234137  0.00340136  0.00340136  0.00000000  0.27560051  0.00126422  0.00000000  0.00000000  0.12162162  0.00000000  0.00000000 
  0.00069140  0.00069140  0.00000000  0.00182149  0.00122399  0.22888617  0.00000000  0.00000000  0.00000000  0.17961165  0.00000000  0.00000000 
  0.00114758  0.00160661  0.00000000  0.00349040  0.00000000  0.22807018  0.00000000  0.00000000  0.00000000  0.12612613  0.00000000  0.00000000 
  0.00153173  0.00175055  0.00000000  0.00183824  0.00000000  0.25188917  0.00000000  0.00000000  0.00000000  0.14795918  0.00000000  0.00000000 
  0.00223364  0.00156355  0.00000000  0.00000000  0.00262467  0.24671916  0.00131234  0.00000000  0.00000000  0.18884120  0.00000000  0.00000000 
  0.00176678  0.00176678  0.00331675  0.00829187  0.00000000  0.23285899  0.00000000  0.00000000  0.00000000  0.11682243  0.00000000  0.00000000 
  0.00046094  0.00138281  0.00314465  0.00000000  0.00000000  0.26946108  0.00000000  0.00000000  0.00000000  0.13135593  0.00000000  0.00000000 
  0.00110619  0.00110619  0.00162075  0.00324149  0.00000000  0.26588235  0.00235294  0.00000000  0.00000000  0.16078431  0.00000000  0.00000000 
  0.00106202  0.00276126  0.00163934  0.00327869  0.00000000  0.24178404  0.00000000  0.00000000  0.00000000  0.13675214  0.00000000  0.00000000 
  0.00114207  0.00228415  0.00000000  0.00315956  0.00403769  0.22880215  0.00000000  0.00000000  0.00000000  0.13740458  0.00000000  0.00000000 
  0.00107135  0.00171416  0.00158479  0.01109350  0.00000000  0.28380024  0.00121803  0.00000000  0.00000000  0.15983607  0.00000000  0.00000000 
  0.00088574  0.00265722  0.00353357  0.00176678  0.00133690  0.25935829  0.00000000  0.00000000  0.00000000  0.10300429  0.00000000  0.00000000 
  0.00117371  0.00164319  0.00171527  0.00171527  0.00000000  0.25136612  0.00000000  0.00000000  0.00000000  0.14876033  0.00000000  0.00000000 
  0.00136240  0.00158946  0.00156495  0.00782473  0.00000000  0.23186528  0.00129534  0.00000000  0.00000000  0.12809917  0.00000000  0.00000000 
  0.00179332  0.00313831  0.00157233  0.00471698  0.00000000  0.27096774  0.00129032  0.00000000  0.00000000  0.13168724  0.00000000  0.00000000 
  0.00242291  0.00396476  0.00341880  0.00170940  0.00131752  0.22002635  0.00131752  0.00000000  0.00414938  0.14937759  0.00000000  0.00000000 
  0.00178731  0.00201072  0.00000000  0.00589971  0.00000000  0.22677596  0.00000000  0.00000000  0.00000000  0.14179104  0.00000000  0.00000000 
  0.00338753  0.00203252  0.00153610  0.00307220  0.00000000  0.24209246  0.00000000  0.00000000  0.00000000  0.11832061  0.00000000  0.00000000 
  0.00269481  0.00314395  0.00284091  0.01562500  0.00000000  0.26126126  0.00000000  0.00000000  0.00000000  0.16666667  0.00000000  0.00000000 
  0.00201387  0.00156635  0.00311526  0.00623053  0.00000000  0.21851852  0.00000000  0.00000000  0.00000000  0.16728625  0.00000000  0.00000000 
  0.00227531  0.00182025  0.00470958  0.00470958  0.00000000  0.23045822  0.00000000  0.00000000  0.00000000  0.15094340  0.00000000  0.00000000 
  0.00205620  0.00228467  0.00152672  0.00152672  0.00133333  0.26533333  0.00000000  0.00000000  0.00000000  0.14942529  0.00000000  0.00000000 
