  0.00416667  0.00000000  0.00000000  0.00507614  0.00000000  0.26153846  0.00000000  0.01538462  0.00287356  0.11206897  0.00000000  0.00000000 
  0.00000000  0.00000000  0.00549451  0.00549451  0.03225806  0.29032258  0.00000000  0.00000000  0.00000000  0.09615385  0.00000000  0.00000000 
  0.00450450  0.00000000  0.00000000  0.01197605  0.00000000  0.21621622  0.00000000  0.00000000  0.00266667  0.11733333  0.00000000  0.00000000 
  0.00467290  0.00000000  0.00000000  0.00000000  0.00000000  0.37500000  0.00000000  0.00000000  0.00000000  0.10793651  0.00000000  0.00000000 
  0.00000000  0.00000000  0.00313480  0.00000000  0.00000000  0.31914894  0.00000000  0.02127660  0.00000000  0.18211921  0.00000000  0.00000000 
  0.00000000  0.00434783  0.00537634  0.00268817  0.00000000  0.12307692  0.00000000  0.00000000  0.00000000  0.11111111  0.00000000  0.00000000 
  0.00396825  0.00000000  0.00642398  0.00642398  0.00000000  0.22619048  0.00000000  0.00000000  0.00000000  0.07619048  0.00000000  0.00000000 
  0.00000000  0.00358423  0.01360544  0.00453515  0.00000000  0.18987342  0.00000000  0.00000000  0.00000000  0.11299435  0.00000000  0.00000000 
  0.00396825  0.00396825  0.00549451  0.00824176  0.00000000  0.27848101  0.00000000  0.00000000  0.00000000  0.10985915  0.00000000  0.00281690 
  0.00714286  0.01785714  0.00280112  0.00280112  0.00000000  0.23333333  0.00000000  0.00000000  0.00558659  0.11173184  0.00000000  0.00000000 
  0.00384615  0.00000000  0.00261097  0.01305483  0.00000000  0.10666667  0.02666667  0.00000000  0.00259067  0.12953368  0.00000000  0.00000000 
  0.00361011  0.00000000  0.00320513  0.00000000  0.00000000  0.39062500  0.00000000  0.00000000  0.00000000  0.12500000  0.00000000  0.00000000 
  0.00000000  0.00366300  0.00688073  0.00229358  0.00000000  0.34375000  0.00000000  0.00000000  0.00000000  0.14893617  0.00000000  0.00000000 
  0.00000000  0.00403226  0.00000000  0.00000000  0.00000000  0.34666667  0.00000000  0.00000000  0.00000000  0.10743802  0.00000000  0.00000000 
  0.00000000  0.00337838  0.00000000  0.00934579  0.00000000  0.24637681  0.00000000  0.00000000  0.00000000  0.12162162  0.00000000  0.00000000 
  0.00403226  0.00000000  0.01002506  0.00751880  0.00000000  0.33846154  0.00000000  0.00000000  0.00000000  0.10937500  0.00000000  0.00000000 
  0.00456621  0.00913242  0.00000000  0.00259067  0.00000000  0.28125000  0.00000000  0.00000000  0.00000000  0.09536785  0.00000000  0.00000000 
  0.00515464  0.00000000  0.00279330  0.00279330  0.00000000  0.20408163  0.00000000  0.00000000  0.00000000  0.10670732  0.00000000  0.00000000 
  0.00000000  0.00000000  0.00625000  0.00937500  0.00000000  0.40476190  0.00000000  0.00000000  0.00000000  0.13090909  0.00000000  0.00000000 
  0.00520833  0.00000000  0.00000000  0.00000000  0.00000000  0.23529412  0.00000000  0.00000000  0.00000000  0.15068493  0.00000000  0.00000000 
  0.00574713  0.00574713  0.00300300  0.00000000  0.00000000  0.33333333  0.00000000  0.00000000  0.00000000  0.10795455  0.00000000  0.00000000 
  0.00000000  0.00558659  0.00000000  0.00000000  0.00000000  0.23076923  0.00000000  0.00000000  0.00000000  0.12587413  0.00000000  0.00000000 
  0.00000000  0.00561798  0.00000000  0.00000000  0.00000000  0.34545455  0.00000000  0.00000000  0.00000000  0.12177122  0.00000000  0.00000000 
  0.00543478  0.00000000  0.00325733  0.00325733  0.00000000  0.38461538  0.00000000  0.00000000  0.00000000  0.09774436  0.00000000  0.00000000 
  0.00518135  0.00000000  0.00342466  0.00684932  0.00000000  0.30232558  0.00000000  0.00000000  0.00000000  0.12681159  0.00000000  0.00000000 
  0.00000000  0.00000000  0.00729927  0.00364964  0.00000000  0.32432432  0.00000000  0.00000000  0.00369004  0.14391144  0.00000000  0.00000000 
  0.00000000  0.00000000  0.00469484  0.00469484  0.00000000  0.40740741  0.00000000  0.00000000  0.00000000  0.12107623  0.00000000  0.00000000 
  0.00000000  0.00000000  0.00371747  0.00000000  0.00000000  0.50000000  0.00000000  0.00000000  0.00362319  0.13768116  0.00000000  0.00000000 
  0.00000000  0.00000000  0.00000000  0.00322581  0.00000000  0.34883721  0.00000000  0.00000000  0.00000000  0.14925373  0.00000000  0.00000000 
  0.00000000  0.00000000  0.00000000  0.00319489  0.02325581  0.37209302  0.00000000  0.00000000  0.00000000  0.12704918  0.00000000  0.00000000 
  0.00000000  0.00000000  0.00377358  0.00000000  0.00000000  0.34042553  0.02127660  0.00000000  0.00000000  0.08333333  0.00000000  0.00000000 
  0.00000000  0.00751880  0.00354610  0.00000000  0.00000000  0.34883721  0.00000000  0.00000000  0.00000000  0.13127413  0.00000000  0.00000000 
  0.01183432  0.00000000  0.00557103  0.00835655  0.00000000  0.39534884  0.00000000  0.00000000  0.00000000  0.12000000  0.00000000  0.00000000 
  0.00000000  0.00000000  0.00000000  0.00000000  0.00000000  0.28301887  0.00000000  0.00000000  0.00000000  0.11610487  0.00000000  0.00000000 
  0.00000000  0.00000000  0.00547945  0.00547945  0.00000000  0.22950820  0.00000000  0.00000000  0.00000000  0.11764706  0.00000000  0.00000000 
  0.00000000  0.00000000  0.00000000  0.00000000  0.00000000  0.23404255  0.00000000  0.00000000  0.00000000  0.10971787  0.00000000  0.00000000 
  0.00000000  0.00000000  0.00000000  0.00000000  0.00000000  0.31111111  0.00000000  0.00000000  0.00000000  0.12648221  0.00000000  0.00000000 
  0.00584795  0.00000000  0.00630915  0.00000000  0.00000000  0.37209302  0.02325581  0.00000000  0.00000000  0.12913907  0.00000000  0.00000000 
  0.01257862  0.00000000  0.00375940  0.00000000  0.00000000  0.28571429  0.00000000  0.00000000  0.00000000  0.11070111  0.00000000  0.00000000 
  0.00588235  0.00000000  0.01224490  0.00000000  0.00000000  0.24390244  0.00000000  0.00000000  0.00000000  0.10989011  0.00000000  0.00000000 
  0.00000000  0.00000000  0.00380228  0.00380228  0.00000000  0.32558140  0.00000000  0.00000000  0.00000000  0.12881356  0.00000000  0.00000000 
  0.00584795  0.00000000  0.00000000  0.00366300  0.00000000  0.26470588  0.00000000  0.00000000  0.00000000  0.09859155  0.00000000  0.00000000 
  0.00000000  0.00609756  0.00000000  0.00729927  0.00000000  0.36585366  0.00000000  0.00000000  0.00000000  0.08445946  0.00000000  0.00000000 
  0.00000000  0.00000000  0.01023891  0.00341297  0.00000000  0.30769231  0.00000000  0.00000000  0.00000000  0.07766990  0.00000000  0.00000000 
  0.00000000  0.00000000  0.00347222  0.00000000  0.03571429  0.39285714  0.00000000  0.00000000  0.00337838  0.07432432  0.00000000  0.00000000 
  0.00000000  0.00000000  0.01219512  0.00000000  0.00000000  0.38888889  0.00000000  0.00000000  0.00000000  0.12400000  0.00000000  0.00000000 
  0.00000000  0.00000000  0.00000000  0.00000000  0.00000000  0.50000000  0.00000000  0.00000000  0.00000000  0.11891892  0.00000000  0.00000000 
  0.00000000  0.00000000  0.00000000  0.00387597  0.00000000  0.52272727  0.00000000  0.00000000  0.00000000  0.13793103  0.00000000  0.00000000 
  0.00000000  0.00000000  0.00343643  0.00343643  0.00000000  0.26785714  0.00000000  0.00000000  0.00000000  0.15671642  0.00000000  0.00000000 
  0.00537634  0.00000000  0.00282486  0.00564972  0.00000000  0.27419355  0.00000000  0.00000000  0.00000000  0.10903427  0.00000000  0.00000000 
  0.00534759  0.00000000  0.00404858  0.00404858  0.00000000  0.40425532  0.00000000  0.00000000  0.00000000  0.14590747  0.00000000  0.00000000 
  0.00000000  0.00000000  0.00411523  0.00411523  0.00000000  0.33898305  0.01694915  0.00000000  0.00000000  0.15000000  0.00000000  0.00000000 
  0.00000000  0.00595238  0.00469484  0.00000000  0.00000000  0.38297872  0.00000000  0.00000000  0.00000000  0.16402116  0.00000000  0.00000000 
  0.00000000  0.00000000  0.00000000  0.00380228  0.00000000  0.22222222  0.00000000  0.00000000  0.00000000  0.18483412  0.00000000  0.00000000 
  0.00000000  0.00529101  0.00000000  0.00961538  0.00000000  0.38983051  0.00000000  0.00000000  0.00000000  0.18750000  0.00000000  0.00000000 
  0.00000000  0.00000000  0.00000000  0.00000000  0.00000000  0.40000000  0.00000000  0.00000000  0.00000000  0.18902439  0.00000000  0.00000000 
  0.00000000  0.01369863  0.00520833  0.00000000  0.00000000  0.36363636  0.00000000  0.00000000  0.00000000  0.17368421  0.00000000  0.00000000 
  0.00000000  0.00000000  0.00632911  0.00632911  0.00000000  0.40000000  0.00000000  0.00000000  0.00000000  0.16153846  0.00000000  0.00000000 
  0.00000000  0.00000000  0.00000000  0.00000000  0.00000000  0.48000000  0.00000000  0.00000000  0.00000000  0.23893805  0.00000000  0.00000000 
  0.00000000  0.00000000  0.00000000  0.00000000  0.00000000  0.46153846  0.00000000  0.00000000  0.00000000  0.13131313  0.00000000  0.00000000 
  0.00000000  0.00000000  0.00000000  0.00000000  0.00000000  0.46875000  0.00000000  0.00000000  0.00000000  0.21022727  0.00000000  0.00000000 
  0.00000000  0.00000000  0.00450450  0.00450450  0.00000000  0.32000000  0.00000000  0.00000000  0.00000000  0.17040359  0.00000000  0.00000000 
  0.00000000  0.00000000  0.00000000  0.00000000  0.00000000  0.34482759  0.00000000  0.00000000  0.00000000  0.14792899  0.00000000  0.00000000 
  0.00000000  0.00000000  0.00485437  0.00000000  0.00000000  0.45652174  0.00000000  0.00000000  0.00000000  0.19791667  0.00000000  0.00000000 
  0.00000000  0.00000000  0.00000000  0.00000000  0.00000000  0.40000000  0.00000000  0.00000000  0.00000000  0.20000000  0.00000000  0.00000000 
  0.00000000  0.00595238  0.00934579  0.00934579  0.00000000  0.36363636  0.00000000  0.00000000  0.00000000  0.14975845  0.00000000  0.00000000 
  0.00000000  0.00000000  0.00398406  0.00398406  0.00000000  0.35714286  0.00000000  0.00000000  0.00413223  0.12809917  0.00000000  0.00000000 
  0.00000000  0.00000000  0.00000000  0.00921659  0.00000000  0.48275862  0.00000000  0.00000000  0.00000000  0.17410714  0.00000000  0.00000000 
  0.00000000  0.00000000  0.00000000  0.00000000  0.00000000  0.45714286  0.00000000  0.00000000  0.00000000  0.11737089  0.00000000  0.00000000 
  0.00000000  0.02173913  0.00403226  0.00403226  0.00000000  0.38461538  0.00000000  0.00000000  0.00000000  0.12500000  0.00000000  0.00000000 
  0.00000000  0.00826446  0.00438596  0.00000000  0.00000000  0.34615385  0.00000000  0.00000000  0.00000000  0.10267857  0.00000000  0.00000000 
  0.00000000  0.01834862  0.00000000  0.01036269  0.00000000  0.42857143  0.00000000  0.00000000  0.00000000  0.09815951  0.00000000  0.00000000 
  0.00000000  0.00800000  0.00000000  0.00000000  0.00000000  0.19047619  0.00000000  0.00000000  0.00000000  0.08275862  0.00000000  0.00000000 
  0.00000000  0.00000000  0.00000000  0.00000000  0.00000000  0.33333333  0.00000000  0.00000000  0.00000000  0.20000000  0.00000000  0.00000000 
  0.00000000  0.01242236  0.00966184  0.00483092  0.00000000  0.45945946  0.00000000  0.00000000  0.00625000  0.16875000  0.00000000  0.00000000 
  0.00000000  0.00000000  0.00961538  0.00000000  0.00000000  0.27272727  0.00000000  0.00000000  0.00000000  0.16509434  0.00000000  0.00000000 
  0.00000000  0.00680272  0.00462963  0.00925926  0.00000000  0.22857143  0.00000000  0.00000000  0.00398406  0.12350598  0.00000000  0.00000000 
  0.00000000  0.00628931  0.00975610  0.00487805  0.00000000  0.23333333  0.00000000  0.00000000  0.00000000  0.12195122  0.00000000  0.00000000 
  0.00000000  0.01190476  0.00364964  0.00000000  0.00000000  0.18750000  0.00000000  0.00000000  0.00000000  0.13008130  0.00000000  0.00000000 
  0.00000000  0.00000000  0.00000000  0.00823045  0.00000000  0.36842105  0.00000000  0.00000000  0.00000000  0.15625000  0.00000000  0.00000000 
  0.00000000  0.00000000  0.00961538  0.00000000  0.00000000  0.40625000  0.00000000  0.00000000  0.00505051  0.14141414  0.00000000  0.00000000 
  0.00000000  0.00000000  0.00000000  0.00000000  0.00000000  0.34482759  0.00000000  0.00000000  0.00000000  0.16129032  0.00000000  0.00000000 
  0.00000000  0.00606061  0.00471698  0.00471698  0.00000000  0.42857143  0.00000000  0.00000000  0.00000000  0.15294118  0.00000000  0.00000000 
  0.00000000  0.00000000  0.00000000  0.00716846  0.00000000  0.25581395  0.00000000  0.00000000  0.00355872  0.11387900  0.00000000  0.00000000 
  0.00505051  0.00505051  0.00000000  0.00000000  0.00000000  0.41176471  0.00000000  0.00000000  0.00000000  0.11827957  0.00000000  0.00000000 
  0.00000000  0.00000000  0.00928793  0.00619195  0.00000000  0.40000000  0.00000000  0.00000000  0.00000000  0.14634146  0.00000000  0.00000000 
  0.00404858  0.00000000  0.00615385  0.00615385  0.00000000  0.36619718  0.00000000  0.00000000  0.00000000  0.11379310  0.00000000  0.00000000 
  0.00000000  0.00900901  0.00355872  0.00000000  0.00000000  0.36538462  0.00000000  0.00000000  0.00000000  0.12663755  0.00000000  0.00000000 
  0.00000000  0.00000000  0.00000000  0.00467290  0.00000000  0.35416667  0.02083333  0.00000000  0.00485437  0.15533981  0.00000000  0.00000000 
  0.00000000  0.00000000  0.00000000  0.01255230  0.00000000  0.43750000  0.00000000  0.00000000  0.00000000  0.13302752  0.00000000  0.00000000 
  0.00000000  0.00900901  0.01327434  0.00000000  0.00000000  0.27777778  0.00000000  0.00000000  0.00000000  0.14054054  0.00000000  0.00000000 
  0.00000000  0.00448430  0.00682594  0.00682594  0.00000000  0.29508197  0.00000000  0.00000000  0.00518135  0.11917098  0.00000000  0.00000000 
  0.00000000  0.00000000  0.00609756  0.00304878  0.00000000  0.25000000  0.00000000  0.00000000  0.00000000  0.11355311  0.00000000  0.00000000 
  0.00000000  0.00917431  0.00328947  0.00000000  0.00000000  0.18032787  0.00000000  0.00000000  0.00000000  0.12903226  0.00000000  0.00000000 
  0.00432900  0.00432900  0.01621622  0.00810811  0.00000000  0.23809524  0.00000000  0.00000000  0.00000000  0.10030395  0.00000000  0.00000000 
  0.00000000  0.00904977  0.00534759  0.00267380  0.00000000  0.26666667  0.01666667  0.00000000  0.00000000  0.11470588  0.00000000  0.00294118 
  0.00000000  0.00921659  0.01171875  0.00000000  0.00000000  0.15254237  0.00000000  0.00000000  0.00483092  0.13526570  0.00000000  0.00000000 
  0.00000000  0.00529101  0.00687285  0.00687285  0.00000000  0.22641509  0.00000000  0.00000000  0.00000000  0.11481481  0.00000000  0.00000000 
  0.00000000  0.00000000  0.00000000  0.00374532  0.00000000  0.13157895  0.00000000  0.00000000  0.00000000  0.09057971  0.00000000  0.00000000 
  0.00000000  0.00500000  0.00389105  0.00000000  0.01923077  0.21153846  0.00000000  0.00000000  0.00000000  0.15062762  0.00000000  0.00000000 
  0.00000000  0.00000000  0.00738007  0.00000000  0.00000000  0.35000000  0.00000000  0.01666667  0.00000000  0.15469613  0.00000000  0.00000000 
  0.00564972  0.00000000  0.00383142  0.00766284  0.00000000  0.37209302  0.00000000  0.00000000  0.00000000  0.12413793  0.00000000  0.00000000 
  0.00000000  0.00000000  0.00000000  0.00000000  0.00000000  0.45238095  0.00000000  0.00000000  0.00000000  0.14117647  0.00000000  0.00392157 
  0.00000000  0.00000000  0.01238390  0.00928793  0.00000000  0.27083333  0.00000000  0.00000000  0.00000000  0.15517241  0.00000000  0.00000000 
  0.00000000  0.00000000  0.00000000  0.00427350  0.00000000  0.25531915  0.00000000  0.02127660  0.00000000  0.15270936  0.00000000  0.00000000 
  0.00000000  0.00000000  0.00000000  0.00000000  0.00000000  0.28205128  0.00000000  0.00000000  0.00000000  0.20731707  0.00000000  0.00000000 
  0.00000000  0.01136364  0.00000000  0.00000000  0.00000000  0.37777778  0.00000000  0.00000000  0.00000000  0.17857143  0.00000000  0.00000000 
  0.00000000  0.00000000  0.00471698  0.00000000  0.00000000  0.39285714  0.00000000  0.00000000  0.00000000  0.12500000  0.00000000  0.00000000 
  0.00000000  0.00000000  0.00000000  0.00000000  0.00000000  0.46428571  0.00000000  0.00000000  0.00000000  0.13235294  0.00000000  0.00000000 
  0.00000000  0.00000000  0.00000000  0.00000000  0.00000000  0.26315789  0.00000000  0.00000000  0.00000000  0.21705426  0.00000000  0.00000000 
  0.00000000  0.00000000  0.00970874  0.00970874  0.00000000  0.53333333  0.00000000  0.00000000  0.00000000  0.20000000  0.00000000  0.00000000 
  0.00000000  0.00555556  0.00000000  0.00000000  0.00000000  0.30232558  0.00000000  0.00000000  0.00000000  0.19130435  0.00000000  0.00000000 
  0.00000000  0.00000000  0.00000000  0.00432900  0.00000000  0.26530612  0.00000000  0.00000000  0.00000000  0.11640212  0.00000000  0.00000000 
  0.00000000  0.00000000  0.00000000  0.00000000  0.00000000  0.40000000  0.00000000  0.00000000  0.00000000  0.14788732  0.00000000  0.00000000 
  0.00000000  0.00000000  0.00000000  0.00000000  0.00000000  0.48837209  0.00000000  0.00000000  0.00000000  0.16463415  0.00000000  0.00000000 
  0.00000000  0.00571429  0.00343643  0.00343643  0.00000000  0.28260870  0.00000000  0.00000000  0.00000000  0.09154930  0.00000000  0.00000000 
  0.00000000  0.00000000  0.00958466  0.00638978  0.00000000  0.34782609  0.00000000  0.00000000  0.00000000  0.11228070  0.00000000  0.00000000 
  0.00000000  0.00588235  0.01115242  0.01858736  0.00000000  0.29787234  0.00000000  0.00000000  0.00000000  0.09859155  0.00000000  0.00000000 
  0.00523560  0.00000000  0.00606061  0.00000000  0.00000000  0.21212121  0.00000000  0.00000000  0.00000000  0.09287926  0.00000000  0.00000000 
  0.00000000  0.00000000  0.00613497  0.00306748  0.00000000  0.32558140  0.00000000  0.00000000  0.00000000  0.08832808  0.00000000  0.00000000 
  0.00000000  0.01290323  0.00877193  0.00000000  0.00000000  0.18604651  0.00000000  0.00000000  0.00000000  0.11486486  0.00000000  0.00000000 
  0.00000000  0.00000000  0.00738007  0.00738007  0.00000000  0.42857143  0.00000000  0.00000000  0.00340136  0.08843537  0.00000000  0.00000000 
  0.00000000  0.00000000  0.01388889  0.00000000  0.00000000  0.40909091  0.00000000  0.00000000  0.00000000  0.10196078  0.00000000  0.00392157 
  0.00000000  0.00000000  0.00719424  0.00000000  0.00000000  0.37777778  0.00000000  0.00000000  0.00000000  0.11788618  0.00000000  0.00000000 
  0.00000000  0.00000000  0.00375940  0.00000000  0.00000000  0.32727273  0.00000000  0.00000000  0.00000000  0.11029412  0.00000000  0.00000000 
  0.00000000  0.00000000  0.00446429  0.00446429  0.00000000  0.20000000  0.00000000  0.00000000  0.00408163  0.14285714  0.00000000  0.00000000 
  0.00000000  0.00000000  0.00701754  0.00000000  0.00000000  0.35294118  0.00000000  0.00000000  0.00000000  0.09649123  0.00000000  0.00000000 
  0.00598802  0.00598802  0.00000000  0.00675676  0.00000000  0.24074074  0.00000000  0.00000000  0.00377358  0.11698113  0.00000000  0.00000000 
  0.00000000  0.00000000  0.01689189  0.00337838  0.00000000  0.23913043  0.00000000  0.00000000  0.00000000  0.12107623  0.00000000  0.00000000 
  0.00000000  0.00000000  0.00450450  0.00000000  0.00000000  0.28846154  0.00000000  0.00000000  0.00000000  0.15319149  0.00000000  0.00000000 
  0.00000000  0.00000000  0.00366300  0.01098901  0.00000000  0.29268293  0.00000000  0.00000000  0.00000000  0.16086957  0.00000000  0.00000000 
  0.00000000  0.00719424  0.00000000  0.00000000  0.00000000  0.33333333  0.00000000  0.00000000  0.00000000  0.13736264  0.00000000  0.00000000 
  0.00000000  0.00000000  0.00000000  0.00458716  0.00000000  0.34042553  0.00000000  0.00000000  0.00000000  0.16666667  0.00000000  0.00000000 
  0.00564972  0.00564972  0.00497512  0.00000000  0.00000000  0.28571429  0.00000000  0.00000000  0.00000000  0.10504202  0.00000000  0.00000000 
  0.00000000  0.00000000  0.00000000  0.00000000  0.02857143  0.37142857  0.00000000  0.00000000  0.00000000  0.14871795  0.00000000  0.00000000 
  0.00763359  0.00000000  0.00000000  0.00448430  0.00000000  0.31250000  0.00000000  0.00000000  0.00000000  0.13756614  0.00000000  0.00000000 
  0.00000000  0.00000000  0.00000000  0.00000000  0.00000000  0.29629630  0.00000000  0.00000000  0.00995025  0.13432836  0.00000000  0.00000000 
  0.00000000  0.01438849  0.00000000  0.00446429  0.00000000  0.28000000  0.00000000  0.00000000  0.00000000  0.17757009  0.00000000  0.00000000 
  0.00000000  0.00740741  0.00000000  0.00000000  0.00000000  0.28571429  0.00000000  0.00000000  0.00000000  0.14285714  0.00000000  0.00000000 
  0.00000000  0.00000000  0.00510204  0.00000000  0.00000000  0.34210526  0.00000000  0.00000000  0.00000000  0.13592233  0.00000000  0.00000000 
  0.00000000  0.00000000  0.00487805  0.00000000  0.00000000  0.31111111  0.00000000  0.00000000  0.00000000  0.10880829  0.00000000  0.00000000 
  0.00000000  0.00000000  0.01648352  0.00000000  0.00000000  0.39534884  0.00000000  0.00000000  0.00495050  0.11386139  0.00000000  0.00000000 
  0.00000000  0.00000000  0.00000000  0.00000000  0.00000000  0.29729730  0.00000000  0.00000000  0.00000000  0.15859031  0.00000000  0.00000000 
  0.00000000  0.00000000  0.00515464  0.00515464  0.00000000  0.46808511  0.00000000  0.00000000  0.00000000  0.12376238  0.00000000  0.00000000 
  0.00000000  0.00000000  0.00450450  0.00900901  0.00000000  0.18181818  0.00000000  0.00000000  0.00000000  0.18483412  0.00000000  0.00000000 
  0.00000000  0.00000000  0.00000000  0.00000000  0.00000000  0.41025641  0.00000000  0.00000000  0.00000000  0.19135802  0.00000000  0.00000000 
  0.00000000  0.00549451  0.00000000  0.00000000  0.00000000  0.26984127  0.00000000  0.00000000  0.00000000  0.14285714  0.00000000  0.00000000 
  0.01129944  0.01129944  0.00000000  0.00527704  0.00000000  0.27906977  0.00000000  0.00000000  0.00278552  0.09749304  0.00000000  0.00000000 
  0.00000000  0.00000000  0.00341297  0.00341297  0.00000000  0.30612245  0.00000000  0.00000000  0.00000000  0.13687151  0.00000000  0.00000000 
  0.00000000  0.00000000  0.01282051  0.00000000  0.00000000  0.32608696  0.00000000  0.00000000  0.00000000  0.17333333  0.00000000  0.00000000 
  0.00000000  0.00000000  0.01449275  0.00000000  0.00000000  0.36956522  0.00000000  0.00000000  0.00000000  0.24840764  0.00000000  0.00000000 
  0.00000000  0.00000000  0.00543478  0.01086957  0.00000000  0.28571429  0.00000000  0.00000000  0.00000000  0.22093023  0.00000000  0.00000000 
  0.00000000  0.00000000  0.00000000  0.00000000  0.00000000  0.39473684  0.00000000  0.00000000  0.00757576  0.24242424  0.00000000  0.00000000 
  0.00000000  0.00549451  0.00400000  0.00400000  0.00000000  0.43902439  0.00000000  0.00000000  0.00000000  0.18226601  0.00000000  0.00000000 
  0.00000000  0.01000000  0.00000000  0.00000000  0.00000000  0.48780488  0.00000000  0.00000000  0.00000000  0.16483516  0.00000000  0.00000000 
  0.00000000  0.01764706  0.00000000  0.00561798  0.00000000  0.51282051  0.00000000  0.00000000  0.00403226  0.13306452  0.00000000  0.00000000 
  0.00625000  0.00000000  0.00609756  0.00000000  0.00000000  0.36666667  0.00000000  0.00000000  0.00000000  0.19135802  0.00000000  0.00000000 
  0.00000000  0.00000000  0.00000000  0.00000000  0.00000000  0.35483871  0.00000000  0.00000000  0.00000000  0.20000000  0.00000000  0.00000000 
  0.00613497  0.00000000  0.00400000  0.00400000  0.02702703  0.32432432  0.00000000  0.00000000  0.00000000  0.17903930  0.00000000  0.00000000 
  0.01379310  0.00000000  0.00000000  0.00515464  0.02857143  0.34285714  0.00000000  0.00000000  0.00000000  0.13901345  0.00000000  0.00000000 
  0.00000000  0.01142857  0.00000000  0.00000000  0.00000000  0.43333333  0.00000000  0.00000000  0.00000000  0.18719212  0.00000000  0.00000000 
  0.00000000  0.00518135  0.00000000  0.00000000  0.00000000  0.35483871  0.00000000  0.03225806  0.00000000  0.20000000  0.00000000  0.00000000 
  0.00628931  0.00000000  0.00000000  0.00473934  0.00000000  0.42857143  0.00000000  0.00000000  0.00000000  0.20967742  0.00000000  0.00000000 
  0.00000000  0.00000000  0.00000000  0.00497512  0.00000000  0.43333333  0.00000000  0.00000000  0.00000000  0.27135678  0.00000000  0.00000000 
  0.00000000  0.00591716  0.00478469  0.00478469  0.00000000  0.36585366  0.00000000  0.00000000  0.00000000  0.17365269  0.00000000  0.00000000 
  0.00000000  0.00000000  0.00740741  0.00000000  0.00000000  0.44186047  0.00000000  0.00000000  0.00000000  0.17213115  0.00000000  0.00000000 
  0.00000000  0.00000000  0.00000000  0.00000000  0.00000000  0.37037037  0.00000000  0.00000000  0.00000000  0.08247423  0.00000000  0.00000000 
  0.00000000  0.00000000  0.00000000  0.00000000  0.00000000  0.33333333  0.00000000  0.00000000  0.00000000  0.16853933  0.00000000  0.00000000 
  0.00000000  0.00000000  0.00775194  0.00775194  0.00000000  0.34482759  0.00000000  0.00000000  0.00000000  0.19354839  0.00000000  0.00000000 
  0.00000000  0.00000000  0.00000000  0.00000000  0.00000000  0.32352941  0.00000000  0.00000000  0.01075269  0.12903226  0.00000000  0.00000000 
  0.00000000  0.00000000  0.00793651  0.00000000  0.00000000  0.48387097  0.00000000  0.00000000  0.00000000  0.05154639  0.00000000  0.00000000 
  0.00000000  0.00000000  0.00000000  0.00793651  0.00000000  0.53846154  0.00000000  0.00000000  0.00000000  0.18571429  0.00000000  0.00000000 
  0.00000000  0.01910828  0.01449275  0.01449275  0.00000000  0.34042553  0.00000000  0.00000000  0.00000000  0.22077922  0.00000000  0.00000000 
  0.00000000  0.00000000  0.00000000  0.00000000  0.00000000  0.58974359  0.00000000  0.00000000  0.00000000  0.15384615  0.00000000  0.00000000 
  0.00000000  0.00000000  0.00000000  0.00000000  0.00000000  0.48571429  0.00000000  0.00000000  0.00000000  0.14705882  0.00000000  0.00000000 
  0.00000000  0.00000000  0.00000000  0.00000000  0.00000000  0.39393939  0.00000000  0.00000000  0.00000000  0.32727273  0.00000000  0.00000000 
