  0.00025747  0.00154480  0.00051099  0.00289559  0.00080775  0.18739903  0.00000000  0.00000000  0.00009924  0.07125136  0.00000000  0.00000000 
  0.00000000  0.00064130  0.00061321  0.00214625  0.00000000  0.22251832  0.00000000  0.00000000  0.00000000  0.07503470  0.00000000  0.00000000 
  0.00082102  0.00082102  0.00031786  0.00095359  0.00000000  0.21481481  0.00000000  0.00000000  0.00000000  0.07772255  0.00000000  0.00000000 
  0.00101978  0.00101978  0.00032960  0.00148319  0.00000000  0.19151943  0.00000000  0.00000000  0.00008936  0.07595389  0.00000000  0.00000000 
  0.00143472  0.00040992  0.00071276  0.00270848  0.00000000  0.23194888  0.00000000  0.00000000  0.00000000  0.08007335  0.00000000  0.00000000 
  0.00040445  0.00182002  0.00119367  0.00238735  0.00000000  0.19426974  0.00000000  0.00000000  0.00000000  0.06785024  0.00000000  0.00000000 
  0.00039690  0.00079381  0.00069109  0.00262612  0.00000000  0.17186463  0.00000000  0.00000000  0.00000000  0.07628778  0.00000000  0.00000000 
  0.00044663  0.00066994  0.00028498  0.00199487  0.00000000  0.23367953  0.00000000  0.00000000  0.00000000  0.09061010  0.00000000  0.00000000 
  0.00067144  0.00067144  0.00166138  0.00181242  0.00149365  0.19865571  0.00000000  0.00000000  0.00000000  0.07815047  0.00000000  0.00008579 
  0.00060484  0.00241935  0.00130246  0.00274964  0.00000000  0.16011236  0.00000000  0.00000000  0.00000000  0.06748252  0.00000000  0.00000000 
  0.00095383  0.00133537  0.00031822  0.00286396  0.00000000  0.16944444  0.00000000  0.00000000  0.00000000  0.06858428  0.00000000  0.00000000 
  0.00080176  0.00060132  0.00105453  0.00256101  0.00000000  0.20699500  0.00000000  0.00000000  0.00000000  0.08523702  0.00000000  0.00000000 
  0.00055949  0.00074599  0.00092550  0.00169675  0.00000000  0.16131237  0.00000000  0.00000000  0.00000000  0.07302053  0.00000000  0.00000000 
  0.00106440  0.00035480  0.00120234  0.00223291  0.00000000  0.16095171  0.00069979  0.00000000  0.00000000  0.06547746  0.00000000  0.00000000 
  0.00036062  0.00072124  0.00017775  0.00159972  0.00000000  0.17330538  0.00000000  0.00000000  0.00000000  0.06667394  0.00000000  0.00000000 
  0.00098328  0.00058997  0.00033484  0.00217646  0.00000000  0.16416792  0.00000000  0.00000000  0.00000000  0.07729516  0.00000000  0.00000000 
  0.00085016  0.00063762  0.00054975  0.00192413  0.00000000  0.21398892  0.00000000  0.00069252  0.00000000  0.09157922  0.00000000  0.00000000 
  0.00043563  0.00108909  0.00075781  0.00227342  0.00000000  0.23131171  0.00000000  0.00000000  0.00000000  0.08852105  0.00000000  0.00000000 
  0.00080972  0.00161943  0.00058156  0.00247165  0.00000000  0.20836237  0.00000000  0.00000000  0.00000000  0.09017873  0.00000000  0.00000000 
  0.00132903  0.00056958  0.00082932  0.00199038  0.00000000  0.19295775  0.00000000  0.00000000  0.00009814  0.08086359  0.00000000  0.00000000 
  0.00055679  0.00111359  0.00090563  0.00199239  0.00000000  0.16897081  0.00000000  0.00000000  0.00000000  0.06873853  0.00000000  0.00000000 
  0.00056054  0.00074738  0.00123872  0.00176960  0.00000000  0.19954819  0.00000000  0.00000000  0.00000000  0.06642298  0.00000000  0.00000000 
  0.00109971  0.00109971  0.00149180  0.00116029  0.00000000  0.21879195  0.00000000  0.00067114  0.00010169  0.07596095  0.00000000  0.00000000 
  0.00104420  0.00121824  0.00142857  0.00089286  0.00069493  0.19041001  0.00000000  0.00000000  0.00010790  0.06840742  0.00000000  0.00000000 
  0.00071775  0.00107662  0.00071518  0.00160915  0.00000000  0.18062284  0.00000000  0.00000000  0.00021331  0.07017918  0.00000000  0.00000000 
  0.00099206  0.00039683  0.00000000  0.00185748  0.00000000  0.21660650  0.00000000  0.00000000  0.00000000  0.08477752  0.00000000  0.00000000 
  0.00088203  0.00088203  0.00106594  0.00213187  0.00000000  0.23569482  0.00000000  0.00000000  0.00008885  0.09577965  0.00000000  0.00000000 
  0.00063118  0.00147275  0.00088352  0.00220881  0.00000000  0.22252560  0.00000000  0.00000000  0.00008557  0.09729591  0.00000000  0.00000000 
  0.00087165  0.00130747  0.00122316  0.00271813  0.00000000  0.20321637  0.00000000  0.00073099  0.00000000  0.07271446  0.00000000  0.00000000 
  0.00081549  0.00122324  0.00126618  0.00281373  0.00000000  0.19915254  0.00000000  0.00000000  0.00000000  0.08315025  0.00000000  0.00000000 
  0.00127173  0.00063586  0.00067824  0.00135648  0.00000000  0.17044623  0.00000000  0.00000000  0.00015716  0.06050605  0.00000000  0.00000000 
  0.00135240  0.00096600  0.00075483  0.00150966  0.00000000  0.16777042  0.00000000  0.00000000  0.00000000  0.06663026  0.00000000  0.00000000 
  0.00040201  0.00060302  0.00083893  0.00016779  0.00000000  0.20486111  0.00000000  0.00000000  0.00019529  0.07333268  0.00000000  0.00000000 
  0.00061805  0.00041203  0.00093683  0.00294433  0.00000000  0.19876628  0.00000000  0.00000000  0.00008227  0.09387084  0.00000000  0.00000000 
  0.00087951  0.00043975  0.00112045  0.00252101  0.00000000  0.21539548  0.00000000  0.00000000  0.00000000  0.09126611  0.00000000  0.00000000 
  0.00106655  0.00127986  0.00126618  0.00182893  0.00000000  0.19144603  0.00000000  0.00000000  0.00000000  0.08698648  0.00000000  0.00000000 
  0.00082833  0.00020708  0.00088666  0.00177331  0.00000000  0.20886981  0.00000000  0.00000000  0.00000000  0.08112107  0.00000000  0.00000000 
  0.00084674  0.00063506  0.00117612  0.00235225  0.00000000  0.21178225  0.00000000  0.00000000  0.00000000  0.07819742  0.00000000  0.00000000 
  0.00100040  0.00060024  0.00152672  0.00213740  0.00000000  0.17512877  0.00000000  0.00000000  0.00000000  0.06197729  0.00000000  0.00000000 
  0.00037495  0.00056243  0.00048426  0.00032284  0.00000000  0.18232819  0.00000000  0.00000000  0.00018692  0.07289720  0.00000000  0.00000000 
  0.00105798  0.00105798  0.00089996  0.00194990  0.00000000  0.21748401  0.00000000  0.00000000  0.00000000  0.08233572  0.00000000  0.00000000 
  0.00043783  0.00153240  0.00060314  0.00180941  0.00000000  0.20925414  0.00069061  0.00000000  0.00008888  0.08745889  0.00000000  0.00000000 
  0.00084944  0.00148652  0.00053262  0.00133156  0.00000000  0.20372928  0.00000000  0.00000000  0.00000000  0.09235489  0.00000000  0.00000000 
  0.00044238  0.00000000  0.00152788  0.00168067  0.00000000  0.24579832  0.00000000  0.00000000  0.00000000  0.09112190  0.00000000  0.00000000 
  0.00064392  0.00107319  0.00013648  0.00218370  0.00000000  0.22421823  0.00000000  0.00000000  0.00000000  0.09542527  0.00000000  0.00008363 
  0.00042580  0.00106451  0.00089793  0.00179587  0.00000000  0.24152249  0.00000000  0.00000000  0.00008862  0.09127969  0.00000000  0.00000000 
  0.00088711  0.00155245  0.00058258  0.00160210  0.00000000  0.20911722  0.00000000  0.00000000  0.00000000  0.09790989  0.00000000  0.00000000 
  0.00149797  0.00085598  0.00084830  0.00183798  0.00000000  0.20422535  0.00000000  0.00000000  0.00008601  0.08230842  0.00000000  0.00000000 
  0.00121531  0.00162042  0.00149120  0.00357888  0.00000000  0.17733628  0.00000000  0.00000000  0.00000000  0.07895955  0.00000000  0.00000000 
  0.00107112  0.00085690  0.00209147  0.00237033  0.00000000  0.18721461  0.00000000  0.00000000  0.00000000  0.07187346  0.00000000  0.00008195 
  0.00129171  0.00107643  0.00060196  0.00150489  0.00000000  0.20884699  0.00000000  0.00000000  0.00000000  0.08394161  0.00000000  0.00000000 
  0.00042427  0.00084854  0.00075324  0.00210907  0.00000000  0.21342383  0.00000000  0.00000000  0.00000000  0.08871736  0.00000000  0.00000000 
  0.00040535  0.00040535  0.00093838  0.00156397  0.00070822  0.20325779  0.00000000  0.00000000  0.00000000  0.08722442  0.00000000  0.00000000 
  0.00152572  0.00087184  0.00064988  0.00211210  0.00000000  0.25143678  0.00000000  0.00000000  0.00000000  0.10165913  0.00000000  0.00000000 
  0.00095329  0.00023832  0.00112565  0.00211060  0.00000000  0.26728439  0.00000000  0.00000000  0.00009132  0.10365297  0.00000000  0.00000000 
  0.00047259  0.00047259  0.00161074  0.00255034  0.00000000  0.23573017  0.00000000  0.00000000  0.00000000  0.10893283  0.00000000  0.00000000 
  0.00000000  0.00052910  0.00080873  0.00242620  0.00000000  0.28783151  0.00000000  0.00000000  0.00000000  0.12892106  0.00000000  0.00000000 
  0.00026575  0.00000000  0.00084638  0.00239808  0.00000000  0.27258922  0.00000000  0.00000000  0.00009112  0.13230068  0.00000000  0.00000000 
  0.00075700  0.00100934  0.00057455  0.00129273  0.00000000  0.29594272  0.00000000  0.00000000  0.00000000  0.14961740  0.00000000  0.00000000 
  0.00075969  0.00126614  0.00054025  0.00256618  0.00000000  0.29976019  0.00000000  0.00000000  0.00000000  0.16000767  0.00000000  0.00000000 
  0.00000000  0.00072745  0.00092535  0.00400987  0.00000000  0.33480500  0.00000000  0.00000000  0.00000000  0.20375107  0.00000000  0.00000000 
  0.00025681  0.00051361  0.00048414  0.00121036  0.00000000  0.35152488  0.00000000  0.00000000  0.00000000  0.21801347  0.00000000  0.00000000 
  0.00116795  0.00093436  0.00020173  0.00161388  0.00000000  0.34650035  0.00000000  0.00000000  0.00000000  0.24636572  0.00000000  0.00000000 
  0.00022676  0.00022676  0.00000000  0.00126231  0.00000000  0.42333786  0.00000000  0.00000000  0.00000000  0.27142439  0.00000000  0.00000000 
  0.00079639  0.00026546  0.00000000  0.00000000  0.00000000  0.40851382  0.00000000  0.00000000  0.00000000  0.19613487  0.00000000  0.00000000 
  0.00054363  0.00054363  0.00037230  0.00148920  0.00000000  0.39020270  0.00000000  0.00000000  0.00000000  0.22286822  0.00000000  0.00000000 
  0.00053648  0.00026824  0.00000000  0.00117739  0.00000000  0.39774436  0.00000000  0.00000000  0.00000000  0.22900433  0.00000000  0.00000000 
  0.00042699  0.00128096  0.00048216  0.00192864  0.00000000  0.40258976  0.00000000  0.00000000  0.00000000  0.26956522  0.00000000  0.00000000 
  0.00021482  0.00042965  0.00024851  0.00049702  0.00000000  0.44023136  0.00000000  0.00000000  0.00000000  0.29410112  0.00000000  0.00000000 
  0.00000000  0.00038059  0.00020358  0.00081433  0.00000000  0.46061923  0.00000000  0.00000000  0.00000000  0.30532838  0.00000000  0.00000000 
  0.00000000  0.00049188  0.00000000  0.00108108  0.00000000  0.42705570  0.00000000  0.00000000  0.00000000  0.24808081  0.00000000  0.00000000 
  0.00024789  0.00024789  0.00038226  0.00000000  0.00000000  0.43024862  0.00000000  0.00000000  0.00000000  0.22036082  0.00000000  0.00000000 
  0.00027012  0.00000000  0.00000000  0.00150263  0.00000000  0.36777178  0.00000000  0.00000000  0.00000000  0.22346369  0.00000000  0.00000000 
  0.00000000  0.00000000  0.00077640  0.00000000  0.00000000  0.23910733  0.00000000  0.00000000  0.00000000  0.06889050  0.00000000  0.00000000 
  0.00000000  0.00000000  0.00072046  0.00000000  0.00000000  0.25918153  0.00000000  0.00000000  0.00000000  0.08321060  0.00000000  0.00000000 
  0.00000000  0.00000000  0.00000000  0.00075700  0.00000000  0.26479751  0.00000000  0.00000000  0.00000000  0.07556497  0.00000000  0.00000000 
  0.00000000  0.00035511  0.00074571  0.00000000  0.00000000  0.24453694  0.00000000  0.00000000  0.00000000  0.06855440  0.00000000  0.00000000 
  0.00000000  0.00000000  0.00072359  0.00000000  0.00000000  0.26026026  0.00000000  0.00000000  0.00000000  0.08160443  0.00000000  0.00000000 
  0.00065789  0.00065789  0.00074627  0.00074627  0.00000000  0.30076628  0.00000000  0.00000000  0.00000000  0.08166189  0.00000000  0.00000000 
  0.00059084  0.00029542  0.00000000  0.00061087  0.00000000  0.33887043  0.00000000  0.00000000  0.00000000  0.10603175  0.00000000  0.00000000 
  0.00000000  0.00000000  0.00000000  0.00000000  0.00000000  0.25717322  0.00000000  0.00000000  0.00000000  0.07279412  0.00000000  0.00000000 
  0.00000000  0.00000000  0.00000000  0.00000000  0.00000000  0.25167785  0.00000000  0.00000000  0.00000000  0.05652174  0.00000000  0.00000000 
  0.00000000  0.00000000  0.00000000  0.00000000  0.00000000  0.00000000  0.00000000  0.00000000  0.00000000  0.00000000  0.00000000  0.00000000 
