  0.01019305  0.00772201  0.04435484  0.00806452  0.01606426  0.05622490  0.00903614  0.00100402  0.01060071  0.04593640  0.00000000  0.00000000 
  0.00687338  0.00840079  0.02880288  0.01260126  0.01115242  0.06133829  0.00650558  0.00000000  0.00000000  0.06497175  0.00000000  0.00282486 
  0.00588827  0.00818613  0.03319149  0.01191489  0.01913876  0.05741627  0.00765550  0.00000000  0.01222494  0.06601467  0.00244499  0.00244499 
  0.00748596  0.01060512  0.02761341  0.01577909  0.01533406  0.05366922  0.00657174  0.00000000  0.00312500  0.05625000  0.00312500  0.00000000 
  0.00699518  0.00886056  0.03379722  0.01491054  0.01803833  0.05749718  0.01916573  0.00000000  0.00321543  0.08360129  0.00000000  0.00000000 
  0.00751634  0.01013072  0.02628918  0.01213347  0.01752336  0.03271028  0.00817757  0.00116822  0.00317460  0.05079365  0.00000000  0.00000000 
  0.00516072  0.00663521  0.02085402  0.00695134  0.00582524  0.04854369  0.00194175  0.00097087  0.01639344  0.05464481  0.00000000  0.00000000 
  0.00633179  0.00830167  0.03916449  0.00652742  0.01405405  0.06702703  0.00216216  0.00108108  0.00000000  0.06849315  0.00000000  0.00000000 
  0.00464818  0.00609072  0.03338392  0.02427921  0.01904762  0.06258503  0.00272109  0.00000000  0.00523560  0.08900524  0.00000000  0.00523560 
  0.00381110  0.00795360  0.02564103  0.00801282  0.01327434  0.08997050  0.01327434  0.00000000  0.00970874  0.06796117  0.00000000  0.00000000 
  0.00341797  0.00862630  0.03163686  0.01237964  0.00921659  0.10752688  0.00921659  0.00000000  0.00395257  0.05928854  0.00000000  0.00000000 
  0.00345015  0.00780824  0.01661130  0.00498339  0.00666667  0.10000000  0.00833333  0.00000000  0.00000000  0.06857143  0.00000000  0.00000000 
  0.00320171  0.00924938  0.03196347  0.01217656  0.00788644  0.11514196  0.00315457  0.00000000  0.00502513  0.09045226  0.00000000  0.00000000 
  0.00263505  0.00621118  0.03778677  0.01484480  0.00616333  0.10323575  0.00154083  0.00000000  0.00865801  0.06926407  0.00000000  0.00000000 
  0.00275616  0.00616083  0.01675393  0.01361257  0.00892857  0.06632653  0.00637755  0.00127551  0.00000000  0.04942966  0.00000000  0.00380228 
  0.00350672  0.00715956  0.03638645  0.00752823  0.00765306  0.05867347  0.00000000  0.00127551  0.00826446  0.04958678  0.00000000  0.00413223 
  0.00380897  0.00703194  0.02931596  0.01845820  0.00598086  0.06220096  0.00358852  0.00000000  0.00000000  0.04804805  0.00000000  0.00900901 
  0.00296652  0.00522673  0.01956746  0.01132853  0.00800915  0.09153318  0.00343249  0.00114416  0.00583090  0.06705539  0.00000000  0.00000000 
  0.00202840  0.00449145  0.02833158  0.00944386  0.00472590  0.07466919  0.00283554  0.00000000  0.01552795  0.04968944  0.00000000  0.00000000 
  0.00316937  0.00595842  0.03661327  0.00800915  0.00661626  0.08034026  0.00378072  0.00000000  0.01115242  0.08921933  0.00000000  0.00000000 
  0.00420064  0.00543613  0.03333333  0.01379310  0.00404040  0.07373737  0.00101010  0.00000000  0.01342282  0.07046980  0.00000000  0.00000000 
  0.00378634  0.00608519  0.02466598  0.01233299  0.00732984  0.06282723  0.00209424  0.00000000  0.00312500  0.05312500  0.00000000  0.00312500 
  0.00330579  0.00771350  0.04138702  0.01118568  0.00358852  0.06937799  0.00478469  0.00000000  0.01724138  0.04482759  0.00000000  0.00344828 
  0.00425182  0.00644630  0.02756340  0.00992282  0.01148106  0.05281286  0.00114811  0.00000000  0.01773050  0.07446809  0.00354610  0.00000000 
  0.00372774  0.00621290  0.03344482  0.01226310  0.00472813  0.06737589  0.00472813  0.00000000  0.00000000  0.04779412  0.00000000  0.00000000 
  0.00366205  0.00771645  0.03618090  0.01306533  0.00732984  0.04816754  0.00314136  0.00000000  0.00974026  0.03896104  0.00000000  0.00000000 
  0.00529101  0.00714286  0.03784404  0.01490826  0.01416122  0.05882353  0.00326797  0.00108932  0.00414938  0.05394191  0.00000000  0.00000000 
  0.00564137  0.00537273  0.03803340  0.01948052  0.01260504  0.05672269  0.01050420  0.00105042  0.00348432  0.07665505  0.00000000  0.00348432 
  0.00462019  0.00584319  0.03321879  0.01145475  0.00336323  0.05717489  0.01008969  0.00000000  0.00000000  0.06097561  0.00000000  0.00000000 
  0.00463240  0.00552899  0.04176904  0.00859951  0.01101591  0.07099143  0.00611995  0.00122399  0.00888889  0.04000000  0.00000000  0.00000000 
  0.00338722  0.00723634  0.04504505  0.00900901  0.00431034  0.08333333  0.00718391  0.00287356  0.00000000  0.05524862  0.00000000  0.00000000 
  0.00520013  0.00504255  0.02816901  0.01232394  0.00657895  0.07368421  0.00526316  0.00000000  0.00000000  0.07894737  0.00000000  0.00000000 
  0.00367060  0.00718162  0.02960526  0.00164474  0.00638978  0.09265176  0.00319489  0.00000000  0.00000000  0.05389222  0.00000000  0.00000000 
  0.00449749  0.00674624  0.04106776  0.01232033  0.01672241  0.10367893  0.00836120  0.00167224  0.00694444  0.02777778  0.00000000  0.00000000 
  0.00558982  0.00443331  0.02183406  0.01528384  0.02101576  0.08231173  0.01225919  0.00175131  0.01111111  0.05555556  0.00000000  0.00000000 
  0.00553506  0.00687689  0.01973684  0.00822368  0.02060222  0.08716323  0.01109350  0.00000000  0.01485149  0.03960396  0.00000000  0.00000000 
  0.00617093  0.00848504  0.02127660  0.01276596  0.01508296  0.07692308  0.03318250  0.00150830  0.00386100  0.06949807  0.00000000  0.00386100 
  0.00573783  0.00794468  0.02682563  0.00745156  0.01251956  0.08450704  0.00312989  0.00156495  0.00523560  0.09947644  0.00000000  0.00000000 
  0.00459770  0.00704981  0.02674897  0.00720165  0.01239157  0.07311029  0.00743494  0.00247831  0.00274725  0.03021978  0.00000000  0.00000000 
  0.00468044  0.00903809  0.02586207  0.01077586  0.01385390  0.06423174  0.00629723  0.00000000  0.00000000  0.05847953  0.00000000  0.00000000 
  0.00576752  0.00724638  0.02364066  0.00866824  0.00698603  0.05289421  0.00598802  0.00000000  0.00415800  0.06237006  0.00000000  0.00000000 
  0.00499358  0.00741903  0.03235083  0.00718907  0.00887097  0.05806452  0.00806452  0.00000000  0.00215517  0.05818966  0.00000000  0.00000000 
  0.00570898  0.00663834  0.02644068  0.00610169  0.01472995  0.06464812  0.00490998  0.00081833  0.00193050  0.07142857  0.00000000  0.00193050 
  0.00524315  0.00511207  0.03607061  0.00767460  0.00882613  0.06354810  0.00441306  0.00000000  0.00238663  0.04773270  0.00000000  0.00000000 
  0.00536232  0.00855072  0.03639515  0.00606586  0.00998004  0.06986028  0.00898204  0.00099800  0.00450450  0.04954955  0.00000000  0.00000000 
  0.00727273  0.00831169  0.03708134  0.00717703  0.01854305  0.05960265  0.00927152  0.00132450  0.00354610  0.05319149  0.00000000  0.00000000 
  0.01031762  0.01274530  0.03665988  0.02036660  0.01861252  0.08460237  0.01522843  0.00000000  0.01408451  0.07981221  0.00469484  0.00000000 
  0.00787402  0.01118939  0.02906977  0.01162791  0.01788909  0.06797853  0.01788909  0.00178891  0.00609756  0.06097561  0.00000000  0.00000000 
  0.00874532  0.00963769  0.03915663  0.01204819  0.04761905  0.06398810  0.02232143  0.00000000  0.00483092  0.09661836  0.00000000  0.00000000 
  0.00927198  0.00824176  0.03247632  0.01759134  0.03448276  0.06178161  0.01580460  0.00000000  0.00000000  0.06410256  0.00000000  0.00000000 
  0.00803674  0.00880214  0.03063725  0.01102941  0.02995720  0.07703281  0.01283880  0.00000000  0.00000000  0.06896552  0.00000000  0.00000000 
  0.00869733  0.00947043  0.03699284  0.00238663  0.02664797  0.06872370  0.01683029  0.00000000  0.00000000  0.04676259  0.00000000  0.00359712 
  0.00608883  0.00877507  0.02577320  0.00927835  0.01781170  0.05470738  0.00763359  0.00000000  0.01034483  0.04482759  0.00000000  0.00344828 
  0.00825160  0.00653900  0.03739316  0.01388889  0.02189055  0.05373134  0.00995025  0.00199005  0.02500000  0.05000000  0.00000000  0.00000000 
  0.00686050  0.00490036  0.04004215  0.00526870  0.02610670  0.06810443  0.00794552  0.00113507  0.00336700  0.06397306  0.00000000  0.00000000 
  0.00735510  0.00794351  0.03300000  0.01200000  0.01658537  0.05463415  0.00585366  0.00000000  0.00319489  0.09584665  0.00000000  0.00000000 
  0.00476190  0.00738916  0.03657143  0.01142857  0.02013423  0.06823266  0.00782998  0.00000000  0.00000000  0.06071429  0.00357143  0.00000000 
  0.00441321  0.00588428  0.02684564  0.01438159  0.01240951  0.06928645  0.00517063  0.00000000  0.00289855  0.02608696  0.00289855  0.00289855 
  0.00655640  0.00610937  0.02919708  0.01094891  0.01478353  0.06124604  0.00633580  0.00211193  0.00273224  0.05464481  0.00000000  0.00273224 
  0.00422864  0.00627005  0.02925046  0.01553931  0.02254902  0.04705882  0.00196078  0.00000000  0.01208459  0.05135952  0.00000000  0.00000000 
  0.00361119  0.00631959  0.02256318  0.00902527  0.01274623  0.05909618  0.00347625  0.00115875  0.00510204  0.05357143  0.00000000  0.00000000 
  0.00454103  0.00810898  0.03691550  0.00902379  0.01182796  0.07096774  0.00537634  0.00000000  0.00219780  0.06153846  0.00000000  0.00000000 
