  0.02187500  0.00000000  0.01809955  0.00000000  0.00000000  0.05813953  0.00000000  0.00000000  0.00000000  0.03787879  0.00000000  0.00000000 
  0.01438849  0.00000000  0.00668896  0.00334448  0.00000000  0.06172840  0.00000000  0.00000000  0.00000000  0.07182320  0.00000000  0.00000000 
  0.00796813  0.00000000  0.00925926  0.01234568  0.00000000  0.03614458  0.00000000  0.00000000  0.00000000  0.03448276  0.00000000  0.00000000 
  0.01255230  0.00000000  0.01877934  0.01408451  0.00000000  0.11320755  0.00000000  0.00000000  0.00000000  0.02777778  0.00000000  0.00000000 
  0.00819672  0.00819672  0.00660066  0.00000000  0.00000000  0.06451613  0.00000000  0.00000000  0.00000000  0.04597701  0.00000000  0.00000000 
  0.00406504  0.00406504  0.00754717  0.00000000  0.01351351  0.10810811  0.00000000  0.00000000  0.00469484  0.03755869  0.00000000  0.00000000 
  0.00704225  0.00352113  0.00361011  0.00361011  0.00000000  0.08823529  0.00000000  0.00000000  0.00000000  0.04245283  0.00000000  0.00000000 
  0.00328947  0.00657895  0.00606061  0.00000000  0.00000000  0.12676056  0.00000000  0.00000000  0.00000000  0.05147059  0.00000000  0.00000000 
  0.00687285  0.00000000  0.01015228  0.01015228  0.00000000  0.20512821  0.00000000  0.00000000  0.00000000  0.03896104  0.00000000  0.00000000 
  0.00000000  0.00326797  0.00000000  0.00000000  0.00000000  0.10000000  0.00000000  0.00000000  0.00000000  0.04137931  0.00000000  0.00000000 
  0.00357143  0.00357143  0.00000000  0.01010101  0.00000000  0.19298246  0.00000000  0.00000000  0.00000000  0.09848485  0.00000000  0.00000000 
  0.00386100  0.00000000  0.00000000  0.00526316  0.00000000  0.22222222  0.00000000  0.00000000  0.00000000  0.02127660  0.00000000  0.00000000 
  0.00000000  0.00425532  0.01276596  0.00000000  0.00000000  0.12280702  0.00000000  0.00000000  0.00000000  0.06250000  0.00000000  0.00000000 
  0.00000000  0.00000000  0.00628931  0.00628931  0.00000000  0.25000000  0.00000000  0.00000000  0.00000000  0.09016393  0.00000000  0.00000000 
  0.00342466  0.00000000  0.01204819  0.00401606  0.00000000  0.07777778  0.00000000  0.00000000  0.00000000  0.07462687  0.00000000  0.00000000 
  0.00373134  0.00746269  0.00352113  0.00352113  0.00000000  0.09859155  0.00000000  0.00000000  0.00000000  0.06632653  0.00000000  0.00000000 
  0.00000000  0.00692042  0.01374570  0.00000000  0.00000000  0.08791209  0.00000000  0.00000000  0.00000000  0.05820106  0.00000000  0.00529101 
  0.00000000  0.00000000  0.00925926  0.00462963  0.00000000  0.07692308  0.00000000  0.00000000  0.01333333  0.05333333  0.00000000  0.00000000 
  0.00709220  0.00354610  0.00418410  0.00418410  0.00000000  0.16853933  0.00000000  0.00000000  0.00000000  0.03804348  0.00000000  0.00000000 
  0.00363636  0.00000000  0.00925926  0.00308642  0.00000000  0.03448276  0.00000000  0.00000000  0.00000000  0.05500000  0.00000000  0.00000000 
  0.00381679  0.01145038  0.00312500  0.00000000  0.00000000  0.09890110  0.00000000  0.00000000  0.00000000  0.02222222  0.00000000  0.00000000 
  0.00369004  0.01845018  0.00381679  0.00000000  0.00000000  0.09756098  0.00000000  0.00000000  0.00000000  0.03496503  0.00000000  0.00000000 
  0.00000000  0.00416667  0.00689655  0.01034483  0.00000000  0.09302326  0.00000000  0.00000000  0.00000000  0.03862661  0.00000000  0.00000000 
  0.00320513  0.00641026  0.00000000  0.00000000  0.00000000  0.10588235  0.00000000  0.00000000  0.00523560  0.05759162  0.00000000  0.00000000 
  0.00347222  0.00694444  0.00778210  0.00000000  0.00000000  0.05813953  0.00000000  0.00000000  0.00000000  0.06211180  0.00000000  0.00000000 
  0.00423729  0.00423729  0.00000000  0.00000000  0.00000000  0.07692308  0.00000000  0.00000000  0.00000000  0.02403846  0.00000000  0.00000000 
  0.00390625  0.00000000  0.00000000  0.00000000  0.01219512  0.08536585  0.00000000  0.00000000  0.00000000  0.08695652  0.00000000  0.00000000 
  0.00000000  0.00000000  0.00363636  0.00727273  0.00000000  0.05154639  0.00000000  0.00000000  0.00000000  0.06435644  0.00000000  0.00000000 
  0.00000000  0.00000000  0.00996678  0.00332226  0.00000000  0.10958904  0.00000000  0.00000000  0.00465116  0.03255814  0.00000000  0.00000000 
  0.00000000  0.01013514  0.00480769  0.00000000  0.00000000  0.14473684  0.00000000  0.00000000  0.00000000  0.04347826  0.00000000  0.00000000 
  0.00000000  0.00000000  0.00714286  0.00714286  0.00000000  0.11111111  0.00000000  0.00000000  0.00000000  0.11494253  0.00000000  0.00000000 
  0.00716846  0.00358423  0.00323625  0.00000000  0.00000000  0.11235955  0.00000000  0.00000000  0.00000000  0.04306220  0.00000000  0.00000000 
  0.00343643  0.00687285  0.00307692  0.00615385  0.00000000  0.12765957  0.00000000  0.00000000  0.00000000  0.06435644  0.00495050  0.00000000 
  0.00000000  0.00653595  0.00000000  0.00787402  0.00000000  0.13253012  0.00000000  0.01204819  0.00546448  0.08743169  0.00000000  0.00000000 
  0.00000000  0.00701754  0.01293103  0.00862069  0.00000000  0.12790698  0.00000000  0.00000000  0.00000000  0.09459459  0.00000000  0.00000000 
  0.00000000  0.00641026  0.00990099  0.00000000  0.00000000  0.05102041  0.00000000  0.00000000  0.00000000  0.09090909  0.00000000  0.00000000 
  0.00000000  0.00000000  0.00398406  0.00796813  0.00000000  0.15000000  0.00000000  0.00000000  0.00000000  0.02366864  0.00000000  0.00000000 
  0.00000000  0.00000000  0.01486989  0.00000000  0.00000000  0.12048193  0.00000000  0.02409639  0.00000000  0.05855856  0.00000000  0.00000000 
  0.00389105  0.01945525  0.01086957  0.00000000  0.01250000  0.07500000  0.00000000  0.01250000  0.00523560  0.06806283  0.00000000  0.00000000 
  0.00000000  0.00357143  0.00000000  0.00000000  0.00000000  0.13461538  0.00000000  0.05769231  0.00000000  0.11475410  0.00000000  0.00000000 
  0.00398406  0.00796813  0.00000000  0.00000000  0.00000000  0.10638298  0.00000000  0.02127660  0.00000000  0.04666667  0.00000000  0.00000000 
  0.00373134  0.00373134  0.00751880  0.00375940  0.00000000  0.10752688  0.00000000  0.00000000  0.00000000  0.06214689  0.00000000  0.00000000 
  0.01612903  0.00000000  0.00714286  0.00357143  0.00000000  0.05154639  0.00000000  0.00000000  0.00000000  0.03125000  0.00000000  0.00000000 
  0.02343750  0.00390625  0.01244813  0.00000000  0.00000000  0.06756757  0.00000000  0.00000000  0.00980392  0.05882353  0.00000000  0.00000000 
  0.00392157  0.00000000  0.00000000  0.00478469  0.00000000  0.06756757  0.00000000  0.00000000  0.00000000  0.04918033  0.00000000  0.00000000 
  0.00440529  0.00000000  0.00308642  0.00617284  0.00000000  0.12941176  0.00000000  0.00000000  0.00452489  0.06334842  0.00000000  0.00000000 
  0.00000000  0.00000000  0.00000000  0.00000000  0.00000000  0.15942029  0.00000000  0.00000000  0.00000000  0.01304348  0.00000000  0.00000000 
  0.00425532  0.00851064  0.01328904  0.00664452  0.00000000  0.07936508  0.00000000  0.00000000  0.00000000  0.04845815  0.00000000  0.00000000 
  0.00420168  0.00840336  0.00000000  0.00000000  0.00000000  0.13235294  0.00000000  0.00000000  0.00000000  0.04780876  0.00000000  0.00000000 
  0.00000000  0.00392157  0.00680272  0.00340136  0.00000000  0.16666667  0.00000000  0.00000000  0.00000000  0.04979253  0.00000000  0.00000000 
  0.00400000  0.01200000  0.01219512  0.00304878  0.00000000  0.08571429  0.00000000  0.00000000  0.00478469  0.04306220  0.00000000  0.00000000 
  0.00000000  0.00416667  0.00000000  0.01492537  0.00000000  0.05063291  0.00000000  0.00000000  0.00930233  0.04186047  0.00000000  0.00000000 
  0.00699301  0.00349650  0.00980392  0.00000000  0.00000000  0.14473684  0.00000000  0.00000000  0.00000000  0.05747126  0.00000000  0.00000000 
  0.00000000  0.00000000  0.00613497  0.01226994  0.00000000  0.15384615  0.00000000  0.00000000  0.00000000  0.12500000  0.00000000  0.00000000 
  0.00000000  0.00729927  0.01754386  0.00000000  0.00000000  0.20512821  0.00000000  0.00000000  0.00000000  0.07377049  0.00819672  0.00000000 
  0.00000000  0.00377358  0.00507614  0.01522843  0.00000000  0.20000000  0.00000000  0.00000000  0.00000000  0.13333333  0.00000000  0.00000000 
  0.00000000  0.00396825  0.00000000  0.00564972  0.00000000  0.17543860  0.00000000  0.00000000  0.00000000  0.03246753  0.00000000  0.00000000 
  0.00000000  0.00000000  0.00387597  0.00387597  0.00000000  0.05405405  0.00000000  0.00000000  0.00689655  0.09655172  0.00000000  0.00000000 
  0.00000000  0.00000000  0.01290323  0.00000000  0.00000000  0.01190476  0.00000000  0.00000000  0.00000000  0.04142012  0.00000000  0.00000000 
  0.00000000  0.00000000  0.00955414  0.00636943  0.00000000  0.05434783  0.00000000  0.00000000  0.00000000  0.06451613  0.00000000  0.00000000 
  0.00373134  0.00000000  0.00000000  0.00384615  0.00000000  0.08411215  0.00000000  0.00000000  0.00534759  0.06417112  0.00000000  0.00000000 
  0.00341297  0.00000000  0.00816327  0.00816327  0.00000000  0.11267606  0.00000000  0.00000000  0.00000000  0.07058824  0.00000000  0.00000000 
  0.00687285  0.00000000  0.01941748  0.00323625  0.00000000  0.05681818  0.00000000  0.00000000  0.00000000  0.06751055  0.00000000  0.00000000 
  0.00738007  0.00000000  0.01167315  0.00000000  0.00000000  0.02631579  0.00000000  0.00000000  0.00000000  0.03797468  0.00000000  0.00000000 
  0.00354610  0.00354610  0.00420168  0.00420168  0.01298701  0.03896104  0.00000000  0.00000000  0.00000000  0.07792208  0.00000000  0.00000000 
  0.00000000  0.00000000  0.00000000  0.00819672  0.00000000  0.09433962  0.00000000  0.00000000  0.00000000  0.14814815  0.00000000  0.00000000 
  0.00359712  0.00000000  0.00000000  0.00000000  0.00000000  0.19642857  0.00000000  0.00000000  0.00000000  0.07042254  0.00000000  0.00000000 
  0.00000000  0.00324675  0.01694915  0.00564972  0.00000000  0.08620690  0.00000000  0.00000000  0.00000000  0.14166667  0.00000000  0.00000000 
  0.00358423  0.00000000  0.01149425  0.00000000  0.00000000  0.08955224  0.00000000  0.01492537  0.00000000  0.08333333  0.00000000  0.00000000 
  0.00000000  0.00819672  0.00355872  0.00355872  0.00000000  0.04054054  0.00000000  0.00000000  0.00000000  0.04545455  0.00000000  0.00000000 
  0.00381679  0.00763359  0.00386100  0.00772201  0.00000000  0.08641975  0.00000000  0.00000000  0.00000000  0.08133971  0.00000000  0.00000000 
  0.00749064  0.00749064  0.00357143  0.00000000  0.01428571  0.08571429  0.00000000  0.00000000  0.00000000  0.04145078  0.00000000  0.00518135 
  0.00000000  0.00000000  0.00369004  0.00369004  0.00000000  0.08333333  0.01190476  0.00000000  0.00000000  0.05232558  0.00000000  0.00000000 
  0.00364964  0.00000000  0.00380228  0.00000000  0.00000000  0.05952381  0.00000000  0.00000000  0.01086957  0.05978261  0.00000000  0.00000000 
  0.00000000  0.00416667  0.01311475  0.00655738  0.01470588  0.08823529  0.00000000  0.00000000  0.00917431  0.04587156  0.00000000  0.00000000 
  0.00763359  0.00381679  0.00958466  0.00319489  0.00000000  0.16049383  0.00000000  0.00000000  0.00000000  0.05017921  0.00000000  0.00000000 
  0.00958466  0.00000000  0.00000000  0.00396825  0.00000000  0.08620690  0.00000000  0.00000000  0.00000000  0.06010929  0.00000000  0.00000000 
  0.02222222  0.00000000  0.00000000  0.00000000  0.00000000  0.04938272  0.00000000  0.00000000  0.00000000  0.08962264  0.00000000  0.00000000 
  0.00738007  0.00369004  0.01328904  0.00664452  0.00000000  0.06329114  0.00000000  0.00000000  0.00000000  0.05202312  0.00000000  0.00000000 
  0.00000000  0.00323625  0.00974026  0.00000000  0.00000000  0.06172840  0.00000000  0.00000000  0.00000000  0.04878049  0.00000000  0.00000000 
  0.01200000  0.00400000  0.01176471  0.00588235  0.00000000  0.06666667  0.00000000  0.00000000  0.00000000  0.02673797  0.00000000  0.00000000 
  0.00574713  0.00287356  0.01185771  0.00395257  0.00000000  0.08196721  0.00000000  0.00000000  0.00000000  0.07258065  0.00000000  0.00000000 
  0.02292264  0.00286533  0.01492537  0.00497512  0.00000000  0.14634146  0.00000000  0.00000000  0.00000000  0.02362205  0.00000000  0.00000000 
  0.00290698  0.00000000  0.00529101  0.00529101  0.00000000  0.11340206  0.00000000  0.00000000  0.01162791  0.11627907  0.00000000  0.00000000 
  0.02389078  0.00341297  0.01239669  0.00000000  0.00000000  0.10000000  0.00000000  0.00000000  0.00000000  0.03478261  0.00000000  0.00000000 
  0.01294498  0.00000000  0.00000000  0.01408451  0.00000000  0.09090909  0.00000000  0.00000000  0.00000000  0.08450704  0.00000000  0.00000000 
  0.00000000  0.00000000  0.00000000  0.01162791  0.00000000  0.17948718  0.00000000  0.00000000  0.00000000  0.09756098  0.00000000  0.00000000 
  0.00307692  0.00000000  0.00000000  0.00000000  0.00000000  0.21568627  0.00000000  0.00000000  0.00000000  0.21052632  0.00000000  0.00000000 
  0.00000000  0.00000000  0.00000000  0.00000000  0.00000000  0.19607843  0.00000000  0.00000000  0.00000000  0.13043478  0.00000000  0.00000000 
