  0.00505051  0.00505051  0.00904977  0.00452489  0.00000000  0.17796610  0.00000000  0.00000000  0.00419287  0.05241090  0.00000000  0.00000000 
  0.00000000  0.00000000  0.01600000  0.00640000  0.00000000  0.18791946  0.00000000  0.00000000  0.00222222  0.05111111  0.00000000  0.00000000 
  0.00192308  0.00576923  0.01242236  0.01449275  0.00000000  0.15714286  0.00000000  0.00000000  0.00242718  0.07281553  0.00000000  0.00242718 
  0.00000000  0.00354610  0.00790514  0.00790514  0.00000000  0.07462687  0.00000000  0.00000000  0.00256410  0.05384615  0.00000000  0.00000000 
  0.00000000  0.00000000  0.00244499  0.00488998  0.00000000  0.04705882  0.00000000  0.00000000  0.00296736  0.05637982  0.00000000  0.00000000 
  0.00415800  0.00207900  0.00813008  0.00000000  0.01000000  0.13000000  0.00000000  0.00000000  0.00000000  0.05594406  0.00000000  0.00000000 
  0.00167785  0.00000000  0.01094891  0.00729927  0.00000000  0.09638554  0.00000000  0.00000000  0.00000000  0.06220096  0.00000000  0.00000000 
  0.00199203  0.00000000  0.02439024  0.00000000  0.00000000  0.15254237  0.00000000  0.00000000  0.00000000  0.09467456  0.00000000  0.00000000 
  0.00214592  0.00000000  0.00938967  0.00000000  0.00000000  0.36065574  0.00000000  0.00000000  0.00537634  0.05913978  0.00000000  0.00000000 
  0.00243309  0.00000000  0.01156069  0.00289017  0.00000000  0.15517241  0.00000000  0.00000000  0.00000000  0.07796610  0.00000000  0.00000000 
  0.00000000  0.00392157  0.01442308  0.00721154  0.00000000  0.13432836  0.00000000  0.00000000  0.00000000  0.05571031  0.00000000  0.00000000 
  0.00000000  0.00000000  0.00221729  0.00665188  0.00000000  0.17073171  0.00000000  0.00000000  0.00000000  0.06393862  0.00000000  0.00000000 
  0.00000000  0.00000000  0.01107011  0.00922509  0.00000000  0.22916667  0.01041667  0.00000000  0.00000000  0.06263982  0.00000000  0.00000000 
  0.00000000  0.00206612  0.01718213  0.00515464  0.00000000  0.12871287  0.00000000  0.00000000  0.00223714  0.05592841  0.00000000  0.00000000 
  0.00355872  0.00000000  0.01149425  0.00766284  0.00000000  0.19736842  0.00000000  0.00000000  0.00000000  0.05411255  0.00000000  0.00000000 
  0.00000000  0.00000000  0.00875274  0.00437637  0.00000000  0.18390805  0.00000000  0.00000000  0.00000000  0.05263158  0.00000000  0.00000000 
  0.00808081  0.00000000  0.01392111  0.00928074  0.00000000  0.09565217  0.00000000  0.00000000  0.00314465  0.05660377  0.00000000  0.00000000 
  0.00585938  0.00781250  0.01662050  0.00554017  0.00833333  0.02500000  0.00000000  0.00000000  0.00425532  0.05106383  0.00000000  0.00000000 
  0.00232019  0.00464037  0.01015228  0.00253807  0.00000000  0.05925926  0.00000000  0.00000000  0.00000000  0.03409091  0.00000000  0.00000000 
  0.01169591  0.01461988  0.01626016  0.00813008  0.00000000  0.06060606  0.01010101  0.00000000  0.00769231  0.03846154  0.00000000  0.00000000 
  0.00563380  0.00845070  0.02352941  0.00588235  0.00000000  0.06024096  0.00000000  0.00000000  0.00000000  0.03553299  0.00000000  0.00000000 
  0.00298507  0.00597015  0.01694915  0.00677966  0.00000000  0.04938272  0.02469136  0.00000000  0.00000000  0.01666667  0.00000000  0.00000000 
  0.00250000  0.01000000  0.00955414  0.00318471  0.00000000  0.06930693  0.00000000  0.00000000  0.00000000  0.02777778  0.00000000  0.00000000 
  0.00215054  0.00000000  0.00813008  0.00271003  0.00934579  0.04672897  0.00000000  0.00000000  0.00000000  0.04424779  0.00000000  0.00000000 
  0.00370370  0.00000000  0.01686747  0.00722892  0.00961538  0.06730769  0.00000000  0.00000000  0.00000000  0.02734375  0.00000000  0.00000000 
  0.00996016  0.00996016  0.02683363  0.00000000  0.01754386  0.04385965  0.00000000  0.00000000  0.00000000  0.04136253  0.00000000  0.00000000 
  0.00181818  0.00181818  0.00539568  0.00539568  0.02105263  0.10526316  0.00000000  0.00000000  0.00221729  0.02660754  0.00000000  0.00000000 
  0.00151286  0.00000000  0.00886918  0.00221729  0.00000000  0.11111111  0.00000000  0.00000000  0.00000000  0.03761755  0.00000000  0.00000000 
  0.00965251  0.00193050  0.01481481  0.00925926  0.01075269  0.20430108  0.00000000  0.00000000  0.00000000  0.03072626  0.00000000  0.00000000 
  0.00373832  0.00000000  0.00814332  0.00488599  0.00000000  0.15517241  0.00000000  0.00000000  0.00000000  0.04194260  0.00000000  0.00000000 
  0.00921659  0.00230415  0.02000000  0.00545455  0.00892857  0.20535714  0.00000000  0.00000000  0.00429185  0.04721030  0.00000000  0.00000000 
  0.00199203  0.00199203  0.01771337  0.00805153  0.00917431  0.17431193  0.00917431  0.00000000  0.00000000  0.03184713  0.00000000  0.00000000 
  0.00000000  0.00168634  0.01091703  0.01310044  0.00000000  0.25510204  0.00000000  0.00000000  0.00000000  0.02640264  0.00000000  0.00000000 
  0.00343053  0.00343053  0.01157407  0.00462963  0.00000000  0.07142857  0.00000000  0.00000000  0.00318471  0.03184713  0.00000000  0.00000000 
  0.00627615  0.00836820  0.00766284  0.00766284  0.00000000  0.02678571  0.00000000  0.00000000  0.00000000  0.03571429  0.00000000  0.00000000 
  0.00000000  0.00582524  0.01470588  0.00294118  0.00000000  0.07758621  0.00000000  0.00000000  0.00442478  0.03539823  0.00000000  0.00000000 
  0.00220751  0.00662252  0.02573529  0.01102941  0.00000000  0.06250000  0.00000000  0.00000000  0.00000000  0.02777778  0.00000000  0.00000000 
  0.00533333  0.00266667  0.00617284  0.00000000  0.00000000  0.03174603  0.00000000  0.00000000  0.00000000  0.01204819  0.00000000  0.00000000 
  0.00087719  0.00087719  0.00396825  0.00396825  0.00000000  0.03821656  0.00000000  0.00000000  0.00000000  0.03389831  0.00000000  0.00000000 
  0.00265487  0.00088496  0.00689655  0.00689655  0.00000000  0.02173913  0.00000000  0.00000000  0.00763359  0.03053435  0.00000000  0.00000000 
  0.00311850  0.00000000  0.01052632  0.00263158  0.00000000  0.03015075  0.00502513  0.00000000  0.00000000  0.02654867  0.00000000  0.00000000 
  0.00578035  0.00000000  0.00359066  0.00179533  0.00966184  0.02898551  0.00000000  0.00000000  0.00283286  0.04249292  0.00000000  0.00000000 
  0.00241838  0.00120919  0.01036269  0.00345423  0.00000000  0.03000000  0.00000000  0.00000000  0.00000000  0.04143646  0.00000000  0.00000000 
  0.00134953  0.00269906  0.01126126  0.00450450  0.00000000  0.04444444  0.00000000  0.00000000  0.00369004  0.03321033  0.00000000  0.00000000 
  0.00218341  0.00873362  0.00746269  0.00373134  0.00000000  0.10112360  0.00000000  0.00000000  0.00280899  0.04213483  0.00000000  0.00000000 
  0.00000000  0.00550964  0.01079137  0.00539568  0.02564103  0.05128205  0.02564103  0.00000000  0.00218341  0.03056769  0.00000000  0.00000000 
  0.00000000  0.00000000  0.00813008  0.00325203  0.01041667  0.05208333  0.00000000  0.00000000  0.00230415  0.04147465  0.00000000  0.00000000 
  0.00000000  0.00000000  0.00157729  0.00630915  0.01075269  0.05376344  0.01075269  0.00000000  0.00000000  0.04166667  0.00000000  0.00000000 
  0.00265957  0.00000000  0.00206186  0.00412371  0.00000000  0.07575758  0.00000000  0.00000000  0.00298507  0.06268657  0.00000000  0.00000000 
