  0.00552486  0.00000000  0.00550206  0.00412655  0.01626016  0.32520325  0.00000000  0.00000000  0.00000000  0.10101010  0.00000000  0.00000000 
  0.00261780  0.00785340  0.00446429  0.00446429  0.00666667  0.18000000  0.01333333  0.00000000  0.00000000  0.10237203  0.00000000  0.00000000 
  0.00455581  0.00227790  0.00121065  0.00968523  0.00000000  0.23584906  0.00000000  0.00000000  0.00000000  0.13027295  0.00000000  0.00000000 
  0.00583090  0.00000000  0.00143266  0.00286533  0.00000000  0.36458333  0.00000000  0.00000000  0.00000000  0.13452915  0.00000000  0.00000000 
  0.00000000  0.00377358  0.00000000  0.00219780  0.00000000  0.52857143  0.00000000  0.00000000  0.00000000  0.12732095  0.00000000  0.00000000 
  0.00296736  0.00000000  0.00397351  0.00264901  0.00000000  0.35384615  0.00000000  0.00000000  0.00000000  0.13908206  0.00000000  0.00000000 
  0.00283286  0.00000000  0.00488998  0.00488998  0.00000000  0.27619048  0.00000000  0.00000000  0.00125786  0.12830189  0.00000000  0.00000000 
  0.00000000  0.00000000  0.00566038  0.00566038  0.00000000  0.55681818  0.00000000  0.00000000  0.00225734  0.14221219  0.00000000  0.00000000 
  0.00000000  0.00354610  0.00540541  0.00540541  0.00000000  0.51648352  0.00000000  0.00000000  0.00000000  0.09677419  0.00000000  0.00000000 
  0.00000000  0.00000000  0.00328407  0.00164204  0.00000000  0.46511628  0.01162791  0.00000000  0.00202429  0.12955466  0.00000000  0.00000000 
  0.00000000  0.00641026  0.00646831  0.00258732  0.00000000  0.36956522  0.00000000  0.00000000  0.00000000  0.16150082  0.00000000  0.00000000 
  0.00000000  0.00000000  0.00000000  0.00489596  0.00000000  0.30000000  0.00000000  0.00000000  0.00000000  0.15109034  0.00000000  0.00000000 
  0.00000000  0.00955414  0.00122850  0.00122850  0.00000000  0.40909091  0.00000000  0.00000000  0.00144300  0.11832612  0.00000000  0.00000000 
  0.00000000  0.00303951  0.00000000  0.00130378  0.00000000  0.37168142  0.00000000  0.00000000  0.00000000  0.13826816  0.00000000  0.00000000 
