  0.00000000  0.00643087  0.00000000  0.00900901  0.00000000  0.32075472  0.00000000  0.00000000  0.00000000  0.10256410  0.00000000  0.00000000 
  0.00000000  0.00248756  0.00000000  0.01550388  0.00000000  0.20689655  0.00000000  0.00000000  0.00000000  0.03278689  0.00000000  0.00000000 
  0.00274725  0.00824176  0.00000000  0.00000000  0.00000000  0.19672131  0.00000000  0.00000000  0.00000000  0.08823529  0.00000000  0.00000000 
  0.00000000  0.00000000  0.00000000  0.00000000  0.00000000  0.11111111  0.00000000  0.00000000  0.00000000  0.04000000  0.00000000  0.00000000 
  0.00000000  0.00341297  0.01333333  0.01333333  0.00000000  0.27777778  0.00000000  0.00000000  0.00000000  0.05555556  0.00000000  0.00000000 
  0.00000000  0.00378788  0.02272727  0.00000000  0.00000000  0.22222222  0.00000000  0.00000000  0.00000000  0.00000000  0.00000000  0.00000000 
  0.00000000  0.01242236  0.00000000  0.00000000  0.00000000  0.31111111  0.00000000  0.00000000  0.02439024  0.02439024  0.00000000  0.00000000 
  0.00343643  0.00000000  0.00000000  0.00000000  0.00000000  0.31818182  0.00000000  0.00000000  0.00000000  0.08333333  0.00000000  0.00000000 
  0.00000000  0.00804290  0.00000000  0.00934579  0.00000000  0.25000000  0.00000000  0.00000000  0.00000000  0.17500000  0.00000000  0.00000000 
  0.00000000  0.00294985  0.02608696  0.00000000  0.00000000  0.20895522  0.00000000  0.00000000  0.00000000  0.02739726  0.00000000  0.00000000 
  0.00000000  0.00000000  0.00877193  0.00000000  0.00000000  0.25000000  0.00000000  0.00000000  0.00000000  0.12280702  0.00000000  0.00000000 
  0.00294985  0.00000000  0.00840336  0.00840336  0.00000000  0.26153846  0.00000000  0.00000000  0.00000000  0.10606061  0.00000000  0.00000000 
  0.00000000  0.00000000  0.01666667  0.02222222  0.00000000  0.14634146  0.00000000  0.00000000  0.00909091  0.09090909  0.00000000  0.00000000 
  0.00000000  0.00468384  0.00549451  0.00000000  0.00000000  0.09890110  0.00000000  0.00000000  0.00000000  0.07086614  0.00000000  0.00000000 
  0.00000000  0.00446429  0.00529101  0.00529101  0.00000000  0.15384615  0.00000000  0.00000000  0.01123596  0.06741573  0.00000000  0.00000000 
  0.00000000  0.00000000  0.00000000  0.00000000  0.00000000  0.18292683  0.00000000  0.00000000  0.00000000  0.08695652  0.00000000  0.00000000 
  0.00252525  0.00505051  0.00000000  0.00000000  0.00000000  0.15463918  0.00000000  0.00000000  0.00000000  0.09876543  0.00000000  0.00000000 
  0.00000000  0.00000000  0.00000000  0.00781250  0.00000000  0.18666667  0.00000000  0.00000000  0.00000000  0.11538462  0.00000000  0.00000000 
  0.00271003  0.00000000  0.00000000  0.00625000  0.00000000  0.19444444  0.00000000  0.00000000  0.00000000  0.13000000  0.00000000  0.00000000 
  0.00000000  0.00252525  0.00000000  0.01117318  0.00000000  0.14457831  0.00000000  0.01204819  0.00000000  0.07228916  0.00000000  0.00000000 
  0.00000000  0.00000000  0.01156069  0.00000000  0.00000000  0.11111111  0.00000000  0.00000000  0.00000000  0.03409091  0.00000000  0.00000000 
  0.00000000  0.00221729  0.00826446  0.00826446  0.00000000  0.15384615  0.00000000  0.00000000  0.00000000  0.07575758  0.00000000  0.00000000 
  0.00000000  0.00674157  0.00591716  0.00591716  0.00000000  0.20212766  0.00000000  0.00000000  0.00000000  0.10344828  0.00000000  0.00000000 
  0.00000000  0.00270270  0.00645161  0.00000000  0.00000000  0.17948718  0.00000000  0.00000000  0.00000000  0.07792208  0.00000000  0.00000000 
  0.00000000  0.00000000  0.00740741  0.00000000  0.00000000  0.23437500  0.00000000  0.00000000  0.00000000  0.14772727  0.00000000  0.00000000 
  0.00000000  0.00456621  0.00000000  0.00000000  0.00000000  0.22093023  0.00000000  0.00000000  0.00000000  0.14285714  0.00000000  0.00000000 
  0.00000000  0.00485437  0.00000000  0.00000000  0.00000000  0.23880597  0.00000000  0.00000000  0.00000000  0.12121212  0.00000000  0.00000000 
  0.00269542  0.00539084  0.00000000  0.00000000  0.00000000  0.20833333  0.00000000  0.00000000  0.00000000  0.08333333  0.00000000  0.00000000 
  0.00000000  0.00000000  0.00000000  0.00819672  0.00000000  0.28985507  0.00000000  0.00000000  0.00000000  0.09230769  0.00000000  0.00000000 
  0.00269542  0.00539084  0.01538462  0.00000000  0.00000000  0.21311475  0.00000000  0.00000000  0.00000000  0.04477612  0.00000000  0.00000000 
  0.00000000  0.00643087  0.00000000  0.00000000  0.00000000  0.17647059  0.00000000  0.00000000  0.00000000  0.09803922  0.00000000  0.00000000 
  0.00000000  0.00309598  0.00000000  0.01515152  0.00000000  0.21621622  0.00000000  0.00000000  0.00000000  0.17073171  0.00000000  0.00000000 
  0.00000000  0.00000000  0.00000000  0.00000000  0.00000000  0.18181818  0.00000000  0.00000000  0.00000000  0.07142857  0.00000000  0.00000000 
  0.00000000  0.01079137  0.00000000  0.00000000  0.00000000  0.34285714  0.00000000  0.00000000  0.00000000  0.20000000  0.00000000  0.00000000 
  0.00000000  0.01045296  0.00000000  0.00000000  0.00000000  0.34285714  0.00000000  0.00000000  0.00000000  0.37500000  0.00000000  0.00000000 
  0.00000000  0.00727273  0.00000000  0.00000000  0.00000000  0.26829268  0.00000000  0.00000000  0.00000000  0.11111111  0.00000000  0.00000000 
  0.00374532  0.01123596  0.00000000  0.00000000  0.00000000  0.41025641  0.00000000  0.00000000  0.00000000  0.10526316  0.00000000  0.00000000 
  0.00000000  0.00000000  0.00000000  0.01904762  0.00000000  0.26000000  0.00000000  0.00000000  0.01612903  0.12903226  0.00000000  0.00000000 
  0.00000000  0.00626959  0.01123596  0.00000000  0.00000000  0.24137931  0.00000000  0.00000000  0.00000000  0.06250000  0.00000000  0.00000000 
  0.00307692  0.00615385  0.00000000  0.02061856  0.00000000  0.20512821  0.00000000  0.00000000  0.00000000  0.11764706  0.00000000  0.00000000 
  0.00000000  0.00000000  0.00000000  0.01257862  0.01492537  0.14925373  0.00000000  0.00000000  0.00000000  0.12658228  0.00000000  0.00000000 
  0.00000000  0.00000000  0.01360544  0.00680272  0.00000000  0.20000000  0.00000000  0.00000000  0.01492537  0.10447761  0.00000000  0.00000000 
  0.00262467  0.00787402  0.00000000  0.00000000  0.00000000  0.16666667  0.00000000  0.01388889  0.00000000  0.02985075  0.00000000  0.00000000 
  0.00000000  0.01312336  0.00000000  0.00000000  0.00000000  0.16949153  0.00000000  0.00000000  0.00000000  0.04395604  0.00000000  0.00000000 
  0.00000000  0.00583090  0.00000000  0.00000000  0.00000000  0.11363636  0.00000000  0.02272727  0.00000000  0.03636364  0.00000000  0.00000000 
  0.00000000  0.00628931  0.00000000  0.00000000  0.00000000  0.21568627  0.00000000  0.00000000  0.00000000  0.06451613  0.00000000  0.00000000 
  0.00000000  0.00628931  0.00000000  0.00000000  0.00000000  0.34883721  0.00000000  0.00000000  0.00000000  0.15384615  0.00000000  0.00000000 
  0.00000000  0.01156069  0.00000000  0.01612903  0.00000000  0.23255814  0.00000000  0.00000000  0.00000000  0.03174603  0.00000000  0.00000000 
  0.00000000  0.00335570  0.00000000  0.00000000  0.00000000  0.30232558  0.00000000  0.00000000  0.00000000  0.10000000  0.00000000  0.00000000 
  0.00000000  0.00529101  0.01694915  0.00000000  0.00000000  0.12727273  0.00000000  0.00000000  0.00000000  0.02380952  0.00000000  0.00000000 
  0.00000000  0.00568182  0.00892857  0.00000000  0.00000000  0.30000000  0.00000000  0.00000000  0.00000000  0.08955224  0.00000000  0.00000000 
  0.00000000  0.01392758  0.00787402  0.00000000  0.00000000  0.21428571  0.00000000  0.00000000  0.00000000  0.08333333  0.00000000  0.00000000 
  0.00000000  0.00000000  0.01538462  0.00000000  0.00000000  0.18965517  0.00000000  0.00000000  0.00000000  0.16666667  0.00000000  0.00000000 
  0.00000000  0.00638978  0.00000000  0.00000000  0.00000000  0.27586207  0.00000000  0.00000000  0.00000000  0.00000000  0.00000000  0.00000000 
  0.00000000  0.00349650  0.00000000  0.00000000  0.00000000  0.42105263  0.00000000  0.00000000  0.00000000  0.26666667  0.00000000  0.00000000 
  0.00307692  0.00923077  0.00000000  0.00000000  0.00000000  0.28571429  0.00000000  0.00000000  0.00000000  0.07317073  0.00000000  0.00000000 
  0.00000000  0.00557103  0.01428571  0.00000000  0.00000000  0.31111111  0.00000000  0.00000000  0.00000000  0.19354839  0.00000000  0.00000000 
  0.00000000  0.00273973  0.01515152  0.01515152  0.00000000  0.21666667  0.00000000  0.00000000  0.00000000  0.06666667  0.00000000  0.00000000 
  0.00000000  0.00000000  0.00000000  0.00000000  0.00000000  0.25925926  0.00000000  0.00000000  0.00000000  0.20000000  0.00000000  0.00000000 
  0.00269542  0.00269542  0.00000000  0.02380952  0.00000000  0.21568627  0.00000000  0.00000000  0.00000000  0.19230769  0.00000000  0.00000000 
  0.00000000  0.01302083  0.00000000  0.00000000  0.00000000  0.28333333  0.00000000  0.00000000  0.00000000  0.11904762  0.00000000  0.00000000 
  0.00000000  0.00000000  0.00000000  0.00000000  0.00000000  0.34482759  0.00000000  0.00000000  0.03703704  0.03703704  0.00000000  0.00000000 
  0.00000000  0.00586510  0.00000000  0.01587302  0.00000000  0.20000000  0.00000000  0.00000000  0.00000000  0.24137931  0.00000000  0.00000000 
  0.00295858  0.00591716  0.00000000  0.00000000  0.00000000  0.30232558  0.00000000  0.00000000  0.00000000  0.18750000  0.00000000  0.00000000 
  0.00000000  0.00800000  0.00000000  0.02127660  0.00000000  0.45454545  0.00000000  0.00000000  0.00000000  0.18518519  0.00000000  0.00000000 
  0.00434783  0.00869565  0.00000000  0.00000000  0.00000000  0.43589744  0.00000000  0.00000000  0.00000000  0.16666667  0.00000000  0.00000000 
  0.00000000  0.00571429  0.00000000  0.00000000  0.00000000  0.32142857  0.00000000  0.00000000  0.00000000  0.15384615  0.00000000  0.00000000 
  0.00000000  0.00934579  0.01315789  0.01315789  0.00000000  0.32558140  0.00000000  0.00000000  0.00000000  0.10714286  0.00000000  0.00000000 
  0.00353357  0.01060071  0.02542373  0.00000000  0.00000000  0.23529412  0.00000000  0.00000000  0.00000000  0.11538462  0.00000000  0.00000000 
  0.00000000  0.00354610  0.00000000  0.00000000  0.00000000  0.31914894  0.00000000  0.00000000  0.00000000  0.04878049  0.00000000  0.00000000 
  0.00000000  0.00000000  0.00000000  0.00000000  0.00000000  0.18750000  0.00000000  0.00000000  0.00000000  0.11267606  0.00000000  0.00000000 
  0.00000000  0.00000000  0.00000000  0.02739726  0.00000000  0.29787234  0.00000000  0.00000000  0.00000000  0.06521739  0.00000000  0.00000000 
  0.00000000  0.00925926  0.00000000  0.04000000  0.00000000  0.28205128  0.00000000  0.00000000  0.00000000  0.18181818  0.00000000  0.00000000 
  0.00000000  0.00956938  0.00000000  0.00000000  0.00000000  0.61111111  0.00000000  0.00000000  0.00000000  0.40000000  0.00000000  0.00000000 
  0.00000000  0.03623188  0.00000000  0.00000000  0.00000000  0.27777778  0.00000000  0.05555556  0.00000000  0.00000000  0.00000000  0.00000000 
  0.00000000  0.05228758  0.00000000  0.00000000  0.00000000  0.42105263  0.00000000  0.05263158  0.00000000  0.00000000  0.00000000  0.00000000 
  0.00558659  0.02234637  0.00000000  0.00000000  0.00000000  0.36000000  0.00000000  0.16000000  0.00000000  0.28571429  0.00000000  0.00000000 
  0.00000000  0.01197605  0.00000000  0.00000000  0.00000000  0.37500000  0.00000000  0.04166667  0.00000000  0.28571429  0.00000000  0.00000000 
  0.00000000  0.00000000  0.00000000  0.00000000  0.00000000  0.25000000  0.00000000  0.00000000  0.00000000  0.25000000  0.00000000  0.00000000 
  0.00000000  0.00000000  0.00000000  0.00000000  0.00000000  0.33333333  0.00000000  0.00000000  0.00000000  0.14285714  0.00000000  0.00000000 
  0.00000000  0.01621622  0.00000000  0.00000000  0.00000000  0.40000000  0.00000000  0.00000000  0.00000000  0.23529412  0.00000000  0.00000000 
  0.00000000  0.01304348  0.00000000  0.00000000  0.00000000  0.23076923  0.00000000  0.00000000  0.00000000  0.18181818  0.00000000  0.00000000 
  0.00000000  0.00000000  0.00000000  0.00990099  0.00000000  0.21666667  0.00000000  0.01666667  0.00000000  0.11290323  0.00000000  0.00000000 
  0.00000000  0.00000000  0.00000000  0.00000000  0.00000000  0.13432836  0.00000000  0.00000000  0.00000000  0.09803922  0.00000000  0.00000000 
  0.00000000  0.00269542  0.00729927  0.00000000  0.00000000  0.10975610  0.00000000  0.00000000  0.00000000  0.09302326  0.00000000  0.00000000 
  0.00000000  0.00802139  0.01212121  0.00000000  0.00000000  0.16923077  0.00000000  0.01538462  0.00000000  0.03478261  0.00000000  0.00000000 
  0.00000000  0.00296736  0.00000000  0.00000000  0.00000000  0.23076923  0.00000000  0.00000000  0.00000000  0.10000000  0.00000000  0.00000000 
  0.00000000  0.00000000  0.00000000  0.00000000  0.00000000  0.34042553  0.00000000  0.00000000  0.00000000  0.18181818  0.00000000  0.00000000 
  0.00000000  0.00343643  0.00000000  0.00000000  0.01694915  0.18644068  0.00000000  0.00000000  0.00000000  0.16216216  0.00000000  0.00000000 
  0.00000000  0.00000000  0.00000000  0.00000000  0.00000000  0.16129032  0.00000000  0.00000000  0.00000000  0.09090909  0.00000000  0.00000000 
  0.00000000  0.00000000  0.03846154  0.00000000  0.00000000  0.43750000  0.00000000  0.00000000  0.00000000  0.16666667  0.00000000  0.00000000 
  0.00588235  0.00588235  0.00000000  0.00000000  0.00000000  0.43478261  0.00000000  0.00000000  0.00000000  0.00000000  0.00000000  0.00000000 
  0.00000000  0.00000000  0.00000000  0.00000000  0.00000000  0.42857143  0.00000000  0.00000000  0.00000000  0.00000000  0.00000000  0.00000000 
  0.00529101  0.00000000  0.00000000  0.00000000  0.00000000  0.47619048  0.00000000  0.00000000  0.00000000  0.13333333  0.00000000  0.00000000 
  0.00000000  0.00000000  0.00000000  0.00000000  0.00000000  0.37500000  0.00000000  0.00000000  0.00000000  0.00000000  0.00000000  0.00000000 
  0.00000000  0.00000000  0.00000000  0.00000000  0.00000000  0.33333333  0.00000000  0.00000000  0.00000000  0.14285714  0.00000000  0.00000000 
  0.00000000  0.00465116  0.00000000  0.00000000  0.00000000  0.37500000  0.00000000  0.00000000  0.00000000  0.05882353  0.00000000  0.00000000 
  0.00000000  0.00000000  0.00000000  0.00000000  0.00000000  0.26470588  0.00000000  0.00000000  0.00000000  0.18518519  0.00000000  0.00000000 
  0.00000000  0.00000000  0.00000000  0.00000000  0.00000000  0.33333333  0.00000000  0.00000000  0.00000000  0.04761905  0.00000000  0.00000000 
  0.00000000  0.00337838  0.00000000  0.00000000  0.00000000  0.28260870  0.00000000  0.00000000  0.00000000  0.16666667  0.00000000  0.00000000 
  0.00000000  0.00000000  0.00000000  0.01449275  0.00000000  0.21276596  0.00000000  0.00000000  0.00000000  0.08333333  0.00000000  0.00000000 
  0.00000000  0.00000000  0.00000000  0.00000000  0.00000000  0.28070175  0.00000000  0.00000000  0.00000000  0.13333333  0.00000000  0.00000000 
  0.00000000  0.00802139  0.01438849  0.00000000  0.00000000  0.16417910  0.00000000  0.00000000  0.00000000  0.18181818  0.00000000  0.00000000 
  0.00000000  0.00000000  0.00869565  0.00000000  0.00000000  0.22580645  0.00000000  0.01612903  0.00000000  0.09230769  0.00000000  0.00000000 
  0.00000000  0.00000000  0.01408451  0.00000000  0.00000000  0.17391304  0.00000000  0.00000000  0.00000000  0.10606061  0.00000000  0.00000000 
  0.00000000  0.00000000  0.00000000  0.00000000  0.00000000  0.12903226  0.00000000  0.00000000  0.00000000  0.06976744  0.00000000  0.00000000 
  0.00000000  0.00340136  0.00000000  0.00694444  0.00000000  0.26865672  0.00000000  0.00000000  0.00000000  0.02739726  0.00000000  0.00000000 
  0.00000000  0.00706714  0.00699301  0.00000000  0.00000000  0.23437500  0.00000000  0.00000000  0.00000000  0.07766990  0.00000000  0.00000000 
  0.00000000  0.00647249  0.00000000  0.00000000  0.00000000  0.19565217  0.00000000  0.00000000  0.00000000  0.06060606  0.00000000  0.00000000 
  0.00334448  0.00000000  0.00000000  0.00000000  0.00000000  0.18750000  0.00000000  0.00000000  0.00000000  0.07547170  0.00000000  0.00000000 
  0.00000000  0.00694444  0.00000000  0.00806452  0.00000000  0.27272727  0.00000000  0.00000000  0.00000000  0.10416667  0.00000000  0.00000000 
  0.00000000  0.00427350  0.00900901  0.00900901  0.00000000  0.28000000  0.00000000  0.00000000  0.00000000  0.12500000  0.00000000  0.00000000 
  0.00000000  0.00000000  0.01030928  0.00000000  0.00000000  0.15789474  0.00000000  0.01754386  0.00000000  0.05660377  0.00000000  0.00000000 
  0.00000000  0.00000000  0.00000000  0.00000000  0.00000000  0.21052632  0.00000000  0.00000000  0.00000000  0.07317073  0.00000000  0.00000000 
  0.00000000  0.00456621  0.00000000  0.00000000  0.00000000  0.25925926  0.00000000  0.00000000  0.00000000  0.16129032  0.00000000  0.00000000 
  0.00000000  0.01239669  0.00000000  0.00000000  0.00000000  0.19672131  0.00000000  0.01639344  0.00000000  0.13043478  0.00000000  0.00000000 
  0.00000000  0.00833333  0.01612903  0.03225806  0.00000000  0.18181818  0.00000000  0.00000000  0.00000000  0.08695652  0.00000000  0.00000000 
  0.00409836  0.00819672  0.01666667  0.01666667  0.00000000  0.20000000  0.00000000  0.00000000  0.00000000  0.17241379  0.00000000  0.00000000 
  0.00393701  0.00787402  0.00000000  0.00000000  0.00000000  0.24137931  0.00000000  0.00000000  0.00000000  0.09090909  0.00000000  0.00000000 
  0.00000000  0.00322581  0.03061224  0.01020408  0.00000000  0.21428571  0.00000000  0.00000000  0.00000000  0.10810811  0.00000000  0.00000000 
  0.00231481  0.00462963  0.00606061  0.00606061  0.00000000  0.20430108  0.00000000  0.01075269  0.00000000  0.08823529  0.00000000  0.00000000 
  0.00210526  0.00631579  0.00000000  0.01086957  0.00000000  0.16091954  0.00000000  0.00000000  0.00000000  0.14000000  0.00000000  0.00000000 
  0.00000000  0.00000000  0.00588235  0.00000000  0.00000000  0.12643678  0.00000000  0.00000000  0.00000000  0.10084034  0.00000000  0.00000000 
  0.00000000  0.00433839  0.00454545  0.00454545  0.00000000  0.20168067  0.00000000  0.00000000  0.00000000  0.09243697  0.00000000  0.00000000 
  0.00000000  0.00428266  0.00000000  0.00421941  0.00000000  0.13636364  0.00000000  0.00000000  0.00000000  0.09027778  0.00000000  0.00000000 
  0.00422833  0.00000000  0.00993377  0.00331126  0.00000000  0.08943089  0.00000000  0.00000000  0.00000000  0.05741627  0.00000000  0.00000000 
  0.00205339  0.00410678  0.00664452  0.00664452  0.00000000  0.09655172  0.00000000  0.00000000  0.00000000  0.06382979  0.00000000  0.00000000 
  0.00000000  0.00555556  0.00000000  0.00888889  0.00000000  0.11718750  0.00000000  0.00781250  0.00787402  0.11023622  0.00000000  0.00000000 
  0.00000000  0.00814664  0.00505051  0.00505051  0.00000000  0.11702128  0.00000000  0.00000000  0.00000000  0.10000000  0.00000000  0.00000000 
  0.00000000  0.00000000  0.00469484  0.00000000  0.00813008  0.12195122  0.00000000  0.00000000  0.00000000  0.02919708  0.00000000  0.00000000 
  0.00000000  0.00000000  0.00000000  0.00000000  0.00000000  0.12121212  0.00000000  0.00000000  0.00000000  0.10000000  0.00000000  0.00000000 
  0.00210526  0.00000000  0.00000000  0.00617284  0.00000000  0.11224490  0.00000000  0.00000000  0.00000000  0.09459459  0.00000000  0.00000000 
  0.00000000  0.00425532  0.00000000  0.00000000  0.00980392  0.07843137  0.00000000  0.00000000  0.00000000  0.04597701  0.00000000  0.00000000 
  0.00238095  0.00000000  0.00000000  0.01111111  0.00000000  0.15053763  0.00000000  0.00000000  0.00000000  0.12500000  0.00000000  0.00000000 
  0.00000000  0.00000000  0.00000000  0.00000000  0.00000000  0.13580247  0.00000000  0.00000000  0.00000000  0.15217391  0.00000000  0.00000000 
  0.00000000  0.00552486  0.00000000  0.00877193  0.00000000  0.13580247  0.00000000  0.00000000  0.00000000  0.15517241  0.00000000  0.00000000 
  0.00000000  0.00000000  0.01612903  0.01612903  0.00000000  0.16417910  0.00000000  0.00000000  0.00000000  0.17647059  0.00000000  0.00000000 
  0.00000000  0.00857143  0.00000000  0.02272727  0.00000000  0.21052632  0.00000000  0.00000000  0.00000000  0.08000000  0.00000000  0.00000000 
  0.00000000  0.00675676  0.00000000  0.00000000  0.00000000  0.34285714  0.00000000  0.00000000  0.00000000  0.05882353  0.00000000  0.00000000 
  0.00000000  0.00310559  0.01666667  0.03333333  0.00000000  0.15789474  0.00000000  0.00000000  0.00000000  0.19230769  0.00000000  0.00000000 
  0.00000000  0.00300300  0.00000000  0.00000000  0.00000000  0.25714286  0.00000000  0.00000000  0.00000000  0.08108108  0.00000000  0.00000000 
  0.00000000  0.00000000  0.00943396  0.00000000  0.00000000  0.23863636  0.00000000  0.00000000  0.00000000  0.07017544  0.00000000  0.00000000 
  0.00000000  0.00249377  0.00000000  0.00000000  0.00000000  0.13207547  0.00000000  0.00000000  0.00000000  0.08163265  0.00000000  0.00000000 
  0.00253807  0.00507614  0.00000000  0.00000000  0.00000000  0.20481928  0.00000000  0.00000000  0.00000000  0.12500000  0.00000000  0.00000000 
  0.00000000  0.00000000  0.00934579  0.00000000  0.00000000  0.17567568  0.00000000  0.00000000  0.00000000  0.05882353  0.00000000  0.00000000 
  0.00000000  0.00000000  0.00000000  0.00000000  0.00000000  0.14814815  0.00000000  0.00000000  0.00000000  0.10638298  0.00000000  0.00000000 
  0.00000000  0.00492611  0.01204819  0.00000000  0.00000000  0.22857143  0.00000000  0.00000000  0.02127660  0.12765957  0.00000000  0.00000000 
  0.00224719  0.00000000  0.01515152  0.00000000  0.00000000  0.15662651  0.00000000  0.00000000  0.00000000  0.15217391  0.00000000  0.00000000 
  0.00000000  0.00505051  0.02597403  0.00000000  0.00000000  0.22784810  0.00000000  0.00000000  0.00000000  0.30769231  0.00000000  0.00000000 
  0.00000000  0.01058201  0.00000000  0.00000000  0.00000000  0.26785714  0.00000000  0.00000000  0.00000000  0.05555556  0.00000000  0.00000000 
  0.00000000  0.00288184  0.01851852  0.00000000  0.00000000  0.20754717  0.00000000  0.00000000  0.00000000  0.06250000  0.00000000  0.00000000 
  0.00000000  0.00371747  0.00000000  0.05128205  0.00000000  0.16000000  0.00000000  0.00000000  0.00000000  0.20000000  0.00000000  0.00000000 
  0.00000000  0.00510204  0.00000000  0.00000000  0.00000000  0.19178082  0.00000000  0.00000000  0.00000000  0.03703704  0.00000000  0.00000000 
  0.00000000  0.00239808  0.00000000  0.01086957  0.00000000  0.24242424  0.00000000  0.00000000  0.00000000  0.13793103  0.00000000  0.00000000 
  0.00000000  0.00255102  0.00000000  0.00000000  0.00000000  0.28767123  0.00000000  0.00000000  0.00000000  0.09375000  0.00000000  0.00000000 
  0.00257069  0.00514139  0.00000000  0.00000000  0.00000000  0.16393443  0.00000000  0.00000000  0.00000000  0.18918919  0.00000000  0.00000000 
  0.00000000  0.00717703  0.00000000  0.00000000  0.00000000  0.16666667  0.00000000  0.00000000  0.00000000  0.13636364  0.00000000  0.00000000 
  0.00000000  0.00000000  0.00000000  0.00000000  0.00000000  0.22413793  0.00000000  0.00000000  0.00000000  0.27586207  0.00000000  0.00000000 
  0.00374532  0.00749064  0.00000000  0.00000000  0.00000000  0.22727273  0.00000000  0.00000000  0.00000000  0.00000000  0.00000000  0.00000000 
  0.00000000  0.00332226  0.01960784  0.00000000  0.00000000  0.22000000  0.00000000  0.00000000  0.00000000  0.07142857  0.00000000  0.00000000 
  0.00273973  0.01095890  0.00000000  0.00000000  0.00000000  0.26785714  0.00000000  0.00000000  0.00000000  0.15384615  0.00000000  0.00000000 
  0.00579710  0.00289855  0.00000000  0.01219512  0.00000000  0.21917808  0.00000000  0.00000000  0.00000000  0.10526316  0.00000000  0.00000000 
  0.00000000  0.00864553  0.00000000  0.00000000  0.00000000  0.19672131  0.01639344  0.00000000  0.00000000  0.26923077  0.00000000  0.00000000 
  0.00000000  0.00651466  0.02941176  0.00000000  0.00000000  0.22222222  0.00000000  0.00000000  0.00000000  0.10000000  0.00000000  0.00000000 
  0.00000000  0.00327869  0.00000000  0.00000000  0.00000000  0.26470588  0.00000000  0.05882353  0.00000000  0.16666667  0.00000000  0.00000000 
  0.00000000  0.00352113  0.00000000  0.00000000  0.00000000  0.45161290  0.00000000  0.00000000  0.00000000  0.04347826  0.00000000  0.00000000 
  0.00337838  0.00675676  0.00000000  0.00000000  0.00000000  0.28205128  0.00000000  0.00000000  0.00000000  0.18181818  0.00000000  0.00000000 
