  0.00447427  0.00223714  0.00126263  0.00757576  0.00000000  0.25373134  0.00000000  0.00000000  0.00000000  0.14650538  0.00000000  0.00000000 
  0.00414938  0.00000000  0.00130378  0.00260756  0.00000000  0.26984127  0.00000000  0.00000000  0.00000000  0.11342894  0.00000000  0.00000000 
  0.00381679  0.00572519  0.00251572  0.00377358  0.00000000  0.26623377  0.00000000  0.00000000  0.00112994  0.09604520  0.00000000  0.00000000 
  0.00000000  0.00000000  0.00370370  0.00493827  0.00000000  0.26573427  0.00000000  0.00000000  0.00121951  0.09634146  0.00000000  0.00000000 
  0.00000000  0.00197628  0.00429799  0.00429799  0.00000000  0.25174825  0.00000000  0.00000000  0.00000000  0.10998553  0.00000000  0.00000000 
  0.00194932  0.00000000  0.00306279  0.00306279  0.00000000  0.20000000  0.00000000  0.00000000  0.00000000  0.13658537  0.00000000  0.00000000 
  0.00000000  0.00184502  0.00501672  0.00167224  0.00000000  0.28104575  0.00000000  0.00000000  0.00000000  0.16192171  0.00000000  0.00000000 
  0.00000000  0.00380952  0.00330579  0.00165289  0.00000000  0.21472393  0.00000000  0.00000000  0.00000000  0.16200000  0.00000000  0.00000000 
  0.00182815  0.00365631  0.00000000  0.00355240  0.00000000  0.27485380  0.00000000  0.00000000  0.00000000  0.16949153  0.00000000  0.00000000 
  0.00000000  0.00190840  0.00300752  0.00150376  0.00000000  0.26241135  0.00000000  0.00000000  0.00157978  0.11374408  0.00000000  0.00000000 
  0.00000000  0.00173913  0.00146628  0.00146628  0.00000000  0.34013605  0.00000000  0.00000000  0.00161551  0.12277868  0.00000000  0.00000000 
  0.00000000  0.00330033  0.00000000  0.00173913  0.00000000  0.26206897  0.00000000  0.00000000  0.00000000  0.14020619  0.00000000  0.00000000 
  0.00172117  0.00688468  0.00000000  0.00529101  0.00000000  0.29761905  0.00000000  0.00000000  0.00000000  0.17505995  0.00000000  0.00000000 
  0.00000000  0.00000000  0.00521739  0.00347826  0.00000000  0.25000000  0.00000000  0.00000000  0.00000000  0.14412417  0.00000000  0.00000000 
  0.00181159  0.00000000  0.00170648  0.00511945  0.00000000  0.24342105  0.00000000  0.00000000  0.00000000  0.13690476  0.00000000  0.00000000 
  0.00402414  0.00603622  0.00153846  0.00615385  0.00000000  0.21428571  0.00000000  0.00000000  0.00000000  0.14109347  0.00000000  0.00000000 
  0.00000000  0.00000000  0.00158228  0.00158228  0.00000000  0.22758621  0.00000000  0.00000000  0.00327332  0.11129296  0.00000000  0.00000000 
  0.00185529  0.00000000  0.00495050  0.00495050  0.00000000  0.24390244  0.00000000  0.00000000  0.00000000  0.14416058  0.00000000  0.00000000 
  0.00000000  0.00623701  0.00621118  0.00155280  0.00000000  0.24855491  0.00000000  0.00000000  0.00000000  0.11731844  0.00000000  0.00000000 
  0.00000000  0.00426439  0.00293686  0.00293686  0.00649351  0.19480519  0.00000000  0.00000000  0.00164745  0.12520593  0.00000000  0.00000000 
  0.00201613  0.00604839  0.00159744  0.00000000  0.00000000  0.25170068  0.00000000  0.00000000  0.00000000  0.09744409  0.00000000  0.00000000 
  0.00221239  0.00000000  0.00148368  0.00593472  0.00000000  0.19607843  0.00653595  0.00000000  0.00145560  0.07714702  0.00000000  0.00000000 
  0.00511509  0.00000000  0.00295421  0.00590842  0.00787402  0.18110236  0.00000000  0.00000000  0.00000000  0.09685864  0.00000000  0.00000000 
  0.00000000  0.00516796  0.00387097  0.00129032  0.00000000  0.18055556  0.00000000  0.00000000  0.00115473  0.08545035  0.00115473  0.00000000 
  0.00000000  0.00000000  0.00258065  0.00645161  0.00000000  0.20863309  0.00000000  0.00000000  0.00119474  0.10155317  0.00000000  0.00000000 
  0.00000000  0.00728155  0.00473373  0.00591716  0.00000000  0.25225225  0.00000000  0.00000000  0.00111111  0.07777778  0.00000000  0.00000000 
  0.00473934  0.00236967  0.00501882  0.00125471  0.00000000  0.25862069  0.00000000  0.00862069  0.00131926  0.08970976  0.00000000  0.00000000 
  0.00000000  0.00247525  0.00000000  0.00286123  0.00662252  0.24503311  0.00000000  0.00000000  0.00000000  0.10144928  0.00000000  0.00000000 
  0.00437637  0.00218818  0.00401070  0.00401070  0.00000000  0.22000000  0.00000000  0.00000000  0.00154321  0.11265432  0.00000000  0.00000000 
  0.00230415  0.00000000  0.00278164  0.00695410  0.00000000  0.21804511  0.00000000  0.00000000  0.00000000  0.10960961  0.00000000  0.00000000 
  0.00000000  0.00497512  0.00142450  0.00569801  0.00000000  0.25827815  0.00000000  0.00000000  0.00000000  0.10892587  0.00000000  0.00000000 
  0.00257069  0.00257069  0.00141643  0.00566572  0.00000000  0.27397260  0.00000000  0.00000000  0.00000000  0.11520737  0.00000000  0.00000000 
  0.00647948  0.00215983  0.00458716  0.00458716  0.00000000  0.28666667  0.00000000  0.00000000  0.00000000  0.09925926  0.00000000  0.00000000 
  0.00746269  0.00000000  0.00278164  0.00000000  0.00000000  0.22147651  0.00000000  0.00000000  0.00000000  0.12043302  0.00000000  0.00000000 
  0.00272480  0.00000000  0.00143885  0.00719424  0.00000000  0.30597015  0.00000000  0.00000000  0.00145349  0.09156977  0.00000000  0.00000000 
  0.00000000  0.00250000  0.00426743  0.00568990  0.00000000  0.25423729  0.00000000  0.00000000  0.00000000  0.10682111  0.00000000  0.00000000 
  0.00501253  0.00250627  0.00140449  0.00421348  0.00000000  0.22900763  0.00000000  0.00000000  0.00000000  0.09078404  0.00000000  0.00000000 
  0.00480769  0.00480769  0.00129534  0.00518135  0.00000000  0.27500000  0.00000000  0.00000000  0.00000000  0.10062112  0.00000000  0.00000000 
  0.00000000  0.00552486  0.00000000  0.00389105  0.00000000  0.25342466  0.00000000  0.00000000  0.00000000  0.07045735  0.00000000  0.00000000 
  0.00000000  0.00000000  0.00238949  0.00119474  0.00000000  0.26119403  0.00000000  0.00000000  0.00000000  0.07870370  0.00000000  0.00000000 
  0.00557103  0.00557103  0.00000000  0.00120482  0.00704225  0.26760563  0.00000000  0.00000000  0.00000000  0.08478261  0.00000000  0.00000000 
  0.00000000  0.00561798  0.00226501  0.00113250  0.00000000  0.24637681  0.00724638  0.00000000  0.00099900  0.09590410  0.00000000  0.00000000 
  0.00000000  0.00561798  0.00327511  0.00327511  0.00000000  0.25619835  0.00000000  0.00000000  0.00000000  0.07418112  0.00000000  0.00000000 
