  0.00000000  0.01744186  0.00000000  0.00000000  0.00000000  0.06060606  0.00000000  0.01515152  0.00000000  0.00000000  0.00000000  0.00000000 
  0.00000000  0.00490196  0.00000000  0.00000000  0.00000000  0.09195402  0.01149425  0.00000000  0.00000000  0.00000000  0.00000000  0.00000000 
  0.00000000  0.00490196  0.00000000  0.00000000  0.00000000  0.06451613  0.00000000  0.00000000  0.00000000  0.00000000  0.00000000  0.00000000 
  0.00000000  0.01047120  0.00000000  0.00000000  0.00000000  0.04040404  0.00000000  0.00000000  0.00000000  0.00000000  0.00000000  0.00000000 
  0.00000000  0.00888889  0.00000000  0.00000000  0.00000000  0.03571429  0.00000000  0.01190476  0.00000000  0.00000000  0.00000000  0.00000000 
  0.00000000  0.03478261  0.00000000  0.00000000  0.00000000  0.06521739  0.00000000  0.00000000  0.00000000  0.00000000  0.00000000  0.00000000 
  0.00000000  0.01574803  0.00000000  0.00000000  0.00000000  0.08571429  0.00000000  0.02857143  0.00000000  0.00000000  0.00000000  0.00000000 
  0.00000000  0.02666667  0.00000000  0.00000000  0.00000000  0.11428571  0.00000000  0.00000000  0.00000000  0.00000000  0.00000000  0.00000000 
  0.00000000  0.01984127  0.00000000  0.00000000  0.00000000  0.03960396  0.00000000  0.00000000  0.00000000  0.00000000  0.00000000  0.00000000 
  0.00366300  0.01465201  0.00000000  0.00000000  0.00000000  0.02654867  0.00000000  0.00000000  0.00000000  0.00000000  0.00000000  0.00000000 
  0.00000000  0.01265823  0.00000000  0.00000000  0.00000000  0.02597403  0.00000000  0.00000000  0.00000000  0.00000000  0.00000000  0.00000000 
  0.00000000  0.01374570  0.00000000  0.00000000  0.01136364  0.04545455  0.00000000  0.00000000  0.00000000  0.00000000  0.00000000  0.00000000 
  0.00000000  0.01992032  0.00000000  0.00000000  0.01052632  0.03157895  0.00000000  0.01052632  0.00000000  0.00000000  0.00000000  0.00000000 
  0.00000000  0.01310044  0.00000000  0.00000000  0.00000000  0.04395604  0.00000000  0.00000000  0.00000000  0.00000000  0.00000000  0.00000000 
  0.00000000  0.00425532  0.00000000  0.00000000  0.00000000  0.07812500  0.00000000  0.01562500  0.00000000  0.00000000  0.00000000  0.00000000 
  0.00000000  0.00716846  0.00000000  0.00000000  0.00000000  0.06363636  0.00000000  0.00000000  0.00000000  0.00000000  0.00000000  0.00000000 
  0.00349650  0.00699301  0.00000000  0.00000000  0.00000000  0.04687500  0.00000000  0.00000000  0.00000000  0.00000000  0.00000000  0.00000000 
  0.00000000  0.00546448  0.00000000  0.00000000  0.01234568  0.04320988  0.00000000  0.00000000  0.00000000  0.00000000  0.00000000  0.00000000 
  0.00000000  0.00490196  0.00000000  0.00000000  0.00000000  0.01388889  0.00000000  0.00000000  0.00000000  0.00000000  0.00000000  0.00000000 
  0.00000000  0.00465116  0.00000000  0.00000000  0.00000000  0.04571429  0.00000000  0.00000000  0.00000000  0.00000000  0.00000000  0.00000000 
  0.00000000  0.01837270  0.00000000  0.00000000  0.00000000  0.03184713  0.00000000  0.00000000  0.00000000  0.00000000  0.00000000  0.00000000 
  0.00000000  0.03283582  0.00000000  0.00000000  0.00000000  0.03225806  0.00000000  0.00000000  0.00000000  0.00000000  0.00000000  0.00000000 
  0.00000000  0.00581395  0.00000000  0.00000000  0.00000000  0.04032258  0.00000000  0.00000000  0.00000000  0.00000000  0.00000000  0.00000000 
  0.00000000  0.01230769  0.00000000  0.00000000  0.00000000  0.07692308  0.00000000  0.00000000  0.00000000  0.00000000  0.00000000  0.00000000 
  0.00000000  0.00607903  0.00000000  0.00000000  0.00000000  0.05714286  0.00000000  0.00000000  0.00000000  0.00000000  0.00000000  0.00000000 
  0.00276243  0.03314917  0.00000000  0.00000000  0.00000000  0.09375000  0.00000000  0.00000000  0.00000000  0.00000000  0.00000000  0.00000000 
  0.00000000  0.00261097  0.00000000  0.00000000  0.00000000  0.04666667  0.00000000  0.00000000  0.00000000  0.00000000  0.00000000  0.00000000 
  0.00000000  0.00000000  0.00000000  0.00000000  0.00000000  0.00549451  0.00000000  0.00000000  0.00000000  0.00000000  0.00000000  0.00000000 
  0.00000000  0.02233251  0.00000000  0.00000000  0.00000000  0.06629834  0.00000000  0.00000000  0.00000000  0.00000000  0.00000000  0.00000000 
  0.00000000  0.00224215  0.00000000  0.00000000  0.00000000  0.01724138  0.00000000  0.00000000  0.00000000  0.00000000  0.00000000  0.00000000 
  0.00000000  0.00997506  0.00000000  0.00000000  0.00000000  0.07784431  0.00000000  0.00000000  0.00000000  0.00000000  0.00000000  0.00000000 
  0.00000000  0.00847458  0.00000000  0.00000000  0.00000000  0.06382979  0.00000000  0.00000000  0.00000000  0.00000000  0.00000000  0.00000000 
  0.00000000  0.01102941  0.00000000  0.00000000  0.00000000  0.05000000  0.01000000  0.00000000  0.00000000  0.00000000  0.00000000  0.00000000 
  0.00000000  0.01547988  0.00000000  0.00000000  0.00000000  0.05882353  0.00000000  0.00653595  0.00000000  0.00000000  0.00000000  0.00000000 
  0.00000000  0.00804290  0.00000000  0.00000000  0.00000000  0.05128205  0.00000000  0.00000000  0.00000000  0.00000000  0.00000000  0.00000000 
  0.00343643  0.01030928  0.00000000  0.00000000  0.00000000  0.02884615  0.00000000  0.00961538  0.00000000  0.00000000  0.00000000  0.00000000 
  0.00000000  0.01779359  0.00000000  0.00000000  0.00000000  0.05932203  0.00000000  0.00000000  0.00000000  0.00000000  0.00000000  0.00000000 
  0.00000000  0.00000000  0.00000000  0.00000000  0.00000000  0.00840336  0.00000000  0.00000000  0.00000000  0.00000000  0.00000000  0.00000000 
  0.00211416  0.00634249  0.00000000  0.00000000  0.00485437  0.04368932  0.00000000  0.00485437  0.00000000  0.00000000  0.00000000  0.00000000 
  0.00000000  0.01562500  0.00000000  0.00000000  0.00000000  0.03301887  0.00000000  0.00000000  0.00000000  0.00000000  0.00000000  0.00000000 
  0.00000000  0.00672646  0.00000000  0.00000000  0.00000000  0.06989247  0.00000000  0.00000000  0.00000000  0.00000000  0.00000000  0.00000000 
  0.00000000  0.01535088  0.00000000  0.00000000  0.00000000  0.01764706  0.00000000  0.00000000  0.00000000  0.00000000  0.00000000  0.00000000 
  0.00000000  0.01190476  0.00000000  0.00000000  0.00000000  0.06285714  0.00000000  0.00000000  0.00000000  0.00000000  0.00000000  0.00000000 
  0.00000000  0.02842377  0.00000000  0.00000000  0.00000000  0.04255319  0.00000000  0.00709220  0.00000000  0.00000000  0.00000000  0.00000000 
  0.00000000  0.00872093  0.00000000  0.00000000  0.00000000  0.04444444  0.00000000  0.00000000  0.00000000  0.00000000  0.00000000  0.00000000 
  0.00000000  0.01955990  0.00000000  0.00000000  0.00000000  0.04195804  0.00000000  0.00000000  0.00000000  0.00000000  0.00000000  0.00000000 
  0.00000000  0.00717703  0.00000000  0.00000000  0.00000000  0.03921569  0.00000000  0.00000000  0.00000000  0.00000000  0.00000000  0.00000000 
  0.00000000  0.00217865  0.00000000  0.00000000  0.00000000  0.04347826  0.00000000  0.00000000  0.00000000  0.00000000  0.00000000  0.00000000 
  0.00273224  0.01092896  0.00000000  0.00000000  0.00000000  0.01149425  0.00000000  0.00000000  0.00000000  0.00000000  0.00000000  0.00000000 
  0.00000000  0.01342282  0.00000000  0.00000000  0.00000000  0.04191617  0.00000000  0.00598802  0.00000000  0.00000000  0.00000000  0.00000000 
  0.00000000  0.00303030  0.00000000  0.00000000  0.00000000  0.03030303  0.00000000  0.00000000  0.00000000  0.00000000  0.00000000  0.00000000 
  0.00000000  0.00488998  0.00000000  0.00000000  0.00609756  0.03658537  0.00000000  0.00000000  0.00000000  0.00000000  0.00000000  0.00000000 
  0.00000000  0.00789474  0.00000000  0.00000000  0.00000000  0.03174603  0.00000000  0.00000000  0.00000000  0.00000000  0.00000000  0.00000000 
  0.00000000  0.01436782  0.00000000  0.00000000  0.00000000  0.02380952  0.00000000  0.00793651  0.00000000  0.00000000  0.00000000  0.00000000 
  0.00000000  0.01127820  0.00000000  0.00000000  0.01086957  0.05434783  0.00000000  0.00000000  0.00000000  0.00000000  0.00000000  0.00000000 
  0.00000000  0.01342282  0.00000000  0.00000000  0.00000000  0.02586207  0.00000000  0.00000000  0.00000000  0.00000000  0.00000000  0.00000000 
  0.00000000  0.00611621  0.00000000  0.00000000  0.00000000  0.01000000  0.00000000  0.00000000  0.00000000  0.00000000  0.00000000  0.00000000 
  0.00000000  0.01127820  0.00000000  0.00000000  0.00000000  0.04123711  0.00000000  0.00000000  0.00000000  0.00000000  0.00000000  0.00000000 
  0.00432900  0.01731602  0.00000000  0.00000000  0.01298701  0.05194805  0.00000000  0.00000000  0.00000000  0.00000000  0.00000000  0.00000000 
  0.00000000  0.00344828  0.00000000  0.00000000  0.01086957  0.01086957  0.00000000  0.00000000  0.00000000  0.00000000  0.00000000  0.00000000 
  0.00000000  0.00352113  0.00000000  0.00000000  0.01694915  0.01694915  0.00000000  0.00000000  0.00000000  0.00000000  0.00000000  0.00000000 
  0.00000000  0.00396825  0.00000000  0.00000000  0.00000000  0.05154639  0.00000000  0.00000000  0.00000000  0.00000000  0.00000000  0.00000000 
  0.00000000  0.00476190  0.00000000  0.00000000  0.00000000  0.05747126  0.00000000  0.00000000  0.00000000  0.00000000  0.00000000  0.00000000 
  0.00000000  0.00485437  0.00000000  0.00000000  0.00000000  0.03846154  0.00000000  0.00000000  0.00000000  0.00000000  0.00000000  0.00000000 
  0.00000000  0.00000000  0.00000000  0.00000000  0.00000000  0.06756757  0.00000000  0.00000000  0.00000000  0.00000000  0.00000000  0.00000000 
  0.00000000  0.04564315  0.00000000  0.00000000  0.00000000  0.09333333  0.00000000  0.00000000  0.00000000  0.00000000  0.00000000  0.00000000 
  0.00000000  0.01244813  0.00000000  0.00000000  0.00000000  0.05747126  0.00000000  0.00000000  0.00000000  0.00000000  0.00000000  0.00000000 
  0.00000000  0.01337793  0.00000000  0.00000000  0.00000000  0.05154639  0.00000000  0.00000000  0.00000000  0.00000000  0.00000000  0.00000000 
  0.00287356  0.01149425  0.00000000  0.00000000  0.00000000  0.05426357  0.00000000  0.00000000  0.00000000  0.00000000  0.00000000  0.00000000 
  0.00000000  0.02017291  0.00000000  0.00000000  0.00000000  0.01973684  0.00000000  0.00000000  0.00000000  0.00000000  0.00000000  0.00000000 
  0.00000000  0.01876676  0.00000000  0.00000000  0.00000000  0.04268293  0.00000000  0.00000000  0.00000000  0.00000000  0.00000000  0.00000000 
  0.00000000  0.00393701  0.00000000  0.00000000  0.00763359  0.02290076  0.00000000  0.00000000  0.00000000  0.00000000  0.00000000  0.00000000 
  0.00000000  0.01027397  0.00000000  0.00000000  0.00000000  0.06504065  0.00000000  0.00000000  0.00000000  0.00000000  0.00000000  0.00000000 
  0.00000000  0.01626016  0.00000000  0.00000000  0.00000000  0.01063830  0.00000000  0.00000000  0.00000000  0.00000000  0.00000000  0.00000000 
  0.00000000  0.00574713  0.00000000  0.00000000  0.00000000  0.03947368  0.00000000  0.00000000  0.00000000  0.00000000  0.00000000  0.00000000 
  0.00000000  0.00625000  0.00000000  0.00000000  0.00000000  0.06451613  0.00000000  0.01612903  0.00000000  0.00000000  0.00000000  0.00000000 
  0.00000000  0.01357466  0.00000000  0.00000000  0.00000000  0.06666667  0.00000000  0.00000000  0.00000000  0.00000000  0.00000000  0.00000000 
  0.00000000  0.00000000  0.00000000  0.00000000  0.00000000  0.04255319  0.00000000  0.01063830  0.00000000  0.00000000  0.00000000  0.00000000 
  0.00000000  0.00609756  0.00000000  0.00000000  0.00000000  0.05982906  0.00000000  0.00000000  0.00000000  0.00000000  0.00000000  0.00000000 
  0.00288184  0.00864553  0.00000000  0.00000000  0.00000000  0.04635762  0.00000000  0.00000000  0.00000000  0.00000000  0.00000000  0.00000000 
  0.00000000  0.01994302  0.00000000  0.00000000  0.00000000  0.03508772  0.00000000  0.00877193  0.00000000  0.00000000  0.00000000  0.00000000 
  0.00000000  0.00722022  0.00000000  0.00000000  0.00000000  0.05932203  0.00000000  0.00000000  0.00000000  0.00000000  0.00000000  0.00000000 
  0.00000000  0.00000000  0.00000000  0.00000000  0.00000000  0.05454545  0.00000000  0.00000000  0.00000000  0.00000000  0.00000000  0.00000000 
  0.00000000  0.01290323  0.00000000  0.00000000  0.00000000  0.04545455  0.00000000  0.00000000  0.00000000  0.00000000  0.00000000  0.00000000 
  0.00000000  0.01310044  0.00000000  0.00000000  0.00000000  0.06930693  0.00000000  0.02970297  0.00000000  0.00000000  0.00000000  0.00000000 
  0.00000000  0.00366300  0.00000000  0.00000000  0.00000000  0.02197802  0.00000000  0.00000000  0.00000000  0.00000000  0.00000000  0.00000000 
  0.00446429  0.00000000  0.00000000  0.00000000  0.00000000  0.05263158  0.00000000  0.00000000  0.00000000  0.00000000  0.00000000  0.00000000 
  0.00000000  0.02083333  0.00000000  0.00000000  0.00000000  0.04054054  0.00000000  0.00000000  0.00000000  0.00000000  0.00000000  0.00000000 
  0.00000000  0.02564103  0.00000000  0.00000000  0.02040816  0.02040816  0.00000000  0.00000000  0.00000000  0.00000000  0.00000000  0.00000000 
  0.00000000  0.02362205  0.00000000  0.00000000  0.00000000  0.08333333  0.00000000  0.00000000  0.00000000  0.00000000  0.00000000  0.00000000 
  0.00000000  0.03030303  0.00000000  0.00000000  0.00000000  0.02173913  0.00000000  0.00000000  0.00000000  0.00000000  0.00000000  0.00000000 
  0.00000000  0.02531646  0.00000000  0.00000000  0.00000000  0.13157895  0.00000000  0.00000000  0.00000000  0.00000000  0.00000000  0.00000000 
  0.00000000  0.00000000  0.00000000  0.00000000  0.00000000  0.07692308  0.00000000  0.00000000  0.00000000  0.00000000  0.00000000  0.00000000 
  0.00000000  0.00000000  0.00000000  0.00000000  0.00000000  0.04444444  0.00000000  0.06666667  0.00000000  0.00000000  0.00000000  0.00000000 
  0.00000000  0.00934579  0.00000000  0.00000000  0.00000000  0.17241379  0.00000000  0.01724138  0.00000000  0.00000000  0.00000000  0.00000000 
  0.00000000  0.02272727  0.00000000  0.00000000  0.04166667  0.04166667  0.00000000  0.00000000  0.00000000  0.00000000  0.00000000  0.00000000 
  0.00000000  0.04054054  0.00000000  0.00000000  0.00000000  0.07500000  0.00000000  0.00000000  0.00000000  0.00000000  0.00000000  0.00000000 
  0.00000000  0.02542373  0.00000000  0.00000000  0.00000000  0.07462687  0.00000000  0.00000000  0.00000000  0.00000000  0.00000000  0.00000000 
  0.00000000  0.00952381  0.00000000  0.00000000  0.00000000  0.06593407  0.00000000  0.01098901  0.00000000  0.00000000  0.00000000  0.00000000 
  0.00454545  0.00909091  0.00000000  0.00000000  0.00000000  0.07865169  0.00000000  0.00000000  0.00000000  0.00000000  0.00000000  0.00000000 
