  0.00000000  0.03960396  0.00000000  0.00000000  0.00000000  0.08666667  0.00000000  0.01333333  0.00000000  0.00000000  0.00000000  0.00000000 
  0.00000000  0.02461538  0.00000000  0.00000000  0.00000000  0.04285714  0.00000000  0.01428571  0.00000000  0.00000000  0.00000000  0.00000000 
  0.00000000  0.02393617  0.00000000  0.00000000  0.00000000  0.05555556  0.00000000  0.00000000  0.00000000  0.00000000  0.00000000  0.00000000 
  0.00000000  0.04234528  0.00000000  0.00000000  0.00000000  0.02752294  0.00000000  0.00000000  0.00000000  0.00000000  0.00000000  0.00000000 
  0.00000000  0.03591160  0.00000000  0.00000000  0.00000000  0.06896552  0.00000000  0.00689655  0.00000000  0.00000000  0.00000000  0.00000000 
  0.00000000  0.03988604  0.00000000  0.00000000  0.00000000  0.00909091  0.00000000  0.00000000  0.00000000  0.00000000  0.00000000  0.00000000 
  0.00000000  0.03045685  0.00000000  0.00000000  0.00000000  0.08235294  0.00000000  0.01176471  0.00000000  0.00000000  0.00000000  0.00000000 
  0.00000000  0.05379747  0.00000000  0.00000000  0.00000000  0.00000000  0.00000000  0.00000000  0.00000000  0.00000000  0.00000000  0.00000000 
  0.00000000  0.04411765  0.00000000  0.00000000  0.00000000  0.07361963  0.00000000  0.03067485  0.00000000  0.00000000  0.00000000  0.00000000 
  0.00000000  0.05471125  0.00000000  0.00000000  0.00000000  0.06976744  0.00000000  0.01550388  0.00000000  0.00000000  0.00000000  0.00000000 
  0.00000000  0.03350515  0.00000000  0.00000000  0.00000000  0.02395210  0.00000000  0.00000000  0.00000000  0.00000000  0.00000000  0.00000000 
  0.00000000  0.04021448  0.00000000  0.00000000  0.00000000  0.07746479  0.00000000  0.01408451  0.00000000  0.00000000  0.00000000  0.00000000 
  0.00000000  0.03044496  0.00000000  0.00000000  0.00000000  0.03658537  0.00000000  0.00000000  0.00000000  0.00000000  0.00000000  0.00000000 
  0.00257732  0.02835052  0.00000000  0.00000000  0.00000000  0.06790123  0.00000000  0.00000000  0.00000000  0.00000000  0.00000000  0.00000000 
  0.00000000  0.02784223  0.00000000  0.00000000  0.00000000  0.04838710  0.00000000  0.03225806  0.00000000  0.00000000  0.00000000  0.00000000 
  0.00000000  0.04643963  0.00000000  0.00000000  0.00000000  0.03000000  0.00000000  0.01000000  0.00000000  0.00000000  0.00000000  0.00000000 
  0.00000000  0.03373494  0.00000000  0.00000000  0.00000000  0.04587156  0.00000000  0.00000000  0.00000000  0.00000000  0.00000000  0.00000000 
  0.00000000  0.03010033  0.00000000  0.00000000  0.00000000  0.07476636  0.00000000  0.00000000  0.00000000  0.00000000  0.00000000  0.00000000 
  0.00000000  0.05157593  0.00000000  0.00000000  0.00000000  0.05882353  0.00000000  0.00735294  0.00000000  0.00000000  0.00000000  0.00000000 
  0.00000000  0.06153846  0.00000000  0.00000000  0.00000000  0.05102041  0.00000000  0.00000000  0.00000000  0.00000000  0.00000000  0.00000000 
  0.00000000  0.05607477  0.00000000  0.00000000  0.00000000  0.03787879  0.00000000  0.00757576  0.00000000  0.00000000  0.00000000  0.00000000 
  0.00000000  0.03370787  0.00000000  0.00000000  0.00000000  0.07070707  0.00000000  0.02020202  0.00000000  0.00000000  0.00000000  0.00000000 
  0.00000000  0.01718213  0.00000000  0.00000000  0.00000000  0.06481481  0.00000000  0.00925926  0.00000000  0.00000000  0.00000000  0.00000000 
  0.00000000  0.07172996  0.00000000  0.00000000  0.00000000  0.08000000  0.00000000  0.00000000  0.00000000  0.00000000  0.00000000  0.00000000 
  0.00000000  0.03225806  0.00000000  0.00000000  0.00000000  0.04761905  0.00000000  0.00000000  0.00000000  0.00000000  0.00000000  0.00000000 
  0.00000000  0.03524229  0.00000000  0.00000000  0.00000000  0.13333333  0.00000000  0.01333333  0.00000000  0.00000000  0.00000000  0.00000000 
  0.00000000  0.03691275  0.00000000  0.00000000  0.00000000  0.03333333  0.00000000  0.01111111  0.00000000  0.00000000  0.00000000  0.00000000 
  0.00000000  0.05855856  0.00000000  0.00000000  0.00000000  0.05357143  0.00000000  0.00000000  0.00000000  0.00000000  0.00000000  0.00000000 
  0.00000000  0.02834008  0.00000000  0.00000000  0.00000000  0.01111111  0.00000000  0.00000000  0.00000000  0.00000000  0.00000000  0.00000000 
  0.00000000  0.02752294  0.00000000  0.00000000  0.00000000  0.06329114  0.00000000  0.00000000  0.00000000  0.00000000  0.00000000  0.00000000 
  0.00000000  0.00851064  0.00000000  0.00000000  0.00000000  0.03448276  0.00000000  0.00000000  0.00000000  0.00000000  0.00000000  0.00000000 
  0.00000000  0.02551020  0.00000000  0.00000000  0.00000000  0.05555556  0.00000000  0.00000000  0.00000000  0.00000000  0.00000000  0.00000000 
  0.00000000  0.01777778  0.00000000  0.00000000  0.00000000  0.02380952  0.00000000  0.00000000  0.00000000  0.00000000  0.00000000  0.00000000 
  0.00000000  0.02752294  0.00000000  0.00000000  0.00000000  0.06944444  0.00000000  0.00000000  0.00000000  0.00000000  0.00000000  0.00000000 
  0.00000000  0.02352941  0.00000000  0.00000000  0.00000000  0.06000000  0.00000000  0.00000000  0.00000000  0.00000000  0.00000000  0.00000000 
  0.00423729  0.02542373  0.00000000  0.00000000  0.00000000  0.06185567  0.00000000  0.01030928  0.00000000  0.00000000  0.00000000  0.00000000 
  0.00423729  0.00847458  0.00000000  0.00000000  0.00000000  0.07462687  0.00000000  0.00000000  0.00000000  0.00000000  0.00000000  0.00000000 
  0.00000000  0.01276596  0.00000000  0.00000000  0.00000000  0.03409091  0.00000000  0.00000000  0.00000000  0.00000000  0.00000000  0.00000000 
  0.00000000  0.01030928  0.00000000  0.00000000  0.00000000  0.04819277  0.00000000  0.00000000  0.00000000  0.00000000  0.00000000  0.00000000 
  0.00000000  0.01276596  0.00000000  0.00000000  0.00000000  0.08910891  0.00000000  0.00000000  0.00000000  0.00000000  0.00000000  0.00000000 
  0.00000000  0.00512821  0.00000000  0.00000000  0.00000000  0.02857143  0.00000000  0.00000000  0.00000000  0.00000000  0.00000000  0.00000000 
  0.00000000  0.01550388  0.00000000  0.00000000  0.00000000  0.06542056  0.00000000  0.00000000  0.00000000  0.00000000  0.00000000  0.00000000 
  0.00000000  0.01554404  0.00000000  0.00000000  0.00000000  0.08641975  0.00000000  0.00000000  0.00000000  0.00000000  0.00000000  0.00000000 
  0.00000000  0.00414938  0.00000000  0.00000000  0.00000000  0.02419355  0.00000000  0.00000000  0.00000000  0.00000000  0.00000000  0.00000000 
  0.00000000  0.01015228  0.00000000  0.00000000  0.00000000  0.05714286  0.00000000  0.00000000  0.00000000  0.00000000  0.00000000  0.00000000 
  0.00000000  0.00938967  0.00000000  0.00000000  0.00000000  0.03061224  0.01020408  0.00000000  0.00000000  0.00000000  0.00000000  0.00000000 
  0.00000000  0.02469136  0.00000000  0.00000000  0.00000000  0.06000000  0.00000000  0.00000000  0.00000000  0.00000000  0.00000000  0.00000000 
  0.00000000  0.01612903  0.00000000  0.00000000  0.00000000  0.05263158  0.00000000  0.01052632  0.00000000  0.00000000  0.00000000  0.00000000 
