  0.00000000  0.08695652  0.00000000  0.00000000  0.00000000  0.10382514  0.00000000  0.02185792  0.00000000  0.00000000  0.00000000  0.00000000 
  0.00000000  0.09543568  0.00000000  0.00000000  0.00534759  0.08556150  0.00000000  0.00534759  0.00000000  0.00000000  0.00000000  0.00000000 
  0.00000000  0.11235955  0.00000000  0.00000000  0.00000000  0.15736041  0.00507614  0.02030457  0.00000000  0.00000000  0.00000000  0.00000000 
  0.00000000  0.15384615  0.00000000  0.00000000  0.00000000  0.16574586  0.00000000  0.05524862  0.00000000  0.00000000  0.00000000  0.00000000 
  0.00169492  0.11355932  0.00000000  0.00000000  0.00000000  0.16753927  0.00523560  0.04188482  0.00000000  0.00000000  0.00000000  0.00000000 
  0.00277778  0.11805556  0.00000000  0.00000000  0.00000000  0.09025271  0.00000000  0.04693141  0.00000000  0.00000000  0.00000000  0.00000000 
  0.00000000  0.10591900  0.00000000  0.00000000  0.00000000  0.11504425  0.00000000  0.02654867  0.00000000  0.00000000  0.00000000  0.00000000 
  0.00144092  0.12391931  0.00000000  0.00000000  0.00000000  0.18410042  0.00000000  0.04184100  0.00000000  0.00000000  0.00000000  0.00000000 
  0.00398406  0.12881806  0.00000000  0.00000000  0.00000000  0.15094340  0.00000000  0.02264151  0.00000000  0.00000000  0.00000000  0.00000000 
  0.00000000  0.10924370  0.00000000  0.00000000  0.00000000  0.11728395  0.00000000  0.01851852  0.00000000  0.00000000  0.00000000  0.00000000 
  0.00000000  0.11901984  0.00000000  0.00000000  0.00000000  0.15803815  0.00000000  0.02724796  0.00000000  0.00000000  0.00000000  0.00000000 
  0.00107643  0.09795479  0.00000000  0.00000000  0.00000000  0.13978495  0.00000000  0.04569892  0.00000000  0.00000000  0.00000000  0.00000000 
  0.00229885  0.15402299  0.00000000  0.00000000  0.00000000  0.14473684  0.00328947  0.05263158  0.00000000  0.00000000  0.00000000  0.00000000 
  0.00000000  0.09139214  0.00000000  0.00000000  0.00000000  0.11549296  0.00000000  0.02253521  0.00000000  0.00000000  0.00000000  0.00000000 
  0.00106724  0.09605123  0.00000000  0.00000000  0.00000000  0.13150685  0.00273973  0.01369863  0.00000000  0.00000000  0.00000000  0.00000000 
  0.00000000  0.10598504  0.00000000  0.00000000  0.00000000  0.15248227  0.00000000  0.05673759  0.00000000  0.00000000  0.00000000  0.00000000 
  0.00101317  0.10435664  0.00000000  0.00000000  0.00000000  0.13207547  0.00000000  0.01347709  0.00000000  0.00000000  0.00000000  0.00000000 
  0.00176991  0.11238938  0.00000000  0.00000000  0.00000000  0.14854111  0.00000000  0.03448276  0.00000000  0.00000000  0.00000000  0.00000000 
  0.00090498  0.09321267  0.00000000  0.00000000  0.00000000  0.12731481  0.00000000  0.02777778  0.00000000  0.00000000  0.00000000  0.00000000 
  0.00000000  0.10511364  0.00000000  0.00000000  0.00000000  0.10498688  0.00000000  0.03149606  0.00000000  0.00000000  0.00000000  0.00000000 
  0.00109529  0.11938664  0.00000000  0.00000000  0.00000000  0.13170732  0.00000000  0.03414634  0.00000000  0.00000000  0.00000000  0.00000000 
  0.00250836  0.10367893  0.00000000  0.00000000  0.00000000  0.14643545  0.00192678  0.02312139  0.00000000  0.00000000  0.00000000  0.00000000 
  0.00186567  0.10167910  0.00000000  0.00000000  0.00000000  0.10621762  0.00000000  0.01813472  0.00000000  0.00000000  0.00000000  0.00000000 
  0.00276753  0.12638376  0.00000000  0.00000000  0.00245700  0.12530713  0.00000000  0.02702703  0.00000000  0.00000000  0.00000000  0.00000000 
  0.00157480  0.08503937  0.00000000  0.00000000  0.00000000  0.12641084  0.00000000  0.02031603  0.00000000  0.00000000  0.00000000  0.00000000 
  0.00318979  0.09808612  0.00000000  0.00000000  0.00000000  0.08713693  0.00000000  0.03112033  0.00000000  0.00000000  0.00000000  0.00000000 
  0.00000000  0.10693642  0.00000000  0.00000000  0.00000000  0.10174419  0.00000000  0.01744186  0.00000000  0.00000000  0.00000000  0.00000000 
  0.00192678  0.09730250  0.00000000  0.00000000  0.00000000  0.13054830  0.00522193  0.02610966  0.00000000  0.00000000  0.00000000  0.00000000 
  0.00210970  0.10654008  0.00000000  0.00000000  0.00000000  0.12573099  0.00000000  0.03801170  0.00000000  0.00000000  0.00000000  0.00000000 
  0.00000000  0.08554572  0.00000000  0.00000000  0.00000000  0.09392265  0.00000000  0.03591160  0.00000000  0.00000000  0.00000000  0.00000000 
  0.00000000  0.09032944  0.00000000  0.00000000  0.00000000  0.08668731  0.00000000  0.01238390  0.00000000  0.00000000  0.00000000  0.00000000 
  0.00000000  0.09852775  0.00000000  0.00000000  0.00389105  0.12451362  0.00000000  0.01945525  0.00000000  0.00000000  0.00000000  0.00000000 
  0.00000000  0.08096740  0.00000000  0.00000000  0.00000000  0.13230769  0.00307692  0.02769231  0.00000000  0.00000000  0.00000000  0.00000000 
  0.00119474  0.08602151  0.00000000  0.00000000  0.00000000  0.13355049  0.00000000  0.01954397  0.00000000  0.00000000  0.00000000  0.00000000 
  0.00127065  0.08259212  0.00000000  0.00000000  0.00000000  0.13909774  0.00000000  0.01879699  0.00000000  0.00000000  0.00000000  0.00000000 
  0.00109051  0.12322792  0.00000000  0.00000000  0.00000000  0.12658228  0.00000000  0.01265823  0.00000000  0.00000000  0.00000000  0.00000000 
  0.00111235  0.08008899  0.00000000  0.00000000  0.00000000  0.09117647  0.00294118  0.02352941  0.00000000  0.00000000  0.00000000  0.00000000 
  0.00305188  0.07019329  0.00000000  0.00000000  0.00000000  0.10404624  0.00000000  0.02023121  0.00000000  0.00000000  0.00000000  0.00000000 
  0.00221239  0.08185841  0.00000000  0.00000000  0.00000000  0.10394265  0.00000000  0.02150538  0.00000000  0.00000000  0.00000000  0.00000000 
  0.00118906  0.09155767  0.00000000  0.00000000  0.00000000  0.15830116  0.00000000  0.06177606  0.00000000  0.00000000  0.00000000  0.00000000 
  0.00100402  0.08232932  0.00000000  0.00000000  0.00000000  0.14743590  0.00000000  0.03205128  0.00000000  0.00000000  0.00000000  0.00000000 
  0.00192493  0.09432146  0.00000000  0.00000000  0.00579710  0.10434783  0.00289855  0.02318841  0.00000000  0.00000000  0.00000000  0.00000000 
  0.00000000  0.09309309  0.00000000  0.00000000  0.00000000  0.10835913  0.00000000  0.02786378  0.00000000  0.00000000  0.00000000  0.00000000 
  0.00092937  0.08921933  0.00000000  0.00000000  0.00000000  0.15099715  0.00000000  0.02849003  0.00000000  0.00000000  0.00000000  0.00000000 
  0.00094518  0.10775047  0.00000000  0.00000000  0.00000000  0.13803681  0.00306748  0.04294479  0.00000000  0.00000000  0.00000000  0.00000000 
  0.00418060  0.10200669  0.00000000  0.00000000  0.00000000  0.10119048  0.00000000  0.02976190  0.00000000  0.00000000  0.00000000  0.00000000 
  0.00098814  0.12055336  0.00000000  0.00000000  0.00000000  0.16339869  0.00000000  0.02941176  0.00000000  0.00000000  0.00000000  0.00000000 
  0.00097466  0.11208577  0.00000000  0.00000000  0.00000000  0.16723549  0.00000000  0.01365188  0.00000000  0.00000000  0.00000000  0.00000000 
  0.00169924  0.11045030  0.00000000  0.00000000  0.00000000  0.15178571  0.00000000  0.00892857  0.00000000  0.00000000  0.00000000  0.00000000 
  0.00083195  0.08901830  0.00000000  0.00000000  0.00000000  0.11764706  0.00000000  0.01764706  0.00000000  0.00000000  0.00000000  0.00000000 
  0.00181324  0.12873980  0.00000000  0.00000000  0.00350877  0.12280702  0.00000000  0.04210526  0.00000000  0.00000000  0.00000000  0.00000000 
  0.00000000  0.13505155  0.00000000  0.00000000  0.00000000  0.13978495  0.00000000  0.06093190  0.00000000  0.00000000  0.00000000  0.00000000 
  0.00268577  0.12085944  0.00000000  0.00000000  0.00000000  0.16339869  0.00000000  0.02941176  0.00000000  0.00000000  0.00000000  0.00000000 
  0.00154440  0.10193050  0.00000000  0.00000000  0.00000000  0.12806540  0.00000000  0.02452316  0.00000000  0.00000000  0.00000000  0.00000000 
  0.00288462  0.14134615  0.00000000  0.00000000  0.00000000  0.19607843  0.00000000  0.05098039  0.00000000  0.00000000  0.00000000  0.00000000 
  0.00000000  0.16411825  0.00000000  0.00000000  0.00000000  0.17351598  0.00000000  0.05022831  0.00000000  0.00000000  0.00000000  0.00000000 
  0.00087951  0.10466139  0.00000000  0.00000000  0.00000000  0.12709030  0.00000000  0.02341137  0.00000000  0.00000000  0.00000000  0.00000000 
  0.00325468  0.10008137  0.00000000  0.00000000  0.00325733  0.13680782  0.00000000  0.03908795  0.00000000  0.00000000  0.00000000  0.00000000 
  0.00236407  0.10480693  0.00000000  0.00000000  0.00000000  0.15449438  0.00000000  0.02808989  0.00000000  0.00000000  0.00000000  0.00000000 
  0.00145666  0.08958485  0.00000000  0.00000000  0.00000000  0.14779874  0.00000000  0.01886792  0.00000000  0.00000000  0.00000000  0.00000000 
  0.00248550  0.08616404  0.00000000  0.00000000  0.00000000  0.15909091  0.00000000  0.03409091  0.00000000  0.00000000  0.00000000  0.00000000 
  0.00337268  0.08937605  0.00000000  0.00000000  0.00000000  0.10569106  0.00000000  0.02032520  0.00000000  0.00000000  0.00000000  0.00000000 
  0.00000000  0.07685739  0.00000000  0.00000000  0.00000000  0.10431655  0.00000000  0.04316547  0.00000000  0.00000000  0.00000000  0.00000000 
  0.00401204  0.09729188  0.00000000  0.00000000  0.00000000  0.10869565  0.00000000  0.05434783  0.00000000  0.00000000  0.00000000  0.00000000 
  0.00195886  0.05680705  0.00000000  0.00000000  0.00000000  0.07692308  0.00000000  0.02991453  0.00000000  0.00000000  0.00000000  0.00000000 
  0.00211193  0.04857445  0.00000000  0.00000000  0.00000000  0.09569378  0.00000000  0.00956938  0.00000000  0.00000000  0.00000000  0.00000000 
