  0.00275103  0.01650619  0.00000000  0.00000000  0.00888889  0.05333333  0.00000000  0.00888889  0.00000000  0.00000000  0.00000000  0.00000000 
  0.00365631  0.01645338  0.00000000  0.00000000  0.00000000  0.07391304  0.00000000  0.00000000  0.00000000  0.00000000  0.00000000  0.00000000 
  0.00756254  0.01163467  0.00000000  0.00000000  0.00586510  0.09090909  0.00293255  0.00879765  0.00000000  0.00000000  0.00000000  0.00000000 
  0.00571973  0.01143947  0.00000000  0.00000000  0.00000000  0.06276151  0.00418410  0.00836820  0.00000000  0.00000000  0.00000000  0.00000000 
  0.00633914  0.01109350  0.00000000  0.00000000  0.00000000  0.08080808  0.00505051  0.00000000  0.00000000  0.00000000  0.00000000  0.00000000 
  0.00550661  0.01651982  0.00000000  0.00000000  0.00490196  0.07352941  0.00980392  0.00490196  0.00000000  0.00000000  0.00000000  0.00000000 
  0.00000000  0.01570681  0.00000000  0.00000000  0.01162791  0.09883721  0.00000000  0.00000000  0.00000000  0.00000000  0.00000000  0.00000000 
  0.01367781  0.00455927  0.00000000  0.00000000  0.00000000  0.07344633  0.00564972  0.00564972  0.00000000  0.00000000  0.00000000  0.00000000 
  0.00722022  0.00902527  0.00000000  0.00000000  0.00000000  0.07382550  0.00000000  0.00000000  0.00000000  0.00000000  0.00000000  0.00000000 
  0.00641026  0.00641026  0.00000000  0.00000000  0.00581395  0.08720930  0.00000000  0.00581395  0.00000000  0.00000000  0.00000000  0.00000000 
  0.00000000  0.00534759  0.00000000  0.00000000  0.00000000  0.08333333  0.00000000  0.00000000  0.00000000  0.00000000  0.00000000  0.00000000 
  0.00366748  0.01222494  0.00000000  0.00000000  0.00000000  0.07407407  0.00000000  0.00000000  0.00000000  0.00000000  0.00000000  0.00000000 
  0.00207900  0.00831601  0.00000000  0.00000000  0.00000000  0.09859155  0.00000000  0.00000000  0.00000000  0.00000000  0.00000000  0.00000000 
  0.00771605  0.01543210  0.00000000  0.00000000  0.00000000  0.08415842  0.00495050  0.00990099  0.00000000  0.00000000  0.00000000  0.00000000 
  0.00090909  0.01454545  0.00000000  0.00000000  0.00469484  0.06103286  0.00000000  0.00938967  0.00000000  0.00000000  0.00000000  0.00000000 
  0.00585938  0.00976563  0.00000000  0.00000000  0.00625000  0.05625000  0.00000000  0.00000000  0.00000000  0.00000000  0.00000000  0.00000000 
  0.00412371  0.01443299  0.00000000  0.00000000  0.00561798  0.08988764  0.00000000  0.00000000  0.00000000  0.00000000  0.00000000  0.00000000 
  0.00474496  0.00830368  0.00000000  0.00000000  0.00000000  0.05952381  0.00000000  0.00595238  0.00000000  0.00000000  0.00000000  0.00000000 
  0.00212766  0.00212766  0.00000000  0.00000000  0.00625000  0.05625000  0.00000000  0.00000000  0.00000000  0.00000000  0.00000000  0.00000000 
  0.00210084  0.01260504  0.00000000  0.00000000  0.00000000  0.04819277  0.01204819  0.01204819  0.00000000  0.00000000  0.00000000  0.00000000 
  0.00688468  0.01376936  0.00000000  0.00000000  0.00588235  0.08235294  0.00000000  0.00000000  0.00000000  0.00000000  0.00000000  0.00000000 
  0.00199203  0.01992032  0.00000000  0.00000000  0.00552486  0.03314917  0.00552486  0.01104972  0.00000000  0.00000000  0.00000000  0.00000000 
  0.00000000  0.01550388  0.00000000  0.00000000  0.03225806  0.03225806  0.00000000  0.00000000  0.00000000  0.00000000  0.00000000  0.00000000 
  0.00396825  0.00793651  0.00000000  0.00000000  0.00000000  0.08241758  0.00000000  0.00549451  0.00000000  0.00000000  0.00000000  0.00000000 
  0.00167224  0.02006689  0.00000000  0.00000000  0.00584795  0.08771930  0.00000000  0.00584795  0.00000000  0.00000000  0.00000000  0.00000000 
  0.00475436  0.01426307  0.00000000  0.00000000  0.01169591  0.07017544  0.00584795  0.00584795  0.00000000  0.00000000  0.00000000  0.00000000 
  0.00000000  0.00900901  0.00000000  0.00000000  0.00000000  0.07031250  0.00000000  0.00000000  0.00000000  0.00000000  0.00000000  0.00000000 
  0.00884956  0.00884956  0.00000000  0.00000000  0.00000000  0.04430380  0.00000000  0.00000000  0.00000000  0.00000000  0.00000000  0.00000000 
  0.00219298  0.00657895  0.00000000  0.00000000  0.00000000  0.12925170  0.00000000  0.00680272  0.00000000  0.00000000  0.00000000  0.00000000 
  0.01229508  0.00409836  0.00000000  0.00000000  0.00578035  0.07514451  0.01156069  0.00000000  0.00000000  0.00000000  0.00000000  0.00000000 
  0.00187970  0.01691729  0.00000000  0.00000000  0.00000000  0.05517241  0.00000000  0.00000000  0.00000000  0.00000000  0.00000000  0.00000000 
  0.00000000  0.00608519  0.00000000  0.00000000  0.00000000  0.05263158  0.00000000  0.00000000  0.00000000  0.00000000  0.00000000  0.00000000 
  0.00000000  0.00974026  0.00000000  0.00000000  0.01190476  0.07142857  0.00000000  0.01190476  0.00000000  0.00000000  0.00000000  0.00000000 
  0.00000000  0.01515152  0.00000000  0.00000000  0.00000000  0.09302326  0.00000000  0.01162791  0.00000000  0.00000000  0.00000000  0.00000000 
  0.00151286  0.01664145  0.00000000  0.00000000  0.02439024  0.08130081  0.00813008  0.00000000  0.00000000  0.00000000  0.00000000  0.00000000 
  0.00000000  0.01015228  0.00000000  0.00000000  0.00000000  0.11340206  0.00000000  0.02061856  0.00000000  0.00000000  0.00000000  0.00000000 
  0.00000000  0.00662252  0.00000000  0.00000000  0.00000000  0.11764706  0.01960784  0.00000000  0.00000000  0.00000000  0.00000000  0.00000000 
  0.00000000  0.01010101  0.00000000  0.00000000  0.00000000  0.06521739  0.00000000  0.00000000  0.00000000  0.00000000  0.00000000  0.00000000 
  0.00194932  0.00779727  0.00000000  0.00000000  0.00000000  0.06410256  0.00000000  0.00000000  0.00000000  0.00000000  0.00000000  0.00000000 
  0.00216450  0.00432900  0.00000000  0.00000000  0.01219512  0.05487805  0.00000000  0.00000000  0.00000000  0.00000000  0.00000000  0.00000000 
  0.00553506  0.00553506  0.00000000  0.00000000  0.00000000  0.09523810  0.00952381  0.00000000  0.00000000  0.00000000  0.00000000  0.00000000 
  0.00000000  0.01246883  0.00000000  0.00000000  0.00724638  0.04347826  0.00000000  0.00000000  0.00000000  0.00000000  0.00000000  0.00000000 
  0.00545455  0.01636364  0.00000000  0.00000000  0.00000000  0.03076923  0.00000000  0.00000000  0.00000000  0.00000000  0.00000000  0.00000000 
  0.00660793  0.01762115  0.00000000  0.00000000  0.00000000  0.05555556  0.00793651  0.00000000  0.00000000  0.00000000  0.00000000  0.00000000 
  0.00446429  0.00892857  0.00000000  0.00000000  0.00684932  0.09589041  0.00000000  0.00000000  0.00000000  0.00000000  0.00000000  0.00000000 
