  0.00000000  0.00869565  0.00000000  0.00000000  0.00000000  0.00000000  0.00000000  0.00000000  0.00000000  0.00000000  0.00000000  0.00000000 
  0.00000000  0.00000000  0.00000000  0.00000000  0.00000000  0.07692308  0.00000000  0.00000000  0.00000000  0.00000000  0.00000000  0.00000000 
  0.00000000  0.00000000  0.00000000  0.00000000  0.00000000  0.23809524  0.00000000  0.00000000  0.00000000  0.00000000  0.00000000  0.00000000 
  0.00000000  0.01459854  0.00000000  0.00000000  0.00000000  0.19047619  0.00000000  0.04761905  0.00000000  0.00000000  0.00000000  0.00000000 
  0.00000000  0.00955414  0.00000000  0.00000000  0.03571429  0.05357143  0.00000000  0.00000000  0.00000000  0.00000000  0.00000000  0.00000000 
  0.00000000  0.00729927  0.00000000  0.00000000  0.00000000  0.07017544  0.00000000  0.00000000  0.00000000  0.00000000  0.00000000  0.00000000 
  0.00000000  0.00000000  0.00000000  0.00000000  0.00000000  0.07142857  0.00000000  0.00000000  0.00000000  0.00000000  0.00000000  0.00000000 
  0.00000000  0.00000000  0.00000000  0.00000000  0.00000000  0.10714286  0.00000000  0.00000000  0.00000000  0.00000000  0.00000000  0.00000000 
  0.00000000  0.01234568  0.00000000  0.00000000  0.00000000  0.08000000  0.00000000  0.04000000  0.00000000  0.00000000  0.00000000  0.00000000 
  0.00724638  0.01086957  0.00000000  0.00000000  0.00000000  0.01785714  0.00000000  0.00000000  0.00000000  0.00000000  0.00000000  0.00000000 
  0.01685393  0.00561798  0.00000000  0.00000000  0.01010101  0.05050505  0.01010101  0.00000000  0.00000000  0.00000000  0.00000000  0.00000000 
  0.00625000  0.00625000  0.00000000  0.00000000  0.01428571  0.07142857  0.00000000  0.00000000  0.00000000  0.00000000  0.00000000  0.00000000 
  0.00000000  0.00564972  0.00000000  0.00000000  0.02777778  0.13888889  0.00000000  0.00000000  0.00000000  0.00000000  0.00000000  0.00000000 
  0.01261830  0.00630915  0.00000000  0.00000000  0.00000000  0.03571429  0.00000000  0.00000000  0.00000000  0.00000000  0.00000000  0.00000000 
  0.00430108  0.01290323  0.00000000  0.00000000  0.00000000  0.08860759  0.01265823  0.00000000  0.00000000  0.00000000  0.00000000  0.00000000 
  0.00394477  0.00986193  0.00000000  0.00000000  0.00000000  0.07291667  0.00000000  0.00000000  0.00000000  0.00000000  0.00000000  0.00000000 
  0.00000000  0.00523560  0.00000000  0.00000000  0.02380952  0.09523810  0.02380952  0.00000000  0.00000000  0.00000000  0.00000000  0.00000000 
  0.00000000  0.00877193  0.00000000  0.00000000  0.00000000  0.09677419  0.00000000  0.00000000  0.00000000  0.00000000  0.00000000  0.00000000 
  0.01219512  0.00975610  0.00000000  0.00000000  0.01250000  0.06250000  0.00000000  0.01250000  0.00000000  0.00000000  0.00000000  0.00000000 
  0.01136364  0.01136364  0.00000000  0.00000000  0.00000000  0.03389831  0.00000000  0.00000000  0.00000000  0.00000000  0.00000000  0.00000000 
  0.00000000  0.02752294  0.00000000  0.00000000  0.00000000  0.04761905  0.00000000  0.00000000  0.00000000  0.00000000  0.00000000  0.00000000 
  0.00000000  0.01075269  0.00000000  0.00000000  0.00000000  0.02702703  0.00000000  0.00000000  0.00000000  0.00000000  0.00000000  0.00000000 
  0.00000000  0.00602410  0.00000000  0.00000000  0.00000000  0.06756757  0.02702703  0.02702703  0.00000000  0.00000000  0.00000000  0.00000000 
  0.00000000  0.00547945  0.00000000  0.00000000  0.01612903  0.04838710  0.03225806  0.00000000  0.00000000  0.00000000  0.00000000  0.00000000 
  0.00000000  0.00508906  0.00000000  0.00000000  0.01818182  0.12727273  0.00000000  0.00000000  0.00000000  0.00000000  0.00000000  0.00000000 
  0.00000000  0.00460829  0.00000000  0.00000000  0.00000000  0.00000000  0.00000000  0.00000000  0.00000000  0.00000000  0.00000000  0.00000000 
  0.00000000  0.00000000  0.00000000  0.00000000  0.00000000  0.10810811  0.00000000  0.00000000  0.00000000  0.00000000  0.00000000  0.00000000 
  0.00000000  0.00000000  0.00000000  0.00000000  0.00000000  0.06818182  0.00000000  0.00000000  0.00000000  0.00000000  0.00000000  0.00000000 
  0.00000000  0.00649351  0.00000000  0.00000000  0.00000000  0.15625000  0.00000000  0.00000000  0.00000000  0.00000000  0.00000000  0.00000000 
  0.00260417  0.02604167  0.00000000  0.00000000  0.00000000  0.06849315  0.00000000  0.01369863  0.00000000  0.00000000  0.00000000  0.00000000 
  0.00000000  0.00000000  0.00000000  0.00000000  0.00000000  0.03448276  0.01149425  0.00000000  0.00000000  0.00000000  0.00000000  0.00000000 
  0.00000000  0.00826446  0.00000000  0.00000000  0.00000000  0.06122449  0.00000000  0.00000000  0.00000000  0.00000000  0.00000000  0.00000000 
  0.00000000  0.00840336  0.00000000  0.00000000  0.00000000  0.00000000  0.00000000  0.00000000  0.00000000  0.00000000  0.00000000  0.00000000 
  0.00000000  0.01754386  0.00000000  0.00000000  0.00000000  0.08000000  0.00000000  0.00000000  0.00000000  0.00000000  0.00000000  0.00000000 
  0.00000000  0.01980198  0.00000000  0.00000000  0.00000000  0.08108108  0.00000000  0.00000000  0.00000000  0.00000000  0.00000000  0.00000000 
  0.00000000  0.00719424  0.00000000  0.00000000  0.00000000  0.16000000  0.00000000  0.00000000  0.00000000  0.00000000  0.00000000  0.00000000 
  0.00000000  0.00684932  0.00000000  0.00000000  0.00000000  0.06666667  0.03333333  0.00000000  0.00000000  0.00000000  0.00000000  0.00000000 
  0.00607903  0.00607903  0.00000000  0.00000000  0.01298701  0.02597403  0.00000000  0.00000000  0.00000000  0.00000000  0.00000000  0.00000000 
  0.01078167  0.01617251  0.00000000  0.00000000  0.01639344  0.11475410  0.00000000  0.00000000  0.00000000  0.00000000  0.00000000  0.00000000 
  0.00000000  0.01257862  0.00000000  0.00000000  0.00000000  0.09302326  0.00000000  0.00000000  0.00000000  0.00000000  0.00000000  0.00000000 
  0.00000000  0.00490196  0.00000000  0.00000000  0.00000000  0.04255319  0.00000000  0.02127660  0.00000000  0.00000000  0.00000000  0.00000000 
  0.00000000  0.00349650  0.00000000  0.00000000  0.00000000  0.05172414  0.00000000  0.00000000  0.00000000  0.00000000  0.00000000  0.00000000 
  0.00251256  0.00251256  0.00000000  0.00000000  0.00000000  0.05970149  0.00000000  0.00000000  0.00000000  0.00000000  0.00000000  0.00000000 
  0.00240385  0.00721154  0.00000000  0.00000000  0.00000000  0.08695652  0.00000000  0.00000000  0.00000000  0.00000000  0.00000000  0.00000000 
  0.00000000  0.01604278  0.00000000  0.00000000  0.00000000  0.16129032  0.00000000  0.00000000  0.00000000  0.00000000  0.00000000  0.00000000 
  0.00000000  0.01648352  0.00000000  0.00000000  0.02702703  0.02702703  0.00000000  0.00000000  0.00000000  0.00000000  0.00000000  0.00000000 
  0.00000000  0.00000000  0.00000000  0.00000000  0.00000000  0.02000000  0.00000000  0.00000000  0.00000000  0.00000000  0.00000000  0.00000000 
  0.00579710  0.00579710  0.00000000  0.00000000  0.00000000  0.04545455  0.01515152  0.00000000  0.00000000  0.00000000  0.00000000  0.00000000 
  0.00571429  0.00000000  0.00000000  0.00000000  0.00000000  0.07692308  0.00000000  0.00000000  0.00000000  0.00000000  0.00000000  0.00000000 
  0.00000000  0.01015228  0.00000000  0.00000000  0.00000000  0.12000000  0.00000000  0.00000000  0.00000000  0.00000000  0.00000000  0.00000000 
  0.00225734  0.00902935  0.00000000  0.00000000  0.00000000  0.08108108  0.01351351  0.02702703  0.00000000  0.00000000  0.00000000  0.00000000 
  0.00000000  0.01355014  0.00000000  0.00000000  0.00000000  0.06250000  0.00000000  0.00000000  0.00000000  0.00000000  0.00000000  0.00000000 
  0.00000000  0.02247191  0.00000000  0.00000000  0.00000000  0.08000000  0.00000000  0.00000000  0.00000000  0.00000000  0.00000000  0.00000000 
  0.00000000  0.00000000  0.00000000  0.00000000  0.00000000  0.15384615  0.03846154  0.00000000  0.00000000  0.00000000  0.00000000  0.00000000 
  0.00000000  0.00571429  0.00000000  0.00000000  0.00000000  0.06779661  0.00000000  0.00000000  0.00000000  0.00000000  0.00000000  0.00000000 
  0.00230947  0.01385681  0.00000000  0.00000000  0.01408451  0.05633803  0.00000000  0.00000000  0.00000000  0.00000000  0.00000000  0.00000000 
  0.00000000  0.00326797  0.00000000  0.00000000  0.00000000  0.06250000  0.00000000  0.00000000  0.00000000  0.00000000  0.00000000  0.00000000 
  0.00000000  0.00606061  0.00000000  0.00000000  0.00000000  0.03448276  0.00000000  0.00000000  0.00000000  0.00000000  0.00000000  0.00000000 
  0.00000000  0.00000000  0.00000000  0.00000000  0.03846154  0.03846154  0.00000000  0.00000000  0.00000000  0.00000000  0.00000000  0.00000000 
  0.00000000  0.01142857  0.00000000  0.00000000  0.00000000  0.06666667  0.00000000  0.00000000  0.00000000  0.00000000  0.00000000  0.00000000 
  0.00000000  0.00000000  0.00000000  0.00000000  0.00000000  0.11111111  0.00000000  0.00000000  0.00000000  0.00000000  0.00000000  0.00000000 
  0.00000000  0.03252033  0.00000000  0.00000000  0.00000000  0.00000000  0.00000000  0.00000000  0.00000000  0.00000000  0.00000000  0.00000000 
  0.00000000  0.01226994  0.00000000  0.00000000  0.00000000  0.08333333  0.00000000  0.00000000  0.00000000  0.00000000  0.00000000  0.00000000 
  0.00000000  0.00440529  0.00000000  0.00000000  0.00000000  0.06557377  0.00000000  0.00000000  0.00000000  0.00000000  0.00000000  0.00000000 
  0.01022495  0.01431493  0.00000000  0.00000000  0.00000000  0.07352941  0.00000000  0.01470588  0.00000000  0.00000000  0.00000000  0.00000000 
  0.00638978  0.00319489  0.00000000  0.00000000  0.01388889  0.08333333  0.01388889  0.00000000  0.00000000  0.00000000  0.00000000  0.00000000 
  0.00497512  0.00497512  0.00000000  0.00000000  0.00000000  0.00000000  0.00000000  0.02857143  0.00000000  0.00000000  0.00000000  0.00000000 
  0.00571429  0.01714286  0.00000000  0.00000000  0.02040816  0.10204082  0.00000000  0.00000000  0.00000000  0.00000000  0.00000000  0.00000000 
  0.00000000  0.02173913  0.00000000  0.00000000  0.00000000  0.07547170  0.00000000  0.00000000  0.00000000  0.00000000  0.00000000  0.00000000 
  0.00000000  0.01096491  0.00000000  0.00000000  0.00000000  0.05952381  0.00000000  0.01190476  0.00000000  0.00000000  0.00000000  0.00000000 
  0.00746269  0.00995025  0.00000000  0.00000000  0.00000000  0.05357143  0.01785714  0.00000000  0.00000000  0.00000000  0.00000000  0.00000000 
  0.00000000  0.00000000  0.00000000  0.00000000  0.00000000  0.03703704  0.00000000  0.00000000  0.00000000  0.00000000  0.00000000  0.00000000 
