  0.00000000  0.08697696  0.00000000  0.00000000  0.00086356  0.17530225  0.00086356  0.02504318  0.00000000  0.00000000  0.00000000  0.00000000 
  0.00230415  0.07926267  0.00000000  0.00000000  0.00083403  0.16680567  0.00000000  0.02335279  0.00000000  0.00000000  0.00000000  0.00000000 
  0.00145349  0.07945736  0.00000000  0.00000000  0.00168919  0.16047297  0.00000000  0.02702703  0.00000000  0.00000000  0.00000000  0.00000000 
  0.00227583  0.09330906  0.00000000  0.00000000  0.00085763  0.17667238  0.00085763  0.02315609  0.00000000  0.00000000  0.00000000  0.00000000 
  0.00242601  0.11111111  0.00000000  0.00000000  0.00080515  0.16425121  0.00080515  0.01771337  0.00000000  0.00000000  0.00000000  0.00000000 
  0.00186220  0.10521415  0.00000000  0.00000000  0.00158730  0.16587302  0.00000000  0.01746032  0.00000000  0.00000000  0.00000000  0.00000000 
  0.00137868  0.11075368  0.00000000  0.00000000  0.00078064  0.18891491  0.00000000  0.01951600  0.00000000  0.00000000  0.00000000  0.00000000 
  0.00174978  0.10804899  0.00000000  0.00000000  0.00000000  0.17119765  0.00073475  0.02498163  0.00000000  0.00000000  0.00000000  0.00000000 
  0.00130890  0.11125654  0.00000000  0.00000000  0.00223380  0.17944899  0.00074460  0.02233805  0.00000000  0.00000000  0.00000000  0.00000000 
  0.00177541  0.12516644  0.00000000  0.00000000  0.00072464  0.18985507  0.00000000  0.02826087  0.00000000  0.00000000  0.00000000  0.00000000 
  0.00202347  0.12747875  0.00000000  0.00000000  0.00135962  0.16451394  0.00000000  0.03942896  0.00000000  0.00000000  0.00000000  0.00000000 
  0.00198413  0.12103175  0.00000000  0.00000000  0.00142349  0.20498221  0.00000000  0.03345196  0.00000000  0.00000000  0.00000000  0.00000000 
  0.00194553  0.11245136  0.00000000  0.00000000  0.00314861  0.19710327  0.00062972  0.03274559  0.00000000  0.00000000  0.00000000  0.00000000 
  0.00291971  0.11094891  0.00000000  0.00000000  0.00062775  0.18895166  0.00062775  0.02699309  0.00000000  0.00000000  0.00000000  0.00000000 
  0.00281889  0.10429880  0.00000000  0.00000000  0.00065189  0.18774446  0.00065189  0.02281617  0.00000000  0.00000000  0.00000000  0.00000000 
  0.00295664  0.09888305  0.00000000  0.00000000  0.00000000  0.18596491  0.00000000  0.02456140  0.00000000  0.00000000  0.00000000  0.00000000 
  0.00256657  0.10330446  0.00000000  0.00000000  0.00059701  0.18208955  0.00000000  0.02268657  0.00000000  0.00000000  0.00000000  0.00000000 
  0.00187091  0.10165263  0.00000000  0.00000000  0.00110254  0.19073870  0.00055127  0.02039691  0.00000000  0.00000000  0.00000000  0.00000000 
  0.00153988  0.10809978  0.00000000  0.00000000  0.00055928  0.19239374  0.00000000  0.03076063  0.00000000  0.00000000  0.00000000  0.00000000 
  0.00272068  0.09975816  0.00000000  0.00000000  0.00167038  0.17538976  0.00000000  0.02004454  0.00000000  0.00000000  0.00000000  0.00000000 
  0.00120591  0.10732590  0.00000000  0.00000000  0.00107527  0.18924731  0.00000000  0.02204301  0.00000000  0.00000000  0.00000000  0.00000000 
  0.00119689  0.09395572  0.00000000  0.00000000  0.00054201  0.18211382  0.00000000  0.02005420  0.00000000  0.00000000  0.00000000  0.00000000 
  0.00205279  0.09648094  0.00000000  0.00000000  0.00160342  0.17263495  0.00000000  0.02351684  0.00000000  0.00000000  0.00000000  0.00000000 
  0.00240024  0.10381038  0.00000000  0.00000000  0.00053996  0.18466523  0.00000000  0.01997840  0.00000000  0.00000000  0.00000000  0.00000000 
  0.00179426  0.12769139  0.00000000  0.00000000  0.00114943  0.18390805  0.00000000  0.03620690  0.00000000  0.00000000  0.00000000  0.00000000 
  0.00318979  0.13205742  0.00000000  0.00000000  0.00000000  0.21963678  0.00056754  0.03518729  0.00000000  0.00000000  0.00000000  0.00000000 
  0.00221589  0.13295347  0.00000000  0.00000000  0.00165837  0.19624102  0.00055279  0.03206191  0.00000000  0.00000000  0.00000000  0.00000000 
  0.00396694  0.12925620  0.00000000  0.00000000  0.00000000  0.20934066  0.00054945  0.03626374  0.00000000  0.00000000  0.00000000  0.00000000 
  0.00242466  0.14236231  0.00000000  0.00000000  0.00054915  0.20977485  0.00054915  0.03514552  0.00000000  0.00000000  0.00000000  0.00000000 
  0.00276530  0.16591773  0.00000000  0.00000000  0.00000000  0.21736756  0.00000000  0.04696887  0.00000000  0.00000000  0.00000000  0.00000000 
  0.00300501  0.16994992  0.00000000  0.00000000  0.00048900  0.22591687  0.00000000  0.03765281  0.00000000  0.00000000  0.00000000  0.00000000 
  0.00093516  0.15118454  0.00000000  0.00000000  0.00090293  0.21851016  0.00000000  0.04830700  0.00000000  0.00000000  0.00000000  0.00000000 
  0.00261172  0.15989553  0.00000000  0.00000000  0.00000000  0.22000000  0.00000000  0.04222222  0.00000000  0.00000000  0.00000000  0.00000000 
  0.00248370  0.18627755  0.00000000  0.00000000  0.00140318  0.22544434  0.00000000  0.04817587  0.00000000  0.00000000  0.00000000  0.00000000 
  0.00158178  0.21828535  0.00000000  0.00000000  0.00044385  0.24678207  0.00000000  0.07012872  0.00000000  0.00000000  0.00000000  0.00000000 
  0.00172295  0.25947622  0.00000000  0.00000000  0.00046816  0.27247191  0.00000000  0.07490637  0.00000000  0.00000000  0.00000000  0.00000000 
