  0.01444043  0.11913357  0.00000000  0.00000000  0.00000000  0.13392857  0.00000000  0.08035714  0.00000000  0.00000000  0.00000000  0.00000000 
  0.01321586  0.14096916  0.00000000  0.00000000  0.00000000  0.17647059  0.00000000  0.08235294  0.00000000  0.00000000  0.00000000  0.00000000 
  0.00000000  0.12230216  0.00000000  0.00000000  0.00000000  0.10185185  0.00000000  0.04629630  0.00000000  0.00000000  0.00000000  0.00000000 
  0.00327869  0.10491803  0.00000000  0.00000000  0.00000000  0.23478261  0.00000000  0.05217391  0.00000000  0.00000000  0.00000000  0.00000000 
  0.00000000  0.11149826  0.00000000  0.00000000  0.00000000  0.19200000  0.00000000  0.05600000  0.00000000  0.00000000  0.00000000  0.00000000 
  0.00000000  0.08680556  0.00000000  0.00000000  0.00769231  0.15384615  0.00000000  0.02307692  0.00000000  0.00000000  0.00000000  0.00000000 
  0.00952381  0.07619048  0.00000000  0.00000000  0.00000000  0.09615385  0.00000000  0.02884615  0.00000000  0.00000000  0.00000000  0.00000000 
  0.00000000  0.07903780  0.00000000  0.00000000  0.00000000  0.11940299  0.00000000  0.04477612  0.00000000  0.00000000  0.00000000  0.00000000 
  0.00336700  0.08754209  0.00000000  0.00000000  0.00000000  0.17518248  0.00000000  0.02189781  0.00000000  0.00000000  0.00000000  0.00000000 
  0.00328947  0.11184211  0.00000000  0.00000000  0.00000000  0.22222222  0.00000000  0.04629630  0.00000000  0.00000000  0.00000000  0.00000000 
  0.00890208  0.12462908  0.00000000  0.00000000  0.00000000  0.18421053  0.00000000  0.03508772  0.00000000  0.00000000  0.00000000  0.00000000 
  0.00000000  0.03139013  0.00000000  0.00000000  0.00000000  0.08888889  0.00000000  0.01111111  0.00000000  0.00000000  0.00000000  0.00000000 
  0.00000000  0.03914591  0.00000000  0.00000000  0.00000000  0.13095238  0.00000000  0.01190476  0.00000000  0.00000000  0.00000000  0.00000000 
  0.00000000  0.01250000  0.00000000  0.00000000  0.00000000  0.10769231  0.00000000  0.01538462  0.00000000  0.00000000  0.00000000  0.00000000 
  0.00000000  0.07508532  0.00000000  0.00000000  0.00000000  0.04950495  0.00000000  0.00990099  0.00000000  0.00000000  0.00000000  0.00000000 
  0.00363636  0.04363636  0.00000000  0.00000000  0.00000000  0.13513514  0.00000000  0.00900901  0.00000000  0.00000000  0.00000000  0.00000000 
  0.00390625  0.00781250  0.00000000  0.00000000  0.00000000  0.07608696  0.00000000  0.02173913  0.00000000  0.00000000  0.00000000  0.00000000 
  0.00271739  0.08152174  0.00000000  0.00000000  0.00892857  0.10714286  0.00000000  0.01785714  0.00000000  0.00000000  0.00000000  0.00000000 
  0.00343643  0.05841924  0.00000000  0.00000000  0.00000000  0.09090909  0.00000000  0.02272727  0.00000000  0.00000000  0.00000000  0.00000000 
  0.00550964  0.07988981  0.00000000  0.00000000  0.00000000  0.10144928  0.00000000  0.00000000  0.00000000  0.00000000  0.00000000  0.00000000 
  0.00000000  0.06875000  0.00000000  0.00000000  0.01030928  0.13402062  0.02061856  0.01030928  0.00000000  0.00000000  0.00000000  0.00000000 
  0.00623053  0.04984424  0.00000000  0.00000000  0.00000000  0.11818182  0.00000000  0.00909091  0.00000000  0.00000000  0.00000000  0.00000000 
  0.01265823  0.08860759  0.00000000  0.00000000  0.00000000  0.10476190  0.00000000  0.02857143  0.00000000  0.00000000  0.00000000  0.00000000 
  0.00561798  0.07865169  0.00000000  0.00000000  0.00000000  0.14062500  0.00000000  0.01562500  0.00000000  0.00000000  0.00000000  0.00000000 
