  0.00000000  0.04081633  0.00000000  0.00000000  0.00000000  0.12500000  0.00000000  0.04166667  0.00000000  0.00000000  0.00000000  0.00000000 
  0.00980392  0.01960784  0.00000000  0.00000000  0.00000000  0.10000000  0.00000000  0.00000000  0.00000000  0.00000000  0.00000000  0.00000000 
  0.00000000  0.03571429  0.00000000  0.00000000  0.00000000  0.17647059  0.00000000  0.00000000  0.00000000  0.00000000  0.00000000  0.00000000 
  0.00000000  0.03921569  0.00000000  0.00000000  0.00000000  0.03703704  0.00000000  0.00000000  0.00000000  0.00000000  0.00000000  0.00000000 
  0.00000000  0.02054795  0.00000000  0.00000000  0.00000000  0.25714286  0.00000000  0.00000000  0.00000000  0.00000000  0.00000000  0.00000000 
  0.00000000  0.01986755  0.00000000  0.00000000  0.00000000  0.07894737  0.00000000  0.00000000  0.00000000  0.00000000  0.00000000  0.00000000 
  0.00000000  0.02185792  0.00000000  0.00000000  0.00000000  0.02325581  0.00000000  0.00000000  0.00000000  0.00000000  0.00000000  0.00000000 
  0.00000000  0.03108808  0.00000000  0.00000000  0.00000000  0.04347826  0.00000000  0.00000000  0.00000000  0.00000000  0.00000000  0.00000000 
  0.00000000  0.04568528  0.00000000  0.00000000  0.00000000  0.23728814  0.00000000  0.00000000  0.00000000  0.00000000  0.00000000  0.00000000 
  0.00000000  0.03333333  0.00000000  0.00000000  0.00000000  0.12500000  0.00000000  0.00000000  0.00000000  0.00000000  0.00000000  0.00000000 
  0.00000000  0.02884615  0.00000000  0.00000000  0.00000000  0.10891089  0.00000000  0.00990099  0.00000000  0.00000000  0.00000000  0.00000000 
  0.00000000  0.03857567  0.00000000  0.00000000  0.00000000  0.16000000  0.00000000  0.01333333  0.00000000  0.00000000  0.00000000  0.00000000 
  0.00331126  0.04635762  0.00000000  0.00000000  0.00000000  0.10227273  0.00000000  0.01136364  0.00000000  0.00000000  0.00000000  0.00000000 
  0.00361011  0.05776173  0.00000000  0.00000000  0.00000000  0.12987013  0.00000000  0.02597403  0.00000000  0.00000000  0.00000000  0.00000000 
  0.00000000  0.08813559  0.00000000  0.00000000  0.00000000  0.16279070  0.00000000  0.03488372  0.00000000  0.00000000  0.00000000  0.00000000 
  0.00377358  0.01886792  0.00000000  0.00000000  0.00000000  0.14864865  0.00000000  0.01351351  0.00000000  0.00000000  0.00000000  0.00000000 
  0.00000000  0.02325581  0.00000000  0.00000000  0.00000000  0.15094340  0.00000000  0.01886792  0.00000000  0.00000000  0.00000000  0.00000000 
  0.00432900  0.01298701  0.00000000  0.00000000  0.00000000  0.06578947  0.00000000  0.00000000  0.00000000  0.00000000  0.00000000  0.00000000 
  0.00000000  0.12077295  0.00000000  0.00000000  0.00000000  0.16216216  0.00000000  0.04054054  0.00000000  0.00000000  0.00000000  0.00000000 
  0.00000000  0.14900662  0.00000000  0.00000000  0.00000000  0.23853211  0.00000000  0.05504587  0.00000000  0.00000000  0.00000000  0.00000000 
  0.00000000  0.07471264  0.00000000  0.00000000  0.00000000  0.15384615  0.00000000  0.06153846  0.00000000  0.00000000  0.00000000  0.00000000 
  0.00000000  0.03870968  0.00000000  0.00000000  0.00000000  0.14000000  0.00000000  0.00000000  0.00000000  0.00000000  0.00000000  0.00000000 
  0.00000000  0.02970297  0.00000000  0.00000000  0.00000000  0.11363636  0.00000000  0.04545455  0.00000000  0.00000000  0.00000000  0.00000000 
  0.00000000  0.01666667  0.00000000  0.00000000  0.00000000  0.07317073  0.00000000  0.00000000  0.00000000  0.00000000  0.00000000  0.00000000 
  0.00000000  0.01657459  0.00000000  0.00000000  0.00000000  0.20689655  0.00000000  0.03448276  0.00000000  0.00000000  0.00000000  0.00000000 
  0.00000000  0.05376344  0.00000000  0.00000000  0.00000000  0.14893617  0.00000000  0.06382979  0.00000000  0.00000000  0.00000000  0.00000000 
  0.00000000  0.01604278  0.00000000  0.00000000  0.00000000  0.00000000  0.00000000  0.00000000  0.00000000  0.00000000  0.00000000  0.00000000 
  0.00000000  0.07692308  0.00000000  0.00000000  0.00000000  0.25000000  0.00000000  0.00000000  0.00000000  0.00000000  0.00000000  0.00000000 
  0.00000000  0.03723404  0.00000000  0.00000000  0.00000000  0.15686275  0.00000000  0.01960784  0.00000000  0.00000000  0.00000000  0.00000000 
  0.00000000  0.02777778  0.00000000  0.00000000  0.00000000  0.16326531  0.00000000  0.00000000  0.00000000  0.00000000  0.00000000  0.00000000 
  0.00571429  0.04000000  0.00000000  0.00000000  0.00000000  0.12000000  0.00000000  0.00000000  0.00000000  0.00000000  0.00000000  0.00000000 
  0.00000000  0.08542714  0.00000000  0.00000000  0.00000000  0.11538462  0.00000000  0.03846154  0.00000000  0.00000000  0.00000000  0.00000000 
  0.00000000  0.01675978  0.00000000  0.00000000  0.00000000  0.15789474  0.00000000  0.00000000  0.00000000  0.00000000  0.00000000  0.00000000 
  0.00000000  0.00000000  0.00000000  0.00000000  0.00000000  0.20930233  0.00000000  0.00000000  0.00000000  0.00000000  0.00000000  0.00000000 
  0.00568182  0.00568182  0.00000000  0.00000000  0.00000000  0.09433962  0.00000000  0.00000000  0.00000000  0.00000000  0.00000000  0.00000000 
  0.00000000  0.02525253  0.00000000  0.00000000  0.00000000  0.07500000  0.00000000  0.02500000  0.00000000  0.00000000  0.00000000  0.00000000 
  0.00000000  0.02762431  0.00000000  0.00000000  0.00000000  0.02777778  0.00000000  0.00000000  0.00000000  0.00000000  0.00000000  0.00000000 
  0.00000000  0.02312139  0.00000000  0.00000000  0.00000000  0.23076923  0.00000000  0.00000000  0.00000000  0.00000000  0.00000000  0.00000000 
  0.00000000  0.01428571  0.00000000  0.00000000  0.00000000  0.24137931  0.00000000  0.00000000  0.00000000  0.00000000  0.00000000  0.00000000 
  0.00000000  0.02116402  0.00000000  0.00000000  0.00000000  0.08108108  0.00000000  0.00000000  0.00000000  0.00000000  0.00000000  0.00000000 
  0.00000000  0.02116402  0.00000000  0.00000000  0.00000000  0.24324324  0.00000000  0.00000000  0.00000000  0.00000000  0.00000000  0.00000000 
  0.01104972  0.01104972  0.00000000  0.00000000  0.00000000  0.12500000  0.00000000  0.00000000  0.00000000  0.00000000  0.00000000  0.00000000 
  0.00000000  0.01796407  0.00000000  0.00000000  0.00000000  0.19444444  0.00000000  0.00000000  0.00000000  0.00000000  0.00000000  0.00000000 
  0.00000000  0.04522613  0.00000000  0.00000000  0.00000000  0.11111111  0.00000000  0.02777778  0.00000000  0.00000000  0.00000000  0.00000000 
  0.00454545  0.02272727  0.00000000  0.00000000  0.00000000  0.12500000  0.00000000  0.00000000  0.00000000  0.00000000  0.00000000  0.00000000 
  0.00000000  0.01826484  0.00000000  0.00000000  0.00000000  0.08510638  0.00000000  0.02127660  0.00000000  0.00000000  0.00000000  0.00000000 
  0.00000000  0.02010050  0.00000000  0.00000000  0.00000000  0.08571429  0.00000000  0.00000000  0.00000000  0.00000000  0.00000000  0.00000000 
  0.00000000  0.00558659  0.00000000  0.00000000  0.00000000  0.13953488  0.00000000  0.00000000  0.00000000  0.00000000  0.00000000  0.00000000 
  0.00000000  0.00574713  0.00000000  0.00000000  0.00000000  0.04444444  0.00000000  0.00000000  0.00000000  0.00000000  0.00000000  0.00000000 
