  0.00000000  0.02238806  0.00000000  0.00000000  0.00000000  0.05882353  0.00000000  0.00000000  0.00000000  0.00000000  0.00000000  0.00000000 
  0.00000000  0.00709220  0.00000000  0.00000000  0.00000000  0.09090909  0.00000000  0.00000000  0.00000000  0.00000000  0.00000000  0.00000000 
  0.00000000  0.02366864  0.00000000  0.00000000  0.00000000  0.06976744  0.00000000  0.00000000  0.00000000  0.00000000  0.00000000  0.00000000 
  0.00000000  0.00617284  0.00000000  0.00000000  0.00000000  0.06666667  0.00000000  0.00000000  0.00000000  0.00000000  0.00000000  0.00000000 
  0.00000000  0.02259887  0.00000000  0.00000000  0.00000000  0.03030303  0.00000000  0.00000000  0.00000000  0.00000000  0.00000000  0.00000000 
  0.00469484  0.01408451  0.00000000  0.00000000  0.00000000  0.04109589  0.00000000  0.00000000  0.00000000  0.00000000  0.00000000  0.00000000 
  0.00000000  0.01477833  0.00000000  0.00000000  0.00943396  0.06603774  0.00000000  0.00943396  0.00000000  0.00000000  0.00000000  0.00000000 
  0.00000000  0.00438596  0.00000000  0.00000000  0.00000000  0.03157895  0.00000000  0.00000000  0.00000000  0.00000000  0.00000000  0.00000000 
  0.00000000  0.00851064  0.00000000  0.00000000  0.00892857  0.08035714  0.00000000  0.00000000  0.00000000  0.00000000  0.00000000  0.00000000 
  0.00000000  0.03004292  0.00000000  0.00000000  0.00000000  0.05785124  0.00000000  0.00000000  0.00000000  0.00000000  0.00000000  0.00000000 
  0.00000000  0.01597444  0.00000000  0.00000000  0.00000000  0.04301075  0.00000000  0.00000000  0.00000000  0.00000000  0.00000000  0.00000000 
  0.00000000  0.01556420  0.00000000  0.00000000  0.00000000  0.07843137  0.00000000  0.00980392  0.00000000  0.00000000  0.00000000  0.00000000 
  0.00297619  0.01190476  0.00000000  0.00000000  0.00000000  0.06930693  0.00000000  0.00000000  0.00000000  0.00000000  0.00000000  0.00000000 
  0.00000000  0.00790514  0.00000000  0.00000000  0.00000000  0.05747126  0.00000000  0.00000000  0.00000000  0.00000000  0.00000000  0.00000000 
  0.00000000  0.03333333  0.00000000  0.00000000  0.00000000  0.02150538  0.00000000  0.00000000  0.00000000  0.00000000  0.00000000  0.00000000 
  0.00000000  0.02413793  0.00000000  0.00000000  0.00000000  0.03546099  0.00000000  0.00000000  0.00000000  0.00000000  0.00000000  0.00000000 
  0.00000000  0.01823708  0.00000000  0.00000000  0.00000000  0.03053435  0.00000000  0.00000000  0.00000000  0.00000000  0.00000000  0.00000000 
  0.00287356  0.03160920  0.00000000  0.00000000  0.00763359  0.00763359  0.00000000  0.00000000  0.00000000  0.00000000  0.00000000  0.00000000 
  0.00304878  0.03353659  0.00000000  0.00000000  0.00000000  0.04411765  0.00000000  0.00000000  0.00000000  0.00000000  0.00000000  0.00000000 
  0.00252525  0.01767677  0.00000000  0.00000000  0.00613497  0.05521472  0.00000000  0.01226994  0.00000000  0.00000000  0.00000000  0.00000000 
  0.00245098  0.03676471  0.00000000  0.00000000  0.00694444  0.03472222  0.00000000  0.01388889  0.00000000  0.00000000  0.00000000  0.00000000 
  0.00000000  0.01907357  0.00000000  0.00000000  0.00000000  0.03921569  0.00000000  0.00000000  0.00000000  0.00000000  0.00000000  0.00000000 
  0.00777202  0.02849741  0.00000000  0.00000000  0.00000000  0.01234568  0.00000000  0.00617284  0.00000000  0.00000000  0.00000000  0.00000000 
  0.00000000  0.02222222  0.00000000  0.00000000  0.00000000  0.03067485  0.00000000  0.00000000  0.00000000  0.00000000  0.00000000  0.00000000 
  0.00000000  0.01960784  0.00000000  0.00000000  0.00000000  0.00000000  0.00000000  0.00000000  0.00000000  0.00000000  0.00000000  0.00000000 
  0.00274725  0.01373626  0.00000000  0.00000000  0.00000000  0.02290076  0.00000000  0.00000000  0.00000000  0.00000000  0.00000000  0.00000000 
  0.00000000  0.02865330  0.00000000  0.00000000  0.00000000  0.03846154  0.00000000  0.00000000  0.00000000  0.00000000  0.00000000  0.00000000 
  0.00000000  0.01408451  0.00000000  0.00000000  0.00000000  0.01183432  0.00000000  0.00000000  0.00000000  0.00000000  0.00000000  0.00000000 
  0.00330033  0.02310231  0.00000000  0.00000000  0.00000000  0.05035971  0.00000000  0.00719424  0.00000000  0.00000000  0.00000000  0.00000000 
  0.00000000  0.01465201  0.00000000  0.00000000  0.00000000  0.00909091  0.00000000  0.00909091  0.00000000  0.00000000  0.00000000  0.00000000 
  0.00000000  0.01546392  0.00000000  0.00000000  0.00000000  0.00757576  0.00000000  0.00000000  0.00000000  0.00000000  0.00000000  0.00000000 
  0.00225225  0.02027027  0.00000000  0.00000000  0.00000000  0.04216867  0.00000000  0.00000000  0.00000000  0.00000000  0.00000000  0.00000000 
  0.00000000  0.02240896  0.00000000  0.00000000  0.00689655  0.02068966  0.00000000  0.00689655  0.00000000  0.00000000  0.00000000  0.00000000 
  0.00000000  0.01366120  0.00000000  0.00000000  0.00000000  0.04494382  0.00561798  0.00000000  0.00000000  0.00000000  0.00000000  0.00000000 
  0.00000000  0.00290698  0.00000000  0.00000000  0.00000000  0.04109589  0.00000000  0.00684932  0.00000000  0.00000000  0.00000000  0.00000000 
  0.00000000  0.00600601  0.00000000  0.00000000  0.00000000  0.06306306  0.00000000  0.00000000  0.00000000  0.00000000  0.00000000  0.00000000 
  0.00864553  0.01152738  0.00000000  0.00000000  0.00000000  0.03623188  0.00000000  0.00000000  0.00000000  0.00000000  0.00000000  0.00000000 
  0.00250000  0.01000000  0.00000000  0.00000000  0.00000000  0.02614379  0.00000000  0.00000000  0.00000000  0.00000000  0.00000000  0.00000000 
  0.00457666  0.01144165  0.00000000  0.00000000  0.00704225  0.04225352  0.00000000  0.00000000  0.00000000  0.00000000  0.00000000  0.00000000 
  0.00000000  0.01052632  0.00000000  0.00000000  0.00675676  0.03378378  0.00000000  0.00000000  0.00000000  0.00000000  0.00000000  0.00000000 
  0.00000000  0.00956938  0.00000000  0.00000000  0.00000000  0.02127660  0.00000000  0.00000000  0.00000000  0.00000000  0.00000000  0.00000000 
  0.00000000  0.01315789  0.00000000  0.00000000  0.00000000  0.05696203  0.00000000  0.00000000  0.00000000  0.00000000  0.00000000  0.00000000 
  0.00261780  0.01047120  0.00000000  0.00000000  0.00000000  0.04379562  0.00000000  0.00000000  0.00000000  0.00000000  0.00000000  0.00000000 
  0.00290698  0.01744186  0.00000000  0.00000000  0.00000000  0.01869159  0.00000000  0.00934579  0.00000000  0.00000000  0.00000000  0.00000000 
  0.00859599  0.00859599  0.00000000  0.00000000  0.00000000  0.04054054  0.00000000  0.00000000  0.00000000  0.00000000  0.00000000  0.00000000 
  0.00251889  0.01007557  0.00000000  0.00000000  0.00000000  0.02380952  0.00000000  0.00000000  0.00000000  0.00000000  0.00000000  0.00000000 
  0.00250627  0.00751880  0.00000000  0.00000000  0.00699301  0.01398601  0.00000000  0.00000000  0.00000000  0.00000000  0.00000000  0.00000000 
  0.00000000  0.00887574  0.00000000  0.00000000  0.00000000  0.03883495  0.00000000  0.00000000  0.00000000  0.00000000  0.00000000  0.00000000 
