  0.00055150  0.04356818  0.00000000  0.00000000  0.00068886  0.05097589  0.00022962  0.00826636  0.00000000  0.00000000  0.00000000  0.00000000 
  0.00110223  0.05097823  0.00000000  0.00000000  0.00043860  0.05679825  0.00043860  0.01469298  0.00000000  0.00000000  0.00000000  0.00000000 
  0.00083589  0.03733631  0.00000000  0.00000000  0.00000000  0.04921394  0.00022784  0.00729095  0.00000000  0.00000000  0.00000000  0.00000000 
  0.00069764  0.03767267  0.00000000  0.00000000  0.00022847  0.05026274  0.00000000  0.00936715  0.00000000  0.00000000  0.00000000  0.00000000 
  0.00146862  0.04939920  0.00000000  0.00000000  0.00043821  0.05390009  0.00043821  0.01774759  0.00000000  0.00000000  0.00000000  0.00000000 
  0.00041603  0.03064762  0.00000000  0.00000000  0.00047405  0.04858971  0.00023702  0.00568855  0.00000000  0.00000000  0.00000000  0.00000000 
  0.00055356  0.03335179  0.00000000  0.00000000  0.00000000  0.05371429  0.00000000  0.01028571  0.00000000  0.00000000  0.00000000  0.00000000 
  0.00081867  0.03042707  0.00000000  0.00000000  0.00046339  0.04518072  0.00023170  0.00579240  0.00000000  0.00000000  0.00000000  0.00000000 
  0.00041888  0.02932142  0.00000000  0.00000000  0.00021829  0.04191225  0.00021829  0.00349269  0.00000000  0.00000000  0.00000000  0.00000000 
  0.00081477  0.03231939  0.00000000  0.00000000  0.00044984  0.04003599  0.00022492  0.00562303  0.00000000  0.00000000  0.00000000  0.00000000 
  0.00065514  0.04245283  0.00000000  0.00000000  0.00064613  0.04996769  0.00000000  0.00947663  0.00000000  0.00000000  0.00000000  0.00000000 
  0.00121114  0.03566142  0.00000000  0.00000000  0.00065531  0.04958497  0.00043687  0.01114024  0.00000000  0.00000000  0.00000000  0.00000000 
  0.00146024  0.03863003  0.00000000  0.00000000  0.00021954  0.04829857  0.00021954  0.01141603  0.00000000  0.00000000  0.00000000  0.00000000 
  0.00076307  0.06664123  0.00000000  0.00000000  0.00061125  0.06703341  0.00020375  0.01854116  0.00000000  0.00000000  0.00000000  0.00000000 
  0.00105974  0.04450921  0.00000000  0.00000000  0.00068384  0.04764076  0.00000000  0.01185320  0.00000000  0.00000000  0.00000000  0.00000000 
  0.00092961  0.05803453  0.00000000  0.00000000  0.00065949  0.05847439  0.00000000  0.02330182  0.00000000  0.00000000  0.00000000  0.00000000 
  0.00053199  0.05998138  0.00000000  0.00000000  0.00022292  0.05773518  0.00022292  0.02474365  0.00000000  0.00000000  0.00000000  0.00000000 
  0.00081822  0.02686486  0.00000000  0.00000000  0.00023267  0.04560261  0.00023267  0.00279200  0.00000000  0.00000000  0.00000000  0.00000000 
  0.00038875  0.05973824  0.00000000  0.00000000  0.00021432  0.06150879  0.00042863  0.02336048  0.00000000  0.00000000  0.00000000  0.00000000 
  0.00108342  0.03873239  0.00000000  0.00000000  0.00022655  0.05278659  0.00000000  0.01178070  0.00000000  0.00000000  0.00000000  0.00000000 
  0.00084140  0.02019352  0.00000000  0.00000000  0.00068997  0.04139834  0.00022999  0.00252990  0.00000000  0.00000000  0.00000000  0.00000000 
  0.00107038  0.04254750  0.00000000  0.00000000  0.00022346  0.05541899  0.00000000  0.01117318  0.00000000  0.00000000  0.00000000  0.00000000 
  0.00081235  0.04440834  0.00000000  0.00000000  0.00022302  0.04794826  0.00000000  0.01115076  0.00000000  0.00000000  0.00000000  0.00000000 
  0.00068148  0.03271092  0.00000000  0.00000000  0.00021744  0.05870841  0.00021744  0.00848010  0.00000000  0.00000000  0.00000000  0.00000000 
  0.00093721  0.04940420  0.00000000  0.00000000  0.00000000  0.06070568  0.00021915  0.01643655  0.00000000  0.00000000  0.00000000  0.00000000 
  0.00136836  0.02832512  0.00000000  0.00000000  0.00045096  0.04103720  0.00022548  0.00383315  0.00000000  0.00000000  0.00000000  0.00000000 
  0.00133120  0.03674121  0.00000000  0.00000000  0.00066756  0.05051179  0.00044504  0.01001335  0.00000000  0.00000000  0.00000000  0.00000000 
  0.00027130  0.02889311  0.00000000  0.00000000  0.00067812  0.04520796  0.00000000  0.00497288  0.00000000  0.00000000  0.00000000  0.00000000 
  0.00067204  0.03346774  0.00000000  0.00000000  0.00069396  0.05135323  0.00023132  0.00670830  0.00000000  0.00000000  0.00000000  0.00000000 
  0.00091671  0.04557360  0.00000000  0.00000000  0.00000000  0.04865698  0.00022017  0.01431088  0.00000000  0.00000000  0.00000000  0.00000000 
  0.00052507  0.03570491  0.00000000  0.00000000  0.00112638  0.05586844  0.00045055  0.00991214  0.00000000  0.00000000  0.00000000  0.00000000 
  0.00066085  0.03846154  0.00000000  0.00000000  0.00044633  0.05021201  0.00022316  0.01205088  0.00000000  0.00000000  0.00000000  0.00000000 
  0.00077111  0.04883691  0.00000000  0.00000000  0.00021133  0.05705833  0.00000000  0.02282333  0.00000000  0.00000000  0.00000000  0.00000000 
  0.00092556  0.03371678  0.00000000  0.00000000  0.00000000  0.04476960  0.00000000  0.00742520  0.00000000  0.00000000  0.00000000  0.00000000 
  0.00096653  0.06729491  0.00000000  0.00000000  0.00021245  0.06437221  0.00021245  0.03038028  0.00000000  0.00000000  0.00000000  0.00000000 
  0.00078094  0.03865677  0.00000000  0.00000000  0.00000000  0.05127062  0.00000000  0.00757914  0.00000000  0.00000000  0.00000000  0.00000000 
  0.00074285  0.04952334  0.00000000  0.00000000  0.00021151  0.05139594  0.00000000  0.01501692  0.00000000  0.00000000  0.00000000  0.00000000 
  0.00103159  0.03172147  0.00000000  0.00000000  0.00021589  0.04965458  0.00000000  0.00496546  0.00000000  0.00000000  0.00000000  0.00000000 
  0.00038149  0.03471516  0.00000000  0.00000000  0.00020717  0.04661280  0.00020717  0.00807955  0.00000000  0.00000000  0.00000000  0.00000000 
  0.00052597  0.02945431  0.00000000  0.00000000  0.00042319  0.04422344  0.00021160  0.00550148  0.00000000  0.00000000  0.00000000  0.00000000 
  0.00103426  0.02365869  0.00000000  0.00000000  0.00043687  0.04150284  0.00000000  0.00262123  0.00000000  0.00000000  0.00000000  0.00000000 
  0.00077993  0.02391785  0.00000000  0.00000000  0.00021791  0.04445413  0.00043582  0.00152539  0.00000000  0.00000000  0.00000000  0.00000000 
  0.00101163  0.02326758  0.00000000  0.00000000  0.00020995  0.04786899  0.00041990  0.00146966  0.00000000  0.00000000  0.00000000  0.00000000 
  0.00125960  0.02254692  0.00000000  0.00000000  0.00000000  0.04599407  0.00021195  0.00296736  0.00000000  0.00000000  0.00000000  0.00000000 
  0.00135970  0.02768850  0.00000000  0.00000000  0.00021734  0.04672897  0.00000000  0.00239078  0.00000000  0.00000000  0.00000000  0.00000000 
  0.00049505  0.03737624  0.00000000  0.00000000  0.00020816  0.05620316  0.00000000  0.00791007  0.00000000  0.00000000  0.00000000  0.00000000 
  0.00074331  0.03357284  0.00000000  0.00000000  0.00042526  0.04529024  0.00063789  0.00467787  0.00000000  0.00000000  0.00000000  0.00000000 
  0.00061584  0.03707353  0.00000000  0.00000000  0.00042043  0.04940088  0.00042043  0.00735758  0.00000000  0.00000000  0.00000000  0.00000000 
  0.00063930  0.02211993  0.00000000  0.00000000  0.00000000  0.03657754  0.00021390  0.00320856  0.00000000  0.00000000  0.00000000  0.00000000 
  0.00000000  0.02335217  0.00000000  0.00000000  0.00021155  0.03977153  0.00000000  0.00253861  0.00000000  0.00000000  0.00000000  0.00000000 
  0.00135618  0.03439773  0.00000000  0.00000000  0.00043159  0.04035391  0.00021580  0.00582650  0.00000000  0.00000000  0.00000000  0.00000000 
  0.00082742  0.04574468  0.00000000  0.00000000  0.00021191  0.05403687  0.00000000  0.01123119  0.00000000  0.00000000  0.00000000  0.00000000 
  0.00058289  0.04849615  0.00000000  0.00000000  0.00040185  0.05505324  0.00040185  0.00884067  0.00000000  0.00000000  0.00000000  0.00000000 
  0.00119460  0.02508661  0.00000000  0.00000000  0.00061920  0.05263158  0.00020640  0.00350877  0.00000000  0.00000000  0.00000000  0.00000000 
  0.00072807  0.03385511  0.00000000  0.00000000  0.00020404  0.04896960  0.00000000  0.00632524  0.00000000  0.00000000  0.00000000  0.00000000 
  0.00037313  0.03072139  0.00000000  0.00000000  0.00021501  0.05031176  0.00021501  0.00516018  0.00000000  0.00000000  0.00000000  0.00000000 
  0.00072481  0.02331481  0.00000000  0.00000000  0.00043103  0.04590517  0.00064655  0.00344828  0.00000000  0.00000000  0.00000000  0.00000000 
  0.00050013  0.03413353  0.00000000  0.00000000  0.00042221  0.04960946  0.00063331  0.00928858  0.00000000  0.00000000  0.00000000  0.00000000 
  0.00132866  0.03587390  0.00000000  0.00000000  0.00000000  0.05199491  0.00021222  0.01018676  0.00000000  0.00000000  0.00000000  0.00000000 
  0.00061035  0.02880859  0.00000000  0.00000000  0.00000000  0.04075971  0.00000000  0.00576184  0.00000000  0.00000000  0.00000000  0.00000000 
  0.00085700  0.02509794  0.00000000  0.00000000  0.00020846  0.04627892  0.00020846  0.00291849  0.00000000  0.00000000  0.00000000  0.00000000 
  0.00047248  0.03059296  0.00000000  0.00000000  0.00020333  0.05164701  0.00020333  0.00671004  0.00000000  0.00000000  0.00000000  0.00000000 
  0.00085366  0.02390244  0.00000000  0.00000000  0.00000000  0.04372990  0.00042872  0.00321543  0.00000000  0.00000000  0.00000000  0.00000000 
  0.00117592  0.03057385  0.00000000  0.00000000  0.00021501  0.04708665  0.00000000  0.00881531  0.00000000  0.00000000  0.00000000  0.00000000 
  0.00095465  0.02673031  0.00000000  0.00000000  0.00064212  0.05201199  0.00021404  0.00620719  0.00000000  0.00000000  0.00000000  0.00000000 
  0.00084125  0.02487682  0.00000000  0.00000000  0.00020704  0.03933747  0.00041408  0.00186335  0.00000000  0.00000000  0.00000000  0.00000000 
  0.00091996  0.02345906  0.00000000  0.00000000  0.00020661  0.04710744  0.00000000  0.00268595  0.00000000  0.00000000  0.00000000  0.00000000 
  0.00150341  0.03087776  0.00000000  0.00000000  0.00063789  0.05039337  0.00000000  0.00489050  0.00000000  0.00000000  0.00000000  0.00000000 
  0.00109516  0.02092967  0.00000000  0.00000000  0.00153441  0.04405962  0.00000000  0.00153441  0.00000000  0.00000000  0.00000000  0.00000000 
  0.00138281  0.04413459  0.00000000  0.00000000  0.00020725  0.06010363  0.00041451  0.01388601  0.00000000  0.00000000  0.00000000  0.00000000 
  0.00106534  0.02367424  0.00000000  0.00000000  0.00108061  0.04992436  0.00043225  0.00324184  0.00000000  0.00000000  0.00000000  0.00000000 
  0.00078230  0.05286097  0.00000000  0.00000000  0.00060680  0.06067961  0.00020227  0.01658576  0.00000000  0.00000000  0.00000000  0.00000000 
  0.00078555  0.04791830  0.00000000  0.00000000  0.00020450  0.06073620  0.00020450  0.01983640  0.00000000  0.00000000  0.00000000  0.00000000 
  0.00069172  0.04576896  0.00000000  0.00000000  0.00061881  0.05383663  0.00020627  0.01567657  0.00000000  0.00000000  0.00000000  0.00000000 
  0.00111744  0.02950050  0.00000000  0.00000000  0.00062735  0.05437056  0.00041824  0.00418235  0.00000000  0.00000000  0.00000000  0.00000000 
  0.00067401  0.04448439  0.00000000  0.00000000  0.00081816  0.04970342  0.00081816  0.01227245  0.00000000  0.00000000  0.00000000  0.00000000 
  0.00081424  0.03896708  0.00000000  0.00000000  0.00103799  0.05086153  0.00083039  0.01411667  0.00000000  0.00000000  0.00000000  0.00000000 
  0.00081823  0.03611923  0.00000000  0.00000000  0.00000000  0.05216660  0.00000000  0.00862432  0.00000000  0.00000000  0.00000000  0.00000000 
  0.00078511  0.05529385  0.00000000  0.00000000  0.00061678  0.06661184  0.00020559  0.01726974  0.00000000  0.00000000  0.00000000  0.00000000 
  0.00070914  0.03663870  0.00000000  0.00000000  0.00063667  0.05199491  0.00021222  0.00891341  0.00000000  0.00000000  0.00000000  0.00000000 
  0.00059517  0.02713963  0.00000000  0.00000000  0.00021901  0.04708717  0.00021901  0.00459921  0.00000000  0.00000000  0.00000000  0.00000000 
  0.00035495  0.02780407  0.00000000  0.00000000  0.00021636  0.04954565  0.00021636  0.00584163  0.00000000  0.00000000  0.00000000  0.00000000 
  0.00154339  0.03347976  0.00000000  0.00000000  0.00000000  0.04951768  0.00021436  0.00900322  0.00000000  0.00000000  0.00000000  0.00000000 
