  0.00000000  0.01602564  0.00000000  0.00000000  0.00000000  0.04152824  0.00000000  0.00000000  0.00000000  0.00000000  0.00000000  0.00000000 
  0.00000000  0.01712936  0.00000000  0.00000000  0.00000000  0.03742515  0.00000000  0.00149701  0.00000000  0.00000000  0.00000000  0.00000000 
  0.00000000  0.01961950  0.00000000  0.00000000  0.00000000  0.04201681  0.00000000  0.00000000  0.00000000  0.00000000  0.00000000  0.00000000 
  0.00000000  0.01436935  0.00000000  0.00000000  0.00000000  0.03918723  0.00000000  0.00290276  0.00000000  0.00000000  0.00000000  0.00000000 
  0.00000000  0.01655983  0.00000000  0.00000000  0.00000000  0.03581267  0.00000000  0.00000000  0.00000000  0.00000000  0.00000000  0.00000000 
  0.00052138  0.01407716  0.00000000  0.00000000  0.00000000  0.04022989  0.00000000  0.00143678  0.00000000  0.00000000  0.00000000  0.00000000 
  0.00000000  0.01365188  0.00000000  0.00000000  0.00000000  0.03252033  0.00000000  0.00000000  0.00000000  0.00000000  0.00000000  0.00000000 
  0.00116144  0.01509872  0.00000000  0.00000000  0.00000000  0.04657933  0.00000000  0.00145560  0.00000000  0.00000000  0.00000000  0.00000000 
  0.00056850  0.01364412  0.00000000  0.00000000  0.00000000  0.02518519  0.00000000  0.00000000  0.00000000  0.00000000  0.00000000  0.00000000 
  0.00000000  0.02109705  0.00000000  0.00000000  0.00000000  0.04494382  0.00000000  0.00000000  0.00000000  0.00000000  0.00000000  0.00000000 
  0.00051361  0.01694915  0.00000000  0.00000000  0.00000000  0.02516556  0.00000000  0.00000000  0.00000000  0.00000000  0.00000000  0.00000000 
  0.00000000  0.01630158  0.00000000  0.00000000  0.00000000  0.03481894  0.00000000  0.00000000  0.00000000  0.00000000  0.00000000  0.00000000 
  0.00053476  0.01122995  0.00000000  0.00000000  0.00000000  0.02824859  0.00000000  0.00112994  0.00000000  0.00000000  0.00000000  0.00000000 
  0.00049554  0.01238850  0.00000000  0.00000000  0.00000000  0.02446809  0.00000000  0.00106383  0.00000000  0.00000000  0.00000000  0.00000000 
  0.00090992  0.00773430  0.00000000  0.00000000  0.00094607  0.02175970  0.00000000  0.00000000  0.00000000  0.00000000  0.00000000  0.00000000 
  0.00000000  0.00991807  0.00000000  0.00000000  0.00083963  0.01679261  0.00000000  0.00083963  0.00000000  0.00000000  0.00000000  0.00000000 
  0.00000000  0.01096972  0.00000000  0.00000000  0.00081433  0.02280130  0.00000000  0.00081433  0.00000000  0.00000000  0.00000000  0.00000000 
  0.00043290  0.01168831  0.00000000  0.00000000  0.00000000  0.01820941  0.00000000  0.00151745  0.00000000  0.00000000  0.00000000  0.00000000 
  0.00043516  0.01610096  0.00000000  0.00000000  0.00000000  0.01483051  0.00000000  0.00000000  0.00000000  0.00000000  0.00000000  0.00000000 
  0.00040258  0.01288245  0.00000000  0.00000000  0.00068074  0.02110279  0.00000000  0.00000000  0.00000000  0.00000000  0.00000000  0.00000000 
  0.00041288  0.01857969  0.00000000  0.00000000  0.00000000  0.02357836  0.00000000  0.00069348  0.00000000  0.00000000  0.00000000  0.00000000 
  0.00040519  0.02593193  0.00000000  0.00000000  0.00000000  0.02312925  0.00000000  0.00068027  0.00000000  0.00000000  0.00000000  0.00000000 
  0.00040290  0.02377115  0.00000000  0.00000000  0.00000000  0.02971014  0.00000000  0.00000000  0.00000000  0.00000000  0.00000000  0.00000000 
  0.00044111  0.01676224  0.00000000  0.00000000  0.00000000  0.02406832  0.00000000  0.00077640  0.00000000  0.00000000  0.00000000  0.00000000 
  0.00042499  0.02337442  0.00000000  0.00000000  0.00000000  0.02988691  0.00000000  0.00000000  0.00000000  0.00000000  0.00000000  0.00000000 
  0.00134469  0.02913492  0.00000000  0.00000000  0.00000000  0.03687445  0.00000000  0.00438982  0.00000000  0.00000000  0.00000000  0.00000000 
  0.00178174  0.02895323  0.00000000  0.00000000  0.00000000  0.04020979  0.00000000  0.00087413  0.00000000  0.00000000  0.00000000  0.00000000 
  0.00044346  0.02793792  0.00000000  0.00000000  0.00000000  0.02822926  0.00000000  0.00085543  0.00000000  0.00000000  0.00000000  0.00000000 
  0.00000000  0.03135739  0.00000000  0.00000000  0.00000000  0.03770351  0.00000000  0.00000000  0.00000000  0.00000000  0.00000000  0.00000000 
  0.00048170  0.02649326  0.00000000  0.00000000  0.00000000  0.04313380  0.00000000  0.00088028  0.00000000  0.00000000  0.00000000  0.00000000 
  0.00095785  0.03113027  0.00000000  0.00000000  0.00000000  0.04691812  0.00000000  0.00091996  0.00000000  0.00000000  0.00000000  0.00000000 
  0.00000000  0.03133641  0.00000000  0.00000000  0.00000000  0.04060018  0.00000000  0.00088261  0.00000000  0.00000000  0.00000000  0.00000000 
  0.00046751  0.02664797  0.00000000  0.00000000  0.00000000  0.03892493  0.00000000  0.00092678  0.00000000  0.00000000  0.00000000  0.00000000 
  0.00000000  0.02607914  0.00000000  0.00000000  0.00000000  0.03293413  0.00000000  0.00000000  0.00000000  0.00000000  0.00000000  0.00000000 
  0.00000000  0.03159280  0.00000000  0.00000000  0.00000000  0.03764922  0.00000000  0.00000000  0.00000000  0.00000000  0.00000000  0.00000000 
  0.00046490  0.03161320  0.00000000  0.00000000  0.00000000  0.02820746  0.00000000  0.00272975  0.00000000  0.00000000  0.00000000  0.00000000 
  0.00046816  0.03932584  0.00000000  0.00000000  0.00000000  0.03921569  0.00000000  0.00000000  0.00000000  0.00000000  0.00000000  0.00000000 
  0.00000000  0.02646927  0.00000000  0.00000000  0.00000000  0.03277154  0.00000000  0.00187266  0.00000000  0.00000000  0.00000000  0.00000000 
  0.00087260  0.02617801  0.00000000  0.00000000  0.00000000  0.03285968  0.00000000  0.00000000  0.00000000  0.00000000  0.00000000  0.00000000 
  0.00046425  0.02785515  0.00000000  0.00000000  0.00000000  0.04930796  0.00000000  0.00086505  0.00000000  0.00000000  0.00000000  0.00000000 
  0.00045956  0.02481618  0.00000000  0.00000000  0.00000000  0.03644860  0.00000000  0.00000000  0.00000000  0.00000000  0.00000000  0.00000000 
  0.00046707  0.02755722  0.00000000  0.00000000  0.00000000  0.03246753  0.00000000  0.00185529  0.00000000  0.00000000  0.00000000  0.00000000 
  0.00000000  0.02921041  0.00000000  0.00000000  0.00000000  0.03996367  0.00000000  0.00000000  0.00000000  0.00000000  0.00000000  0.00000000 
  0.00000000  0.03218975  0.00000000  0.00000000  0.00000000  0.04055300  0.00000000  0.00092166  0.00000000  0.00000000  0.00000000  0.00000000 
  0.00042176  0.02404049  0.00000000  0.00000000  0.00000000  0.03461179  0.00000000  0.00000000  0.00000000  0.00000000  0.00000000  0.00000000 
  0.00043649  0.02880838  0.00000000  0.00000000  0.00000000  0.04085603  0.00000000  0.00000000  0.00000000  0.00000000  0.00000000  0.00000000 
  0.00086319  0.02503237  0.00000000  0.00000000  0.00000000  0.04868914  0.00000000  0.00000000  0.00000000  0.00000000  0.00000000  0.00000000 
  0.00227376  0.02773988  0.00000000  0.00000000  0.00000000  0.04121688  0.00000000  0.00098135  0.00000000  0.00000000  0.00000000  0.00000000 
  0.00046642  0.02705224  0.00000000  0.00000000  0.00000000  0.03455497  0.00000000  0.00000000  0.00000000  0.00000000  0.00000000  0.00000000 
  0.00141576  0.02642756  0.00000000  0.00000000  0.00000000  0.04110899  0.00000000  0.00000000  0.00000000  0.00000000  0.00000000  0.00000000 
  0.00132802  0.03364320  0.00000000  0.00000000  0.00000000  0.03030303  0.00000000  0.00091827  0.00000000  0.00000000  0.00000000  0.00000000 
  0.00000000  0.02692308  0.00000000  0.00000000  0.00000000  0.04142012  0.00000000  0.00000000  0.00000000  0.00000000  0.00000000  0.00000000 
  0.00000000  0.02941176  0.00000000  0.00000000  0.00000000  0.04091342  0.00000000  0.00000000  0.00000000  0.00000000  0.00000000  0.00000000 
  0.00000000  0.03122327  0.00000000  0.00000000  0.00000000  0.03822763  0.00000000  0.00086881  0.00000000  0.00000000  0.00000000  0.00000000 
  0.00045475  0.02592087  0.00000000  0.00000000  0.00000000  0.03773585  0.00000000  0.00359389  0.00000000  0.00000000  0.00000000  0.00000000 
  0.00041789  0.02173005  0.00000000  0.00000000  0.00000000  0.04092527  0.00000000  0.00177936  0.00000000  0.00000000  0.00000000  0.00000000 
  0.00079713  0.02351534  0.00000000  0.00000000  0.00000000  0.03306524  0.00000000  0.00178731  0.00000000  0.00000000  0.00000000  0.00000000 
  0.00000000  0.02423469  0.00000000  0.00000000  0.00000000  0.03417266  0.00000000  0.00089928  0.00000000  0.00000000  0.00000000  0.00000000 
  0.00041946  0.02013423  0.00000000  0.00000000  0.00000000  0.02957486  0.00000000  0.00092421  0.00000000  0.00000000  0.00000000  0.00000000 
  0.00000000  0.02498017  0.00000000  0.00000000  0.00000000  0.03033175  0.00000000  0.00094787  0.00000000  0.00000000  0.00000000  0.00000000 
  0.00040900  0.02862986  0.00000000  0.00000000  0.00000000  0.04140969  0.00000000  0.00000000  0.00000000  0.00000000  0.00000000  0.00000000 
  0.00000000  0.02511322  0.00000000  0.00000000  0.00000000  0.03588749  0.00000000  0.00290980  0.00000000  0.00000000  0.00000000  0.00000000 
  0.00040225  0.02493966  0.00000000  0.00000000  0.00000000  0.04079782  0.00000000  0.00181324  0.00000000  0.00000000  0.00000000  0.00000000 
  0.00038625  0.02317497  0.00000000  0.00000000  0.00000000  0.03556308  0.00000000  0.00084674  0.00000000  0.00000000  0.00000000  0.00000000 
  0.00042248  0.02281369  0.00000000  0.00000000  0.00000000  0.03393025  0.00000000  0.00094251  0.00000000  0.00000000  0.00000000  0.00000000 
  0.00038655  0.02087360  0.00000000  0.00000000  0.00000000  0.04010695  0.00000000  0.00089127  0.00000000  0.00000000  0.00000000  0.00000000 
  0.00038941  0.02531153  0.00000000  0.00000000  0.00000000  0.03367633  0.00000000  0.00093545  0.00000000  0.00000000  0.00000000  0.00000000 
  0.00117096  0.03005464  0.00000000  0.00000000  0.00000000  0.02745793  0.00000000  0.00265722  0.00000000  0.00000000  0.00000000  0.00000000 
  0.00000000  0.02195686  0.00000000  0.00000000  0.00000000  0.03585271  0.00000000  0.00000000  0.00000000  0.00000000  0.00000000  0.00000000 
  0.00077760  0.01982893  0.00000000  0.00000000  0.00000000  0.03418054  0.00000000  0.00000000  0.00000000  0.00000000  0.00000000  0.00000000 
  0.00036258  0.02175489  0.00000000  0.00000000  0.00000000  0.04102564  0.00000000  0.00085470  0.00000000  0.00000000  0.00000000  0.00000000 
  0.00076132  0.02322040  0.00000000  0.00000000  0.00000000  0.02682701  0.00000000  0.00000000  0.00000000  0.00000000  0.00000000  0.00000000 
  0.00034965  0.02482517  0.00000000  0.00000000  0.00000000  0.03662420  0.00000000  0.00000000  0.00000000  0.00000000  0.00000000  0.00000000 
  0.00000000  0.02544248  0.00000000  0.00000000  0.00000000  0.03793774  0.00000000  0.00000000  0.00000000  0.00000000  0.00000000  0.00000000 
  0.00036603  0.02525622  0.00000000  0.00000000  0.00000000  0.03800475  0.00000000  0.00079177  0.00000000  0.00000000  0.00000000  0.00000000 
  0.00000000  0.02265973  0.00000000  0.00000000  0.00000000  0.04102097  0.00000000  0.00182315  0.00000000  0.00000000  0.00000000  0.00000000 
  0.00075019  0.01800450  0.00000000  0.00000000  0.00000000  0.03773585  0.00000000  0.00000000  0.00000000  0.00000000  0.00000000  0.00000000 
  0.00035958  0.02481122  0.00000000  0.00000000  0.00000000  0.02878916  0.00000000  0.00084674  0.00000000  0.00000000  0.00000000  0.00000000 
  0.00147874  0.02883549  0.00000000  0.00000000  0.00000000  0.03342367  0.00000000  0.00000000  0.00000000  0.00000000  0.00000000  0.00000000 
  0.00035236  0.02149401  0.00000000  0.00000000  0.00000000  0.02402135  0.00000000  0.00177936  0.00000000  0.00000000  0.00000000  0.00000000 
  0.00000000  0.01721110  0.00000000  0.00000000  0.00000000  0.03617571  0.00000000  0.00086133  0.00000000  0.00000000  0.00000000  0.00000000 
  0.00070497  0.01832922  0.00000000  0.00000000  0.00000000  0.03771930  0.00000000  0.00000000  0.00000000  0.00000000  0.00000000  0.00000000 
  0.00036738  0.02461425  0.00000000  0.00000000  0.00000000  0.04573991  0.00000000  0.00000000  0.00000000  0.00000000  0.00000000  0.00000000 
