  0.00445860  0.02770701  0.00000000  0.00000000  0.00653595  0.08769063  0.00381264  0.00816993  0.00000000  0.00000000  0.00000000  0.00000000 
  0.00355182  0.02550856  0.00000000  0.00000000  0.00790960  0.08983051  0.00451977  0.00451977  0.00000000  0.00000000  0.00000000  0.00000000 
  0.00510204  0.01423201  0.00000000  0.00000000  0.00807985  0.07034221  0.00332700  0.00475285  0.00000000  0.00000000  0.00000000  0.00000000 
  0.00731982  0.01388889  0.00000000  0.00000000  0.00971850  0.07372654  0.00335121  0.00335121  0.00000000  0.00000000  0.00000000  0.00000000 
  0.00698915  0.01820857  0.00000000  0.00000000  0.00480604  0.06556814  0.00480604  0.00377618  0.00000000  0.00000000  0.00000000  0.00000000 
  0.00334697  0.01692079  0.00000000  0.00000000  0.01517195  0.06136210  0.00337154  0.00269724  0.00000000  0.00000000  0.00000000  0.00000000 
  0.01046901  0.01528476  0.00000000  0.00000000  0.00825011  0.04863222  0.00564481  0.00260530  0.00000000  0.00000000  0.00000000  0.00000000 
  0.00993848  0.01372456  0.00000000  0.00000000  0.01080550  0.05206287  0.00589391  0.00098232  0.00000000  0.00000000  0.00000000  0.00000000 
  0.01012146  0.03036437  0.00000000  0.00000000  0.02538071  0.06091371  0.01522843  0.00000000  0.00000000  0.00000000  0.00000000  0.00000000 
  0.00652884  0.02393906  0.00000000  0.00000000  0.00522193  0.06266319  0.00522193  0.00000000  0.00000000  0.00000000  0.00000000  0.00000000 
  0.00794251  0.01664145  0.00000000  0.00000000  0.00706991  0.07384132  0.00471328  0.00235664  0.00000000  0.00000000  0.00000000  0.00000000 
  0.00741473  0.01334652  0.00000000  0.00000000  0.00705372  0.06239826  0.00325556  0.00325556  0.00000000  0.00000000  0.00000000  0.00000000 
  0.00659187  0.00967742  0.00000000  0.00000000  0.00579897  0.06121134  0.00257732  0.00128866  0.00000000  0.00000000  0.00000000  0.00000000 
  0.00930083  0.01395125  0.00000000  0.00000000  0.00732303  0.05370220  0.00406835  0.00569569  0.00000000  0.00000000  0.00000000  0.00000000 
  0.00597372  0.01228879  0.00000000  0.00000000  0.00597907  0.05979073  0.00747384  0.00298954  0.00000000  0.00000000  0.00000000  0.00000000 
  0.00321326  0.01268392  0.00000000  0.00000000  0.00352609  0.07122708  0.00141044  0.00423131  0.00000000  0.00000000  0.00000000  0.00000000 
  0.00577367  0.01121742  0.00000000  0.00000000  0.00509461  0.06186317  0.00218341  0.00218341  0.00000000  0.00000000  0.00000000  0.00000000 
  0.00613288  0.01090290  0.00000000  0.00000000  0.00347464  0.05628909  0.00138985  0.00000000  0.00000000  0.00000000  0.00000000  0.00000000 
  0.00503931  0.01169119  0.00000000  0.00000000  0.00831947  0.05906822  0.00166389  0.00083195  0.00000000  0.00000000  0.00000000  0.00000000 
  0.00382448  0.00966184  0.00000000  0.00000000  0.00672834  0.05719092  0.00336417  0.00336417  0.00000000  0.00000000  0.00000000  0.00000000 
  0.00340136  0.01020408  0.00000000  0.00000000  0.00218818  0.06126915  0.00218818  0.00364697  0.00000000  0.00000000  0.00000000  0.00000000 
  0.00329114  0.00886076  0.00000000  0.00000000  0.00404531  0.06067961  0.00080906  0.00161812  0.00000000  0.00000000  0.00000000  0.00000000 
  0.00375000  0.00541667  0.00000000  0.00000000  0.00330033  0.05720572  0.00440044  0.00000000  0.00000000  0.00000000  0.00000000  0.00000000 
  0.00000000  0.00744048  0.00000000  0.00000000  0.00909091  0.02727273  0.00454545  0.00000000  0.00000000  0.00000000  0.00000000  0.00000000 
  0.00406091  0.01827411  0.00000000  0.00000000  0.01123596  0.06367041  0.00000000  0.00000000  0.00000000  0.00000000  0.00000000  0.00000000 
  0.00447141  0.01181731  0.00000000  0.00000000  0.00398804  0.04586241  0.00099701  0.00299103  0.00000000  0.00000000  0.00000000  0.00000000 
  0.00559369  0.01042461  0.00000000  0.00000000  0.00620018  0.08237378  0.00354296  0.00177148  0.00000000  0.00000000  0.00000000  0.00000000 
  0.00666286  0.01275462  0.00000000  0.00000000  0.00291829  0.07587549  0.00097276  0.00194553  0.00000000  0.00000000  0.00000000  0.00000000 
  0.00607853  0.01051421  0.00000000  0.00000000  0.00643087  0.06216506  0.00107181  0.00107181  0.00000000  0.00000000  0.00000000  0.00000000 
  0.00670641  0.01788376  0.00000000  0.00000000  0.00960219  0.05349794  0.00274348  0.00411523  0.00000000  0.00000000  0.00000000  0.00000000 
  0.00848356  0.01675504  0.00000000  0.00000000  0.00832178  0.07766990  0.00138696  0.00138696  0.00000000  0.00000000  0.00000000  0.00000000 
  0.01243266  0.01450477  0.00000000  0.00000000  0.00638978  0.08306709  0.00000000  0.00638978  0.00000000  0.00000000  0.00000000  0.00000000 
  0.00403148  0.01113457  0.00000000  0.00000000  0.00300300  0.08858859  0.00150150  0.00150150  0.00000000  0.00000000  0.00000000  0.00000000 
  0.00574513  0.01027159  0.00000000  0.00000000  0.00456621  0.06621005  0.00342466  0.00456621  0.00000000  0.00000000  0.00000000  0.00000000 
  0.00383065  0.00967742  0.00000000  0.00000000  0.00478469  0.05861244  0.00119617  0.00000000  0.00000000  0.00000000  0.00000000  0.00000000 
  0.00306816  0.01336840  0.00000000  0.00000000  0.00278293  0.06215213  0.00834879  0.00371058  0.00000000  0.00000000  0.00000000  0.00000000 
  0.00430622  0.00980861  0.00000000  0.00000000  0.00107181  0.06966774  0.00321543  0.00000000  0.00000000  0.00000000  0.00000000  0.00000000 
  0.00666173  0.01258327  0.00000000  0.00000000  0.00504032  0.05342742  0.00504032  0.00504032  0.00000000  0.00000000  0.00000000  0.00000000 
  0.00878187  0.01671388  0.00000000  0.00000000  0.01057402  0.07250755  0.00151057  0.00302115  0.00000000  0.00000000  0.00000000  0.00000000 
  0.00610465  0.01424419  0.00000000  0.00000000  0.00748503  0.06586826  0.00598802  0.00598802  0.00000000  0.00000000  0.00000000  0.00000000 
  0.00570825  0.01395349  0.00000000  0.00000000  0.00691700  0.06818182  0.00296443  0.00000000  0.00000000  0.00000000  0.00000000  0.00000000 
  0.00384780  0.01389483  0.00000000  0.00000000  0.00424809  0.06202209  0.00424809  0.00339847  0.00000000  0.00000000  0.00000000  0.00000000 
  0.00407277  0.01194678  0.00000000  0.00000000  0.00820513  0.05948718  0.00102564  0.00102564  0.00000000  0.00000000  0.00000000  0.00000000 
  0.00355619  0.01327643  0.00000000  0.00000000  0.00825688  0.05779817  0.00458716  0.00183486  0.00000000  0.00000000  0.00000000  0.00000000 
  0.00430828  0.01436094  0.00000000  0.00000000  0.00817996  0.06850716  0.00306748  0.00306748  0.00000000  0.00000000  0.00000000  0.00000000 
  0.00642336  0.01605839  0.00000000  0.00000000  0.00840336  0.07422969  0.00280112  0.00420168  0.00000000  0.00000000  0.00000000  0.00000000 
  0.00743134  0.01970921  0.00000000  0.00000000  0.00330033  0.06435644  0.00330033  0.00330033  0.00000000  0.00000000  0.00000000  0.00000000 
  0.00917431  0.01277851  0.00000000  0.00000000  0.02542373  0.07415254  0.00423729  0.00211864  0.00000000  0.00000000  0.00000000  0.00000000 
  0.00996264  0.01701951  0.00000000  0.00000000  0.00305810  0.06422018  0.00611621  0.00305810  0.00000000  0.00000000  0.00000000  0.00000000 
  0.00705219  0.01363423  0.00000000  0.00000000  0.00766284  0.08045977  0.01149425  0.00383142  0.00000000  0.00000000  0.00000000  0.00000000 
  0.00959342  0.01690270  0.00000000  0.00000000  0.02352941  0.07843137  0.00000000  0.00000000  0.00000000  0.00000000  0.00000000  0.00000000 
  0.00629261  0.01835343  0.00000000  0.00000000  0.00000000  0.06214689  0.00000000  0.02259887  0.00000000  0.00000000  0.00000000  0.00000000 
  0.00380409  0.01236329  0.00000000  0.00000000  0.01923077  0.12307692  0.00000000  0.01538462  0.00000000  0.00000000  0.00000000  0.00000000 
  0.00750117  0.01031411  0.00000000  0.00000000  0.01225490  0.09313725  0.01715686  0.00245098  0.00000000  0.00000000  0.00000000  0.00000000 
  0.00883310  0.00836820  0.00000000  0.00000000  0.00863558  0.09844560  0.01208981  0.00345423  0.00000000  0.00000000  0.00000000  0.00000000 
  0.00748899  0.00925110  0.00000000  0.00000000  0.00782269  0.11994785  0.00912647  0.00391134  0.00000000  0.00000000  0.00000000  0.00000000 
  0.00413508  0.00964852  0.00000000  0.00000000  0.00978474  0.11643836  0.00293542  0.00391389  0.00000000  0.00000000  0.00000000  0.00000000 
  0.00522113  0.01412776  0.00000000  0.00000000  0.00704225  0.10035211  0.00176056  0.00704225  0.00000000  0.00000000  0.00000000  0.00000000 
  0.00824653  0.01605903  0.00000000  0.00000000  0.00779727  0.09941520  0.00389864  0.00779727  0.00000000  0.00000000  0.00000000  0.00000000 
  0.00693069  0.02376238  0.00000000  0.00000000  0.01382488  0.10599078  0.00460829  0.01382488  0.00000000  0.00000000  0.00000000  0.00000000 
  0.00429492  0.02863278  0.00000000  0.00000000  0.00692042  0.10034602  0.00346021  0.00346021  0.00000000  0.00000000  0.00000000  0.00000000 
  0.00486750  0.01946998  0.00000000  0.00000000  0.00612245  0.07551020  0.00000000  0.00612245  0.00000000  0.00000000  0.00000000  0.00000000 
  0.00539374  0.01833873  0.00000000  0.00000000  0.00347826  0.11478261  0.00000000  0.00347826  0.00000000  0.00000000  0.00000000  0.00000000 
  0.00221852  0.01497504  0.00000000  0.00000000  0.01052632  0.10701754  0.00175439  0.00175439  0.00000000  0.00000000  0.00000000  0.00000000 
  0.00697674  0.01744186  0.00000000  0.00000000  0.00449102  0.09730539  0.00000000  0.00149701  0.00000000  0.00000000  0.00000000  0.00000000 
  0.00528867  0.01322168  0.00000000  0.00000000  0.00454545  0.07272727  0.00454545  0.00000000  0.00000000  0.00000000  0.00000000  0.00000000 
  0.00712788  0.01174004  0.00000000  0.00000000  0.00506586  0.07497467  0.00405268  0.00405268  0.00000000  0.00000000  0.00000000  0.00000000 
  0.00459290  0.01753653  0.00000000  0.00000000  0.00597015  0.06965174  0.00199005  0.00099502  0.00000000  0.00000000  0.00000000  0.00000000 
  0.00500000  0.01545455  0.00000000  0.00000000  0.00719424  0.06906475  0.01007194  0.00287770  0.00000000  0.00000000  0.00000000  0.00000000 
  0.00768574  0.02006832  0.00000000  0.00000000  0.00718563  0.07305389  0.00598802  0.00718563  0.00000000  0.00000000  0.00000000  0.00000000 
  0.00775510  0.01959184  0.00000000  0.00000000  0.00717703  0.09808612  0.00478469  0.00358852  0.00000000  0.00000000  0.00000000  0.00000000 
  0.00548902  0.01696607  0.00000000  0.00000000  0.01437700  0.07827476  0.00319489  0.00000000  0.00000000  0.00000000  0.00000000  0.00000000 
  0.00970874  0.01941748  0.00000000  0.00000000  0.01149425  0.06896552  0.00191571  0.00383142  0.00000000  0.00000000  0.00000000  0.00000000 
  0.00958188  0.01916376  0.00000000  0.00000000  0.02787456  0.09756098  0.01045296  0.00348432  0.00000000  0.00000000  0.00000000  0.00000000 
  0.00640342  0.01387407  0.00000000  0.00000000  0.01865672  0.07835821  0.00000000  0.00373134  0.00000000  0.00000000  0.00000000  0.00000000 
  0.00932642  0.02279793  0.00000000  0.00000000  0.01838235  0.10661765  0.00000000  0.00367647  0.00000000  0.00000000  0.00000000  0.00000000 
  0.00697211  0.01494024  0.00000000  0.00000000  0.02985075  0.08457711  0.00497512  0.00497512  0.00000000  0.00000000  0.00000000  0.00000000 
  0.00770218  0.01540436  0.00000000  0.00000000  0.03053435  0.12977099  0.00000000  0.01526718  0.00000000  0.00000000  0.00000000  0.00000000 
  0.01344538  0.02352941  0.00000000  0.00000000  0.00000000  0.06741573  0.01123596  0.00000000  0.00000000  0.00000000  0.00000000  0.00000000 
  0.00628931  0.03144654  0.00000000  0.00000000  0.00000000  0.03205128  0.00641026  0.00641026  0.00000000  0.00000000  0.00000000  0.00000000 
  0.01027397  0.01826484  0.00000000  0.00000000  0.01081081  0.05405405  0.00540541  0.00540541  0.00000000  0.00000000  0.00000000  0.00000000 
  0.00892359  0.00557724  0.00000000  0.00000000  0.01167315  0.08560311  0.00778210  0.00389105  0.00000000  0.00000000  0.00000000  0.00000000 
