  0.00602410  0.02208835  0.00000000  0.00000000  0.00000000  0.12500000  0.02083333  0.00000000  0.00000000  0.00000000  0.00000000  0.00000000 
  0.00000000  0.04545455  0.00000000  0.00000000  0.00000000  0.09090909  0.00000000  0.00000000  0.00000000  0.00000000  0.00000000  0.00000000 
  0.00171038  0.00513113  0.00000000  0.00000000  0.00152905  0.03211009  0.00152905  0.00000000  0.00000000  0.00000000  0.00000000  0.00000000 
  0.00062461  0.00312305  0.00000000  0.00000000  0.00117786  0.01295642  0.00353357  0.00117786  0.00000000  0.00000000  0.00000000  0.00000000 
  0.00253807  0.02538071  0.00000000  0.00000000  0.00000000  0.03921569  0.00000000  0.00000000  0.00000000  0.00000000  0.00000000  0.00000000 
  0.01020408  0.02448980  0.00000000  0.00000000  0.07692308  0.15384615  0.07692308  0.00000000  0.00000000  0.00000000  0.00000000  0.00000000 
  0.00601052  0.01652893  0.00000000  0.00000000  0.07407407  0.00000000  0.00000000  0.00000000  0.00000000  0.00000000  0.00000000  0.00000000 
  0.00559552  0.01918465  0.00000000  0.00000000  0.00000000  0.10344828  0.06896552  0.00000000  0.00000000  0.00000000  0.00000000  0.00000000 
  0.00772201  0.01467181  0.00000000  0.00000000  0.03030303  0.12121212  0.03030303  0.00000000  0.00000000  0.00000000  0.00000000  0.00000000 
  0.00812458  0.01218687  0.00000000  0.00000000  0.05555556  0.05555556  0.02777778  0.00000000  0.00000000  0.00000000  0.00000000  0.00000000 
  0.01218097  0.01102088  0.00000000  0.00000000  0.03333333  0.10000000  0.00000000  0.01666667  0.00000000  0.00000000  0.00000000  0.00000000 
  0.01097093  0.01535930  0.00000000  0.00000000  0.01515152  0.07575758  0.00000000  0.03030303  0.00000000  0.00000000  0.00000000  0.00000000 
  0.00847458  0.00741525  0.00000000  0.00000000  0.01234568  0.09876543  0.00000000  0.01234568  0.00000000  0.00000000  0.00000000  0.00000000 
  0.00583658  0.00826848  0.00000000  0.00000000  0.00000000  0.06250000  0.00781250  0.00781250  0.00000000  0.00000000  0.00000000  0.00000000 
  0.00802005  0.01453634  0.00000000  0.00000000  0.01666667  0.05833333  0.01666667  0.00000000  0.00000000  0.00000000  0.00000000  0.00000000 
  0.00373134  0.01679104  0.00000000  0.00000000  0.02352941  0.16470588  0.01176471  0.01176471  0.00000000  0.00000000  0.00000000  0.00000000 
  0.00584416  0.02142857  0.00000000  0.00000000  0.00000000  0.16265060  0.00602410  0.00000000  0.00000000  0.00000000  0.00000000  0.00000000 
  0.00514469  0.01607717  0.00000000  0.00000000  0.02040816  0.09183673  0.01020408  0.00000000  0.00000000  0.00000000  0.00000000  0.00000000 
  0.00768049  0.01382488  0.00000000  0.00000000  0.02369668  0.08056872  0.00473934  0.00947867  0.00000000  0.00000000  0.00000000  0.00000000 
  0.00684463  0.01095140  0.00000000  0.00000000  0.01255230  0.07531381  0.00000000  0.01255230  0.00000000  0.00000000  0.00000000  0.00000000 
  0.00943396  0.01572327  0.00000000  0.00000000  0.01623377  0.06168831  0.00649351  0.00324675  0.00000000  0.00000000  0.00000000  0.00000000 
  0.00854701  0.02051282  0.00000000  0.00000000  0.02173913  0.12608696  0.00869565  0.00434783  0.00000000  0.00000000  0.00000000  0.00000000 
  0.00914634  0.01655052  0.00000000  0.00000000  0.01208459  0.09063444  0.01510574  0.00906344  0.00000000  0.00000000  0.00000000  0.00000000 
  0.00724388  0.02242152  0.00000000  0.00000000  0.01043841  0.08977035  0.00208768  0.00626305  0.00000000  0.00000000  0.00000000  0.00000000 
  0.00935454  0.02681634  0.00000000  0.00000000  0.00677966  0.09661017  0.00677966  0.00338983  0.00000000  0.00000000  0.00000000  0.00000000 
  0.01225399  0.02710732  0.00000000  0.00000000  0.00343643  0.10137457  0.00515464  0.00000000  0.00000000  0.00000000  0.00000000  0.00000000 
  0.00550614  0.01694197  0.00000000  0.00000000  0.01038062  0.06401384  0.00173010  0.00173010  0.00000000  0.00000000  0.00000000  0.00000000 
  0.00390625  0.02500000  0.00000000  0.00000000  0.00518135  0.08808290  0.00000000  0.00690846  0.00000000  0.00000000  0.00000000  0.00000000 
  0.00739098  0.02291205  0.00000000  0.00000000  0.00693241  0.11958406  0.01039861  0.00346620  0.00000000  0.00000000  0.00000000  0.00000000 
  0.00905563  0.02652005  0.00000000  0.00000000  0.01745636  0.06982544  0.00997506  0.00498753  0.00000000  0.00000000  0.00000000  0.00000000 
  0.00868810  0.01911381  0.00000000  0.00000000  0.01257862  0.10062893  0.00943396  0.00628931  0.00000000  0.00000000  0.00000000  0.00000000 
  0.01149425  0.02988506  0.00000000  0.00000000  0.00000000  0.07213115  0.00655738  0.00000000  0.00000000  0.00000000  0.00000000  0.00000000 
  0.00501792  0.02437276  0.00000000  0.00000000  0.00869565  0.12173913  0.00869565  0.00000000  0.00000000  0.00000000  0.00000000  0.00000000 
  0.00911162  0.02847380  0.00000000  0.00000000  0.03947368  0.05263158  0.02631579  0.00000000  0.00000000  0.00000000  0.00000000  0.00000000 
  0.00480769  0.02644231  0.00000000  0.00000000  0.04093567  0.10526316  0.00000000  0.00000000  0.00000000  0.00000000  0.00000000  0.00000000 
  0.00390879  0.01954397  0.00000000  0.00000000  0.01092896  0.11748634  0.01366120  0.01366120  0.00000000  0.00000000  0.00000000  0.00000000 
  0.00310559  0.01242236  0.00000000  0.00000000  0.01342282  0.08389262  0.01006711  0.00671141  0.00000000  0.00000000  0.00000000  0.00000000 
  0.00582363  0.01247920  0.00000000  0.00000000  0.00714286  0.06785714  0.00714286  0.00714286  0.00000000  0.00000000  0.00000000  0.00000000 
  0.00617708  0.00892244  0.00000000  0.00000000  0.01675978  0.07262570  0.00558659  0.00837989  0.00000000  0.00000000  0.00000000  0.00000000 
  0.00415924  0.01128936  0.00000000  0.00000000  0.00303951  0.09422492  0.00303951  0.00607903  0.00000000  0.00000000  0.00000000  0.00000000 
  0.00315789  0.01157895  0.00000000  0.00000000  0.00492611  0.06403941  0.00492611  0.00000000  0.00000000  0.00000000  0.00000000  0.00000000 
  0.00315623  0.00999474  0.00000000  0.00000000  0.01173709  0.08685446  0.00469484  0.00469484  0.00000000  0.00000000  0.00000000  0.00000000 
  0.00951518  0.01449932  0.00000000  0.00000000  0.01275510  0.08163265  0.00510204  0.00510204  0.00000000  0.00000000  0.00000000  0.00000000 
  0.00874192  0.01216268  0.00000000  0.00000000  0.01686747  0.07228916  0.00963855  0.00240964  0.00000000  0.00000000  0.00000000  0.00000000 
  0.00801782  0.01380846  0.00000000  0.00000000  0.01128668  0.11060948  0.00000000  0.00451467  0.00000000  0.00000000  0.00000000  0.00000000 
  0.00322789  0.01162040  0.00000000  0.00000000  0.02000000  0.06571429  0.01142857  0.01428571  0.00000000  0.00000000  0.00000000  0.00000000 
  0.00404245  0.01061142  0.00000000  0.00000000  0.02005013  0.09273183  0.01253133  0.00250627  0.00000000  0.00000000  0.00000000  0.00000000 
  0.00417188  0.00959533  0.00000000  0.00000000  0.00381679  0.07442748  0.00190840  0.00572519  0.00000000  0.00000000  0.00000000  0.00000000 
  0.00308642  0.01157407  0.00000000  0.00000000  0.00811359  0.09939148  0.00608519  0.00608519  0.00000000  0.00000000  0.00000000  0.00000000 
  0.00342988  0.01067073  0.00000000  0.00000000  0.00219780  0.10769231  0.00439560  0.00439560  0.00000000  0.00000000  0.00000000  0.00000000 
  0.00360577  0.01161859  0.00000000  0.00000000  0.00600000  0.11400000  0.00600000  0.00400000  0.00000000  0.00000000  0.00000000  0.00000000 
  0.00271739  0.01222826  0.00000000  0.00000000  0.00469484  0.07511737  0.00469484  0.00469484  0.00000000  0.00000000  0.00000000  0.00000000 
  0.00285036  0.00760095  0.00000000  0.00000000  0.01250000  0.09000000  0.01000000  0.00500000  0.00000000  0.00000000  0.00000000  0.00000000 
  0.00159236  0.00849257  0.00000000  0.00000000  0.00668151  0.08240535  0.00890869  0.00445434  0.00000000  0.00000000  0.00000000  0.00000000 
  0.00392157  0.00931373  0.00000000  0.00000000  0.00488998  0.06356968  0.00733496  0.00488998  0.00000000  0.00000000  0.00000000  0.00000000 
  0.00232288  0.00987224  0.00000000  0.00000000  0.01212121  0.10606061  0.00000000  0.00303030  0.00000000  0.00000000  0.00000000  0.00000000 
