  0.00000000  0.11170213  0.00000000  0.00000000  0.00000000  0.28571429  0.00000000  0.07792208  0.00000000  0.00000000  0.00000000  0.00000000 
  0.00000000  0.14814815  0.00000000  0.00000000  0.00000000  0.29347826  0.00000000  0.11956522  0.00000000  0.00000000  0.00000000  0.00000000 
  0.00555556  0.09444444  0.00000000  0.00000000  0.00000000  0.17857143  0.00000000  0.07142857  0.00000000  0.00000000  0.00000000  0.00000000 
  0.00000000  0.02884615  0.00000000  0.00000000  0.00000000  0.16666667  0.00000000  0.09090909  0.00000000  0.00000000  0.00000000  0.00000000 
  0.00000000  0.13750000  0.00000000  0.00000000  0.00000000  0.20000000  0.00000000  0.08571429  0.00000000  0.00000000  0.00000000  0.00000000 
  0.00534759  0.09625668  0.00000000  0.00000000  0.00000000  0.15789474  0.00000000  0.11842105  0.00000000  0.00000000  0.00000000  0.00000000 
  0.00483092  0.07246377  0.00000000  0.00000000  0.00000000  0.19230769  0.00000000  0.03846154  0.00000000  0.00000000  0.00000000  0.00000000 
  0.00549451  0.07692308  0.00000000  0.00000000  0.00000000  0.18461538  0.00000000  0.07692308  0.00000000  0.00000000  0.00000000  0.00000000 
  0.00000000  0.01980198  0.00000000  0.00000000  0.00000000  0.23636364  0.00000000  0.00000000  0.00000000  0.00000000  0.00000000  0.00000000 
  0.00000000  0.08018868  0.00000000  0.00000000  0.00000000  0.18055556  0.00000000  0.06944444  0.00000000  0.00000000  0.00000000  0.00000000 
  0.00000000  0.14213198  0.00000000  0.00000000  0.00000000  0.25663717  0.00000000  0.09734513  0.00000000  0.00000000  0.00000000  0.00000000 
  0.00427350  0.09829060  0.00000000  0.00000000  0.00000000  0.17500000  0.00000000  0.06250000  0.00000000  0.00000000  0.00000000  0.00000000 
  0.00000000  0.03763441  0.00000000  0.00000000  0.00000000  0.21348315  0.00000000  0.05617978  0.00000000  0.00000000  0.00000000  0.00000000 
  0.00413223  0.06611570  0.00000000  0.00000000  0.00000000  0.20731707  0.00000000  0.04878049  0.00000000  0.00000000  0.00000000  0.00000000 
  0.00338983  0.13220339  0.00000000  0.00000000  0.00000000  0.17605634  0.00000000  0.07042254  0.00000000  0.00000000  0.00000000  0.00000000 
  0.00000000  0.04186047  0.00000000  0.00000000  0.00000000  0.18644068  0.00000000  0.03389831  0.00000000  0.00000000  0.00000000  0.00000000 
  0.00448430  0.04484305  0.00000000  0.00000000  0.00000000  0.23076923  0.00000000  0.07692308  0.00000000  0.00000000  0.00000000  0.00000000 
  0.00404858  0.09716599  0.00000000  0.00000000  0.00000000  0.18811881  0.00000000  0.01980198  0.00000000  0.00000000  0.00000000  0.00000000 
  0.00378788  0.10227273  0.00000000  0.00000000  0.00000000  0.22727273  0.00000000  0.10909091  0.00000000  0.00000000  0.00000000  0.00000000 
  0.00483092  0.08695652  0.00000000  0.00000000  0.00000000  0.15294118  0.00000000  0.05882353  0.00000000  0.00000000  0.00000000  0.00000000 
  0.00520833  0.13020833  0.00000000  0.00000000  0.00000000  0.25000000  0.00000000  0.06250000  0.00000000  0.00000000  0.00000000  0.00000000 
  0.00000000  0.04191617  0.00000000  0.00000000  0.00000000  0.24137931  0.00000000  0.03448276  0.00000000  0.00000000  0.00000000  0.00000000 
  0.00000000  0.05789474  0.00000000  0.00000000  0.00000000  0.12500000  0.00000000  0.01388889  0.00000000  0.00000000  0.00000000  0.00000000 
  0.00000000  0.05945946  0.00000000  0.00000000  0.00000000  0.21538462  0.00000000  0.13846154  0.00000000  0.00000000  0.00000000  0.00000000 
  0.00595238  0.07142857  0.00000000  0.00000000  0.00000000  0.20370370  0.00000000  0.01851852  0.00000000  0.00000000  0.00000000  0.00000000 
  0.00497512  0.07960199  0.00000000  0.00000000  0.00000000  0.21917808  0.01369863  0.04109589  0.00000000  0.00000000  0.00000000  0.00000000 
  0.00000000  0.11415525  0.00000000  0.00000000  0.00000000  0.26250000  0.00000000  0.08750000  0.00000000  0.00000000  0.00000000  0.00000000 
  0.00000000  0.10943396  0.00000000  0.00000000  0.00000000  0.25675676  0.00000000  0.15540541  0.00000000  0.00000000  0.00000000  0.00000000 
  0.00421941  0.12658228  0.00000000  0.00000000  0.00000000  0.25742574  0.00000000  0.09900990  0.00000000  0.00000000  0.00000000  0.00000000 
  0.00000000  0.09677419  0.00000000  0.00000000  0.00000000  0.21428571  0.00000000  0.07142857  0.00000000  0.00000000  0.00000000  0.00000000 
  0.00000000  0.04265403  0.00000000  0.00000000  0.00980392  0.12745098  0.00000000  0.01960784  0.00000000  0.00000000  0.00000000  0.00000000 
  0.01025641  0.06666667  0.00000000  0.00000000  0.00000000  0.17142857  0.01428571  0.02857143  0.00000000  0.00000000  0.00000000  0.00000000 
  0.00381679  0.08015267  0.00000000  0.00000000  0.00000000  0.16831683  0.00000000  0.04950495  0.00000000  0.00000000  0.00000000  0.00000000 
  0.00369004  0.05535055  0.00000000  0.00000000  0.00000000  0.09345794  0.00000000  0.07476636  0.00000000  0.00000000  0.00000000  0.00000000 
  0.00000000  0.07608696  0.00000000  0.00000000  0.00000000  0.14851485  0.00000000  0.05940594  0.00000000  0.00000000  0.00000000  0.00000000 
  0.00000000  0.10344828  0.00000000  0.00000000  0.00000000  0.18939394  0.00000000  0.09090909  0.00000000  0.00000000  0.00000000  0.00000000 
  0.00265252  0.16976127  0.00000000  0.00000000  0.00000000  0.21276596  0.00000000  0.04964539  0.00000000  0.00000000  0.00000000  0.00000000 
  0.00000000  0.02787456  0.00000000  0.00000000  0.00000000  0.14736842  0.00000000  0.02105263  0.00000000  0.00000000  0.00000000  0.00000000 
  0.00366300  0.06959707  0.00000000  0.00000000  0.00000000  0.18840580  0.00000000  0.04347826  0.00000000  0.00000000  0.00000000  0.00000000 
  0.00316456  0.06329114  0.00000000  0.00000000  0.00000000  0.15441176  0.00000000  0.02941176  0.00000000  0.00000000  0.00000000  0.00000000 
  0.00000000  0.05723906  0.00000000  0.00000000  0.00000000  0.09278351  0.00000000  0.06185567  0.00000000  0.00000000  0.00000000  0.00000000 
