  0.00000000  0.01035197  0.00000000  0.00000000  0.00000000  0.03401361  0.00000000  0.00000000  0.00000000  0.00000000  0.00000000  0.00000000 
  0.00000000  0.01556420  0.00000000  0.00000000  0.00000000  0.03943662  0.00000000  0.00000000  0.00000000  0.00000000  0.00000000  0.00000000 
  0.00350877  0.00701754  0.00000000  0.00000000  0.00000000  0.02258065  0.00000000  0.00000000  0.00000000  0.00000000  0.00000000  0.00000000 
  0.00000000  0.01028807  0.00000000  0.00000000  0.00000000  0.03116147  0.00283286  0.00283286  0.00000000  0.00000000  0.00000000  0.00000000 
  0.00000000  0.00798403  0.00000000  0.00000000  0.00000000  0.01529052  0.00000000  0.00000000  0.00000000  0.00000000  0.00000000  0.00000000 
  0.00000000  0.00775194  0.00000000  0.00000000  0.00000000  0.02419355  0.00000000  0.00000000  0.00000000  0.00000000  0.00000000  0.00000000 
  0.00000000  0.00606061  0.00000000  0.00000000  0.00000000  0.01967213  0.00000000  0.00000000  0.00000000  0.00000000  0.00000000  0.00000000 
  0.00186567  0.00746269  0.00000000  0.00000000  0.00000000  0.01960784  0.00000000  0.00000000  0.00000000  0.00000000  0.00000000  0.00000000 
  0.00851064  0.00638298  0.00000000  0.00000000  0.00000000  0.02333333  0.00000000  0.00000000  0.00000000  0.00000000  0.00000000  0.00000000 
  0.00000000  0.00844595  0.00000000  0.00000000  0.00357143  0.00714286  0.00000000  0.00000000  0.00000000  0.00000000  0.00000000  0.00000000 
  0.00193424  0.00580271  0.00000000  0.00000000  0.00000000  0.00803213  0.00000000  0.00000000  0.00000000  0.00000000  0.00000000  0.00000000 
  0.00000000  0.01012658  0.00000000  0.00000000  0.00000000  0.02857143  0.00000000  0.00000000  0.00000000  0.00000000  0.00000000  0.00000000 
  0.00284091  0.01420455  0.00000000  0.00000000  0.00000000  0.03623188  0.00000000  0.00000000  0.00000000  0.00000000  0.00000000  0.00000000 
  0.00000000  0.08333333  0.00000000  0.00000000  0.00000000  0.20000000  0.00000000  0.00000000  0.00000000  0.00000000  0.00000000  0.00000000 
  0.03478261  0.00869565  0.00000000  0.00000000  0.00000000  0.04651163  0.00000000  0.00000000  0.00000000  0.00000000  0.00000000  0.00000000 
  0.01058201  0.02645503  0.00000000  0.00000000  0.00000000  0.01250000  0.00000000  0.00000000  0.00000000  0.00000000  0.00000000  0.00000000 
  0.00416667  0.02083333  0.00000000  0.00000000  0.00000000  0.01333333  0.00000000  0.00000000  0.00000000  0.00000000  0.00000000  0.00000000 
  0.00384615  0.00384615  0.00000000  0.00000000  0.00000000  0.01063830  0.00000000  0.00000000  0.00000000  0.00000000  0.00000000  0.00000000 
  0.00699301  0.01398601  0.00000000  0.00000000  0.00000000  0.02941176  0.00000000  0.00980392  0.00000000  0.00000000  0.00000000  0.00000000 
  0.00386100  0.04247104  0.00000000  0.00000000  0.00000000  0.04854369  0.00000000  0.00970874  0.00000000  0.00000000  0.00000000  0.00000000 
  0.00630915  0.04100946  0.00000000  0.00000000  0.00000000  0.03252033  0.00000000  0.00813008  0.00000000  0.00000000  0.00000000  0.00000000 
  0.00273224  0.02732240  0.00000000  0.00000000  0.00000000  0.03472222  0.00000000  0.00694444  0.00000000  0.00000000  0.00000000  0.00000000 
  0.00315457  0.00946372  0.00000000  0.00000000  0.00000000  0.03973510  0.00000000  0.00000000  0.00000000  0.00000000  0.00000000  0.00000000 
  0.00000000  0.03661972  0.00000000  0.00000000  0.00000000  0.03680982  0.00000000  0.00000000  0.00000000  0.00000000  0.00000000  0.00000000 
  0.00000000  0.02068966  0.00000000  0.00000000  0.00000000  0.02255639  0.00000000  0.00751880  0.00000000  0.00000000  0.00000000  0.00000000 
  0.00242718  0.02184466  0.00000000  0.00000000  0.00000000  0.03252033  0.00000000  0.00000000  0.00000000  0.00000000  0.00000000  0.00000000 
  0.00248756  0.02238806  0.00000000  0.00000000  0.00000000  0.04562738  0.00380228  0.00000000  0.00000000  0.00000000  0.00000000  0.00000000 
  0.00253807  0.03299492  0.00000000  0.00000000  0.00000000  0.03686636  0.00000000  0.00460829  0.00000000  0.00000000  0.00000000  0.00000000 
  0.00000000  0.00879765  0.00000000  0.00000000  0.00000000  0.01463415  0.00487805  0.00000000  0.00000000  0.00000000  0.00000000  0.00000000 
  0.00000000  0.01526718  0.00000000  0.00000000  0.00000000  0.01875000  0.00000000  0.00000000  0.00000000  0.00000000  0.00000000  0.00000000 
  0.00000000  0.02205882  0.00000000  0.00000000  0.00000000  0.01626016  0.00000000  0.00000000  0.00000000  0.00000000  0.00000000  0.00000000 
  0.00420168  0.01260504  0.00000000  0.00000000  0.00000000  0.00943396  0.00000000  0.00000000  0.00000000  0.00000000  0.00000000  0.00000000 
  0.00000000  0.00900901  0.00000000  0.00000000  0.00000000  0.01492537  0.00000000  0.00000000  0.00000000  0.00000000  0.00000000  0.00000000 
  0.00000000  0.01712329  0.00000000  0.00000000  0.00000000  0.05113636  0.00000000  0.00000000  0.00000000  0.00000000  0.00000000  0.00000000 
  0.00000000  0.00771208  0.00000000  0.00000000  0.00000000  0.02928870  0.00000000  0.00418410  0.00000000  0.00000000  0.00000000  0.00000000 
  0.00456621  0.01141553  0.00000000  0.00000000  0.00000000  0.02405498  0.00000000  0.00000000  0.00000000  0.00000000  0.00000000  0.00000000 
  0.00229358  0.00229358  0.00000000  0.00000000  0.00000000  0.03355705  0.00000000  0.00000000  0.00000000  0.00000000  0.00000000  0.00000000 
  0.00231481  0.01851852  0.00000000  0.00000000  0.00000000  0.02962963  0.00000000  0.00000000  0.00000000  0.00000000  0.00000000  0.00000000 
  0.00000000  0.01282051  0.00000000  0.00000000  0.00000000  0.03703704  0.00000000  0.00000000  0.00000000  0.00000000  0.00000000  0.00000000 
  0.00428266  0.01713062  0.00000000  0.00000000  0.00000000  0.04332130  0.00000000  0.00361011  0.00000000  0.00000000  0.00000000  0.00000000 
  0.00000000  0.01906780  0.00000000  0.00000000  0.00000000  0.05166052  0.00000000  0.00369004  0.00000000  0.00000000  0.00000000  0.00000000 
  0.00235294  0.01647059  0.00000000  0.00000000  0.00000000  0.03676471  0.00000000  0.00000000  0.00000000  0.00000000  0.00000000  0.00000000 
