  0.00000000  0.00000000  0.00000000  0.00000000  0.00000000  0.03571429  0.00000000  0.00000000  0.00000000  0.00000000  0.00000000  0.00000000 
  0.00000000  0.00408163  0.00000000  0.00000000  0.00000000  0.08620690  0.00862069  0.00000000  0.00000000  0.00000000  0.00000000  0.00000000 
  0.00326797  0.01633987  0.00000000  0.00000000  0.00649351  0.05844156  0.00000000  0.00000000  0.00000000  0.00000000  0.00000000  0.00000000 
  0.00434783  0.01304348  0.00000000  0.00000000  0.00000000  0.06666667  0.01333333  0.01333333  0.00000000  0.00000000  0.00000000  0.00000000 
  0.00000000  0.04430380  0.00000000  0.00000000  0.02040816  0.12244898  0.00000000  0.00000000  0.00000000  0.00000000  0.00000000  0.00000000 
  0.00000000  0.01990050  0.00000000  0.00000000  0.00000000  0.12820513  0.00000000  0.00000000  0.00000000  0.00000000  0.00000000  0.00000000 
  0.00952381  0.00952381  0.00000000  0.00000000  0.01298701  0.07792208  0.00000000  0.00000000  0.00000000  0.00000000  0.00000000  0.00000000 
  0.00000000  0.01762115  0.00000000  0.00000000  0.01063830  0.07446809  0.01063830  0.00000000  0.00000000  0.00000000  0.00000000  0.00000000 
  0.00000000  0.00934579  0.00000000  0.00000000  0.00000000  0.04395604  0.00000000  0.01098901  0.00000000  0.00000000  0.00000000  0.00000000 
  0.00421941  0.02953586  0.00000000  0.00000000  0.00000000  0.03750000  0.00000000  0.00000000  0.00000000  0.00000000  0.00000000  0.00000000 
  0.00000000  0.02032520  0.00000000  0.00000000  0.00000000  0.04494382  0.00000000  0.00000000  0.00000000  0.00000000  0.00000000  0.00000000 
  0.01250000  0.00416667  0.00000000  0.00000000  0.00000000  0.06250000  0.00000000  0.00000000  0.00000000  0.00000000  0.00000000  0.00000000 
  0.00355872  0.00355872  0.00000000  0.00000000  0.01000000  0.08000000  0.01000000  0.00000000  0.00000000  0.00000000  0.00000000  0.00000000 
  0.00000000  0.01418440  0.00000000  0.00000000  0.00000000  0.08196721  0.00000000  0.00000000  0.00000000  0.00000000  0.00000000  0.00000000 
  0.00000000  0.00374532  0.00000000  0.00000000  0.00000000  0.05633803  0.00000000  0.00000000  0.00000000  0.00000000  0.00000000  0.00000000 
  0.00000000  0.00630915  0.00000000  0.00000000  0.01408451  0.04929577  0.00000000  0.00000000  0.00000000  0.00000000  0.00000000  0.00000000 
  0.00000000  0.01257862  0.00000000  0.00000000  0.00000000  0.08510638  0.00000000  0.02127660  0.00000000  0.00000000  0.00000000  0.00000000 
  0.00000000  0.03149606  0.00000000  0.00000000  0.00000000  0.02173913  0.00000000  0.00000000  0.00000000  0.00000000  0.00000000  0.00000000 
  0.00641026  0.01282051  0.00000000  0.00000000  0.00000000  0.13953488  0.00000000  0.00000000  0.00000000  0.00000000  0.00000000  0.00000000 
  0.00000000  0.01834862  0.00000000  0.00000000  0.00000000  0.07317073  0.02439024  0.00000000  0.00000000  0.00000000  0.00000000  0.00000000 
  0.00492611  0.00985222  0.00000000  0.00000000  0.00000000  0.10344828  0.00000000  0.00000000  0.00000000  0.00000000  0.00000000  0.00000000 
  0.00000000  0.00000000  0.00000000  0.00000000  0.00900901  0.05405405  0.00000000  0.00000000  0.00000000  0.00000000  0.00000000  0.00000000 
  0.00000000  0.01433692  0.00000000  0.00000000  0.00000000  0.06766917  0.00000000  0.01503759  0.00000000  0.00000000  0.00000000  0.00000000 
  0.00000000  0.00931677  0.00000000  0.00000000  0.00000000  0.03649635  0.01459854  0.00000000  0.00000000  0.00000000  0.00000000  0.00000000 
  0.00000000  0.00740741  0.00000000  0.00000000  0.00000000  0.03157895  0.00000000  0.00000000  0.00000000  0.00000000  0.00000000  0.00000000 
  0.00315457  0.00946372  0.00000000  0.00000000  0.01492537  0.04477612  0.00000000  0.00746269  0.00000000  0.00000000  0.00000000  0.00000000 
  0.00000000  0.01260504  0.00000000  0.00000000  0.00000000  0.03809524  0.00000000  0.00000000  0.00000000  0.00000000  0.00000000  0.00000000 
  0.00000000  0.02678571  0.00000000  0.00000000  0.01041667  0.08333333  0.00000000  0.02083333  0.00000000  0.00000000  0.00000000  0.00000000 
  0.00280899  0.01404494  0.00000000  0.00000000  0.00598802  0.05389222  0.00000000  0.00598802  0.00000000  0.00000000  0.00000000  0.00000000 
  0.00000000  0.01734104  0.00000000  0.00000000  0.00680272  0.07482993  0.00000000  0.00680272  0.00000000  0.00000000  0.00000000  0.00000000 
  0.00261780  0.00785340  0.00000000  0.00000000  0.01020408  0.08163265  0.00000000  0.00000000  0.00000000  0.00000000  0.00000000  0.00000000 
  0.00583090  0.01457726  0.00000000  0.00000000  0.01621622  0.07027027  0.01081081  0.00540541  0.00000000  0.00000000  0.00000000  0.00000000 
  0.00000000  0.02657807  0.00000000  0.00000000  0.00000000  0.06206897  0.00000000  0.01379310  0.00000000  0.00000000  0.00000000  0.00000000 
  0.00454545  0.02272727  0.00000000  0.00000000  0.00000000  0.08333333  0.01666667  0.00000000  0.00000000  0.00000000  0.00000000  0.00000000 
  0.00000000  0.03645833  0.00000000  0.00000000  0.00000000  0.15909091  0.00000000  0.00000000  0.00000000  0.00000000  0.00000000  0.00000000 
  0.00000000  0.06493506  0.00000000  0.00000000  0.00000000  0.18750000  0.00000000  0.01562500  0.00000000  0.00000000  0.00000000  0.00000000 
  0.00000000  0.07936508  0.00000000  0.00000000  0.00000000  0.08928571  0.00000000  0.08928571  0.00000000  0.00000000  0.00000000  0.00000000 
  0.00000000  0.14150943  0.00000000  0.00000000  0.00000000  0.12068966  0.00000000  0.10344828  0.00000000  0.00000000  0.00000000  0.00000000 
  0.00000000  0.16292135  0.00000000  0.00000000  0.00000000  0.24444444  0.00000000  0.06666667  0.00000000  0.00000000  0.00000000  0.00000000 
  0.00000000  0.18131868  0.00000000  0.00000000  0.00000000  0.08928571  0.00000000  0.07142857  0.00000000  0.00000000  0.00000000  0.00000000 
  0.00000000  0.16104869  0.00000000  0.00000000  0.00000000  0.16666667  0.00000000  0.09523810  0.00000000  0.00000000  0.00000000  0.00000000 
  0.00000000  0.21739130  0.00000000  0.00000000  0.00000000  0.24000000  0.00000000  0.12000000  0.00000000  0.00000000  0.00000000  0.00000000 
  0.00000000  0.26428571  0.00000000  0.00000000  0.00000000  0.38461538  0.00000000  0.15384615  0.00000000  0.00000000  0.00000000  0.00000000 
  0.00000000  0.28800000  0.00000000  0.00000000  0.00000000  0.26470588  0.00000000  0.14705882  0.00000000  0.00000000  0.00000000  0.00000000 
  0.00000000  0.31147541  0.00000000  0.00000000  0.00000000  0.30769231  0.00000000  0.23076923  0.00000000  0.00000000  0.00000000  0.00000000 
  0.00000000  0.00000000  0.00000000  0.00000000  0.00000000  0.25000000  0.00000000  0.00000000  0.00000000  0.00000000  0.00000000  0.00000000 
  0.00000000  0.14285714  0.00000000  0.00000000  0.00000000  0.33333333  0.00000000  0.00000000  0.00000000  0.00000000  0.00000000  0.00000000 
  0.00000000  0.20202020  0.00000000  0.00000000  0.00000000  0.32432432  0.00000000  0.05405405  0.00000000  0.00000000  0.00000000  0.00000000 
  0.00000000  0.12000000  0.00000000  0.00000000  0.00000000  0.20000000  0.00000000  0.06666667  0.00000000  0.00000000  0.00000000  0.00000000 
