  0.00000000  0.11894273  0.00000000  0.00000000  0.00000000  0.20143885  0.00000000  0.04316547  0.00000000  0.00000000  0.00000000  0.00000000 
  0.00000000  0.04891304  0.00000000  0.00000000  0.00000000  0.15833333  0.00000000  0.00833333  0.00000000  0.00000000  0.00000000  0.00000000 
  0.00000000  0.09615385  0.00000000  0.00000000  0.00000000  0.14685315  0.00000000  0.02797203  0.00000000  0.00000000  0.00000000  0.00000000 
  0.00184162  0.11233886  0.00000000  0.00000000  0.00000000  0.16230366  0.00000000  0.02094241  0.00000000  0.00000000  0.00000000  0.00000000 
  0.00000000  0.13963039  0.00000000  0.00000000  0.00000000  0.13207547  0.00000000  0.03144654  0.00000000  0.00000000  0.00000000  0.00000000 
  0.00000000  0.07142857  0.00000000  0.00000000  0.00000000  0.12738854  0.00000000  0.00636943  0.00000000  0.00000000  0.00000000  0.00000000 
  0.00216920  0.08893709  0.00000000  0.00000000  0.00000000  0.09392265  0.00000000  0.02209945  0.00000000  0.00000000  0.00000000  0.00000000 
  0.00302115  0.06646526  0.00000000  0.00000000  0.00000000  0.14285714  0.00000000  0.00000000  0.00000000  0.00000000  0.00000000  0.00000000 
  0.00349650  0.11538462  0.00000000  0.00000000  0.00000000  0.15068493  0.00000000  0.03424658  0.00000000  0.00000000  0.00000000  0.00000000 
  0.00000000  0.08235294  0.00000000  0.00000000  0.00000000  0.09929078  0.00000000  0.02127660  0.00000000  0.00000000  0.00000000  0.00000000 
  0.00272480  0.05994550  0.00000000  0.00000000  0.00000000  0.15602837  0.00000000  0.01418440  0.00000000  0.00000000  0.00000000  0.00000000 
  0.00233645  0.06308411  0.00000000  0.00000000  0.00000000  0.14189189  0.00000000  0.02027027  0.00000000  0.00000000  0.00000000  0.00000000 
  0.00254453  0.13486005  0.00000000  0.00000000  0.00000000  0.18978102  0.00000000  0.00729927  0.00000000  0.00000000  0.00000000  0.00000000 
  0.00000000  0.05508475  0.00000000  0.00000000  0.00000000  0.11111111  0.00000000  0.00000000  0.00000000  0.00000000  0.00000000  0.00000000 
  0.00000000  0.08661417  0.00000000  0.00000000  0.00000000  0.16541353  0.00000000  0.02255639  0.00000000  0.00000000  0.00000000  0.00000000 
  0.00249377  0.08977556  0.00000000  0.00000000  0.00000000  0.19327731  0.00840336  0.00840336  0.00000000  0.00000000  0.00000000  0.00000000 
  0.00000000  0.13876652  0.00000000  0.00000000  0.00000000  0.19526627  0.00000000  0.02366864  0.00000000  0.00000000  0.00000000  0.00000000 
  0.00000000  0.08387097  0.00000000  0.00000000  0.00000000  0.16528926  0.00000000  0.00826446  0.00000000  0.00000000  0.00000000  0.00000000 
  0.00000000  0.01379310  0.00000000  0.00000000  0.00000000  0.21590909  0.00000000  0.00000000  0.00000000  0.00000000  0.00000000  0.00000000 
  0.00000000  0.00925926  0.00000000  0.00000000  0.00000000  0.07462687  0.00000000  0.00000000  0.00000000  0.00000000  0.00000000  0.00000000 
  0.00000000  0.03773585  0.00000000  0.00000000  0.00000000  0.02816901  0.00000000  0.00000000  0.00000000  0.00000000  0.00000000  0.00000000 
  0.00000000  0.00000000  0.00000000  0.00000000  0.00000000  0.15151515  0.00000000  0.00000000  0.00000000  0.00000000  0.00000000  0.00000000 
  0.00000000  0.00714286  0.00000000  0.00000000  0.00000000  0.10526316  0.00000000  0.01315789  0.00000000  0.00000000  0.00000000  0.00000000 
  0.00000000  0.03225806  0.00000000  0.00000000  0.00000000  0.13333333  0.00000000  0.00000000  0.00000000  0.00000000  0.00000000  0.00000000 
  0.00000000  0.02941176  0.00000000  0.00000000  0.00000000  0.05970149  0.00000000  0.00000000  0.00000000  0.00000000  0.00000000  0.00000000 
  0.00000000  0.00000000  0.00000000  0.00000000  0.00000000  0.07246377  0.00000000  0.00000000  0.00000000  0.00000000  0.00000000  0.00000000 
  0.00000000  0.01149425  0.00000000  0.00000000  0.00000000  0.04477612  0.00000000  0.00000000  0.00000000  0.00000000  0.00000000  0.00000000 
  0.00000000  0.00925926  0.00000000  0.00000000  0.00000000  0.17808219  0.00000000  0.00000000  0.00000000  0.00000000  0.00000000  0.00000000 
  0.00000000  0.00862069  0.00000000  0.00000000  0.00000000  0.02739726  0.00000000  0.00000000  0.00000000  0.00000000  0.00000000  0.00000000 
  0.00000000  0.00769231  0.00000000  0.00000000  0.00000000  0.00000000  0.00000000  0.00000000  0.00000000  0.00000000  0.00000000  0.00000000 
  0.00000000  0.00000000  0.00000000  0.00000000  0.00000000  0.09836066  0.00000000  0.00000000  0.00000000  0.00000000  0.00000000  0.00000000 
  0.00000000  0.02702703  0.00000000  0.00000000  0.00000000  0.05952381  0.00000000  0.00000000  0.00000000  0.00000000  0.00000000  0.00000000 
  0.00925926  0.00925926  0.00000000  0.00000000  0.00000000  0.08064516  0.00000000  0.00000000  0.00000000  0.00000000  0.00000000  0.00000000 
  0.00000000  0.00000000  0.00000000  0.00000000  0.00000000  0.03488372  0.00000000  0.00000000  0.00000000  0.00000000  0.00000000  0.00000000 
  0.00000000  0.01219512  0.00000000  0.00000000  0.00000000  0.10000000  0.00000000  0.00000000  0.00000000  0.00000000  0.00000000  0.00000000 
  0.00000000  0.00000000  0.00000000  0.00000000  0.00000000  0.07594937  0.00000000  0.01265823  0.00000000  0.00000000  0.00000000  0.00000000 
  0.00000000  0.01785714  0.00000000  0.00000000  0.00000000  0.08219178  0.00000000  0.01369863  0.00000000  0.00000000  0.00000000  0.00000000 
  0.00000000  0.05673759  0.00000000  0.00000000  0.00000000  0.09259259  0.00000000  0.00000000  0.00000000  0.00000000  0.00000000  0.00000000 
  0.00000000  0.03636364  0.00000000  0.00000000  0.00000000  0.12698413  0.00000000  0.01587302  0.00000000  0.00000000  0.00000000  0.00000000 
  0.00000000  0.00000000  0.00000000  0.00000000  0.00000000  0.09259259  0.00000000  0.00000000  0.00000000  0.00000000  0.00000000  0.00000000 
  0.00000000  0.01694915  0.00000000  0.00000000  0.00000000  0.06250000  0.00000000  0.00000000  0.00000000  0.00000000  0.00000000  0.00000000 
  0.00000000  0.02877698  0.00000000  0.00000000  0.00000000  0.03636364  0.00000000  0.00000000  0.00000000  0.00000000  0.00000000  0.00000000 
  0.00000000  0.00934579  0.00000000  0.00000000  0.00000000  0.07812500  0.00000000  0.03125000  0.00000000  0.00000000  0.00000000  0.00000000 
  0.00000000  0.01886792  0.00000000  0.00000000  0.00000000  0.07692308  0.00000000  0.00000000  0.00000000  0.00000000  0.00000000  0.00000000 
  0.00000000  0.00000000  0.00000000  0.00000000  0.00000000  0.16981132  0.00000000  0.03773585  0.00000000  0.00000000  0.00000000  0.00000000 
  0.00000000  0.03703704  0.00000000  0.00000000  0.00000000  0.14634146  0.00000000  0.00000000  0.00000000  0.00000000  0.00000000  0.00000000 
  0.00000000  0.00000000  0.00000000  0.00000000  0.00000000  0.21428571  0.00000000  0.00000000  0.00000000  0.00000000  0.00000000  0.00000000 
  0.00000000  0.03157895  0.00000000  0.00000000  0.00000000  0.13636364  0.00000000  0.00000000  0.00000000  0.00000000  0.00000000  0.00000000 
  0.00000000  0.03333333  0.00000000  0.00000000  0.00000000  0.03773585  0.00000000  0.00000000  0.00000000  0.00000000  0.00000000  0.00000000 
