  0.00000000  0.21381579  0.00000000  0.00000000  0.00000000  0.24152542  0.00000000  0.08474576  0.00000000  0.00000000  0.00000000  0.00000000 
  0.00000000  0.15769231  0.00000000  0.00000000  0.00000000  0.20338983  0.00000000  0.04519774  0.00000000  0.00000000  0.00000000  0.00000000 
  0.00337838  0.10472973  0.00000000  0.00000000  0.00000000  0.09259259  0.00000000  0.04938272  0.00000000  0.00000000  0.00000000  0.00000000 
  0.01002506  0.19047619  0.00000000  0.00000000  0.00000000  0.18390805  0.00000000  0.11877395  0.00000000  0.00000000  0.00000000  0.00000000 
  0.00000000  0.07584270  0.00000000  0.00000000  0.00000000  0.17054264  0.00000000  0.03100775  0.00000000  0.00000000  0.00000000  0.00000000 
  0.00000000  0.07096774  0.00000000  0.00000000  0.00000000  0.22727273  0.00000000  0.04040404  0.00000000  0.00000000  0.00000000  0.00000000 
  0.00251889  0.12594458  0.00000000  0.00000000  0.00000000  0.15261044  0.00000000  0.02811245  0.00000000  0.00000000  0.00000000  0.00000000 
  0.00000000  0.08290155  0.00000000  0.00000000  0.00000000  0.14788732  0.00000000  0.02464789  0.00000000  0.00000000  0.00000000  0.00000000 
  0.00000000  0.08374384  0.00000000  0.00000000  0.00000000  0.14769231  0.00000000  0.02461538  0.00000000  0.00000000  0.00000000  0.00000000 
  0.01103753  0.10154525  0.00000000  0.00000000  0.00000000  0.18181818  0.00000000  0.03939394  0.00000000  0.00000000  0.00000000  0.00000000 
  0.00199203  0.06374502  0.00000000  0.00000000  0.00000000  0.13527851  0.00265252  0.01856764  0.00000000  0.00000000  0.00000000  0.00000000 
  0.00000000  0.11352657  0.00000000  0.00000000  0.00000000  0.12111801  0.00000000  0.01863354  0.00000000  0.00000000  0.00000000  0.00000000 
  0.00248756  0.12437811  0.00000000  0.00000000  0.00000000  0.18927445  0.00000000  0.05993691  0.00000000  0.00000000  0.00000000  0.00000000 
  0.00370370  0.16296296  0.00000000  0.00000000  0.00000000  0.20000000  0.00000000  0.07179487  0.00000000  0.00000000  0.00000000  0.00000000 
  0.00589971  0.12389381  0.00000000  0.00000000  0.00374532  0.17228464  0.00000000  0.04494382  0.00000000  0.00000000  0.00000000  0.00000000 
  0.00000000  0.10236220  0.00000000  0.00000000  0.00000000  0.15652174  0.00000000  0.03478261  0.00000000  0.00000000  0.00000000  0.00000000 
  0.00000000  0.17931034  0.00000000  0.00000000  0.00000000  0.21176471  0.00000000  0.04705882  0.00000000  0.00000000  0.00000000  0.00000000 
  0.00808625  0.14285714  0.00000000  0.00000000  0.00000000  0.19344262  0.00000000  0.06885246  0.00000000  0.00000000  0.00000000  0.00000000 
  0.00271739  0.14945652  0.00000000  0.00000000  0.00000000  0.21985816  0.00000000  0.04964539  0.00000000  0.00000000  0.00000000  0.00000000 
  0.00515464  0.15206186  0.00000000  0.00000000  0.00000000  0.17549669  0.00000000  0.03642384  0.00000000  0.00000000  0.00000000  0.00000000 
  0.00230415  0.13594470  0.00000000  0.00000000  0.00000000  0.17571885  0.00000000  0.02236422  0.00000000  0.00000000  0.00000000  0.00000000 
  0.00612245  0.09183673  0.00000000  0.00000000  0.00000000  0.15337423  0.00000000  0.03067485  0.00000000  0.00000000  0.00000000  0.00000000 
  0.00397614  0.09940358  0.00000000  0.00000000  0.00000000  0.13421053  0.00000000  0.02368421  0.00000000  0.00000000  0.00000000  0.00000000 
  0.00233645  0.15186916  0.00000000  0.00000000  0.00000000  0.17404130  0.00000000  0.01474926  0.00000000  0.00000000  0.00000000  0.00000000 
  0.00773196  0.09536082  0.00000000  0.00000000  0.00000000  0.09963100  0.00000000  0.01845018  0.00000000  0.00000000  0.00000000  0.00000000 
  0.00000000  0.09148936  0.00000000  0.00000000  0.00000000  0.08201893  0.00000000  0.01261830  0.00000000  0.00000000  0.00000000  0.00000000 
  0.00000000  0.08254717  0.00000000  0.00000000  0.00000000  0.13583815  0.00000000  0.02312139  0.00000000  0.00000000  0.00000000  0.00000000 
  0.00265957  0.07978723  0.00000000  0.00000000  0.00000000  0.10227273  0.00000000  0.01420455  0.00000000  0.00000000  0.00000000  0.00000000 
  0.00707965  0.02831858  0.00000000  0.00000000  0.00000000  0.01970443  0.00000000  0.00000000  0.00000000  0.00000000  0.00000000  0.00000000 
  0.00000000  0.01492537  0.00000000  0.00000000  0.00000000  0.01604278  0.00000000  0.00000000  0.00000000  0.00000000  0.00000000  0.00000000 
  0.00167785  0.00671141  0.00000000  0.00000000  0.00000000  0.01250000  0.00250000  0.00000000  0.00000000  0.00000000  0.00000000  0.00000000 
  0.00304878  0.01067073  0.00000000  0.00000000  0.00000000  0.00514139  0.00000000  0.00000000  0.00000000  0.00000000  0.00000000  0.00000000 
  0.00790514  0.00988142  0.00000000  0.00000000  0.00000000  0.01312336  0.00000000  0.00000000  0.00000000  0.00000000  0.00000000  0.00000000 
  0.00000000  0.04849885  0.00000000  0.00000000  0.00000000  0.05263158  0.00000000  0.00000000  0.00000000  0.00000000  0.00000000  0.00000000 
  0.00721154  0.10096154  0.00000000  0.00000000  0.00000000  0.11235955  0.00000000  0.04494382  0.00000000  0.00000000  0.00000000  0.00000000 
  0.00301205  0.15060241  0.00000000  0.00000000  0.00000000  0.16143498  0.00000000  0.05381166  0.00000000  0.00000000  0.00000000  0.00000000 
  0.00470588  0.16470588  0.00000000  0.00000000  0.00000000  0.10389610  0.00000000  0.00865801  0.00000000  0.00000000  0.00000000  0.00000000 
  0.00435730  0.11111111  0.00000000  0.00000000  0.00000000  0.11304348  0.00000000  0.01739130  0.00000000  0.00000000  0.00000000  0.00000000 
  0.00200000  0.12000000  0.00000000  0.00000000  0.00000000  0.09890110  0.00000000  0.00732601  0.00000000  0.00000000  0.00000000  0.00000000 
