  0.00328947  0.22368421  0.00000000  0.00000000  0.00000000  0.15517241  0.00000000  0.10344828  0.00000000  0.00000000  0.00000000  0.00000000 
  0.00000000  0.19354839  0.00000000  0.00000000  0.00000000  0.12574850  0.00000000  0.06586826  0.00000000  0.00000000  0.00000000  0.00000000 
  0.00298507  0.19104478  0.00000000  0.00000000  0.00000000  0.21229050  0.00000000  0.03351955  0.00000000  0.00000000  0.00000000  0.00000000 
  0.00000000  0.15654952  0.00000000  0.00000000  0.00000000  0.16574586  0.00000000  0.08287293  0.00000000  0.00000000  0.00000000  0.00000000 
  0.00000000  0.12258065  0.00000000  0.00000000  0.00000000  0.19512195  0.00000000  0.06707317  0.00000000  0.00000000  0.00000000  0.00000000 
  0.00000000  0.10891089  0.00000000  0.00000000  0.00000000  0.16666667  0.00000000  0.03333333  0.00000000  0.00000000  0.00000000  0.00000000 
  0.00000000  0.12987013  0.00000000  0.00000000  0.00000000  0.16058394  0.00000000  0.02189781  0.00000000  0.00000000  0.00000000  0.00000000 
  0.00400000  0.16000000  0.00000000  0.00000000  0.00000000  0.19018405  0.00000000  0.04294479  0.00000000  0.00000000  0.00000000  0.00000000 
  0.00873362  0.10917031  0.00000000  0.00000000  0.00000000  0.19379845  0.00000000  0.03875969  0.00000000  0.00000000  0.00000000  0.00000000 
  0.00000000  0.16289593  0.00000000  0.00000000  0.00000000  0.18354430  0.00000000  0.03797468  0.00000000  0.00000000  0.00000000  0.00000000 
  0.00000000  0.18000000  0.00000000  0.00000000  0.00000000  0.22560976  0.00000000  0.06097561  0.00000000  0.00000000  0.00000000  0.00000000 
  0.00000000  0.11504425  0.00000000  0.00000000  0.00000000  0.21264368  0.00000000  0.08620690  0.00000000  0.00000000  0.00000000  0.00000000 
  0.00000000  0.20121951  0.00000000  0.00000000  0.00000000  0.18957346  0.00000000  0.08530806  0.00000000  0.00000000  0.00000000  0.00000000 
  0.00651466  0.13029316  0.00000000  0.00000000  0.00000000  0.21717172  0.00000000  0.06060606  0.00000000  0.00000000  0.00000000  0.00000000 
  0.00000000  0.12275449  0.00000000  0.00000000  0.00000000  0.27380952  0.00000000  0.05952381  0.00000000  0.00000000  0.00000000  0.00000000 
  0.00314465  0.13207547  0.00000000  0.00000000  0.00000000  0.26589595  0.00000000  0.03468208  0.00000000  0.00000000  0.00000000  0.00000000 
  0.00000000  0.16666667  0.00000000  0.00000000  0.00000000  0.14457831  0.00000000  0.04819277  0.00000000  0.00000000  0.00000000  0.00000000 
  0.00350877  0.20000000  0.00000000  0.00000000  0.00000000  0.25988701  0.00000000  0.07344633  0.00000000  0.00000000  0.00000000  0.00000000 
  0.00000000  0.18081181  0.00000000  0.00000000  0.00000000  0.23474178  0.00000000  0.05164319  0.00000000  0.00000000  0.00000000  0.00000000 
  0.00458716  0.21559633  0.00000000  0.00000000  0.00000000  0.19631902  0.00000000  0.04907975  0.00000000  0.00000000  0.00000000  0.00000000 
  0.00000000  0.16785714  0.00000000  0.00000000  0.00000000  0.19310345  0.00000000  0.04137931  0.00000000  0.00000000  0.00000000  0.00000000 
  0.00000000  0.10407240  0.00000000  0.00000000  0.00000000  0.20245399  0.00000000  0.07975460  0.00000000  0.00000000  0.00000000  0.00000000 
  0.00000000  0.10377358  0.00000000  0.00000000  0.00000000  0.20000000  0.00000000  0.07096774  0.00000000  0.00000000  0.00000000  0.00000000 
  0.00000000  0.17676768  0.00000000  0.00000000  0.00000000  0.11194030  0.00000000  0.03731343  0.00000000  0.00000000  0.00000000  0.00000000 
  0.00000000  0.15525114  0.00000000  0.00000000  0.00000000  0.20863309  0.00000000  0.07913669  0.00000000  0.00000000  0.00000000  0.00000000 
  0.00000000  0.23043478  0.00000000  0.00000000  0.00000000  0.19858156  0.00000000  0.07092199  0.00000000  0.00000000  0.00000000  0.00000000 
  0.00000000  0.21428571  0.00000000  0.00000000  0.00000000  0.16666667  0.00000000  0.03125000  0.00000000  0.00000000  0.00000000  0.00000000 
  0.00000000  0.05825243  0.00000000  0.00000000  0.00000000  0.16417910  0.00000000  0.00000000  0.00000000  0.00000000  0.00000000  0.00000000 
  0.00000000  0.05813953  0.00000000  0.00000000  0.00000000  0.22641509  0.00000000  0.01886792  0.00000000  0.00000000  0.00000000  0.00000000 
  0.00000000  0.04597701  0.00000000  0.00000000  0.00000000  0.21739130  0.00000000  0.00000000  0.00000000  0.00000000  0.00000000  0.00000000 
  0.00000000  0.03361345  0.00000000  0.00000000  0.00000000  0.17000000  0.00000000  0.00000000  0.00000000  0.00000000  0.00000000  0.00000000 
  0.00000000  0.08461538  0.00000000  0.00000000  0.00000000  0.21739130  0.00000000  0.00000000  0.00000000  0.00000000  0.00000000  0.00000000 
  0.00000000  0.05882353  0.00000000  0.00000000  0.00000000  0.19791667  0.00000000  0.01041667  0.00000000  0.00000000  0.00000000  0.00000000 
  0.00000000  0.05084746  0.00000000  0.00000000  0.00000000  0.28571429  0.00000000  0.01904762  0.00000000  0.00000000  0.00000000  0.00000000 
  0.00628931  0.11320755  0.00000000  0.00000000  0.00000000  0.12962963  0.00000000  0.02777778  0.00000000  0.00000000  0.00000000  0.00000000 
  0.00000000  0.05839416  0.00000000  0.00000000  0.00000000  0.11000000  0.00000000  0.03000000  0.00000000  0.00000000  0.00000000  0.00000000 
  0.00000000  0.20388350  0.00000000  0.00000000  0.00000000  0.12068966  0.00000000  0.08620690  0.00000000  0.00000000  0.00000000  0.00000000 
  0.00000000  0.14559387  0.00000000  0.00000000  0.00000000  0.12903226  0.00000000  0.02688172  0.00000000  0.00000000  0.00000000  0.00000000 
  0.00000000  0.10256410  0.00000000  0.00000000  0.00000000  0.12765957  0.00000000  0.02127660  0.00000000  0.00000000  0.00000000  0.00000000 
  0.00000000  0.10270270  0.00000000  0.00000000  0.00000000  0.14529915  0.00000000  0.00854701  0.00000000  0.00000000  0.00000000  0.00000000 
  0.00000000  0.06986900  0.00000000  0.00000000  0.00000000  0.12068966  0.00000000  0.01149425  0.00000000  0.00000000  0.00000000  0.00000000 
  0.00000000  0.12807882  0.00000000  0.00000000  0.00000000  0.15436242  0.00000000  0.02684564  0.00000000  0.00000000  0.00000000  0.00000000 
  0.00000000  0.07109005  0.00000000  0.00000000  0.00000000  0.14705882  0.00000000  0.02205882  0.00000000  0.00000000  0.00000000  0.00000000 
  0.00000000  0.08606557  0.00000000  0.00000000  0.00000000  0.08965517  0.00000000  0.00000000  0.00000000  0.00000000  0.00000000  0.00000000 
  0.00000000  0.00000000  0.00000000  0.00000000  0.00000000  0.23913043  0.00000000  0.01086957  0.00000000  0.00000000  0.00000000  0.00000000 
  0.00000000  0.04854369  0.00000000  0.00000000  0.00000000  0.09433962  0.00000000  0.00000000  0.00000000  0.00000000  0.00000000  0.00000000 
  0.00000000  0.05882353  0.00000000  0.00000000  0.00000000  0.18309859  0.00000000  0.01408451  0.00000000  0.00000000  0.00000000  0.00000000 
  0.00000000  0.05000000  0.00000000  0.00000000  0.00000000  0.11111111  0.00000000  0.00000000  0.00000000  0.00000000  0.00000000  0.00000000 
  0.00000000  0.04838710  0.00000000  0.00000000  0.01923077  0.05769231  0.00000000  0.00000000  0.00000000  0.00000000  0.00000000  0.00000000 
