  0.00000000  0.14348786  0.00000000  0.00000000  0.00000000  0.30935252  0.00000000  0.11510791  0.00000000  0.00000000  0.00000000  0.00000000 
  0.00214592  0.18454936  0.00000000  0.00000000  0.00000000  0.22388060  0.00000000  0.08955224  0.00000000  0.00000000  0.00000000  0.00000000 
  0.00000000  0.16753022  0.00000000  0.00000000  0.00000000  0.25000000  0.00000000  0.03000000  0.00000000  0.00000000  0.00000000  0.00000000 
  0.00000000  0.19112628  0.00000000  0.00000000  0.00000000  0.21693122  0.00000000  0.05820106  0.00000000  0.00000000  0.00000000  0.00000000 
  0.00000000  0.18750000  0.00000000  0.00000000  0.00000000  0.30718954  0.00000000  0.07189542  0.00000000  0.00000000  0.00000000  0.00000000 
  0.00177305  0.16843972  0.00000000  0.00000000  0.00000000  0.23936170  0.00000000  0.07978723  0.00000000  0.00000000  0.00000000  0.00000000 
  0.00000000  0.17668488  0.00000000  0.00000000  0.00000000  0.27071823  0.00000000  0.03867403  0.00000000  0.00000000  0.00000000  0.00000000 
  0.00000000  0.13333333  0.00000000  0.00000000  0.00000000  0.17213115  0.00000000  0.04098361  0.00000000  0.00000000  0.00000000  0.00000000 
  0.00000000  0.19287212  0.00000000  0.00000000  0.00000000  0.19480519  0.00000000  0.07142857  0.00000000  0.00000000  0.00000000  0.00000000 
  0.00155521  0.15863142  0.00000000  0.00000000  0.00000000  0.30769231  0.00000000  0.04945055  0.00000000  0.00000000  0.00000000  0.00000000 
  0.00195695  0.14090020  0.00000000  0.00000000  0.00000000  0.21505376  0.00000000  0.04838710  0.00000000  0.00000000  0.00000000  0.00000000 
  0.00000000  0.16062176  0.00000000  0.00000000  0.00000000  0.26011561  0.00000000  0.04624277  0.00000000  0.00000000  0.00000000  0.00000000 
  0.00000000  0.14925373  0.00000000  0.00000000  0.00000000  0.19696970  0.00000000  0.09090909  0.00000000  0.00000000  0.00000000  0.00000000 
  0.00196850  0.11023622  0.00000000  0.00000000  0.00000000  0.19117647  0.00000000  0.05147059  0.00000000  0.00000000  0.00000000  0.00000000 
  0.00000000  0.14030612  0.00000000  0.00000000  0.00000000  0.27358491  0.00000000  0.04716981  0.00000000  0.00000000  0.00000000  0.00000000 
  0.00220751  0.18984547  0.00000000  0.00000000  0.00000000  0.27559055  0.00000000  0.08661417  0.00000000  0.00000000  0.00000000  0.00000000 
  0.00203252  0.19105691  0.00000000  0.00000000  0.00000000  0.23456790  0.00000000  0.05555556  0.00000000  0.00000000  0.00000000  0.00000000 
  0.00000000  0.16034483  0.00000000  0.00000000  0.00000000  0.27777778  0.00000000  0.05555556  0.00000000  0.00000000  0.00000000  0.00000000 
  0.00000000  0.13533835  0.00000000  0.00000000  0.00000000  0.28289474  0.00000000  0.07236842  0.00000000  0.00000000  0.00000000  0.00000000 
  0.00000000  0.13356164  0.00000000  0.00000000  0.00000000  0.15107914  0.00000000  0.02158273  0.00000000  0.00000000  0.00000000  0.00000000 
  0.00000000  0.16527197  0.00000000  0.00000000  0.00000000  0.21818182  0.00000000  0.05454545  0.00000000  0.00000000  0.00000000  0.00000000 
  0.00157233  0.13993711  0.00000000  0.00000000  0.00000000  0.23636364  0.00000000  0.01818182  0.00000000  0.00000000  0.00000000  0.00000000 
  0.00511945  0.15699659  0.00000000  0.00000000  0.00000000  0.19607843  0.00000000  0.08496732  0.00000000  0.00000000  0.00000000  0.00000000 
  0.00294551  0.20765832  0.00000000  0.00000000  0.00000000  0.27368421  0.00000000  0.06315789  0.00000000  0.00000000  0.00000000  0.00000000 
  0.00000000  0.16842105  0.00000000  0.00000000  0.00000000  0.19526627  0.00000000  0.05325444  0.00000000  0.00000000  0.00000000  0.00000000 
  0.00000000  0.12341198  0.00000000  0.00000000  0.00000000  0.22155689  0.00000000  0.04790419  0.00000000  0.00000000  0.00000000  0.00000000 
  0.00000000  0.13968958  0.00000000  0.00000000  0.00000000  0.33707865  0.00000000  0.04494382  0.00000000  0.00000000  0.00000000  0.00000000 
  0.00000000  0.13855422  0.00000000  0.00000000  0.00000000  0.26086957  0.00000000  0.07971014  0.00000000  0.00000000  0.00000000  0.00000000 
  0.00000000  0.15398551  0.00000000  0.00000000  0.00000000  0.25984252  0.00000000  0.06299213  0.00000000  0.00000000  0.00000000  0.00000000 
  0.00000000  0.15636364  0.00000000  0.00000000  0.00000000  0.26515152  0.00000000  0.03787879  0.00000000  0.00000000  0.00000000  0.00000000 
  0.00000000  0.11350294  0.00000000  0.00000000  0.00000000  0.22222222  0.00000000  0.04320988  0.00000000  0.00000000  0.00000000  0.00000000 
  0.00000000  0.13157895  0.00000000  0.00000000  0.00000000  0.20710059  0.00000000  0.05917160  0.00000000  0.00000000  0.00000000  0.00000000 
  0.00173310  0.13518198  0.00000000  0.00000000  0.00000000  0.21686747  0.00000000  0.02409639  0.00000000  0.00000000  0.00000000  0.00000000 
  0.00000000  0.12136752  0.00000000  0.00000000  0.00000000  0.25531915  0.00000000  0.05673759  0.00000000  0.00000000  0.00000000  0.00000000 
  0.00153374  0.15490798  0.00000000  0.00000000  0.00000000  0.22346369  0.00000000  0.04469274  0.00000000  0.00000000  0.00000000  0.00000000 
  0.00000000  0.11627907  0.00000000  0.00000000  0.00000000  0.24503311  0.00000000  0.06622517  0.00000000  0.00000000  0.00000000  0.00000000 
  0.00171527  0.13379074  0.00000000  0.00000000  0.00000000  0.22413793  0.00000000  0.05172414  0.00000000  0.00000000  0.00000000  0.00000000 
  0.00000000  0.17973856  0.00000000  0.00000000  0.00000000  0.22167488  0.00000000  0.03940887  0.00000000  0.00000000  0.00000000  0.00000000 
  0.00170648  0.11092150  0.00000000  0.00000000  0.00000000  0.22619048  0.00000000  0.05952381  0.00000000  0.00000000  0.00000000  0.00000000 
  0.00000000  0.19532554  0.00000000  0.00000000  0.00000000  0.26373626  0.00000000  0.04945055  0.00000000  0.00000000  0.00000000  0.00000000 
  0.00149477  0.16890882  0.00000000  0.00000000  0.00000000  0.28108108  0.00000000  0.05405405  0.00000000  0.00000000  0.00000000  0.00000000 
  0.00153846  0.15846154  0.00000000  0.00000000  0.00000000  0.24861878  0.00000000  0.03314917  0.00000000  0.00000000  0.00000000  0.00000000 
  0.00000000  0.14123377  0.00000000  0.00000000  0.00000000  0.26903553  0.00000000  0.05583756  0.00000000  0.00000000  0.00000000  0.00000000 
  0.00166667  0.12500000  0.00000000  0.00000000  0.00000000  0.20689655  0.00000000  0.02298851  0.00000000  0.00000000  0.00000000  0.00000000 
  0.00000000  0.15462428  0.00000000  0.00000000  0.00000000  0.29831933  0.00000000  0.05462185  0.00000000  0.00000000  0.00000000  0.00000000 
  0.00000000  0.15201192  0.00000000  0.00000000  0.00000000  0.26886792  0.00000000  0.07547170  0.00000000  0.00000000  0.00000000  0.00000000 
  0.00289436  0.18234443  0.00000000  0.00000000  0.00000000  0.22395833  0.00000000  0.06250000  0.00000000  0.00000000  0.00000000  0.00000000 
  0.00000000  0.13793103  0.00000000  0.00000000  0.00000000  0.25210084  0.00000000  0.03781513  0.00000000  0.00000000  0.00000000  0.00000000 
  0.00000000  0.18333333  0.00000000  0.00000000  0.00000000  0.23618090  0.00000000  0.02512563  0.00000000  0.00000000  0.00000000  0.00000000 
  0.00000000  0.15249663  0.00000000  0.00000000  0.00000000  0.21546961  0.00000000  0.07734807  0.00000000  0.00000000  0.00000000  0.00000000 
  0.00154560  0.17928903  0.00000000  0.00000000  0.00000000  0.24277457  0.00000000  0.06358382  0.00000000  0.00000000  0.00000000  0.00000000 
  0.00348432  0.14982578  0.00000000  0.00000000  0.00000000  0.25531915  0.00000000  0.06914894  0.00000000  0.00000000  0.00000000  0.00000000 
  0.00000000  0.13744076  0.00000000  0.00000000  0.00000000  0.21925134  0.00000000  0.03743316  0.00000000  0.00000000  0.00000000  0.00000000 
  0.00195695  0.16829746  0.00000000  0.00000000  0.00000000  0.26203209  0.00000000  0.02673797  0.00000000  0.00000000  0.00000000  0.00000000 
  0.00000000  0.13671875  0.00000000  0.00000000  0.00000000  0.27819549  0.00000000  0.06015038  0.00000000  0.00000000  0.00000000  0.00000000 
  0.00158730  0.14761905  0.00000000  0.00000000  0.00000000  0.18079096  0.00000000  0.05084746  0.00000000  0.00000000  0.00000000  0.00000000 
  0.00000000  0.18548387  0.00000000  0.00000000  0.00000000  0.27853881  0.00000000  0.08219178  0.00000000  0.00000000  0.00000000  0.00000000 
  0.00000000  0.14573643  0.00000000  0.00000000  0.00000000  0.18072289  0.00000000  0.04819277  0.00000000  0.00000000  0.00000000  0.00000000 
  0.00173611  0.17187500  0.00000000  0.00000000  0.00000000  0.19892473  0.00000000  0.06989247  0.00000000  0.00000000  0.00000000  0.00000000 
  0.00153610  0.17665131  0.00000000  0.00000000  0.00000000  0.16504854  0.00000000  0.07766990  0.00000000  0.00000000  0.00000000  0.00000000 
  0.00000000  0.14029851  0.00000000  0.00000000  0.00000000  0.19047619  0.00000000  0.03333333  0.00000000  0.00000000  0.00000000  0.00000000 
  0.00000000  0.13687601  0.00000000  0.00000000  0.00000000  0.23809524  0.00000000  0.04761905  0.00000000  0.00000000  0.00000000  0.00000000 
  0.00151745  0.16540212  0.00000000  0.00000000  0.00000000  0.21000000  0.00000000  0.03500000  0.00000000  0.00000000  0.00000000  0.00000000 
  0.00000000  0.13957307  0.00000000  0.00000000  0.00000000  0.23188406  0.00000000  0.03623188  0.00000000  0.00000000  0.00000000  0.00000000 
  0.00268817  0.15053763  0.00000000  0.00000000  0.00000000  0.22641509  0.00000000  0.03018868  0.00000000  0.00000000  0.00000000  0.00000000 
  0.00000000  0.18918919  0.00000000  0.00000000  0.00000000  0.25943396  0.00000000  0.07075472  0.00000000  0.00000000  0.00000000  0.00000000 
  0.00000000  0.11157025  0.00000000  0.00000000  0.00000000  0.21982759  0.00000000  0.03448276  0.00000000  0.00000000  0.00000000  0.00000000 
  0.00000000  0.14487179  0.00000000  0.00000000  0.00000000  0.20975610  0.00000000  0.05365854  0.00000000  0.00000000  0.00000000  0.00000000 
  0.00125471  0.14429109  0.00000000  0.00000000  0.00000000  0.21428571  0.00000000  0.04017857  0.00000000  0.00000000  0.00000000  0.00000000 
  0.00000000  0.12755102  0.00000000  0.00000000  0.00000000  0.21590909  0.00000000  0.04545455  0.00000000  0.00000000  0.00000000  0.00000000 
  0.00117233  0.14067995  0.00000000  0.00000000  0.00000000  0.21428571  0.00000000  0.05714286  0.00000000  0.00000000  0.00000000  0.00000000 
  0.00000000  0.15656566  0.00000000  0.00000000  0.00000000  0.21825397  0.00000000  0.03174603  0.00000000  0.00000000  0.00000000  0.00000000 
  0.00121065  0.16585956  0.00000000  0.00000000  0.00000000  0.25000000  0.00000000  0.03378378  0.00000000  0.00000000  0.00000000  0.00000000 
  0.00117509  0.17038778  0.00000000  0.00000000  0.00000000  0.20610687  0.00000000  0.04580153  0.00000000  0.00000000  0.00000000  0.00000000 
  0.00000000  0.16666667  0.00000000  0.00000000  0.00000000  0.20168067  0.00000000  0.05882353  0.00000000  0.00000000  0.00000000  0.00000000 
  0.00126743  0.15209125  0.00000000  0.00000000  0.00000000  0.23430962  0.00000000  0.06694561  0.00000000  0.00000000  0.00000000  0.00000000 
  0.00196464  0.14833006  0.00000000  0.00000000  0.00000000  0.24615385  0.00000000  0.05846154  0.00000000  0.00000000  0.00000000  0.00000000 
  0.00000000  0.13027295  0.00000000  0.00000000  0.00000000  0.23220974  0.00000000  0.02621723  0.00000000  0.00000000  0.00000000  0.00000000 
  0.00000000  0.15412186  0.00000000  0.00000000  0.00000000  0.25510204  0.00000000  0.03741497  0.00000000  0.00000000  0.00000000  0.00000000 
  0.00119617  0.11363636  0.00000000  0.00000000  0.00000000  0.22181818  0.00000000  0.05454545  0.00000000  0.00000000  0.00000000  0.00000000 
  0.00105820  0.15238095  0.00000000  0.00000000  0.00000000  0.25396825  0.00000000  0.04444444  0.00000000  0.00000000  0.00000000  0.00000000 
  0.00101215  0.14574899  0.00000000  0.00000000  0.00000000  0.22699387  0.00000000  0.07975460  0.00000000  0.00000000  0.00000000  0.00000000 
  0.00204499  0.11451943  0.00000000  0.00000000  0.00000000  0.18666667  0.00000000  0.03666667  0.00000000  0.00000000  0.00000000  0.00000000 
