  0.00000000  0.02515723  0.00000000  0.00000000  0.00000000  0.07812500  0.00000000  0.01562500  0.00000000  0.00000000  0.00000000  0.00000000 
  0.00000000  0.05389222  0.00000000  0.00000000  0.00000000  0.17142857  0.00000000  0.01428571  0.00000000  0.00000000  0.00000000  0.00000000 
  0.00000000  0.02721088  0.00000000  0.00000000  0.00000000  0.00000000  0.00000000  0.01538462  0.00000000  0.00000000  0.00000000  0.00000000 
  0.00000000  0.01904762  0.00000000  0.00000000  0.00000000  0.11666667  0.00000000  0.00000000  0.00000000  0.00000000  0.00000000  0.00000000 
  0.00000000  0.07142857  0.00000000  0.00000000  0.00000000  0.11320755  0.00000000  0.01886792  0.00000000  0.00000000  0.00000000  0.00000000 
  0.00000000  0.01724138  0.00000000  0.00000000  0.00000000  0.05940594  0.00000000  0.00000000  0.00000000  0.00000000  0.00000000  0.00000000 
  0.00000000  0.01522843  0.00000000  0.00000000  0.00000000  0.07407407  0.00000000  0.00000000  0.00000000  0.00000000  0.00000000  0.00000000 
  0.00000000  0.01092896  0.00000000  0.00000000  0.00000000  0.07766990  0.00000000  0.00000000  0.00000000  0.00000000  0.00000000  0.00000000 
  0.00591716  0.01775148  0.00000000  0.00000000  0.01030928  0.03092784  0.00000000  0.02061856  0.00000000  0.00000000  0.00000000  0.00000000 
  0.00000000  0.00000000  0.00000000  0.00000000  0.00000000  0.06493506  0.00000000  0.00000000  0.00000000  0.00000000  0.00000000  0.00000000 
  0.00000000  0.04188482  0.00000000  0.00000000  0.00000000  0.06250000  0.00000000  0.02500000  0.00000000  0.00000000  0.00000000  0.00000000 
  0.00000000  0.00813008  0.00000000  0.00000000  0.00000000  0.07017544  0.00000000  0.00000000  0.00000000  0.00000000  0.00000000  0.00000000 
  0.00000000  0.01574803  0.00000000  0.00000000  0.00000000  0.07272727  0.00000000  0.00000000  0.00000000  0.00000000  0.00000000  0.00000000 
  0.00000000  0.04800000  0.00000000  0.00000000  0.00000000  0.09722222  0.00000000  0.01388889  0.00000000  0.00000000  0.00000000  0.00000000 
  0.00000000  0.06369427  0.00000000  0.00000000  0.00000000  0.08219178  0.00000000  0.02739726  0.00000000  0.00000000  0.00000000  0.00000000 
  0.00000000  0.01986755  0.00000000  0.00000000  0.00000000  0.07246377  0.00000000  0.00000000  0.00000000  0.00000000  0.00000000  0.00000000 
  0.00000000  0.00653595  0.00000000  0.00000000  0.00000000  0.07865169  0.00000000  0.00000000  0.00000000  0.00000000  0.00000000  0.00000000 
  0.00000000  0.03883495  0.00000000  0.00000000  0.00000000  0.06451613  0.00000000  0.00000000  0.00000000  0.00000000  0.00000000  0.00000000 
  0.00000000  0.04918033  0.00000000  0.00000000  0.01562500  0.04687500  0.00000000  0.03125000  0.00000000  0.00000000  0.00000000  0.00000000 
  0.00000000  0.01219512  0.00000000  0.00000000  0.00000000  0.05263158  0.00000000  0.00000000  0.00000000  0.00000000  0.00000000  0.00000000 
  0.00000000  0.06306306  0.00000000  0.00000000  0.00000000  0.20930233  0.00000000  0.00000000  0.00000000  0.00000000  0.00000000  0.00000000 
  0.00000000  0.08235294  0.00000000  0.00000000  0.00000000  0.02325581  0.00000000  0.00000000  0.00000000  0.00000000  0.00000000  0.00000000 
  0.00000000  0.01149425  0.00000000  0.00000000  0.00000000  0.02564103  0.00000000  0.00000000  0.00000000  0.00000000  0.00000000  0.00000000 
  0.00000000  0.02197802  0.00000000  0.00000000  0.00000000  0.05405405  0.00000000  0.00000000  0.00000000  0.00000000  0.00000000  0.00000000 
  0.00000000  0.05769231  0.00000000  0.00000000  0.00000000  0.00000000  0.00000000  0.00000000  0.00000000  0.00000000  0.00000000  0.00000000 
  0.00000000  0.00000000  0.00000000  0.00000000  0.00000000  0.08333333  0.00000000  0.00000000  0.00000000  0.00000000  0.00000000  0.00000000 
  0.00000000  0.00000000  0.00000000  0.00000000  0.00000000  0.00000000  0.00000000  0.00000000  0.00000000  0.00000000  0.00000000  0.00000000 
  0.00000000  0.00000000  0.00000000  0.00000000  0.00000000  0.06666667  0.00000000  0.00000000  0.00000000  0.00000000  0.00000000  0.00000000 
  0.00000000  0.02564103  0.00000000  0.00000000  0.00000000  0.02631579  0.00000000  0.00000000  0.00000000  0.00000000  0.00000000  0.00000000 
  0.00000000  0.01515152  0.00000000  0.00000000  0.00000000  0.09090909  0.00000000  0.00000000  0.00000000  0.00000000  0.00000000  0.00000000 
  0.00000000  0.04347826  0.00000000  0.00000000  0.00000000  0.03030303  0.00000000  0.00000000  0.00000000  0.00000000  0.00000000  0.00000000 
  0.00000000  0.03846154  0.00000000  0.00000000  0.00000000  0.08000000  0.00000000  0.04000000  0.00000000  0.00000000  0.00000000  0.00000000 
  0.00000000  0.07692308  0.00000000  0.00000000  0.00000000  0.00000000  0.00000000  0.02173913  0.00000000  0.00000000  0.00000000  0.00000000 
  0.00000000  0.02597403  0.00000000  0.00000000  0.00000000  0.06818182  0.00000000  0.00000000  0.00000000  0.00000000  0.00000000  0.00000000 
  0.00000000  0.03125000  0.00000000  0.00000000  0.00000000  0.03508772  0.00000000  0.00000000  0.00000000  0.00000000  0.00000000  0.00000000 
  0.00000000  0.01052632  0.00000000  0.00000000  0.00000000  0.05555556  0.00000000  0.00000000  0.00000000  0.00000000  0.00000000  0.00000000 
  0.00000000  0.07812500  0.00000000  0.00000000  0.00000000  0.02777778  0.00000000  0.00000000  0.00000000  0.00000000  0.00000000  0.00000000 
  0.00869565  0.03478261  0.00000000  0.00000000  0.00000000  0.09090909  0.00000000  0.00000000  0.00000000  0.00000000  0.00000000  0.00000000 
  0.00000000  0.01162791  0.00000000  0.00000000  0.00000000  0.10869565  0.00000000  0.02173913  0.00000000  0.00000000  0.00000000  0.00000000 
  0.00000000  0.05813953  0.00000000  0.00000000  0.00000000  0.02631579  0.00000000  0.02631579  0.00000000  0.00000000  0.00000000  0.00000000 
  0.00000000  0.01075269  0.00000000  0.00000000  0.00000000  0.06521739  0.00000000  0.00000000  0.00000000  0.00000000  0.00000000  0.00000000 
  0.00000000  0.02150538  0.00000000  0.00000000  0.00000000  0.00000000  0.00000000  0.00000000  0.00000000  0.00000000  0.00000000  0.00000000 
  0.00000000  0.06666667  0.00000000  0.00000000  0.00000000  0.06557377  0.00000000  0.00000000  0.00000000  0.00000000  0.00000000  0.00000000 
  0.00000000  0.00000000  0.00000000  0.00000000  0.00000000  0.06122449  0.00000000  0.00000000  0.00000000  0.00000000  0.00000000  0.00000000 
  0.00000000  0.05747126  0.00000000  0.00000000  0.00000000  0.04761905  0.00000000  0.02380952  0.00000000  0.00000000  0.00000000  0.00000000 
  0.00000000  0.05263158  0.00000000  0.00000000  0.00000000  0.03448276  0.00000000  0.00000000  0.00000000  0.00000000  0.00000000  0.00000000 
  0.00000000  0.06060606  0.00000000  0.00000000  0.00000000  0.04347826  0.00000000  0.00000000  0.00000000  0.00000000  0.00000000  0.00000000 
  0.00000000  0.00000000  0.00000000  0.00000000  0.00000000  0.08333333  0.00000000  0.00000000  0.00000000  0.00000000  0.00000000  0.00000000 
  0.00000000  0.01333333  0.00000000  0.00000000  0.00000000  0.02040816  0.00000000  0.00000000  0.00000000  0.00000000  0.00000000  0.00000000 
  0.00000000  0.01136364  0.00000000  0.00000000  0.00000000  0.03030303  0.00000000  0.00000000  0.00000000  0.00000000  0.00000000  0.00000000 
  0.00000000  0.00000000  0.00000000  0.00000000  0.00000000  0.07142857  0.00000000  0.07142857  0.00000000  0.00000000  0.00000000  0.00000000 
  0.00000000  0.00000000  0.00000000  0.00000000  0.00000000  0.03703704  0.00000000  0.00000000  0.00000000  0.00000000  0.00000000  0.00000000 
  0.00000000  0.00000000  0.00000000  0.00000000  0.00000000  0.15384615  0.00000000  0.00000000  0.00000000  0.00000000  0.00000000  0.00000000 
  0.00000000  0.01818182  0.00000000  0.00000000  0.00000000  0.16666667  0.00000000  0.00000000  0.00000000  0.00000000  0.00000000  0.00000000 
  0.00000000  0.02702703  0.00000000  0.00000000  0.00000000  0.00000000  0.00000000  0.00000000  0.00000000  0.00000000  0.00000000  0.00000000 
  0.00000000  0.00000000  0.00000000  0.00000000  0.00000000  0.00000000  0.00000000  0.00000000  0.00000000  0.00000000  0.00000000  0.00000000 
  0.00000000  0.00000000  0.00000000  0.00000000  0.00000000  0.11764706  0.00000000  0.00000000  0.00000000  0.00000000  0.00000000  0.00000000 
  0.00000000  0.03703704  0.00000000  0.00000000  0.00000000  0.00000000  0.00000000  0.00000000  0.00000000  0.00000000  0.00000000  0.00000000 
  0.00000000  0.00000000  0.00000000  0.00000000  0.00000000  0.00000000  0.00000000  0.00000000  0.00000000  0.00000000  0.00000000  0.00000000 
  0.00000000  0.04347826  0.00000000  0.00000000  0.00000000  0.18750000  0.00000000  0.00000000  0.00000000  0.00000000  0.00000000  0.00000000 
  0.00000000  0.00000000  0.00000000  0.00000000  0.00000000  0.05882353  0.00000000  0.00000000  0.00000000  0.00000000  0.00000000  0.00000000 
  0.00000000  0.00000000  0.00000000  0.00000000  0.00000000  0.04545455  0.00000000  0.00000000  0.00000000  0.00000000  0.00000000  0.00000000 
  0.00000000  0.00000000  0.00000000  0.00000000  0.00000000  0.07142857  0.00000000  0.00000000  0.00000000  0.00000000  0.00000000  0.00000000 
  0.00000000  0.00000000  0.00000000  0.00000000  0.00000000  0.00000000  0.00000000  0.00000000  0.00000000  0.00000000  0.00000000  0.00000000 
  0.00000000  0.00000000  0.00000000  0.00000000  0.00000000  0.12500000  0.00000000  0.00000000  0.00000000  0.00000000  0.00000000  0.00000000 
  0.00000000  0.00000000  0.00000000  0.00000000  0.00000000  0.00000000  0.00000000  0.00000000  0.00000000  0.00000000  0.00000000  0.00000000 
  0.00000000  0.05263158  0.00000000  0.00000000  0.00000000  0.05405405  0.00000000  0.00000000  0.00000000  0.00000000  0.00000000  0.00000000 
  0.00000000  0.01818182  0.00000000  0.00000000  0.00000000  0.03703704  0.00000000  0.00000000  0.00000000  0.00000000  0.00000000  0.00000000 
  0.00000000  0.02127660  0.00000000  0.00000000  0.00000000  0.05000000  0.00000000  0.00000000  0.00000000  0.00000000  0.00000000  0.00000000 
  0.00000000  0.01369863  0.00000000  0.00000000  0.00000000  0.05000000  0.00000000  0.00000000  0.00000000  0.00000000  0.00000000  0.00000000 
  0.00000000  0.01694915  0.00000000  0.00000000  0.00000000  0.03571429  0.00000000  0.00000000  0.00000000  0.00000000  0.00000000  0.00000000 
  0.00000000  0.00000000  0.00000000  0.00000000  0.00000000  0.00000000  0.00000000  0.00000000  0.00000000  0.00000000  0.00000000  0.00000000 
  0.00000000  0.00000000  0.00000000  0.00000000  0.00000000  0.11764706  0.00000000  0.00000000  0.00000000  0.00000000  0.00000000  0.00000000 
  0.00000000  0.04347826  0.00000000  0.00000000  0.00000000  0.14814815  0.00000000  0.00000000  0.00000000  0.00000000  0.00000000  0.00000000 
  0.00000000  0.00000000  0.00000000  0.00000000  0.00000000  0.03846154  0.00000000  0.00000000  0.00000000  0.00000000  0.00000000  0.00000000 
  0.00000000  0.02564103  0.00000000  0.00000000  0.00000000  0.12820513  0.00000000  0.00000000  0.00000000  0.00000000  0.00000000  0.00000000 
  0.00000000  0.02083333  0.00000000  0.00000000  0.00000000  0.10344828  0.00000000  0.00000000  0.00000000  0.00000000  0.00000000  0.00000000 
  0.00000000  0.00000000  0.00000000  0.00000000  0.00000000  0.15625000  0.00000000  0.00000000  0.00000000  0.00000000  0.00000000  0.00000000 
  0.00000000  0.01724138  0.00000000  0.00000000  0.00000000  0.04255319  0.00000000  0.00000000  0.00000000  0.00000000  0.00000000  0.00000000 
  0.00000000  0.05769231  0.00000000  0.00000000  0.00000000  0.14285714  0.00000000  0.00000000  0.00000000  0.00000000  0.00000000  0.00000000 
  0.00000000  0.00000000  0.00000000  0.00000000  0.00000000  0.09375000  0.00000000  0.00000000  0.00000000  0.00000000  0.00000000  0.00000000 
  0.00000000  0.03703704  0.00000000  0.00000000  0.00000000  0.00000000  0.00000000  0.00000000  0.00000000  0.00000000  0.00000000  0.00000000 
  0.00000000  0.04347826  0.00000000  0.00000000  0.00000000  0.00000000  0.00000000  0.00000000  0.00000000  0.00000000  0.00000000  0.00000000 
  0.01234568  0.04938272  0.00000000  0.00000000  0.00000000  0.00000000  0.00000000  0.00000000  0.00000000  0.00000000  0.00000000  0.00000000 
  0.00000000  0.01408451  0.00000000  0.00000000  0.00000000  0.03773585  0.00000000  0.00000000  0.00000000  0.00000000  0.00000000  0.00000000 
  0.00000000  0.01904762  0.00000000  0.00000000  0.00000000  0.10144928  0.00000000  0.00000000  0.00000000  0.00000000  0.00000000  0.00000000 
  0.00000000  0.02857143  0.00000000  0.00000000  0.00000000  0.03030303  0.00000000  0.01515152  0.00000000  0.00000000  0.00000000  0.00000000 
  0.00000000  0.01250000  0.00000000  0.00000000  0.00000000  0.02083333  0.00000000  0.00000000  0.00000000  0.00000000  0.00000000  0.00000000 
  0.00000000  0.01123596  0.00000000  0.00000000  0.00000000  0.02857143  0.00000000  0.00000000  0.00000000  0.00000000  0.00000000  0.00000000 
  0.00000000  0.03846154  0.00000000  0.00000000  0.00000000  0.11764706  0.00000000  0.00000000  0.00000000  0.00000000  0.00000000  0.00000000 
  0.00000000  0.00000000  0.00000000  0.00000000  0.00000000  0.09615385  0.00000000  0.00000000  0.00000000  0.00000000  0.00000000  0.00000000 
  0.00000000  0.03571429  0.00000000  0.00000000  0.01694915  0.05084746  0.00000000  0.00000000  0.00000000  0.00000000  0.00000000  0.00000000 
  0.00000000  0.00800000  0.00000000  0.00000000  0.00000000  0.06122449  0.00000000  0.00000000  0.00000000  0.00000000  0.00000000  0.00000000 
  0.00000000  0.00628931  0.00000000  0.00000000  0.00000000  0.04109589  0.00000000  0.01369863  0.00000000  0.00000000  0.00000000  0.00000000 
  0.00000000  0.00543478  0.00000000  0.00000000  0.00000000  0.01785714  0.00000000  0.00000000  0.00000000  0.00000000  0.00000000  0.00000000 
  0.00555556  0.01666667  0.00000000  0.00000000  0.00000000  0.01234568  0.00000000  0.01234568  0.00000000  0.00000000  0.00000000  0.00000000 
  0.00000000  0.00000000  0.00000000  0.00000000  0.00000000  0.00000000  0.00000000  0.02272727  0.00000000  0.00000000  0.00000000  0.00000000 
  0.00000000  0.01739130  0.00000000  0.00000000  0.00000000  0.09803922  0.00000000  0.00000000  0.00000000  0.00000000  0.00000000  0.00000000 
  0.00970874  0.04854369  0.00000000  0.00000000  0.00000000  0.06779661  0.00000000  0.00000000  0.00000000  0.00000000  0.00000000  0.00000000 
  0.00000000  0.00000000  0.00000000  0.00000000  0.00000000  0.18604651  0.00000000  0.00000000  0.00000000  0.00000000  0.00000000  0.00000000 
  0.00000000  0.04761905  0.00000000  0.00000000  0.00000000  0.02083333  0.00000000  0.00000000  0.00000000  0.00000000  0.00000000  0.00000000 
  0.00000000  0.01869159  0.00000000  0.00000000  0.00000000  0.15384615  0.00000000  0.02564103  0.00000000  0.00000000  0.00000000  0.00000000 
  0.00000000  0.05660377  0.00000000  0.00000000  0.00000000  0.07407407  0.00000000  0.00000000  0.00000000  0.00000000  0.00000000  0.00000000 
  0.00000000  0.02678571  0.00000000  0.00000000  0.00000000  0.12000000  0.00000000  0.00000000  0.00000000  0.00000000  0.00000000  0.00000000 
  0.00000000  0.04347826  0.00000000  0.00000000  0.00000000  0.06382979  0.00000000  0.00000000  0.00000000  0.00000000  0.00000000  0.00000000 
  0.00000000  0.04000000  0.00000000  0.00000000  0.00000000  0.00000000  0.00000000  0.00000000  0.00000000  0.00000000  0.00000000  0.00000000 
  0.00000000  0.02941176  0.00000000  0.00000000  0.00000000  0.07142857  0.00000000  0.00000000  0.00000000  0.00000000  0.00000000  0.00000000 
  0.00000000  0.01960784  0.00000000  0.00000000  0.00000000  0.04545455  0.00000000  0.00000000  0.00000000  0.00000000  0.00000000  0.00000000 
  0.00000000  0.02222222  0.00000000  0.00000000  0.00000000  0.15384615  0.00000000  0.00000000  0.00000000  0.00000000  0.00000000  0.00000000 
  0.00000000  0.05660377  0.00000000  0.00000000  0.00000000  0.00000000  0.00000000  0.00000000  0.00000000  0.00000000  0.00000000  0.00000000 
  0.00000000  0.00000000  0.00000000  0.00000000  0.00000000  0.08333333  0.00000000  0.00000000  0.00000000  0.00000000  0.00000000  0.00000000 
  0.00000000  0.00000000  0.00000000  0.00000000  0.00000000  0.00000000  0.00000000  0.00000000  0.00000000  0.00000000  0.00000000  0.00000000 
  0.00000000  0.04081633  0.00000000  0.00000000  0.00000000  0.00000000  0.00000000  0.00000000  0.00000000  0.00000000  0.00000000  0.00000000 
  0.00000000  0.00000000  0.00000000  0.00000000  0.00000000  0.16129032  0.00000000  0.00000000  0.00000000  0.00000000  0.00000000  0.00000000 
  0.00000000  0.05263158  0.00000000  0.00000000  0.00000000  0.03703704  0.00000000  0.00000000  0.00000000  0.00000000  0.00000000  0.00000000 
  0.00000000  0.00000000  0.00000000  0.00000000  0.00000000  0.00000000  0.00000000  0.00000000  0.00000000  0.00000000  0.00000000  0.00000000 
  0.00000000  0.00000000  0.00000000  0.00000000  0.00000000  0.05263158  0.00000000  0.00000000  0.00000000  0.00000000  0.00000000  0.00000000 
  0.00000000  0.03636364  0.00000000  0.00000000  0.00000000  0.04444444  0.00000000  0.00000000  0.00000000  0.00000000  0.00000000  0.00000000 
  0.00000000  0.02000000  0.00000000  0.00000000  0.00000000  0.09523810  0.00000000  0.02380952  0.00000000  0.00000000  0.00000000  0.00000000 
  0.00000000  0.00000000  0.00000000  0.00000000  0.00000000  0.02272727  0.00000000  0.00000000  0.00000000  0.00000000  0.00000000  0.00000000 
  0.00000000  0.00000000  0.00000000  0.00000000  0.00000000  0.02000000  0.00000000  0.00000000  0.00000000  0.00000000  0.00000000  0.00000000 
  0.00000000  0.02439024  0.00000000  0.00000000  0.00000000  0.06122449  0.00000000  0.00000000  0.00000000  0.00000000  0.00000000  0.00000000 
  0.00000000  0.04705882  0.00000000  0.00000000  0.00000000  0.06250000  0.00000000  0.03125000  0.00000000  0.00000000  0.00000000  0.00000000 
  0.00000000  0.01190476  0.00000000  0.00000000  0.00000000  0.04347826  0.00000000  0.00000000  0.00000000  0.00000000  0.00000000  0.00000000 
  0.01612903  0.01612903  0.00000000  0.00000000  0.00000000  0.10810811  0.00000000  0.00000000  0.00000000  0.00000000  0.00000000  0.00000000 
  0.00000000  0.01219512  0.00000000  0.00000000  0.00000000  0.15625000  0.00000000  0.00000000  0.00000000  0.00000000  0.00000000  0.00000000 
  0.00000000  0.00000000  0.00000000  0.00000000  0.00000000  0.02564103  0.00000000  0.00000000  0.00000000  0.00000000  0.00000000  0.00000000 
  0.00000000  0.00000000  0.00000000  0.00000000  0.00000000  0.06976744  0.00000000  0.00000000  0.00000000  0.00000000  0.00000000  0.00000000 
  0.00000000  0.05882353  0.00000000  0.00000000  0.00000000  0.13636364  0.00000000  0.00000000  0.00000000  0.00000000  0.00000000  0.00000000 
  0.00000000  0.06818182  0.00000000  0.00000000  0.00000000  0.16666667  0.00000000  0.00000000  0.00000000  0.00000000  0.00000000  0.00000000 
  0.00000000  0.02272727  0.00000000  0.00000000  0.00000000  0.03125000  0.00000000  0.00000000  0.00000000  0.00000000  0.00000000  0.00000000 
  0.00000000  0.00000000  0.00000000  0.00000000  0.00000000  0.08108108  0.00000000  0.00000000  0.00000000  0.00000000  0.00000000  0.00000000 
  0.00000000  0.00000000  0.00000000  0.00000000  0.00000000  0.04347826  0.00000000  0.00000000  0.00000000  0.00000000  0.00000000  0.00000000 
  0.00000000  0.00000000  0.00000000  0.00000000  0.00000000  0.04166667  0.00000000  0.00000000  0.00000000  0.00000000  0.00000000  0.00000000 
  0.00000000  0.00000000  0.00000000  0.00000000  0.00000000  0.08695652  0.00000000  0.00000000  0.00000000  0.00000000  0.00000000  0.00000000 
  0.00000000  0.02500000  0.00000000  0.00000000  0.00000000  0.08333333  0.00000000  0.04166667  0.00000000  0.00000000  0.00000000  0.00000000 
  0.00000000  0.00000000  0.00000000  0.00000000  0.00000000  0.10000000  0.00000000  0.00000000  0.00000000  0.00000000  0.00000000  0.00000000 
  0.00000000  0.00000000  0.00000000  0.00000000  0.00000000  0.05263158  0.00000000  0.00000000  0.00000000  0.00000000  0.00000000  0.00000000 
  0.00000000  0.00000000  0.00000000  0.00000000  0.00000000  0.00000000  0.00000000  0.00000000  0.00000000  0.00000000  0.00000000  0.00000000 
  0.00000000  0.04166667  0.00000000  0.00000000  0.00000000  0.00000000  0.00000000  0.00000000  0.00000000  0.00000000  0.00000000  0.00000000 
  0.00000000  0.01923077  0.00000000  0.00000000  0.00000000  0.03225806  0.00000000  0.00000000  0.00000000  0.00000000  0.00000000  0.00000000 
  0.00000000  0.00000000  0.00000000  0.00000000  0.00000000  0.10000000  0.00000000  0.00000000  0.00000000  0.00000000  0.00000000  0.00000000 
  0.00000000  0.00000000  0.00000000  0.00000000  0.00000000  0.00000000  0.03703704  0.00000000  0.00000000  0.00000000  0.00000000  0.00000000 
  0.00000000  0.00000000  0.00000000  0.00000000  0.00000000  0.08333333  0.00000000  0.00000000  0.00000000  0.00000000  0.00000000  0.00000000 
  0.01886792  0.09433962  0.00000000  0.00000000  0.00000000  0.11764706  0.00000000  0.00000000  0.00000000  0.00000000  0.00000000  0.00000000 
  0.00000000  0.00000000  0.00000000  0.00000000  0.00000000  0.05555556  0.00000000  0.00000000  0.00000000  0.00000000  0.00000000  0.00000000 
  0.00000000  0.02272727  0.00000000  0.00000000  0.00000000  0.13043478  0.00000000  0.04347826  0.00000000  0.00000000  0.00000000  0.00000000 
  0.00000000  0.02631579  0.00000000  0.00000000  0.00000000  0.00000000  0.00000000  0.00000000  0.00000000  0.00000000  0.00000000  0.00000000 
  0.00000000  0.03225806  0.00000000  0.00000000  0.00000000  0.08620690  0.00000000  0.00000000  0.00000000  0.00000000  0.00000000  0.00000000 
  0.00000000  0.06349206  0.00000000  0.00000000  0.00000000  0.02127660  0.00000000  0.10638298  0.00000000  0.00000000  0.00000000  0.00000000 
  0.00000000  0.13513514  0.00000000  0.00000000  0.00000000  0.11111111  0.00000000  0.00000000  0.00000000  0.00000000  0.00000000  0.00000000 
  0.00000000  0.05263158  0.00000000  0.00000000  0.00000000  0.11111111  0.00000000  0.00000000  0.00000000  0.00000000  0.00000000  0.00000000 
  0.00000000  0.02777778  0.00000000  0.00000000  0.00000000  0.09090909  0.00000000  0.00000000  0.00000000  0.00000000  0.00000000  0.00000000 
  0.00000000  0.02222222  0.00000000  0.00000000  0.00000000  0.00000000  0.00000000  0.00000000  0.00000000  0.00000000  0.00000000  0.00000000 
  0.00000000  0.00000000  0.00000000  0.00000000  0.00000000  0.00000000  0.00000000  0.00000000  0.00000000  0.00000000  0.00000000  0.00000000 
  0.00000000  0.03225806  0.00000000  0.00000000  0.00000000  0.08333333  0.00000000  0.00000000  0.00000000  0.00000000  0.00000000  0.00000000 
  0.00000000  0.13333333  0.00000000  0.00000000  0.00000000  0.05555556  0.00000000  0.00000000  0.00000000  0.00000000  0.00000000  0.00000000 
  0.00000000  0.09523810  0.00000000  0.00000000  0.00000000  0.06666667  0.00000000  0.00000000  0.00000000  0.00000000  0.00000000  0.00000000 
  0.00000000  0.00000000  0.00000000  0.00000000  0.00000000  0.03448276  0.00000000  0.00000000  0.00000000  0.00000000  0.00000000  0.00000000 
  0.00000000  0.02222222  0.00000000  0.00000000  0.00000000  0.07407407  0.00000000  0.00000000  0.00000000  0.00000000  0.00000000  0.00000000 
  0.00000000  0.03571429  0.00000000  0.00000000  0.00000000  0.04545455  0.00000000  0.00000000  0.00000000  0.00000000  0.00000000  0.00000000 
  0.00000000  0.03448276  0.00000000  0.00000000  0.00000000  0.15384615  0.00000000  0.03846154  0.00000000  0.00000000  0.00000000  0.00000000 
  0.00000000  0.00000000  0.00000000  0.00000000  0.00000000  0.06896552  0.00000000  0.00000000  0.00000000  0.00000000  0.00000000  0.00000000 
  0.00000000  0.04000000  0.00000000  0.00000000  0.00000000  0.09523810  0.00000000  0.00000000  0.00000000  0.00000000  0.00000000  0.00000000 
  0.00000000  0.00000000  0.00000000  0.00000000  0.00000000  0.11111111  0.00000000  0.00000000  0.00000000  0.00000000  0.00000000  0.00000000 
  0.00000000  0.00000000  0.00000000  0.00000000  0.00000000  0.10000000  0.00000000  0.00000000  0.00000000  0.00000000  0.00000000  0.00000000 
  0.00000000  0.03125000  0.00000000  0.00000000  0.00000000  0.04000000  0.00000000  0.00000000  0.00000000  0.00000000  0.00000000  0.00000000 
  0.00000000  0.04761905  0.00000000  0.00000000  0.00000000  0.12500000  0.00000000  0.00000000  0.00000000  0.00000000  0.00000000  0.00000000 
  0.00000000  0.00000000  0.00000000  0.00000000  0.00000000  0.25000000  0.00000000  0.00000000  0.00000000  0.00000000  0.00000000  0.00000000 
  0.00000000  0.03030303  0.00000000  0.00000000  0.00000000  0.08333333  0.00000000  0.00000000  0.00000000  0.00000000  0.00000000  0.00000000 
  0.00000000  0.00000000  0.00000000  0.00000000  0.00000000  0.00000000  0.00000000  0.00000000  0.00000000  0.00000000  0.00000000  0.00000000 
  0.00000000  0.06382979  0.00000000  0.00000000  0.00000000  0.04761905  0.00000000  0.00000000  0.00000000  0.00000000  0.00000000  0.00000000 
  0.00000000  0.06250000  0.00000000  0.00000000  0.00000000  0.25000000  0.00000000  0.00000000  0.00000000  0.00000000  0.00000000  0.00000000 
  0.00000000  0.00000000  0.00000000  0.00000000  0.00000000  0.00000000  0.00000000  0.00000000  0.00000000  0.00000000  0.00000000  0.00000000 
  0.00000000  0.20000000  0.00000000  0.00000000  0.00000000  0.00000000  0.00000000  0.00000000  0.00000000  0.00000000  0.00000000  0.00000000 
  0.00000000  0.00000000  0.00000000  0.00000000  0.00000000  0.00000000  0.00000000  0.00000000  0.00000000  0.00000000  0.00000000  0.00000000 
  0.00000000  0.00000000  0.00000000  0.00000000  0.00000000  0.50000000  0.00000000  0.00000000  0.00000000  0.00000000  0.00000000  0.00000000 
