  0.00067114  0.28791946  0.00000000  0.00000000  0.00000000  0.29677419  0.00000000  0.08279570  0.00000000  0.00000000  0.00000000  0.00000000 
  0.00160643  0.23293173  0.00000000  0.00000000  0.00000000  0.21986607  0.00000000  0.08928571  0.00000000  0.00000000  0.00000000  0.00000000 
  0.00000000  0.19979818  0.00000000  0.00000000  0.00000000  0.20858896  0.00000000  0.06134969  0.00000000  0.00000000  0.00000000  0.00000000 
  0.00081500  0.14751426  0.00000000  0.00000000  0.00000000  0.17236467  0.00000000  0.05413105  0.00000000  0.00000000  0.00000000  0.00000000 
  0.00127226  0.16030534  0.00000000  0.00000000  0.00000000  0.13799622  0.00000000  0.07372401  0.00000000  0.00000000  0.00000000  0.00000000 
  0.00177830  0.20806165  0.00000000  0.00000000  0.00000000  0.22455090  0.00000000  0.07485030  0.00000000  0.00000000  0.00000000  0.00000000 
  0.00213523  0.20854093  0.00000000  0.00000000  0.00000000  0.20661157  0.00000000  0.05578512  0.00000000  0.00000000  0.00000000  0.00000000 
  0.00051073  0.27323800  0.00000000  0.00000000  0.00000000  0.23314830  0.00000000  0.09833466  0.00000000  0.00000000  0.00000000  0.00000000 
  0.00132042  0.30765845  0.00000000  0.00000000  0.00000000  0.26680527  0.00000000  0.15939016  0.00000000  0.00000000  0.00000000  0.00000000 
  0.00206825  0.24457084  0.00000000  0.00000000  0.00077519  0.26744186  0.00000000  0.10232558  0.00000000  0.00000000  0.00000000  0.00000000 
  0.00057504  0.20701553  0.00000000  0.00000000  0.00000000  0.25909494  0.00000000  0.07630878  0.00000000  0.00000000  0.00000000  0.00000000 
  0.00057504  0.22196665  0.00000000  0.00000000  0.00000000  0.24775583  0.00000000  0.07540395  0.00000000  0.00000000  0.00000000  0.00000000 
  0.00088731  0.16947649  0.00000000  0.00000000  0.00000000  0.19440124  0.00000000  0.05598756  0.00000000  0.00000000  0.00000000  0.00000000 
  0.00165289  0.14710744  0.00000000  0.00000000  0.00000000  0.16610738  0.00000000  0.03187919  0.00000000  0.00000000  0.00000000  0.00000000 
  0.00188442  0.20728643  0.00000000  0.00000000  0.00000000  0.20466596  0.00000000  0.07635207  0.00000000  0.00000000  0.00000000  0.00000000 
  0.00000000  0.21567044  0.00000000  0.00000000  0.00000000  0.24548736  0.00000000  0.06979543  0.00000000  0.00000000  0.00000000  0.00000000 
  0.00075930  0.21943812  0.00000000  0.00000000  0.00000000  0.24649533  0.00000000  0.07009346  0.00000000  0.00000000  0.00000000  0.00000000 
  0.00068353  0.21257690  0.00000000  0.00000000  0.00000000  0.26205192  0.00000000  0.12731768  0.00000000  0.00000000  0.00000000  0.00000000 
  0.00216294  0.25018025  0.00000000  0.00000000  0.00000000  0.27061311  0.00000000  0.07399577  0.00000000  0.00000000  0.00000000  0.00000000 
  0.00258176  0.20223752  0.00000000  0.00000000  0.00000000  0.18260870  0.00000000  0.06666667  0.00000000  0.00000000  0.00000000  0.00000000 
  0.00095785  0.15517241  0.00000000  0.00000000  0.00000000  0.18474576  0.00000000  0.03898305  0.00000000  0.00000000  0.00000000  0.00000000 
  0.00000000  0.09973753  0.00000000  0.00000000  0.00000000  0.15334773  0.00000000  0.02159827  0.00000000  0.00000000  0.00000000  0.00000000 
  0.00080451  0.08608206  0.00000000  0.00000000  0.00000000  0.14536741  0.00000000  0.01916933  0.00000000  0.00000000  0.00000000  0.00000000 
  0.00090171  0.10189360  0.00000000  0.00000000  0.00000000  0.16183986  0.00000000  0.02044293  0.00000000  0.00000000  0.00000000  0.00000000 
  0.00081566  0.17618271  0.00000000  0.00000000  0.00000000  0.19241573  0.00000000  0.05477528  0.00000000  0.00000000  0.00000000  0.00000000 
  0.00175593  0.18700615  0.00000000  0.00000000  0.00000000  0.19260204  0.00000000  0.08290816  0.00000000  0.00000000  0.00000000  0.00000000 
  0.00000000  0.15197842  0.00000000  0.00000000  0.00000000  0.21656977  0.00000000  0.06104651  0.00000000  0.00000000  0.00000000  0.00000000 
  0.00172712  0.21761658  0.00000000  0.00000000  0.00000000  0.22485207  0.00000000  0.07297830  0.00000000  0.00000000  0.00000000  0.00000000 
  0.00000000  0.17289377  0.00000000  0.00000000  0.00000000  0.17806604  0.00000000  0.03183962  0.00000000  0.00000000  0.00000000  0.00000000 
  0.00102881  0.21090535  0.00000000  0.00000000  0.00000000  0.22431507  0.00000000  0.06250000  0.00000000  0.00000000  0.00000000  0.00000000 
  0.00000000  0.18908228  0.00000000  0.00000000  0.00000000  0.21871049  0.00000000  0.06194690  0.00000000  0.00000000  0.00000000  0.00000000 
  0.00000000  0.20328168  0.00000000  0.00000000  0.00000000  0.20930233  0.00000000  0.06511628  0.00000000  0.00000000  0.00000000  0.00000000 
  0.00312826  0.29718457  0.00000000  0.00000000  0.00000000  0.24694708  0.00135685  0.11126187  0.00000000  0.00000000  0.00000000  0.00000000 
  0.00073206  0.23206442  0.00000000  0.00000000  0.00000000  0.21634615  0.00000000  0.10576923  0.00000000  0.00000000  0.00000000  0.00000000 
  0.00063291  0.22974684  0.00000000  0.00000000  0.00000000  0.20621762  0.00000000  0.06113990  0.00000000  0.00000000  0.00000000  0.00000000 
  0.00000000  0.20296167  0.00000000  0.00000000  0.00000000  0.17433752  0.00139470  0.08926081  0.00000000  0.00000000  0.00000000  0.00000000 
  0.00184162  0.19030080  0.00000000  0.00000000  0.00000000  0.22392638  0.00000000  0.06441718  0.00000000  0.00000000  0.00000000  0.00000000 
  0.00082034  0.10746514  0.00000000  0.00000000  0.00000000  0.18079096  0.00000000  0.01412429  0.00000000  0.00000000  0.00000000  0.00000000 
  0.00000000  0.17835052  0.00000000  0.00000000  0.00000000  0.17857143  0.00000000  0.10714286  0.00000000  0.00000000  0.00000000  0.00000000 
  0.00198020  0.16138614  0.00000000  0.00000000  0.00000000  0.23830409  0.00000000  0.07456140  0.00000000  0.00000000  0.00000000  0.00000000 
  0.00157233  0.21462264  0.00000000  0.00000000  0.00000000  0.23495370  0.00000000  0.06828704  0.00000000  0.00000000  0.00000000  0.00000000 
  0.00160128  0.08967174  0.00000000  0.00000000  0.00000000  0.17942584  0.00000000  0.00717703  0.00000000  0.00000000  0.00000000  0.00000000 
  0.00093284  0.23041045  0.00000000  0.00000000  0.00000000  0.21134752  0.00000000  0.10354610  0.00000000  0.00000000  0.00000000  0.00000000 
  0.00103093  0.14639175  0.00000000  0.00000000  0.00000000  0.20557491  0.00000000  0.05400697  0.00000000  0.00000000  0.00000000  0.00000000 
  0.00000000  0.29777070  0.00000000  0.00000000  0.00000000  0.25227273  0.00000000  0.11250000  0.00000000  0.00000000  0.00000000  0.00000000 
  0.00087108  0.23344948  0.00000000  0.00000000  0.00000000  0.25331255  0.00000000  0.08339829  0.00000000  0.00000000  0.00000000  0.00000000 
  0.00057737  0.20034642  0.00000000  0.00000000  0.00000000  0.21200387  0.00000000  0.05808325  0.00000000  0.00000000  0.00000000  0.00000000 
  0.00069735  0.20013947  0.00000000  0.00000000  0.00000000  0.23930636  0.00000000  0.07283237  0.00000000  0.00000000  0.00000000  0.00000000 
  0.00000000  0.21602289  0.00000000  0.00000000  0.00000000  0.21733822  0.00000000  0.05860806  0.00000000  0.00000000  0.00000000  0.00000000 
  0.00108460  0.18329718  0.00000000  0.00000000  0.00000000  0.22437137  0.00000000  0.08317215  0.00000000  0.00000000  0.00000000  0.00000000 
  0.00000000  0.14039855  0.00000000  0.00000000  0.00000000  0.19440124  0.00000000  0.04043546  0.00000000  0.00000000  0.00000000  0.00000000 
  0.00000000  0.18142361  0.00000000  0.00000000  0.00000000  0.23197903  0.00000000  0.05373526  0.00000000  0.00000000  0.00000000  0.00000000 
  0.00000000  0.20754717  0.00000000  0.00000000  0.00000000  0.23315508  0.00000000  0.06951872  0.00000000  0.00000000  0.00000000  0.00000000 
  0.00000000  0.32054176  0.00000000  0.00000000  0.00000000  0.24105754  0.00000000  0.07776050  0.00000000  0.00000000  0.00000000  0.00000000 
  0.00207254  0.36476684  0.00000000  0.00000000  0.00000000  0.28120063  0.00000000  0.13428120  0.00000000  0.00000000  0.00000000  0.00000000 
  0.00000000  0.36379613  0.00000000  0.00000000  0.00000000  0.29834254  0.00000000  0.18370166  0.00000000  0.00000000  0.00000000  0.00000000 
  0.00155400  0.36052836  0.00000000  0.00000000  0.00000000  0.34798100  0.00000000  0.12114014  0.00000000  0.00000000  0.00000000  0.00000000 
  0.00307377  0.41700820  0.00000000  0.00000000  0.00000000  0.38449612  0.00000000  0.20620155  0.00000000  0.00000000  0.00000000  0.00000000 
  0.00000000  0.14423077  0.00000000  0.00000000  0.00000000  0.37647059  0.00000000  0.02352941  0.00000000  0.00000000  0.00000000  0.00000000 
  0.00000000  0.21052632  0.00000000  0.00000000  0.00000000  0.19230769  0.00000000  0.03846154  0.00000000  0.00000000  0.00000000  0.00000000 
  0.00000000  0.22222222  0.00000000  0.00000000  0.00000000  0.29411765  0.00000000  0.00000000  0.00000000  0.00000000  0.00000000  0.00000000 
  0.00000000  0.08695652  0.00000000  0.00000000  0.00000000  0.58823529  0.00000000  0.00000000  0.00000000  0.00000000  0.00000000  0.00000000 
  0.00000000  0.00000000  0.00000000  0.00000000  0.00000000  0.40000000  0.00000000  0.10000000  0.00000000  0.00000000  0.00000000  0.00000000 
  0.00000000  0.33333333  0.00000000  0.00000000  0.00000000  0.50000000  0.00000000  0.00000000  0.00000000  0.00000000  0.00000000  0.00000000 
  0.00000000  0.25000000  0.00000000  0.00000000  0.00000000  0.25000000  0.00000000  0.00000000  0.00000000  0.00000000  0.00000000  0.00000000 
  0.00000000  0.17647059  0.00000000  0.00000000  0.00000000  0.60000000  0.00000000  0.00000000  0.00000000  0.00000000  0.00000000  0.00000000 
  0.00000000  0.15000000  0.00000000  0.00000000  0.00000000  0.50000000  0.00000000  0.00000000  0.00000000  0.00000000  0.00000000  0.00000000 
  0.00000000  0.15384615  0.00000000  0.00000000  0.00000000  0.00000000  0.00000000  0.00000000  0.00000000  0.00000000  0.00000000  0.00000000 
  0.00000000  0.27272727  0.00000000  0.00000000  0.00000000  0.00000000  0.00000000  0.00000000  0.00000000  0.00000000  0.00000000  0.00000000 
  0.00000000  0.50000000  0.00000000  0.00000000  0.00000000  0.00000000  0.00000000  0.00000000  0.00000000  0.00000000  0.00000000  0.00000000 
  0.00000000  0.00000000  0.00000000  0.00000000  0.00000000  1.00000000  0.00000000  0.00000000  0.00000000  0.00000000  0.00000000  0.00000000 
  0.00000000  0.33333333  0.00000000  0.00000000  0.00000000  0.14285714  0.00000000  0.00000000  0.00000000  0.00000000  0.00000000  0.00000000 
  0.00000000  0.00000000  0.00000000  0.00000000  0.00000000  0.00000000  0.00000000  0.00000000  0.00000000  0.00000000  0.00000000  0.00000000 
  0.00000000  0.00000000  0.00000000  0.00000000  0.00000000  0.00000000  0.00000000  0.00000000  0.00000000  0.00000000  0.00000000  0.00000000 
  0.00000000  0.00000000  0.00000000  0.00000000  0.00000000  0.00000000  0.00000000  0.00000000  0.00000000  0.00000000  0.00000000  0.00000000 
  0.00000000  1.00000000  0.00000000  0.00000000  0.00000000  0.50000000  0.00000000  0.00000000  0.00000000  0.00000000  0.00000000  0.00000000 
  0.00000000  0.25000000  0.00000000  0.00000000  0.00000000  0.00000000  0.00000000  0.00000000  0.00000000  0.00000000  0.00000000  0.00000000 
  0.00000000  0.33333333  0.00000000  0.00000000  0.00000000  0.00000000  0.00000000  0.00000000  0.00000000  0.00000000  0.00000000  0.00000000 
  0.00000000  0.00000000  0.00000000  0.00000000  0.00000000  0.00000000  0.00000000  0.00000000  0.00000000  0.00000000  0.00000000  0.00000000 
  0.00000000  0.00000000  0.00000000  0.00000000  0.00000000  0.00000000  0.00000000  0.00000000  0.00000000  0.00000000  0.00000000  0.00000000 
