  0.00316919  0.01097026  0.00000000  0.00000000  0.00716846  0.05854241  0.00358423  0.00477897  0.00000000  0.00000000  0.00000000  0.00000000 
  0.00444328  0.00940930  0.00000000  0.00000000  0.01103310  0.07121364  0.00200602  0.00401204  0.00000000  0.00000000  0.00000000  0.00000000 
  0.00325203  0.00623306  0.00000000  0.00000000  0.00943396  0.05471698  0.00094340  0.00283019  0.00000000  0.00000000  0.00000000  0.00000000 
  0.00332042  0.00913116  0.00000000  0.00000000  0.00694444  0.06481481  0.00000000  0.00231481  0.00000000  0.00000000  0.00000000  0.00000000 
  0.00441100  0.01219512  0.00000000  0.00000000  0.00375000  0.07500000  0.00625000  0.00625000  0.00000000  0.00000000  0.00000000  0.00000000 
  0.00619195  0.01322826  0.00000000  0.00000000  0.00403226  0.05645161  0.00268817  0.00403226  0.00000000  0.00000000  0.00000000  0.00000000 
  0.00566649  0.00971398  0.00000000  0.00000000  0.00400802  0.05010020  0.00501002  0.00000000  0.00000000  0.00000000  0.00000000  0.00000000 
  0.00351887  0.01119642  0.00000000  0.00000000  0.00889454  0.07242694  0.00254130  0.00635324  0.00000000  0.00000000  0.00000000  0.00000000 
  0.00119000  0.01229671  0.00000000  0.00000000  0.00652529  0.05709625  0.00163132  0.00163132  0.00000000  0.00000000  0.00000000  0.00000000 
  0.00275735  0.01011029  0.00000000  0.00000000  0.00860585  0.06024096  0.00172117  0.00172117  0.00000000  0.00000000  0.00000000  0.00000000 
  0.00251004  0.00903614  0.00000000  0.00000000  0.00862069  0.06379310  0.00172414  0.00172414  0.00000000  0.00000000  0.00000000  0.00000000 
  0.00636267  0.00848356  0.00000000  0.00000000  0.01002004  0.06813627  0.00200401  0.00400802  0.00000000  0.00000000  0.00000000  0.00000000 
  0.00220264  0.00715859  0.00000000  0.00000000  0.00404858  0.05668016  0.00000000  0.00404858  0.00000000  0.00000000  0.00000000  0.00000000 
  0.00330969  0.00520095  0.00000000  0.00000000  0.00360360  0.06306306  0.00000000  0.00360360  0.00000000  0.00000000  0.00000000  0.00000000 
  0.00176056  0.00616197  0.00000000  0.00000000  0.00295421  0.06056130  0.00147710  0.00147710  0.00000000  0.00000000  0.00000000  0.00000000 
  0.00309051  0.00441501  0.00000000  0.00000000  0.00892857  0.05505952  0.00297619  0.00148810  0.00000000  0.00000000  0.00000000  0.00000000 
  0.00190331  0.00875523  0.00000000  0.00000000  0.00262123  0.05504587  0.00262123  0.00000000  0.00000000  0.00000000  0.00000000  0.00000000 
  0.00214684  0.00300558  0.00000000  0.00000000  0.00400534  0.04806409  0.00000000  0.00000000  0.00000000  0.00000000  0.00000000  0.00000000 
  0.00228571  0.00761905  0.00000000  0.00000000  0.00488998  0.04889976  0.00244499  0.00122249  0.00000000  0.00000000  0.00000000  0.00000000 
  0.00316678  0.00950035  0.00000000  0.00000000  0.00118483  0.04383886  0.00118483  0.00355450  0.00000000  0.00000000  0.00000000  0.00000000 
  0.00332116  0.01162405  0.00000000  0.00000000  0.00366748  0.04767726  0.00122249  0.00122249  0.00000000  0.00000000  0.00000000  0.00000000 
  0.00328084  0.00951444  0.00000000  0.00000000  0.00335570  0.05816555  0.00111857  0.00223714  0.00000000  0.00000000  0.00000000  0.00000000 
  0.00328839  0.00986518  0.00000000  0.00000000  0.00509554  0.06242038  0.00254777  0.00509554  0.00000000  0.00000000  0.00000000  0.00000000 
  0.00518303  0.00874636  0.00000000  0.00000000  0.00243309  0.06690998  0.00364964  0.00364964  0.00000000  0.00000000  0.00000000  0.00000000 
  0.00425950  0.01736566  0.00000000  0.00000000  0.00395257  0.07114625  0.00131752  0.00263505  0.00000000  0.00000000  0.00000000  0.00000000 
  0.00429053  0.01164572  0.00000000  0.00000000  0.00666667  0.08266667  0.00266667  0.00400000  0.00000000  0.00000000  0.00000000  0.00000000 
  0.00604230  0.01631420  0.00000000  0.00000000  0.00129366  0.04915912  0.00129366  0.00129366  0.00000000  0.00000000  0.00000000  0.00000000 
  0.00370714  0.01112141  0.00000000  0.00000000  0.00413223  0.06198347  0.00000000  0.00413223  0.00000000  0.00000000  0.00000000  0.00000000 
  0.00363757  0.01223545  0.00000000  0.00000000  0.00698324  0.08938547  0.00279330  0.00698324  0.00000000  0.00000000  0.00000000  0.00000000 
  0.00277008  0.01315789  0.00000000  0.00000000  0.00862069  0.04310345  0.00431034  0.00287356  0.00000000  0.00000000  0.00000000  0.00000000 
  0.00465333  0.01302932  0.00000000  0.00000000  0.00000000  0.06181015  0.00220751  0.00441501  0.00000000  0.00000000  0.00000000  0.00000000 
  0.00734394  0.00917993  0.00000000  0.00000000  0.00493827  0.05679012  0.00000000  0.00246914  0.00000000  0.00000000  0.00000000  0.00000000 
  0.00216294  0.01297765  0.00000000  0.00000000  0.00000000  0.03867403  0.00828729  0.00276243  0.00000000  0.00000000  0.00000000  0.00000000 
  0.00205339  0.00958248  0.00000000  0.00000000  0.00000000  0.05513784  0.01253133  0.00250627  0.00000000  0.00000000  0.00000000  0.00000000 
  0.00341297  0.00750853  0.00000000  0.00000000  0.01023018  0.09207161  0.00000000  0.00000000  0.00000000  0.00000000  0.00000000  0.00000000 
  0.00347222  0.01736111  0.00000000  0.00000000  0.01452282  0.05394191  0.00207469  0.00414938  0.00000000  0.00000000  0.00000000  0.00000000 
  0.00057837  0.01214575  0.00000000  0.00000000  0.00397614  0.09145129  0.00397614  0.00397614  0.00000000  0.00000000  0.00000000  0.00000000 
  0.00743282  0.00743282  0.00000000  0.00000000  0.00829876  0.04149378  0.00207469  0.00000000  0.00000000  0.00000000  0.00000000  0.00000000 
  0.00414766  0.00829531  0.00000000  0.00000000  0.00803859  0.05787781  0.00321543  0.00160772  0.00000000  0.00000000  0.00000000  0.00000000 
  0.00258398  0.00849022  0.00000000  0.00000000  0.00683995  0.06429549  0.00273598  0.00410397  0.00000000  0.00000000  0.00000000  0.00000000 
  0.00244723  0.00764760  0.00000000  0.00000000  0.00410256  0.06461538  0.00205128  0.00102564  0.00000000  0.00000000  0.00000000  0.00000000 
  0.00029326  0.00645161  0.00000000  0.00000000  0.00776699  0.06019417  0.00000000  0.00388350  0.00000000  0.00000000  0.00000000  0.00000000 
  0.00323189  0.00807972  0.00000000  0.00000000  0.00382409  0.05640535  0.00382409  0.00000000  0.00000000  0.00000000  0.00000000  0.00000000 
  0.00144175  0.00836217  0.00000000  0.00000000  0.00550055  0.06270627  0.00330033  0.00220022  0.00000000  0.00000000  0.00000000  0.00000000 
  0.00226978  0.00972763  0.00000000  0.00000000  0.00488998  0.06112469  0.00122249  0.00000000  0.00000000  0.00000000  0.00000000  0.00000000 
  0.00225904  0.00828313  0.00000000  0.00000000  0.00470958  0.05808477  0.01098901  0.00000000  0.00000000  0.00000000  0.00000000  0.00000000 
  0.00545703  0.01364256  0.00000000  0.00000000  0.00595238  0.05952381  0.00198413  0.00000000  0.00000000  0.00000000  0.00000000  0.00000000 
  0.00889968  0.01779935  0.00000000  0.00000000  0.00000000  0.06903766  0.00418410  0.00209205  0.00000000  0.00000000  0.00000000  0.00000000 
  0.00376454  0.01368925  0.00000000  0.00000000  0.00541516  0.07942238  0.00180505  0.00180505  0.00000000  0.00000000  0.00000000  0.00000000 
  0.00444444  0.01370370  0.00000000  0.00000000  0.01041667  0.05902778  0.00173611  0.00173611  0.00000000  0.00000000  0.00000000  0.00000000 
  0.00574713  0.01436782  0.00000000  0.00000000  0.00349650  0.05069930  0.00000000  0.00174825  0.00000000  0.00000000  0.00000000  0.00000000 
  0.00450082  0.01186579  0.00000000  0.00000000  0.01199400  0.06596702  0.00149925  0.00149925  0.00000000  0.00000000  0.00000000  0.00000000 
  0.00327654  0.00950197  0.00000000  0.00000000  0.01021898  0.06715328  0.00291971  0.00583942  0.00000000  0.00000000  0.00000000  0.00000000 
  0.00539730  0.00809595  0.00000000  0.00000000  0.00623441  0.06359102  0.00000000  0.00249377  0.00000000  0.00000000  0.00000000  0.00000000 
  0.00488506  0.01178161  0.00000000  0.00000000  0.00707547  0.05660377  0.00117925  0.00235849  0.00000000  0.00000000  0.00000000  0.00000000 
  0.00157928  0.00852811  0.00000000  0.00000000  0.00688073  0.05963303  0.00114679  0.00573394  0.00000000  0.00000000  0.00000000  0.00000000 
  0.00552893  0.01032068  0.00000000  0.00000000  0.00557103  0.06267409  0.00000000  0.00139276  0.00000000  0.00000000  0.00000000  0.00000000 
  0.00499821  0.00785434  0.00000000  0.00000000  0.00505051  0.05934343  0.00126263  0.00252525  0.00000000  0.00000000  0.00000000  0.00000000 
  0.00465116  0.00863787  0.00000000  0.00000000  0.00346821  0.05433526  0.00115607  0.00115607  0.00000000  0.00000000  0.00000000  0.00000000 
  0.00298240  0.00775425  0.00000000  0.00000000  0.00600601  0.04304304  0.00300300  0.00400400  0.00000000  0.00000000  0.00000000  0.00000000 
  0.00296956  0.01039347  0.00000000  0.00000000  0.00852619  0.03166870  0.00121803  0.00365408  0.00000000  0.00000000  0.00000000  0.00000000 
  0.00269750  0.00539499  0.00000000  0.00000000  0.00500626  0.05006258  0.00250313  0.00125156  0.00000000  0.00000000  0.00000000  0.00000000 
