  0.00000000  0.04597701  0.00000000  0.00000000  0.00000000  0.04255319  0.00000000  0.02127660  0.00000000  0.00000000  0.00000000  0.00000000 
  0.00000000  0.02142857  0.00000000  0.00000000  0.00000000  0.02531646  0.00000000  0.00000000  0.00000000  0.00000000  0.00000000  0.00000000 
  0.00543478  0.00543478  0.00000000  0.00000000  0.00000000  0.01265823  0.00000000  0.00000000  0.00000000  0.00000000  0.00000000  0.00000000 
  0.00000000  0.03278689  0.00000000  0.00000000  0.00000000  0.03333333  0.00000000  0.00000000  0.00000000  0.00000000  0.00000000  0.00000000 
  0.00819672  0.00819672  0.00000000  0.00000000  0.00000000  0.03076923  0.00000000  0.01538462  0.00000000  0.00000000  0.00000000  0.00000000 
  0.00000000  0.03200000  0.00000000  0.00000000  0.00000000  0.01639344  0.00000000  0.00000000  0.00000000  0.00000000  0.00000000  0.00000000 
  0.00000000  0.01273885  0.00000000  0.00000000  0.00000000  0.03076923  0.00000000  0.00000000  0.00000000  0.00000000  0.00000000  0.00000000 
  0.00000000  0.06451613  0.00000000  0.00000000  0.00000000  0.09523810  0.00000000  0.00000000  0.00000000  0.00000000  0.00000000  0.00000000 
  0.00000000  0.02777778  0.00000000  0.00000000  0.00000000  0.04081633  0.00000000  0.00000000  0.00000000  0.00000000  0.00000000  0.00000000 
  0.00000000  0.03333333  0.00000000  0.00000000  0.00000000  0.07142857  0.00000000  0.02380952  0.00000000  0.00000000  0.00000000  0.00000000 
  0.00000000  0.10784314  0.00000000  0.00000000  0.00000000  0.21875000  0.00000000  0.03125000  0.00000000  0.00000000  0.00000000  0.00000000 
  0.00000000  0.00000000  0.00000000  0.00000000  0.00000000  0.02631579  0.00000000  0.00000000  0.00000000  0.00000000  0.00000000  0.00000000 
  0.00000000  0.03092784  0.00000000  0.00000000  0.00000000  0.09523810  0.00000000  0.00000000  0.00000000  0.00000000  0.00000000  0.00000000 
  0.00000000  0.00000000  0.00000000  0.00000000  0.00000000  0.04166667  0.00000000  0.00000000  0.00000000  0.00000000  0.00000000  0.00000000 
  0.00000000  0.01840491  0.00000000  0.00000000  0.00000000  0.01351351  0.00000000  0.01351351  0.00000000  0.00000000  0.00000000  0.00000000 
  0.00000000  0.02857143  0.00000000  0.00000000  0.00000000  0.02127660  0.00000000  0.00000000  0.00000000  0.00000000  0.00000000  0.00000000 
  0.00000000  0.02816901  0.00000000  0.00000000  0.00000000  0.10294118  0.00000000  0.00000000  0.00000000  0.00000000  0.00000000  0.00000000 
  0.00000000  0.03658537  0.00000000  0.00000000  0.00000000  0.06666667  0.00000000  0.00000000  0.00000000  0.00000000  0.00000000  0.00000000 
  0.00000000  0.00892857  0.00000000  0.00000000  0.00000000  0.03448276  0.00000000  0.00000000  0.00000000  0.00000000  0.00000000  0.00000000 
  0.00000000  0.01250000  0.00000000  0.00000000  0.00000000  0.09589041  0.00000000  0.01369863  0.00000000  0.00000000  0.00000000  0.00000000 
  0.00000000  0.02173913  0.00000000  0.00000000  0.00000000  0.09210526  0.00000000  0.00000000  0.00000000  0.00000000  0.00000000  0.00000000 
  0.00000000  0.02068966  0.00000000  0.00000000  0.03174603  0.04761905  0.01587302  0.01587302  0.00000000  0.00000000  0.00000000  0.00000000 
  0.00000000  0.01470588  0.00000000  0.00000000  0.00000000  0.02941176  0.00000000  0.00000000  0.00000000  0.00000000  0.00000000  0.00000000 
  0.00000000  0.03496503  0.00000000  0.00000000  0.00000000  0.09523810  0.00000000  0.00000000  0.00000000  0.00000000  0.00000000  0.00000000 
  0.00000000  0.03623188  0.00000000  0.00000000  0.00000000  0.06666667  0.00000000  0.01666667  0.00000000  0.00000000  0.00000000  0.00000000 
  0.00000000  0.01574803  0.00000000  0.00000000  0.00000000  0.03846154  0.00000000  0.00000000  0.00000000  0.00000000  0.00000000  0.00000000 
  0.00000000  0.00625000  0.00000000  0.00000000  0.00000000  0.03448276  0.00000000  0.00000000  0.00000000  0.00000000  0.00000000  0.00000000 
  0.00000000  0.01481481  0.00000000  0.00000000  0.01176471  0.05882353  0.00000000  0.00000000  0.00000000  0.00000000  0.00000000  0.00000000 
  0.00000000  0.02409639  0.00000000  0.00000000  0.00000000  0.06153846  0.00000000  0.00000000  0.00000000  0.00000000  0.00000000  0.00000000 
  0.00000000  0.04132231  0.00000000  0.00000000  0.00000000  0.03921569  0.00000000  0.00000000  0.00000000  0.00000000  0.00000000  0.00000000 
  0.00000000  0.03636364  0.00000000  0.00000000  0.00000000  0.12903226  0.00000000  0.00000000  0.00000000  0.00000000  0.00000000  0.00000000 
  0.00000000  0.00598802  0.00000000  0.00000000  0.00000000  0.01428571  0.00000000  0.00000000  0.00000000  0.00000000  0.00000000  0.00000000 
  0.00729927  0.02189781  0.00000000  0.00000000  0.00000000  0.04545455  0.00000000  0.01136364  0.00000000  0.00000000  0.00000000  0.00000000 
  0.00000000  0.04316547  0.00000000  0.00000000  0.00000000  0.08620690  0.00000000  0.00000000  0.00000000  0.00000000  0.00000000  0.00000000 
  0.00000000  0.04854369  0.00000000  0.00000000  0.00000000  0.04477612  0.00000000  0.00000000  0.00000000  0.00000000  0.00000000  0.00000000 
  0.00000000  0.03184713  0.00000000  0.00000000  0.00000000  0.04545455  0.00000000  0.00000000  0.00000000  0.00000000  0.00000000  0.00000000 
  0.00000000  0.04255319  0.00000000  0.00000000  0.00000000  0.12068966  0.00000000  0.00000000  0.00000000  0.00000000  0.00000000  0.00000000 
  0.00000000  0.01298701  0.00000000  0.00000000  0.00000000  0.03846154  0.00000000  0.00000000  0.00000000  0.00000000  0.00000000  0.00000000 
  0.00729927  0.00000000  0.00000000  0.00000000  0.00000000  0.08333333  0.00000000  0.01388889  0.00000000  0.00000000  0.00000000  0.00000000 
  0.00000000  0.07692308  0.00000000  0.00000000  0.00000000  0.09090909  0.00000000  0.00000000  0.00000000  0.00000000  0.00000000  0.00000000 
  0.00000000  0.00000000  0.00000000  0.00000000  0.00000000  0.02040816  0.00000000  0.00000000  0.00000000  0.00000000  0.00000000  0.00000000 
  0.00000000  0.06086957  0.00000000  0.00000000  0.00000000  0.03333333  0.00000000  0.01666667  0.00000000  0.00000000  0.00000000  0.00000000 
  0.00000000  0.05405405  0.00000000  0.00000000  0.00000000  0.06060606  0.00000000  0.00000000  0.00000000  0.00000000  0.00000000  0.00000000 
  0.00840336  0.04201681  0.00000000  0.00000000  0.00000000  0.03773585  0.00000000  0.00000000  0.00000000  0.00000000  0.00000000  0.00000000 
  0.00000000  0.03846154  0.00000000  0.00000000  0.00000000  0.10526316  0.00000000  0.03508772  0.00000000  0.00000000  0.00000000  0.00000000 
  0.00000000  0.04958678  0.00000000  0.00000000  0.00000000  0.05555556  0.00000000  0.01388889  0.00000000  0.00000000  0.00000000  0.00000000 
  0.00000000  0.04123711  0.00000000  0.00000000  0.00000000  0.02777778  0.00000000  0.00000000  0.00000000  0.00000000  0.00000000  0.00000000 
  0.00000000  0.01388889  0.00000000  0.00000000  0.00000000  0.01612903  0.00000000  0.00000000  0.00000000  0.00000000  0.00000000  0.00000000 
  0.00000000  0.03401361  0.00000000  0.00000000  0.01449275  0.01449275  0.00000000  0.00000000  0.00000000  0.00000000  0.00000000  0.00000000 
  0.00000000  0.02083333  0.00000000  0.00000000  0.00000000  0.05263158  0.00000000  0.00000000  0.00000000  0.00000000  0.00000000  0.00000000 
  0.00000000  0.00757576  0.00000000  0.00000000  0.00000000  0.04687500  0.01562500  0.00000000  0.00000000  0.00000000  0.00000000  0.00000000 
  0.00000000  0.00961538  0.00000000  0.00000000  0.00000000  0.03703704  0.00000000  0.01234568  0.00000000  0.00000000  0.00000000  0.00000000 
  0.00000000  0.03418803  0.00000000  0.00000000  0.00000000  0.13114754  0.00000000  0.00000000  0.00000000  0.00000000  0.00000000  0.00000000 
  0.00000000  0.04109589  0.00000000  0.00000000  0.00000000  0.15384615  0.00000000  0.00000000  0.00000000  0.00000000  0.00000000  0.00000000 
  0.00000000  0.14754098  0.00000000  0.00000000  0.00000000  0.03448276  0.00000000  0.00000000  0.00000000  0.00000000  0.00000000  0.00000000 
  0.00000000  0.02816901  0.00000000  0.00000000  0.00000000  0.05263158  0.00000000  0.02631579  0.00000000  0.00000000  0.00000000  0.00000000 
  0.00000000  0.00000000  0.00000000  0.00000000  0.00000000  0.07142857  0.00000000  0.00000000  0.00000000  0.00000000  0.00000000  0.00000000 
  0.00000000  0.00952381  0.00000000  0.00000000  0.00000000  0.07692308  0.00000000  0.00000000  0.00000000  0.00000000  0.00000000  0.00000000 
  0.00689655  0.02068966  0.00000000  0.00000000  0.00000000  0.03076923  0.00000000  0.00000000  0.00000000  0.00000000  0.00000000  0.00000000 
  0.00000000  0.01754386  0.00000000  0.00000000  0.00000000  0.03797468  0.00000000  0.00000000  0.00000000  0.00000000  0.00000000  0.00000000 
  0.00000000  0.02453988  0.00000000  0.00000000  0.00000000  0.10389610  0.00000000  0.00000000  0.00000000  0.00000000  0.00000000  0.00000000 
  0.00000000  0.02400000  0.00000000  0.00000000  0.00000000  0.09433962  0.00000000  0.01886792  0.00000000  0.00000000  0.00000000  0.00000000 
  0.00000000  0.04040404  0.00000000  0.00000000  0.00000000  0.06493506  0.00000000  0.01298701  0.00000000  0.00000000  0.00000000  0.00000000 
  0.00000000  0.03773585  0.00000000  0.00000000  0.00000000  0.06250000  0.00000000  0.00000000  0.00000000  0.00000000  0.00000000  0.00000000 
  0.00000000  0.03750000  0.00000000  0.00000000  0.00000000  0.03636364  0.00000000  0.00000000  0.00000000  0.00000000  0.00000000  0.00000000 
  0.00000000  0.06896552  0.00000000  0.00000000  0.00000000  0.03030303  0.00000000  0.00000000  0.00000000  0.00000000  0.00000000  0.00000000 
  0.00000000  0.05405405  0.00000000  0.00000000  0.00000000  0.21428571  0.00000000  0.00000000  0.00000000  0.00000000  0.00000000  0.00000000 
  0.00000000  0.03883495  0.00000000  0.00000000  0.00000000  0.02380952  0.00000000  0.02380952  0.00000000  0.00000000  0.00000000  0.00000000 
  0.00000000  0.03225806  0.00000000  0.00000000  0.00000000  0.04878049  0.00000000  0.02439024  0.00000000  0.00000000  0.00000000  0.00000000 
  0.00000000  0.00709220  0.00000000  0.00000000  0.00000000  0.04761905  0.00000000  0.00000000  0.00000000  0.00000000  0.00000000  0.00000000 
  0.00000000  0.03448276  0.00000000  0.00000000  0.00000000  0.06153846  0.00000000  0.00000000  0.00000000  0.00000000  0.00000000  0.00000000 
  0.01010101  0.02020202  0.00000000  0.00000000  0.00000000  0.10606061  0.00000000  0.00000000  0.00000000  0.00000000  0.00000000  0.00000000 
  0.00000000  0.02631579  0.00000000  0.00000000  0.00000000  0.01639344  0.00000000  0.00000000  0.00000000  0.00000000  0.00000000  0.00000000 
  0.00000000  0.00740741  0.00000000  0.00000000  0.00000000  0.03947368  0.00000000  0.00000000  0.00000000  0.00000000  0.00000000  0.00000000 
  0.00000000  0.03418803  0.00000000  0.00000000  0.00000000  0.02777778  0.00000000  0.00000000  0.00000000  0.00000000  0.00000000  0.00000000 
  0.00000000  0.03875969  0.00000000  0.00000000  0.00000000  0.03614458  0.00000000  0.00000000  0.00000000  0.00000000  0.00000000  0.00000000 
  0.00000000  0.01600000  0.00000000  0.00000000  0.00000000  0.08064516  0.00000000  0.00000000  0.00000000  0.00000000  0.00000000  0.00000000 
  0.00000000  0.03571429  0.00000000  0.00000000  0.00000000  0.10769231  0.00000000  0.00000000  0.00000000  0.00000000  0.00000000  0.00000000 
  0.00000000  0.02898551  0.00000000  0.00000000  0.00000000  0.03571429  0.00000000  0.00000000  0.00000000  0.00000000  0.00000000  0.00000000 
  0.00000000  0.01273885  0.00000000  0.00000000  0.00000000  0.04545455  0.00000000  0.00000000  0.00000000  0.00000000  0.00000000  0.00000000 
  0.00000000  0.01796407  0.00000000  0.00000000  0.00000000  0.04819277  0.00000000  0.00000000  0.00000000  0.00000000  0.00000000  0.00000000 
  0.00000000  0.02547771  0.00000000  0.00000000  0.00000000  0.07894737  0.00000000  0.00000000  0.00000000  0.00000000  0.00000000  0.00000000 
  0.00000000  0.00833333  0.00000000  0.00000000  0.00000000  0.10869565  0.00000000  0.02173913  0.00000000  0.00000000  0.00000000  0.00000000 
  0.00877193  0.02631579  0.00000000  0.00000000  0.00000000  0.00000000  0.00000000  0.00000000  0.00000000  0.00000000  0.00000000  0.00000000 
  0.00000000  0.04285714  0.00000000  0.00000000  0.00000000  0.07407407  0.00000000  0.00000000  0.00000000  0.00000000  0.00000000  0.00000000 
  0.00000000  0.07142857  0.00000000  0.00000000  0.02272727  0.06818182  0.00000000  0.06818182  0.00000000  0.00000000  0.00000000  0.00000000 
  0.00000000  0.14893617  0.00000000  0.00000000  0.00000000  0.05000000  0.00000000  0.05000000  0.00000000  0.00000000  0.00000000  0.00000000 
  0.00000000  0.14285714  0.00000000  0.00000000  0.00000000  0.22222222  0.00000000  0.00000000  0.00000000  0.00000000  0.00000000  0.00000000 
  0.00000000  0.12903226  0.00000000  0.00000000  0.00000000  0.20000000  0.00000000  0.00000000  0.00000000  0.00000000  0.00000000  0.00000000 
