  0.00000000  0.00000000  0.00000000  0.00000000  0.00000000  0.00000000  0.00000000  0.00000000  0.00000000  0.00000000  0.00000000  0.00000000 
  0.00000000  0.00000000  0.00000000  0.00000000  0.00000000  0.05263158  0.00000000  0.00000000  0.00000000  0.00000000  0.00000000  0.00000000 
  0.00000000  0.04166667  0.00000000  0.00000000  0.02439024  0.04878049  0.00000000  0.00000000  0.00000000  0.00000000  0.00000000  0.00000000 
  0.00000000  0.00000000  0.00000000  0.00000000  0.00000000  0.14285714  0.00000000  0.00000000  0.00000000  0.00000000  0.00000000  0.00000000 
  0.00000000  0.00847458  0.00000000  0.00000000  0.02040816  0.02040816  0.00000000  0.00000000  0.00000000  0.00000000  0.00000000  0.00000000 
  0.00000000  0.00000000  0.00000000  0.00000000  0.00000000  0.06382979  0.00000000  0.00000000  0.00000000  0.00000000  0.00000000  0.00000000 
  0.00000000  0.01111111  0.00000000  0.00000000  0.00000000  0.04545455  0.00000000  0.00000000  0.00000000  0.00000000  0.00000000  0.00000000 
  0.00000000  0.03260870  0.00000000  0.00000000  0.01785714  0.05357143  0.00000000  0.00000000  0.00000000  0.00000000  0.00000000  0.00000000 
  0.00000000  0.00934579  0.00000000  0.00000000  0.00000000  0.08333333  0.00000000  0.00000000  0.00000000  0.00000000  0.00000000  0.00000000 
  0.00000000  0.00000000  0.00000000  0.00000000  0.00000000  0.02000000  0.00000000  0.00000000  0.00000000  0.00000000  0.00000000  0.00000000 
  0.00000000  0.00000000  0.00000000  0.00000000  0.00000000  0.04109589  0.00000000  0.00000000  0.00000000  0.00000000  0.00000000  0.00000000 
  0.00000000  0.03100775  0.00000000  0.00000000  0.00000000  0.05263158  0.00000000  0.00000000  0.00000000  0.00000000  0.00000000  0.00000000 
  0.00000000  0.00775194  0.00000000  0.00000000  0.01754386  0.01754386  0.00000000  0.00000000  0.00000000  0.00000000  0.00000000  0.00000000 
  0.00000000  0.01739130  0.00000000  0.00000000  0.00000000  0.02898551  0.00000000  0.01449275  0.00000000  0.00000000  0.00000000  0.00000000 
  0.00000000  0.00000000  0.00000000  0.00000000  0.00000000  0.00000000  0.00000000  0.00000000  0.00000000  0.00000000  0.00000000  0.00000000 
  0.00000000  0.00000000  0.00000000  0.00000000  0.00000000  0.08000000  0.00000000  0.00000000  0.00000000  0.00000000  0.00000000  0.00000000 
  0.00000000  0.02564103  0.00000000  0.00000000  0.00000000  0.05263158  0.00000000  0.00000000  0.00000000  0.00000000  0.00000000  0.00000000 
  0.00000000  0.00000000  0.00000000  0.00000000  0.00000000  0.05660377  0.00000000  0.00000000  0.00000000  0.00000000  0.00000000  0.00000000 
  0.00000000  0.00826446  0.00000000  0.00000000  0.00000000  0.01886792  0.00000000  0.00000000  0.00000000  0.00000000  0.00000000  0.00000000 
  0.00000000  0.00000000  0.00000000  0.00000000  0.00000000  0.03921569  0.00000000  0.00000000  0.00000000  0.00000000  0.00000000  0.00000000 
  0.00000000  0.02631579  0.00000000  0.00000000  0.00000000  0.03636364  0.00000000  0.00000000  0.00000000  0.00000000  0.00000000  0.00000000 
  0.00000000  0.00000000  0.00000000  0.00000000  0.00000000  0.02439024  0.00000000  0.00000000  0.00000000  0.00000000  0.00000000  0.00000000 
  0.00000000  0.02816901  0.00000000  0.00000000  0.00000000  0.07142857  0.00000000  0.00000000  0.00000000  0.00000000  0.00000000  0.00000000 
  0.00000000  0.00000000  0.00000000  0.00000000  0.00000000  0.07407407  0.00000000  0.00000000  0.00000000  0.00000000  0.00000000  0.00000000 
  0.00000000  0.00000000  0.00000000  0.00000000  0.00000000  0.00000000  0.00000000  0.00000000  0.00000000  0.00000000  0.00000000  0.00000000 
  0.00000000  0.00000000  0.00000000  0.00000000  0.00000000  0.02564103  0.00000000  0.00000000  0.00000000  0.00000000  0.00000000  0.00000000 
  0.00000000  0.03846154  0.00000000  0.00000000  0.00000000  0.04918033  0.00000000  0.00000000  0.00000000  0.00000000  0.00000000  0.00000000 
  0.00000000  0.00000000  0.00000000  0.00000000  0.00000000  0.06578947  0.00000000  0.00000000  0.00000000  0.00000000  0.00000000  0.00000000 
  0.00000000  0.00869565  0.00000000  0.00000000  0.00000000  0.06349206  0.00000000  0.00000000  0.00000000  0.00000000  0.00000000  0.00000000 
  0.00000000  0.00719424  0.00000000  0.00000000  0.00000000  0.17021277  0.00000000  0.00000000  0.00000000  0.00000000  0.00000000  0.00000000 
  0.00000000  0.01041667  0.00000000  0.00000000  0.00000000  0.06122449  0.00000000  0.00000000  0.00000000  0.00000000  0.00000000  0.00000000 
  0.00000000  0.01470588  0.00000000  0.00000000  0.00000000  0.04000000  0.00000000  0.00000000  0.00000000  0.00000000  0.00000000  0.00000000 
  0.00000000  0.01639344  0.00000000  0.00000000  0.00000000  0.08163265  0.00000000  0.02040816  0.00000000  0.00000000  0.00000000  0.00000000 
  0.00000000  0.01307190  0.00000000  0.00000000  0.00000000  0.01428571  0.00000000  0.00000000  0.00000000  0.00000000  0.00000000  0.00000000 
  0.00000000  0.02205882  0.00000000  0.00000000  0.00000000  0.04000000  0.00000000  0.00000000  0.00000000  0.00000000  0.00000000  0.00000000 
  0.00000000  0.00892857  0.00000000  0.00000000  0.00000000  0.06349206  0.00000000  0.00000000  0.00000000  0.00000000  0.00000000  0.00000000 
  0.00000000  0.01428571  0.00000000  0.00000000  0.00000000  0.00000000  0.00000000  0.00000000  0.00000000  0.00000000  0.00000000  0.00000000 
  0.00000000  0.01041667  0.00000000  0.00000000  0.00000000  0.00000000  0.00000000  0.00000000  0.00000000  0.00000000  0.00000000  0.00000000 
  0.00000000  0.02040816  0.00000000  0.00000000  0.00000000  0.02777778  0.00000000  0.00000000  0.00000000  0.00000000  0.00000000  0.00000000 
  0.00000000  0.00000000  0.00000000  0.00000000  0.00000000  0.01162791  0.00000000  0.00000000  0.00000000  0.00000000  0.00000000  0.00000000 
  0.00000000  0.00000000  0.00000000  0.00000000  0.00000000  0.01612903  0.00000000  0.00000000  0.00000000  0.00000000  0.00000000  0.00000000 
  0.00000000  0.00000000  0.00000000  0.00000000  0.00000000  0.00000000  0.00000000  0.00000000  0.00000000  0.00000000  0.00000000  0.00000000 
  0.00000000  0.00917431  0.00000000  0.00000000  0.00000000  0.05263158  0.00000000  0.00000000  0.00000000  0.00000000  0.00000000  0.00000000 
  0.00000000  0.00602410  0.00000000  0.00000000  0.00000000  0.01694915  0.00000000  0.00000000  0.00000000  0.00000000  0.00000000  0.00000000 
  0.00564972  0.01129944  0.00000000  0.00000000  0.00000000  0.01923077  0.00000000  0.00000000  0.00000000  0.00000000  0.00000000  0.00000000 
  0.00000000  0.00000000  0.00000000  0.00000000  0.00000000  0.00000000  0.00000000  0.00000000  0.00000000  0.00000000  0.00000000  0.00000000 
  0.00000000  0.03030303  0.00000000  0.00000000  0.00000000  0.00000000  0.00000000  0.00000000  0.00000000  0.00000000  0.00000000  0.00000000 
  0.00000000  0.00000000  0.00000000  0.00000000  0.00000000  0.00000000  0.00000000  0.00000000  0.00000000  0.00000000  0.00000000  0.00000000 
  0.00000000  0.01449275  0.00000000  0.00000000  0.00000000  0.06451613  0.00000000  0.00000000  0.00000000  0.00000000  0.00000000  0.00000000 
