  0.00000000  0.00000000  0.00000000  0.00000000  0.00000000  0.00000000  0.00000000  0.00000000  0.00000000  0.00000000  0.00000000  0.00000000 
  0.00000000  0.00000000  0.00000000  0.00000000  0.00000000  0.00000000  0.00000000  0.00000000  0.00000000  0.00000000  0.00000000  0.00000000 
  0.00000000  0.00000000  0.00000000  0.00000000  0.00000000  0.00000000  0.00000000  0.00000000  0.00000000  0.00000000  0.00000000  0.00000000 
  0.00000000  0.00000000  0.00000000  0.00000000  0.00000000  0.00000000  0.00000000  0.00000000  0.00000000  0.00000000  0.00000000  0.00000000 
  0.00000000  0.00000000  0.00000000  0.00000000  0.00000000  0.00000000  0.00000000  0.00000000  0.00000000  0.00000000  0.00000000  0.00000000 
  0.01851852  0.03703704  0.00000000  0.00000000  0.00000000  0.00000000  0.00000000  0.00000000  0.00000000  0.00000000  0.00000000  0.00000000 
  0.01282051  0.01282051  0.00000000  0.00000000  0.07142857  0.07142857  0.00000000  0.00000000  0.00000000  0.00000000  0.00000000  0.00000000 
  0.00000000  0.00787402  0.00000000  0.00000000  0.00000000  0.10714286  0.00000000  0.00000000  0.00000000  0.00000000  0.00000000  0.00000000 
  0.00653595  0.02614379  0.00000000  0.00000000  0.05882353  0.14705882  0.00000000  0.00000000  0.00000000  0.00000000  0.00000000  0.00000000 
  0.01485149  0.00990099  0.00000000  0.00000000  0.10416667  0.14583333  0.00000000  0.00000000  0.00000000  0.00000000  0.00000000  0.00000000 
  0.00772201  0.01930502  0.00000000  0.00000000  0.00000000  0.14893617  0.00000000  0.04255319  0.00000000  0.00000000  0.00000000  0.00000000 
  0.00903614  0.01204819  0.00000000  0.00000000  0.06493506  0.18181818  0.01298701  0.00000000  0.00000000  0.00000000  0.00000000  0.00000000 
  0.00258398  0.01808786  0.00000000  0.00000000  0.07500000  0.15000000  0.00000000  0.00000000  0.00000000  0.00000000  0.00000000  0.00000000 
  0.00305810  0.03363914  0.00000000  0.00000000  0.04597701  0.11494253  0.00000000  0.01149425  0.00000000  0.00000000  0.00000000  0.00000000 
  0.01111111  0.02962963  0.00000000  0.00000000  0.05172414  0.20689655  0.00000000  0.01724138  0.00000000  0.00000000  0.00000000  0.00000000 
  0.00645161  0.01612903  0.00000000  0.00000000  0.01408451  0.19718310  0.00000000  0.02816901  0.00000000  0.00000000  0.00000000  0.00000000 
  0.01246883  0.02493766  0.00000000  0.00000000  0.02197802  0.18681319  0.00000000  0.01098901  0.00000000  0.00000000  0.00000000  0.00000000 
  0.00871460  0.02614379  0.00000000  0.00000000  0.03448276  0.17241379  0.00000000  0.00862069  0.00000000  0.00000000  0.00000000  0.00000000 
  0.01185771  0.02964427  0.00000000  0.00000000  0.01428571  0.15000000  0.00714286  0.02142857  0.00000000  0.00000000  0.00000000  0.00000000 
  0.00684932  0.04452055  0.00000000  0.00000000  0.00000000  0.15942029  0.01449275  0.01449275  0.00000000  0.00000000  0.00000000  0.00000000 
  0.00000000  0.00000000  0.00000000  0.00000000  0.00000000  0.00000000  0.00000000  0.00000000  0.00000000  0.00000000  0.00000000  0.00000000 
  0.00000000  0.06896552  0.00000000  0.00000000  0.00000000  0.50000000  0.00000000  0.00000000  0.00000000  0.00000000  0.00000000  0.00000000 
  0.00531915  0.04787234  0.00000000  0.00000000  0.00000000  0.16666667  0.00000000  0.00000000  0.00000000  0.00000000  0.00000000  0.00000000 
  0.00396825  0.02182540  0.00000000  0.00000000  0.02608696  0.10434783  0.00000000  0.00869565  0.00000000  0.00000000  0.00000000  0.00000000 
  0.01165803  0.02590674  0.00000000  0.00000000  0.02339181  0.09356725  0.00584795  0.01169591  0.00000000  0.00000000  0.00000000  0.00000000 
  0.00542888  0.00868621  0.00000000  0.00000000  0.03474903  0.03861004  0.00772201  0.00000000  0.00000000  0.00000000  0.00000000  0.00000000 
  0.00513347  0.02053388  0.00000000  0.00000000  0.02264151  0.09056604  0.01509434  0.00377358  0.00000000  0.00000000  0.00000000  0.00000000 
  0.00780379  0.02787068  0.00000000  0.00000000  0.04602510  0.06694561  0.00418410  0.00000000  0.00000000  0.00000000  0.00000000  0.00000000 
  0.01526718  0.01908397  0.00000000  0.00000000  0.03112840  0.07392996  0.00389105  0.00000000  0.00000000  0.00000000  0.00000000  0.00000000 
  0.01030928  0.01804124  0.00000000  0.00000000  0.00425532  0.07659574  0.00851064  0.00000000  0.00000000  0.00000000  0.00000000  0.00000000 
  0.01146497  0.01783439  0.00000000  0.00000000  0.01287554  0.08583691  0.00429185  0.00000000  0.00000000  0.00000000  0.00000000  0.00000000 
  0.00783699  0.01567398  0.00000000  0.00000000  0.04035874  0.06726457  0.00448430  0.00000000  0.00000000  0.00000000  0.00000000  0.00000000 
  0.00227790  0.02277904  0.00000000  0.00000000  0.00000000  0.05882353  0.01764706  0.00588235  0.00000000  0.00000000  0.00000000  0.00000000 
  0.00280899  0.03651685  0.00000000  0.00000000  0.00763359  0.10687023  0.00000000  0.00000000  0.00000000  0.00000000  0.00000000  0.00000000 
  0.00462963  0.00462963  0.00000000  0.00000000  0.00970874  0.09708738  0.00000000  0.01941748  0.00000000  0.00000000  0.00000000  0.00000000 
  0.01047120  0.03141361  0.00000000  0.00000000  0.00000000  0.16666667  0.00000000  0.00000000  0.00000000  0.00000000  0.00000000  0.00000000 
  0.00000000  0.09090909  0.00000000  0.00000000  0.00000000  0.50000000  0.00000000  0.00000000  0.00000000  0.00000000  0.00000000  0.00000000 
  0.00000000  0.00000000  0.00000000  0.00000000  0.00000000  0.00000000  0.00000000  0.00000000  0.00000000  0.00000000  0.00000000  0.00000000 
  0.00000000  0.15555556  0.00000000  0.00000000  0.00000000  0.00000000  0.00000000  0.00000000  0.00000000  0.00000000  0.00000000  0.00000000 
  0.00000000  0.21212121  0.00000000  0.00000000  0.00000000  0.00000000  0.00000000  0.00000000  0.00000000  0.00000000  0.00000000  0.00000000 
  0.00000000  0.04938272  0.00000000  0.00000000  0.00000000  0.12820513  0.00000000  0.02564103  0.00000000  0.00000000  0.00000000  0.00000000 
  0.00000000  0.03636364  0.00000000  0.00000000  0.00000000  0.04878049  0.00000000  0.02439024  0.00000000  0.00000000  0.00000000  0.00000000 
  0.00000000  0.17391304  0.00000000  0.00000000  0.00000000  0.06250000  0.00000000  0.00000000  0.00000000  0.00000000  0.00000000  0.00000000 
  0.00000000  0.12765957  0.00000000  0.00000000  0.00000000  0.12500000  0.00000000  0.00000000  0.00000000  0.00000000  0.00000000  0.00000000 
  0.00000000  0.12500000  0.00000000  0.00000000  0.00000000  0.66666667  0.00000000  0.00000000  0.00000000  0.00000000  0.00000000  0.00000000 
  0.00000000  0.00000000  0.00000000  0.00000000  0.00000000  0.00000000  0.00000000  0.00000000  0.00000000  0.00000000  0.00000000  0.00000000 
  0.00000000  0.00000000  0.00000000  0.00000000  0.00000000  0.00000000  0.00000000  0.00000000  0.00000000  0.00000000  0.00000000  0.00000000 
  0.00000000  0.10000000  0.00000000  0.00000000  0.00000000  0.00000000  0.00000000  0.00000000  0.00000000  0.00000000  0.00000000  0.00000000 
  0.00930233  0.02325581  0.00000000  0.00000000  0.00000000  0.12500000  0.00000000  0.00000000  0.00000000  0.00000000  0.00000000  0.00000000 
  0.00944882  0.03149606  0.00000000  0.00000000  0.01360544  0.10204082  0.00000000  0.00680272  0.00000000  0.00000000  0.00000000  0.00000000 
  0.00392157  0.03333333  0.00000000  0.00000000  0.01067616  0.07829181  0.00000000  0.01779359  0.00000000  0.00000000  0.00000000  0.00000000 
  0.00359712  0.04076739  0.00000000  0.00000000  0.00000000  0.05220884  0.00000000  0.00401606  0.00000000  0.00000000  0.00000000  0.00000000 
  0.00259740  0.04805195  0.00000000  0.00000000  0.00000000  0.09000000  0.00000000  0.01000000  0.00000000  0.00000000  0.00000000  0.00000000 
  0.00122850  0.04054054  0.00000000  0.00000000  0.00507614  0.09644670  0.00000000  0.00507614  0.00000000  0.00000000  0.00000000  0.00000000 
  0.00000000  0.04012346  0.00000000  0.00000000  0.00000000  0.06214689  0.00000000  0.00000000  0.00000000  0.00000000  0.00000000  0.00000000 
  0.00000000  0.03020134  0.00000000  0.00000000  0.00000000  0.07070707  0.00000000  0.01010101  0.00000000  0.00000000  0.00000000  0.00000000 
  0.00000000  0.00000000  0.00000000  0.00000000  0.00000000  0.30000000  0.00000000  0.00000000  0.00000000  0.00000000  0.00000000  0.00000000 
  0.00900901  0.00000000  0.00000000  0.00000000  0.00000000  0.06060606  0.00000000  0.00000000  0.00000000  0.00000000  0.00000000  0.00000000 
  0.00000000  0.00000000  0.00000000  0.00000000  0.00000000  0.09677419  0.00000000  0.00000000  0.00000000  0.00000000  0.00000000  0.00000000 
  0.00520833  0.00520833  0.00000000  0.00000000  0.00000000  0.11538462  0.00000000  0.01923077  0.00000000  0.00000000  0.00000000  0.00000000 
  0.00000000  0.00606061  0.00000000  0.00000000  0.01639344  0.09836066  0.01639344  0.00000000  0.00000000  0.00000000  0.00000000  0.00000000 
  0.00000000  0.00854701  0.00000000  0.00000000  0.00000000  0.07692308  0.00000000  0.02564103  0.00000000  0.00000000  0.00000000  0.00000000 
  0.00000000  0.00000000  0.00000000  0.00000000  0.00000000  0.11764706  0.05882353  0.00000000  0.00000000  0.00000000  0.00000000  0.00000000 
  0.00000000  0.00000000  0.00000000  0.00000000  0.00000000  0.00000000  0.00000000  0.00000000  0.00000000  0.00000000  0.00000000  0.00000000 
  0.00000000  0.00000000  0.00000000  0.00000000  0.00000000  0.00000000  0.00000000  0.00000000  0.00000000  0.00000000  0.00000000  0.00000000 
  0.00000000  0.00000000  0.00000000  0.00000000  0.00000000  0.00000000  0.00000000  0.00000000  0.00000000  0.00000000  0.00000000  0.00000000 
  0.00606061  0.02222222  0.00000000  0.00000000  0.00000000  0.08754209  0.00336700  0.00000000  0.00000000  0.00000000  0.00000000  0.00000000 
  0.00000000  0.05533597  0.00000000  0.00000000  0.01538462  0.13846154  0.01538462  0.00000000  0.00000000  0.00000000  0.00000000  0.00000000 
  0.00904977  0.03619910  0.00000000  0.00000000  0.00000000  0.05714286  0.02857143  0.00000000  0.00000000  0.00000000  0.00000000  0.00000000 
  0.00724638  0.02415459  0.00000000  0.00000000  0.00649351  0.12987013  0.00649351  0.00000000  0.00000000  0.00000000  0.00000000  0.00000000 
  0.00000000  0.00000000  0.00000000  0.00000000  0.00000000  0.00000000  0.00000000  0.00000000  0.00000000  0.00000000  0.00000000  0.00000000 
  0.00000000  0.00000000  0.00000000  0.00000000  0.00000000  0.00000000  0.00000000  0.00000000  0.00000000  0.00000000  0.00000000  0.00000000 
  0.00000000  0.00000000  0.00000000  0.00000000  0.00000000  1.00000000  0.00000000  0.00000000  0.00000000  0.00000000  0.00000000  0.00000000 
  0.00000000  0.00000000  0.00000000  0.00000000  0.00000000  0.00000000  0.00000000  0.00000000  0.00000000  0.00000000  0.00000000  0.00000000 
  0.00000000  0.00000000  0.00000000  0.00000000  0.00000000  0.00000000  0.00000000  0.00000000  0.00000000  0.00000000  0.00000000  0.00000000 
  0.00000000  0.07194245  0.00000000  0.00000000  0.00000000  0.20000000  0.00000000  0.00000000  0.00000000  0.00000000  0.00000000  0.00000000 
  0.00000000  0.11111111  0.00000000  0.00000000  0.00000000  0.15942029  0.00000000  0.04347826  0.00000000  0.00000000  0.00000000  0.00000000 
  0.00000000  0.07872340  0.00000000  0.00000000  0.00000000  0.18012422  0.00000000  0.03105590  0.00000000  0.00000000  0.00000000  0.00000000 
  0.00000000  0.07821229  0.00000000  0.00000000  0.00000000  0.15384615  0.00000000  0.00961538  0.00000000  0.00000000  0.00000000  0.00000000 
  0.00000000  0.05061082  0.00000000  0.00000000  0.00000000  0.22875817  0.00000000  0.01960784  0.00000000  0.00000000  0.00000000  0.00000000 
  0.00196850  0.05708661  0.00000000  0.00000000  0.00000000  0.20000000  0.00000000  0.01428571  0.00000000  0.00000000  0.00000000  0.00000000 
  0.00166389  0.05490849  0.00000000  0.00000000  0.00000000  0.14556962  0.00000000  0.04430380  0.00000000  0.00000000  0.00000000  0.00000000 
  0.00196850  0.07283465  0.00000000  0.00000000  0.00000000  0.11250000  0.00000000  0.01875000  0.00000000  0.00000000  0.00000000  0.00000000 
