  0.00000000  0.02364865  0.00000000  0.00000000  0.00000000  0.13888889  0.00000000  0.01388889  0.00000000  0.00000000  0.00000000  0.00000000 
  0.00000000  0.04137931  0.00000000  0.00000000  0.00000000  0.09090909  0.00000000  0.00000000  0.00000000  0.00000000  0.00000000  0.00000000 
  0.09090909  0.00000000  0.00000000  0.00000000  0.00000000  0.00000000  0.00000000  0.00000000  0.00000000  0.00000000  0.00000000  0.00000000 
  0.00000000  0.00000000  0.00000000  0.00000000  0.00000000  0.00000000  0.00000000  0.00000000  0.00000000  0.00000000  0.00000000  0.00000000 
  0.02884615  0.06730769  0.00000000  0.00000000  0.00000000  0.22222222  0.00000000  0.00000000  0.00000000  0.00000000  0.00000000  0.00000000 
  0.00841515  0.02524544  0.00000000  0.00000000  0.00485437  0.11165049  0.00970874  0.00485437  0.00000000  0.00000000  0.00000000  0.00000000 
  0.00626424  0.01822323  0.00000000  0.00000000  0.00503356  0.09563758  0.00000000  0.00167785  0.00000000  0.00000000  0.00000000  0.00000000 
  0.00845070  0.02464789  0.00000000  0.00000000  0.00857449  0.09110397  0.00214362  0.00428725  0.00000000  0.00000000  0.00000000  0.00000000 
  0.00614290  0.01907533  0.00000000  0.00000000  0.01036269  0.10569948  0.00621762  0.00310881  0.00000000  0.00000000  0.00000000  0.00000000 
  0.00347675  0.02042590  0.00000000  0.00000000  0.00490196  0.08006536  0.00326797  0.00816993  0.00000000  0.00000000  0.00000000  0.00000000 
  0.00335758  0.01958590  0.00000000  0.00000000  0.01059322  0.09745763  0.00423729  0.00423729  0.00000000  0.00000000  0.00000000  0.00000000 
  0.00718276  0.02075020  0.00000000  0.00000000  0.00630915  0.06309148  0.00630915  0.00315457  0.00000000  0.00000000  0.00000000  0.00000000 
  0.00604433  0.00940228  0.00000000  0.00000000  0.01632653  0.04897959  0.00000000  0.00000000  0.00000000  0.00000000  0.00000000  0.00000000 
  0.00391901  0.01110385  0.00000000  0.00000000  0.01071429  0.07500000  0.00357143  0.00000000  0.00000000  0.00000000  0.00000000  0.00000000 
  0.00762389  0.00889454  0.00000000  0.00000000  0.00586510  0.04692082  0.00586510  0.00293255  0.00000000  0.00000000  0.00000000  0.00000000 
  0.00338219  0.01521984  0.00000000  0.00000000  0.01234568  0.06481481  0.00617284  0.00000000  0.00000000  0.00000000  0.00000000  0.00000000 
  0.00258799  0.01190476  0.00000000  0.00000000  0.00574713  0.04022989  0.00287356  0.00287356  0.00000000  0.00000000  0.00000000  0.00000000 
  0.00295421  0.00492368  0.00000000  0.00000000  0.00558659  0.07262570  0.00000000  0.00279330  0.00000000  0.00000000  0.00000000  0.00000000 
  0.00232558  0.01069767  0.00000000  0.00000000  0.00000000  0.06094183  0.00000000  0.00000000  0.00000000  0.00000000  0.00000000  0.00000000 
  0.00180343  0.00766456  0.00000000  0.00000000  0.01219512  0.05853659  0.00243902  0.00000000  0.00000000  0.00000000  0.00000000  0.00000000 
  0.00977199  0.01384365  0.00000000  0.00000000  0.00643087  0.08360129  0.00000000  0.00000000  0.00000000  0.00000000  0.00000000  0.00000000 
  0.01064639  0.01901141  0.00000000  0.00000000  0.00824176  0.04945055  0.00000000  0.00000000  0.00000000  0.00000000  0.00000000  0.00000000 
  0.00561798  0.01605136  0.00000000  0.00000000  0.01133144  0.04532578  0.00000000  0.00000000  0.00000000  0.00000000  0.00000000  0.00000000 
  0.00764007  0.01697793  0.00000000  0.00000000  0.00529101  0.05820106  0.00000000  0.00000000  0.00000000  0.00000000  0.00000000  0.00000000 
  0.01109057  0.02125693  0.00000000  0.00000000  0.00000000  0.06358382  0.00578035  0.00289017  0.00000000  0.00000000  0.00000000  0.00000000 
  0.00673401  0.01683502  0.00000000  0.00000000  0.00417537  0.03549061  0.00208768  0.00208768  0.00000000  0.00000000  0.00000000  0.00000000 
  0.00849421  0.01081081  0.00000000  0.00000000  0.01739130  0.11304348  0.00869565  0.01739130  0.00000000  0.00000000  0.00000000  0.00000000 
  0.00501672  0.00752508  0.00000000  0.00000000  0.00000000  0.10303030  0.00000000  0.00000000  0.00000000  0.00000000  0.00000000  0.00000000 
  0.00390625  0.01171875  0.00000000  0.00000000  0.00000000  0.04166667  0.00000000  0.00000000  0.00000000  0.00000000  0.00000000  0.00000000 
  0.00000000  0.00000000  0.00000000  0.00000000  0.00000000  1.00000000  0.00000000  0.00000000  0.00000000  0.00000000  0.00000000  0.00000000 
  0.01171875  0.02734375  0.00000000  0.00000000  0.02298851  0.09195402  0.00000000  0.00000000  0.00000000  0.00000000  0.00000000  0.00000000 
  0.00539374  0.02696872  0.00000000  0.00000000  0.00843882  0.05063291  0.00000000  0.00000000  0.00000000  0.00000000  0.00000000  0.00000000 
  0.00355556  0.01066667  0.00000000  0.00000000  0.00519481  0.06233766  0.00000000  0.00000000  0.00000000  0.00000000  0.00000000  0.00000000 
  0.00425170  0.01700680  0.00000000  0.00000000  0.00683371  0.06150342  0.00455581  0.00227790  0.00000000  0.00000000  0.00000000  0.00000000 
  0.00411523  0.01563786  0.00000000  0.00000000  0.00429185  0.06437768  0.00214592  0.00000000  0.00000000  0.00000000  0.00000000  0.00000000 
  0.00315259  0.01891551  0.00000000  0.00000000  0.00000000  0.05593220  0.00338983  0.00000000  0.00000000  0.00000000  0.00000000  0.00000000 
  0.00362976  0.02268603  0.00000000  0.00000000  0.00444444  0.04666667  0.00222222  0.00222222  0.00000000  0.00000000  0.00000000  0.00000000 
  0.00762195  0.01219512  0.00000000  0.00000000  0.00680272  0.05442177  0.00226757  0.00000000  0.00000000  0.00000000  0.00000000  0.00000000 
  0.00406740  0.00987798  0.00000000  0.00000000  0.00418410  0.02510460  0.00000000  0.00139470  0.00000000  0.00000000  0.00000000  0.00000000 
  0.00569801  0.01519468  0.00000000  0.00000000  0.00308642  0.07098765  0.00308642  0.00308642  0.00000000  0.00000000  0.00000000  0.00000000 
  0.00863061  0.02071346  0.00000000  0.00000000  0.00447427  0.06711409  0.00223714  0.00894855  0.00000000  0.00000000  0.00000000  0.00000000 
  0.00794852  0.00984103  0.00000000  0.00000000  0.00758725  0.08497724  0.00151745  0.00455235  0.00000000  0.00000000  0.00000000  0.00000000 
  0.00234192  0.01170960  0.00000000  0.00000000  0.00957854  0.03831418  0.00191571  0.00574713  0.00000000  0.00000000  0.00000000  0.00000000 
  0.00313480  0.01358412  0.00000000  0.00000000  0.01244813  0.06639004  0.00829876  0.00414938  0.00000000  0.00000000  0.00000000  0.00000000 
  0.00938967  0.02347418  0.00000000  0.00000000  0.02325581  0.09302326  0.02325581  0.00000000  0.00000000  0.00000000  0.00000000  0.00000000 
  0.00000000  0.03278689  0.00000000  0.00000000  0.00000000  0.06666667  0.00000000  0.00000000  0.00000000  0.00000000  0.00000000  0.00000000 
  0.00968523  0.01452785  0.00000000  0.00000000  0.01438849  0.09352518  0.00719424  0.00719424  0.00000000  0.00000000  0.00000000  0.00000000 
  0.01045752  0.01830065  0.00000000  0.00000000  0.00692042  0.07958478  0.00346021  0.01038062  0.00000000  0.00000000  0.00000000  0.00000000 
  0.01015228  0.02368866  0.00000000  0.00000000  0.00000000  0.05586592  0.00000000  0.00558659  0.00000000  0.00000000  0.00000000  0.00000000 
  0.00759878  0.01975684  0.00000000  0.00000000  0.00568182  0.12500000  0.00000000  0.00568182  0.00000000  0.00000000  0.00000000  0.00000000 
  0.00308642  0.03703704  0.00000000  0.00000000  0.01204819  0.09638554  0.00000000  0.04216867  0.00000000  0.00000000  0.00000000  0.00000000 
  0.00589102  0.01325479  0.00000000  0.00000000  0.01379310  0.04827586  0.00000000  0.01379310  0.00000000  0.00000000  0.00000000  0.00000000 
  0.00143472  0.02295552  0.00000000  0.00000000  0.01438849  0.12230216  0.00719424  0.00719424  0.00000000  0.00000000  0.00000000  0.00000000 
  0.00526316  0.02105263  0.00000000  0.00000000  0.01136364  0.11931818  0.00000000  0.00568182  0.00000000  0.00000000  0.00000000  0.00000000 
  0.00617284  0.01975309  0.00000000  0.00000000  0.01069519  0.09625668  0.00000000  0.00000000  0.00000000  0.00000000  0.00000000  0.00000000 
  0.00639659  0.02345416  0.00000000  0.00000000  0.00000000  0.08510638  0.01063830  0.02127660  0.00000000  0.00000000  0.00000000  0.00000000 
  0.01025641  0.01538462  0.00000000  0.00000000  0.00000000  0.11194030  0.00000000  0.02238806  0.00000000  0.00000000  0.00000000  0.00000000 
  0.01061571  0.02335456  0.00000000  0.00000000  0.00000000  0.11340206  0.00000000  0.00000000  0.00000000  0.00000000  0.00000000  0.00000000 
  0.01492537  0.01990050  0.00000000  0.00000000  0.00000000  0.17021277  0.00000000  0.00000000  0.00000000  0.00000000  0.00000000  0.00000000 
  0.00302115  0.07250755  0.00000000  0.00000000  0.04545455  0.13636364  0.04545455  0.04545455  0.00000000  0.00000000  0.00000000  0.00000000 
  0.01769912  0.06194690  0.00000000  0.00000000  0.00000000  0.14285714  0.00000000  0.00000000  0.00000000  0.00000000  0.00000000  0.00000000 
  0.01086957  0.01630435  0.00000000  0.00000000  0.00000000  0.00000000  0.00000000  0.00000000  0.00000000  0.00000000  0.00000000  0.00000000 
  0.01836735  0.01224490  0.00000000  0.00000000  0.00000000  0.09523810  0.00000000  0.00000000  0.00000000  0.00000000  0.00000000  0.00000000 
  0.01318267  0.00564972  0.00000000  0.00000000  0.00000000  0.15384615  0.00000000  0.00000000  0.00000000  0.00000000  0.00000000  0.00000000 
  0.01052632  0.01503759  0.00000000  0.00000000  0.00000000  0.03846154  0.00000000  0.00000000  0.00000000  0.00000000  0.00000000  0.00000000 
  0.00657030  0.00919842  0.00000000  0.00000000  0.00000000  0.11764706  0.00000000  0.02941176  0.00000000  0.00000000  0.00000000  0.00000000 
  0.00000000  0.00628141  0.00000000  0.00000000  0.00000000  0.11320755  0.00000000  0.01886792  0.00000000  0.00000000  0.00000000  0.00000000 
  0.00275103  0.00687758  0.00000000  0.00000000  0.00000000  0.21621622  0.00000000  0.02702703  0.00000000  0.00000000  0.00000000  0.00000000 
  0.00499168  0.00831947  0.00000000  0.00000000  0.00000000  0.08000000  0.00000000  0.04000000  0.00000000  0.00000000  0.00000000  0.00000000 
  0.00277778  0.00833333  0.00000000  0.00000000  0.00000000  0.12195122  0.02439024  0.02439024  0.00000000  0.00000000  0.00000000  0.00000000 
  0.01190476  0.00595238  0.00000000  0.00000000  0.00000000  0.11764706  0.05882353  0.00000000  0.00000000  0.00000000  0.00000000  0.00000000 
  0.00854701  0.00854701  0.00000000  0.00000000  0.00000000  0.15789474  0.00000000  0.00000000  0.00000000  0.00000000  0.00000000  0.00000000 
  0.00833333  0.02500000  0.00000000  0.00000000  0.00000000  0.00000000  0.00000000  0.00000000  0.00000000  0.00000000  0.00000000  0.00000000 
  0.00000000  0.01481481  0.00000000  0.00000000  0.00000000  0.16666667  0.00000000  0.05555556  0.00000000  0.00000000  0.00000000  0.00000000 
  0.01149425  0.00000000  0.00000000  0.00000000  0.00000000  0.13333333  0.00000000  0.06666667  0.00000000  0.00000000  0.00000000  0.00000000 
  0.00000000  0.01123596  0.00000000  0.00000000  0.00000000  0.25000000  0.00000000  0.00000000  0.00000000  0.00000000  0.00000000  0.00000000 
  0.00000000  0.01190476  0.00000000  0.00000000  0.05882353  0.00000000  0.00000000  0.00000000  0.00000000  0.00000000  0.00000000  0.00000000 
  0.00000000  0.00000000  0.00000000  0.00000000  0.07142857  0.00000000  0.00000000  0.00000000  0.00000000  0.00000000  0.00000000  0.00000000 
  0.00000000  0.00000000  0.00000000  0.00000000  0.00000000  0.22222222  0.00000000  0.00000000  0.00000000  0.00000000  0.00000000  0.00000000 
  0.00000000  0.02439024  0.00000000  0.00000000  0.12500000  0.12500000  0.00000000  0.00000000  0.00000000  0.00000000  0.00000000  0.00000000 
  0.00000000  0.07692308  0.00000000  0.00000000  0.00000000  0.00000000  0.00000000  0.00000000  0.00000000  0.00000000  0.00000000  0.00000000 
  0.00000000  0.00000000  0.00000000  0.00000000  0.00000000  0.00000000  0.00000000  0.00000000  0.00000000  0.00000000  0.00000000  0.00000000 
  0.00000000  0.06666667  0.00000000  0.00000000  0.00000000  0.25000000  0.00000000  0.00000000  0.00000000  0.00000000  0.00000000  0.00000000 
