  0.00000000  0.01916933  0.00000000  0.00000000  0.00000000  0.05303030  0.00000000  0.01515152  0.00000000  0.00000000  0.00000000  0.00000000 
  0.00326797  0.01633987  0.00000000  0.00000000  0.00000000  0.02816901  0.00000000  0.00000000  0.00000000  0.00000000  0.00000000  0.00000000 
  0.00000000  0.03305785  0.00000000  0.00000000  0.00000000  0.09375000  0.00000000  0.00781250  0.00000000  0.00000000  0.00000000  0.00000000 
  0.00000000  0.01319261  0.00000000  0.00000000  0.00000000  0.03846154  0.00000000  0.00000000  0.00000000  0.00000000  0.00000000  0.00000000 
  0.00362319  0.01449275  0.00000000  0.00000000  0.00000000  0.02000000  0.00000000  0.00000000  0.00000000  0.00000000  0.00000000  0.00000000 
  0.00000000  0.03083700  0.00000000  0.00000000  0.00000000  0.09459459  0.00000000  0.00000000  0.00000000  0.00000000  0.00000000  0.00000000 
  0.00000000  0.03571429  0.00000000  0.00000000  0.00000000  0.06060606  0.00000000  0.00000000  0.00000000  0.00000000  0.00000000  0.00000000 
  0.00813008  0.01626016  0.00000000  0.00000000  0.00000000  0.17647059  0.00000000  0.00000000  0.00000000  0.00000000  0.00000000  0.00000000 
  0.00571429  0.04000000  0.00000000  0.00000000  0.00000000  0.05172414  0.00000000  0.00000000  0.00000000  0.00000000  0.00000000  0.00000000 
  0.00000000  0.05696203  0.00000000  0.00000000  0.00000000  0.03030303  0.00000000  0.01010101  0.00000000  0.00000000  0.00000000  0.00000000 
  0.00000000  0.01449275  0.00000000  0.00000000  0.00000000  0.05154639  0.00000000  0.00000000  0.00000000  0.00000000  0.00000000  0.00000000 
  0.00480769  0.00480769  0.00000000  0.00000000  0.00000000  0.03157895  0.00000000  0.00000000  0.00000000  0.00000000  0.00000000  0.00000000 
  0.00000000  0.03389831  0.00000000  0.00000000  0.00000000  0.02459016  0.00000000  0.00000000  0.00000000  0.00000000  0.00000000  0.00000000 
  0.00000000  0.00420168  0.00000000  0.00000000  0.00000000  0.02678571  0.00000000  0.00000000  0.00000000  0.00000000  0.00000000  0.00000000 
  0.00000000  0.02409639  0.00000000  0.00000000  0.00000000  0.05982906  0.00000000  0.00000000  0.00000000  0.00000000  0.00000000  0.00000000 
  0.00000000  0.02272727  0.00000000  0.00000000  0.00000000  0.01652893  0.00000000  0.00000000  0.00000000  0.00000000  0.00000000  0.00000000 
  0.00000000  0.01224490  0.00000000  0.00000000  0.00000000  0.02777778  0.00000000  0.00000000  0.00000000  0.00000000  0.00000000  0.00000000 
  0.00310559  0.00621118  0.00000000  0.00000000  0.00000000  0.04065041  0.00000000  0.00000000  0.00000000  0.00000000  0.00000000  0.00000000 
  0.00000000  0.01662050  0.00000000  0.00000000  0.00000000  0.05000000  0.00000000  0.00000000  0.00000000  0.00000000  0.00000000  0.00000000 
  0.00000000  0.01481481  0.00000000  0.00000000  0.00000000  0.02564103  0.00000000  0.00000000  0.00000000  0.00000000  0.00000000  0.00000000 
  0.00833333  0.01666667  0.00000000  0.00000000  0.00000000  0.01980198  0.00000000  0.00000000  0.00000000  0.00000000  0.00000000  0.00000000 
  0.00970874  0.01456311  0.00000000  0.00000000  0.00000000  0.02222222  0.00000000  0.00000000  0.00000000  0.00000000  0.00000000  0.00000000 
  0.00000000  0.02953586  0.00000000  0.00000000  0.01020408  0.04081633  0.00000000  0.00000000  0.00000000  0.00000000  0.00000000  0.00000000 
  0.00600601  0.01201201  0.00000000  0.00000000  0.00000000  0.09900990  0.00000000  0.00000000  0.00000000  0.00000000  0.00000000  0.00000000 
  0.00287356  0.01149425  0.00000000  0.00000000  0.00909091  0.04545455  0.00000000  0.00000000  0.00000000  0.00000000  0.00000000  0.00000000 
  0.00000000  0.01084011  0.00000000  0.00000000  0.00662252  0.01324503  0.00000000  0.00000000  0.00000000  0.00000000  0.00000000  0.00000000 
  0.00671141  0.04026846  0.00000000  0.00000000  0.00000000  0.03623188  0.00000000  0.00000000  0.00000000  0.00000000  0.00000000  0.00000000 
  0.00000000  0.03061224  0.00000000  0.00000000  0.00000000  0.01063830  0.00000000  0.00000000  0.00000000  0.00000000  0.00000000  0.00000000 
  0.00000000  0.01818182  0.00000000  0.00000000  0.00000000  0.03508772  0.00000000  0.00877193  0.00000000  0.00000000  0.00000000  0.00000000 
  0.00000000  0.01067616  0.00000000  0.00000000  0.00000000  0.03030303  0.00000000  0.00000000  0.00000000  0.00000000  0.00000000  0.00000000 
  0.00666667  0.03000000  0.00000000  0.00000000  0.00000000  0.03252033  0.00000000  0.00000000  0.00000000  0.00000000  0.00000000  0.00000000 
  0.00000000  0.04923077  0.00000000  0.00000000  0.00000000  0.04724409  0.00000000  0.00787402  0.00000000  0.00000000  0.00000000  0.00000000 
  0.00000000  0.04220779  0.00000000  0.00000000  0.00000000  0.10000000  0.00000000  0.01111111  0.00000000  0.00000000  0.00000000  0.00000000 
  0.00000000  0.02990033  0.00000000  0.00000000  0.00000000  0.04464286  0.00000000  0.00892857  0.00000000  0.00000000  0.00000000  0.00000000 
  0.00348432  0.00348432  0.00000000  0.00000000  0.00000000  0.04444444  0.00000000  0.00000000  0.00000000  0.00000000  0.00000000  0.00000000 
  0.00000000  0.01200000  0.00000000  0.00000000  0.00000000  0.02173913  0.00000000  0.00000000  0.00000000  0.00000000  0.00000000  0.00000000 
  0.00000000  0.00523560  0.00000000  0.00000000  0.00000000  0.05333333  0.00000000  0.00000000  0.00000000  0.00000000  0.00000000  0.00000000 
  0.00000000  0.01694915  0.00000000  0.00000000  0.00000000  0.03448276  0.00000000  0.00000000  0.00000000  0.00000000  0.00000000  0.00000000 
  0.00763359  0.01526718  0.00000000  0.00000000  0.00000000  0.05882353  0.00000000  0.00000000  0.00000000  0.00000000  0.00000000  0.00000000 
  0.00000000  0.00621118  0.00000000  0.00000000  0.00000000  0.03333333  0.00000000  0.00000000  0.00000000  0.00000000  0.00000000  0.00000000 
  0.00000000  0.02475248  0.00000000  0.00000000  0.00000000  0.03571429  0.00000000  0.00000000  0.00000000  0.00000000  0.00000000  0.00000000 
  0.00668896  0.00334448  0.00000000  0.00000000  0.00000000  0.02702703  0.00000000  0.00000000  0.00000000  0.00000000  0.00000000  0.00000000 
  0.00295858  0.00887574  0.00000000  0.00000000  0.00000000  0.01562500  0.00000000  0.00000000  0.00000000  0.00000000  0.00000000  0.00000000 
  0.00398406  0.00796813  0.00000000  0.00000000  0.00000000  0.03296703  0.00000000  0.00000000  0.00000000  0.00000000  0.00000000  0.00000000 
  0.00377358  0.01509434  0.00000000  0.00000000  0.00000000  0.02727273  0.00000000  0.00000000  0.00000000  0.00000000  0.00000000  0.00000000 
  0.00000000  0.00291545  0.00000000  0.00000000  0.00000000  0.03225806  0.00000000  0.00000000  0.00000000  0.00000000  0.00000000  0.00000000 
  0.00313480  0.02507837  0.00000000  0.00000000  0.00000000  0.03921569  0.00000000  0.00000000  0.00000000  0.00000000  0.00000000  0.00000000 
  0.00302115  0.01208459  0.00000000  0.00000000  0.00000000  0.00746269  0.00000000  0.00000000  0.00000000  0.00000000  0.00000000  0.00000000 
  0.00000000  0.00819672  0.00000000  0.00000000  0.00000000  0.02105263  0.00000000  0.00000000  0.00000000  0.00000000  0.00000000  0.00000000 
