  0.00386100  0.12355212  0.00000000  0.00000000  0.00000000  0.13821138  0.00000000  0.04878049  0.00000000  0.00000000  0.00000000  0.00000000 
  0.01095890  0.08767123  0.00000000  0.00000000  0.00000000  0.14634146  0.00000000  0.04268293  0.00000000  0.00000000  0.00000000  0.00000000 
  0.00280112  0.11204482  0.00000000  0.00000000  0.00000000  0.18750000  0.00000000  0.07031250  0.00000000  0.00000000  0.00000000  0.00000000 
  0.00000000  0.09442060  0.00000000  0.00000000  0.00000000  0.20370370  0.00000000  0.06481481  0.00000000  0.00000000  0.00000000  0.00000000 
  0.00000000  0.01204819  0.00000000  0.00000000  0.00000000  0.04000000  0.00000000  0.00000000  0.00000000  0.00000000  0.00000000  0.00000000 
  0.00537634  0.14516129  0.00000000  0.00000000  0.00000000  0.18750000  0.00000000  0.12500000  0.00000000  0.00000000  0.00000000  0.00000000 
  0.00272480  0.20980926  0.00000000  0.00000000  0.00000000  0.22302158  0.00000000  0.15107914  0.00000000  0.00000000  0.00000000  0.00000000 
  0.00425532  0.08936170  0.00000000  0.00000000  0.00000000  0.13414634  0.00000000  0.08536585  0.00000000  0.00000000  0.00000000  0.00000000 
  0.00427350  0.04273504  0.00000000  0.00000000  0.00000000  0.06849315  0.00000000  0.05479452  0.00000000  0.00000000  0.00000000  0.00000000 
  0.00000000  0.08717949  0.00000000  0.00000000  0.00000000  0.20253165  0.00000000  0.07594937  0.00000000  0.00000000  0.00000000  0.00000000 
  0.00404858  0.18623482  0.00000000  0.00000000  0.00000000  0.19811321  0.00000000  0.08490566  0.00000000  0.00000000  0.00000000  0.00000000 
  0.00714286  0.15357143  0.00000000  0.00000000  0.00000000  0.24528302  0.00000000  0.13207547  0.00000000  0.00000000  0.00000000  0.00000000 
  0.00340136  0.16326531  0.00000000  0.00000000  0.00000000  0.25157233  0.00000000  0.13836478  0.00000000  0.00000000  0.00000000  0.00000000 
  0.00408163  0.17142857  0.00000000  0.00000000  0.00781250  0.20312500  0.00000000  0.11718750  0.00000000  0.00000000  0.00000000  0.00000000 
