  0.00000000  0.23602484  0.00000000  0.00000000  0.00000000  0.21186441  0.00000000  0.04237288  0.00000000  0.00000000  0.00000000  0.00000000 
  0.00000000  0.22777778  0.00000000  0.00000000  0.00000000  0.20370370  0.00000000  0.02777778  0.00000000  0.00000000  0.00000000  0.00000000 
  0.00000000  0.10824742  0.00000000  0.00000000  0.00000000  0.15873016  0.00000000  0.02380952  0.00000000  0.00000000  0.00000000  0.00000000 
  0.00000000  0.08426966  0.00000000  0.00000000  0.00000000  0.16071429  0.00000000  0.01785714  0.00000000  0.00000000  0.00000000  0.00000000 
  0.00000000  0.10625000  0.00000000  0.00000000  0.00884956  0.15929204  0.00000000  0.02654867  0.00000000  0.00000000  0.00000000  0.00000000 
  0.00000000  0.13664596  0.00000000  0.00000000  0.00000000  0.20430108  0.00000000  0.03225806  0.00000000  0.00000000  0.00000000  0.00000000 
  0.00000000  0.12500000  0.00000000  0.00000000  0.00000000  0.20000000  0.00000000  0.04705882  0.00000000  0.00000000  0.00000000  0.00000000 
  0.00531915  0.19148936  0.00000000  0.00000000  0.00000000  0.25274725  0.00000000  0.06593407  0.00000000  0.00000000  0.00000000  0.00000000 
  0.00000000  0.14450867  0.00000000  0.00000000  0.00000000  0.21621622  0.00000000  0.04054054  0.00000000  0.00000000  0.00000000  0.00000000 
  0.00505051  0.11616162  0.00000000  0.00000000  0.00000000  0.19417476  0.00000000  0.02912621  0.00000000  0.00000000  0.00000000  0.00000000 
  0.00000000  0.09767442  0.00000000  0.00000000  0.00000000  0.15555556  0.00000000  0.02222222  0.00000000  0.00000000  0.00000000  0.00000000 
  0.00000000  0.16071429  0.00000000  0.00000000  0.00000000  0.16666667  0.00000000  0.06060606  0.00000000  0.00000000  0.00000000  0.00000000 
  0.00000000  0.15231788  0.00000000  0.00000000  0.00000000  0.16666667  0.00000000  0.07692308  0.00000000  0.00000000  0.00000000  0.00000000 
  0.00000000  0.13294798  0.00000000  0.00000000  0.00000000  0.26027397  0.00000000  0.05479452  0.00000000  0.00000000  0.00000000  0.00000000 
  0.01169591  0.11111111  0.00000000  0.00000000  0.00000000  0.24324324  0.00000000  0.04054054  0.00000000  0.00000000  0.00000000  0.00000000 
  0.00000000  0.17748918  0.00000000  0.00000000  0.00000000  0.20212766  0.00000000  0.02127660  0.00000000  0.00000000  0.00000000  0.00000000 
  0.00000000  0.12389381  0.00000000  0.00000000  0.00000000  0.09411765  0.00000000  0.08235294  0.00000000  0.00000000  0.00000000  0.00000000 
  0.00452489  0.14479638  0.00000000  0.00000000  0.00000000  0.21052632  0.00000000  0.06315789  0.00000000  0.00000000  0.00000000  0.00000000 
  0.00000000  0.14795918  0.00000000  0.00000000  0.00000000  0.17391304  0.00000000  0.06086957  0.00000000  0.00000000  0.00000000  0.00000000 
  0.00502513  0.14070352  0.00000000  0.00000000  0.00806452  0.20161290  0.00000000  0.03225806  0.00000000  0.00000000  0.00000000  0.00000000 
  0.00432900  0.10822511  0.00000000  0.00000000  0.00000000  0.18253968  0.00000000  0.03174603  0.00000000  0.00000000  0.00000000  0.00000000 
  0.00000000  0.11790393  0.00000000  0.00000000  0.00000000  0.13142857  0.00571429  0.02857143  0.00000000  0.00000000  0.00000000  0.00000000 
  0.00000000  0.10169492  0.00000000  0.00000000  0.00000000  0.10429448  0.00000000  0.01840491  0.00000000  0.00000000  0.00000000  0.00000000 
  0.00413223  0.12396694  0.00000000  0.00000000  0.00000000  0.11111111  0.00000000  0.01111111  0.00000000  0.00000000  0.00000000  0.00000000 
  0.00854701  0.07692308  0.00000000  0.00000000  0.00000000  0.15116279  0.00000000  0.00581395  0.00000000  0.00000000  0.00000000  0.00000000 
  0.00000000  0.04651163  0.00000000  0.00000000  0.00000000  0.11377246  0.00000000  0.01197605  0.00000000  0.00000000  0.00000000  0.00000000 
  0.00829876  0.07053942  0.00000000  0.00000000  0.00000000  0.17241379  0.00000000  0.00689655  0.00000000  0.00000000  0.00000000  0.00000000 
  0.00000000  0.07359307  0.00000000  0.00000000  0.00000000  0.16379310  0.00000000  0.01724138  0.00000000  0.00000000  0.00000000  0.00000000 
  0.00387597  0.09302326  0.00000000  0.00000000  0.00000000  0.08333333  0.00000000  0.01666667  0.00000000  0.00000000  0.00000000  0.00000000 
  0.00000000  0.08906883  0.00000000  0.00000000  0.00000000  0.13385827  0.00000000  0.00000000  0.00000000  0.00000000  0.00000000  0.00000000 
  0.00706714  0.07067138  0.00000000  0.00000000  0.00000000  0.14960630  0.00000000  0.02362205  0.00000000  0.00000000  0.00000000  0.00000000 
  0.00420168  0.09243697  0.00000000  0.00000000  0.00000000  0.10852713  0.00000000  0.00775194  0.00000000  0.00000000  0.00000000  0.00000000 
  0.00000000  0.13170732  0.00000000  0.00000000  0.00000000  0.10280374  0.00000000  0.03738318  0.00000000  0.00000000  0.00000000  0.00000000 
  0.00000000  0.04782609  0.00000000  0.00000000  0.00000000  0.15454545  0.00000000  0.02727273  0.00000000  0.00000000  0.00000000  0.00000000 
  0.00409836  0.10245902  0.00000000  0.00000000  0.00000000  0.12765957  0.00000000  0.01063830  0.00000000  0.00000000  0.00000000  0.00000000 
  0.00000000  0.12500000  0.00000000  0.00000000  0.00000000  0.13793103  0.00000000  0.00000000  0.00000000  0.00000000  0.00000000  0.00000000 
  0.00000000  0.10469314  0.00000000  0.00000000  0.00000000  0.12727273  0.00000000  0.00909091  0.00000000  0.00000000  0.00000000  0.00000000 
  0.00000000  0.05818182  0.00000000  0.00000000  0.00000000  0.13461538  0.00000000  0.01923077  0.00000000  0.00000000  0.00000000  0.00000000 
  0.00000000  0.06808511  0.00000000  0.00000000  0.00000000  0.09401709  0.00000000  0.02564103  0.00000000  0.00000000  0.00000000  0.00000000 
  0.01219512  0.06910569  0.00000000  0.00000000  0.00000000  0.16153846  0.00000000  0.00769231  0.00000000  0.00000000  0.00000000  0.00000000 
  0.00819672  0.10245902  0.00000000  0.00000000  0.00000000  0.10344828  0.00000000  0.02586207  0.00000000  0.00000000  0.00000000  0.00000000 
  0.00727273  0.10181818  0.00000000  0.00000000  0.00000000  0.13513514  0.00000000  0.00540541  0.00000000  0.00000000  0.00000000  0.00000000 
  0.00380228  0.06844106  0.00000000  0.00000000  0.00000000  0.11585366  0.00000000  0.04268293  0.00000000  0.00000000  0.00000000  0.00000000 
