  0.00000000  0.14634146  0.00000000  0.00000000  0.00000000  0.00000000  0.00000000  0.00000000  0.00000000  0.00000000  0.00000000  0.00000000 
  0.00000000  0.15217391  0.00000000  0.00000000  0.00000000  0.16666667  0.00000000  0.00000000  0.00000000  0.00000000  0.00000000  0.00000000 
  0.00000000  0.13157895  0.00000000  0.00000000  0.00000000  0.00000000  0.00000000  0.28571429  0.00000000  0.00000000  0.00000000  0.00000000 
  0.00000000  0.11111111  0.00000000  0.00000000  0.00000000  0.33333333  0.00000000  0.00000000  0.00000000  0.00000000  0.00000000  0.00000000 
  0.00000000  0.09523810  0.00000000  0.00000000  0.00000000  0.14285714  0.00000000  0.00000000  0.00000000  0.00000000  0.00000000  0.00000000 
  0.00000000  0.09523810  0.00000000  0.00000000  0.00000000  0.00000000  0.00000000  0.00000000  0.00000000  0.00000000  0.00000000  0.00000000 
  0.00000000  0.08000000  0.00000000  0.00000000  0.00000000  0.00000000  0.00000000  0.00000000  0.00000000  0.00000000  0.00000000  0.00000000 
  0.00000000  0.15789474  0.00000000  0.00000000  0.00000000  0.00000000  0.00000000  0.00000000  0.00000000  0.00000000  0.00000000  0.00000000 
  0.00000000  0.03703704  0.00000000  0.00000000  0.00000000  0.00000000  0.00000000  0.33333333  0.00000000  0.00000000  0.00000000  0.00000000 
  0.00000000  0.00000000  0.00000000  0.00000000  0.00000000  0.00000000  0.00000000  0.00000000  0.00000000  0.00000000  0.00000000  0.00000000 
  0.00000000  0.05263158  0.00000000  0.00000000  0.00000000  0.28571429  0.00000000  0.00000000  0.00000000  0.00000000  0.00000000  0.00000000 
  0.00000000  0.05555556  0.00000000  0.00000000  0.00000000  0.25000000  0.00000000  0.25000000  0.00000000  0.00000000  0.00000000  0.00000000 
  0.00000000  0.15384615  0.00000000  0.00000000  0.00000000  0.33333333  0.00000000  0.00000000  0.00000000  0.00000000  0.00000000  0.00000000 
  0.00000000  0.11904762  0.00000000  0.00000000  0.00000000  0.00000000  0.00000000  0.14285714  0.00000000  0.00000000  0.00000000  0.00000000 
  0.00000000  0.07142857  0.00000000  0.00000000  0.00000000  0.00000000  0.00000000  0.08333333  0.00000000  0.00000000  0.00000000  0.00000000 
  0.00000000  0.15555556  0.00000000  0.00000000  0.00000000  0.16666667  0.00000000  0.00000000  0.00000000  0.00000000  0.00000000  0.00000000 
  0.00000000  0.13846154  0.00000000  0.00000000  0.00000000  0.18181818  0.00000000  0.18181818  0.00000000  0.00000000  0.00000000  0.00000000 
  0.00000000  0.18181818  0.00000000  0.00000000  0.00000000  0.37500000  0.00000000  0.00000000  0.00000000  0.00000000  0.00000000  0.00000000 
  0.00000000  0.28571429  0.00000000  0.00000000  0.00000000  0.83333333  0.00000000  0.00000000  0.00000000  0.00000000  0.00000000  0.00000000 
  0.00000000  0.20000000  0.00000000  0.00000000  0.00000000  0.33333333  0.00000000  0.16666667  0.00000000  0.00000000  0.00000000  0.00000000 
  0.00000000  0.14285714  0.00000000  0.00000000  0.00000000  0.12500000  0.00000000  0.25000000  0.00000000  0.00000000  0.00000000  0.00000000 
  0.00000000  0.22727273  0.00000000  0.00000000  0.00000000  0.40000000  0.00000000  0.20000000  0.00000000  0.00000000  0.00000000  0.00000000 
  0.00000000  0.23333333  0.00000000  0.00000000  0.00000000  0.00000000  0.00000000  0.25000000  0.00000000  0.00000000  0.00000000  0.00000000 
  0.00000000  0.21621622  0.00000000  0.00000000  0.00000000  0.28571429  0.00000000  0.14285714  0.00000000  0.00000000  0.00000000  0.00000000 
  0.00000000  0.09090909  0.00000000  0.00000000  0.00000000  0.20000000  0.00000000  0.00000000  0.00000000  0.00000000  0.00000000  0.00000000 
  0.00000000  0.11111111  0.00000000  0.00000000  0.00000000  0.00000000  0.00000000  0.00000000  0.00000000  0.00000000  0.00000000  0.00000000 
  0.00000000  0.17500000  0.00000000  0.00000000  0.00000000  0.20000000  0.00000000  0.20000000  0.00000000  0.00000000  0.00000000  0.00000000 
  0.00000000  0.20689655  0.00000000  0.00000000  0.00000000  0.12500000  0.00000000  0.12500000  0.00000000  0.00000000  0.00000000  0.00000000 
  0.00000000  0.14062500  0.00000000  0.00000000  0.00000000  0.33333333  0.00000000  0.11111111  0.00000000  0.00000000  0.00000000  0.00000000 
  0.00000000  0.22641509  0.00000000  0.00000000  0.00000000  0.14285714  0.00000000  0.00000000  0.00000000  0.00000000  0.00000000  0.00000000 
  0.00000000  0.04838710  0.00000000  0.00000000  0.00000000  0.20000000  0.00000000  0.00000000  0.00000000  0.00000000  0.00000000  0.00000000 
  0.00000000  0.16666667  0.00000000  0.00000000  0.00000000  0.28571429  0.00000000  0.14285714  0.00000000  0.00000000  0.00000000  0.00000000 
  0.00000000  0.31818182  0.00000000  0.00000000  0.00000000  0.20000000  0.00000000  0.06666667  0.00000000  0.00000000  0.00000000  0.00000000 
  0.00000000  0.17142857  0.00000000  0.00000000  0.00000000  0.28571429  0.00000000  0.00000000  0.00000000  0.00000000  0.00000000  0.00000000 
  0.00000000  0.14705882  0.00000000  0.00000000  0.00000000  0.25000000  0.00000000  0.12500000  0.00000000  0.00000000  0.00000000  0.00000000 
  0.00000000  0.07894737  0.00000000  0.00000000  0.00000000  0.00000000  0.00000000  0.00000000  0.00000000  0.00000000  0.00000000  0.00000000 
  0.00000000  0.08333333  0.00000000  0.00000000  0.00000000  0.33333333  0.00000000  0.33333333  0.00000000  0.00000000  0.00000000  0.00000000 
  0.00000000  0.06451613  0.00000000  0.00000000  0.00000000  0.00000000  0.00000000  0.25000000  0.00000000  0.00000000  0.00000000  0.00000000 
  0.00000000  0.15384615  0.00000000  0.00000000  0.00000000  0.15384615  0.00000000  0.15384615  0.00000000  0.00000000  0.00000000  0.00000000 
  0.00000000  0.05405405  0.00000000  0.00000000  0.00000000  0.20000000  0.00000000  0.00000000  0.00000000  0.00000000  0.00000000  0.00000000 
  0.00000000  0.07692308  0.00000000  0.00000000  0.00000000  0.36363636  0.00000000  0.00000000  0.00000000  0.00000000  0.00000000  0.00000000 
  0.00000000  0.11111111  0.00000000  0.00000000  0.00000000  0.00000000  0.00000000  0.00000000  0.00000000  0.00000000  0.00000000  0.00000000 
  0.00000000  0.10810811  0.00000000  0.00000000  0.00000000  0.14285714  0.00000000  0.57142857  0.00000000  0.00000000  0.00000000  0.00000000 
