0.000055 0.000385 0.000000 0.000550 0.997746 0.000660 0.000055 0.000495 0.000055 0.000057 0.000445 0.000000 0.000580 0.997397 0.000782 0.000057 0.000618 0.000063 0.002309 0.008796 0.002859 0.011929 0.950140 0.011544 0.002144 0.007586 0.002694 0.002465 0.009448 0.003103 0.012836 0.945823 0.012716 0.002330 0.008323 0.002957 
0.000089 0.000532 0.000000 0.000621 0.997783 0.000310 0.000222 0.000310 0.000133 0.000093 0.000571 0.000000 0.000655 0.997646 0.000332 0.000233 0.000332 0.000140 0.003768 0.011882 0.003547 0.013788 0.938154 0.011793 0.004167 0.009266 0.003635 0.004130 0.012670 0.003871 0.014862 0.933120 0.012776 0.004527 0.010089 0.003954 
0.000043 0.000257 0.000086 0.000685 0.997989 0.000214 0.000171 0.000428 0.000128 0.000043 0.000269 0.000087 0.000783 0.997832 0.000222 0.000183 0.000451 0.000131 0.003766 0.010441 0.004151 0.012965 0.942619 0.010911 0.003808 0.008472 0.002867 0.004127 0.011115 0.004472 0.014071 0.937888 0.011780 0.004169 0.009230 0.003148 
0.000045 0.000181 0.000045 0.000317 0.998687 0.000317 0.000000 0.000317 0.000091 0.000048 0.000198 0.000047 0.000364 0.998508 0.000408 0.000000 0.000335 0.000092 0.000951 0.007471 0.001358 0.007290 0.967578 0.007245 0.001630 0.005570 0.000906 0.001031 0.008004 0.001568 0.007994 0.964546 0.007999 0.001829 0.006035 0.000995 
0.000044 0.000532 0.000044 0.000842 0.997607 0.000488 0.000089 0.000310 0.000044 0.000052 0.000552 0.000044 0.000899 0.997426 0.000558 0.000090 0.000335 0.000044 0.004166 0.011080 0.004609 0.015290 0.931484 0.013739 0.005230 0.010105 0.004299 0.004534 0.011770 0.004944 0.016299 0.926411 0.014806 0.005654 0.010839 0.004743 
0.000086 0.000813 0.000000 0.000685 0.996661 0.000856 0.000086 0.000728 0.000086 0.000089 0.000845 0.000000 0.000727 0.996386 0.000995 0.000091 0.000781 0.000086 0.004965 0.012242 0.004537 0.015538 0.928260 0.013055 0.004923 0.010530 0.005950 0.005352 0.013224 0.004847 0.016517 0.922730 0.014177 0.005316 0.011376 0.006461 
0.000087 0.000435 0.000087 0.000609 0.997999 0.000435 0.000000 0.000304 0.000043 0.000088 0.000470 0.000141 0.000669 0.997624 0.000559 0.000000 0.000402 0.000046 0.002261 0.007915 0.002131 0.009394 0.956989 0.008654 0.002653 0.008089 0.001914 0.002464 0.008506 0.002382 0.010203 0.952992 0.009534 0.002919 0.008817 0.002183 
0.000082 0.000616 0.000123 0.000411 0.998153 0.000164 0.000082 0.000369 0.000000 0.000083 0.000692 0.000135 0.000471 0.997878 0.000185 0.000135 0.000421 0.000000 0.003120 0.011207 0.003489 0.011618 0.943758 0.010674 0.003079 0.009688 0.003366 0.003329 0.011958 0.003742 0.012534 0.939447 0.011505 0.003370 0.010445 0.003669 
0.000037 0.000486 0.000037 0.000486 0.998318 0.000299 0.000037 0.000224 0.000075 0.000044 0.000538 0.000039 0.000555 0.998035 0.000392 0.000044 0.000278 0.000076 0.003514 0.012074 0.003775 0.013719 0.938584 0.011102 0.003888 0.009831 0.003514 0.003808 0.012981 0.004089 0.014862 0.933464 0.012103 0.004209 0.010686 0.003797 
0.000000 0.000452 0.000035 0.000939 0.997566 0.000626 0.000070 0.000278 0.000035 0.000000 0.000460 0.000038 0.001027 0.997374 0.000663 0.000071 0.000330 0.000036 0.004902 0.014775 0.004207 0.016026 0.924283 0.014114 0.003755 0.013350 0.004589 0.005261 0.015680 0.004600 0.017375 0.918367 0.015236 0.004096 0.014379 0.005006 
0.000000 0.000808 0.000070 0.000457 0.997259 0.000668 0.000105 0.000562 0.000070 0.000000 0.000862 0.000072 0.000480 0.997070 0.000730 0.000110 0.000605 0.000072 0.005411 0.014829 0.005657 0.016375 0.919109 0.016516 0.004849 0.012615 0.004638 0.005761 0.015884 0.006176 0.017569 0.912974 0.017803 0.005271 0.013464 0.005098 
0.000076 0.001137 0.000114 0.000720 0.996474 0.000531 0.000152 0.000682 0.000114 0.000077 0.001212 0.000123 0.000738 0.996244 0.000581 0.000159 0.000748 0.000119 0.005384 0.017062 0.003867 0.015773 0.920490 0.013839 0.004702 0.014029 0.004853 0.005818 0.018094 0.004262 0.016944 0.914210 0.015102 0.005165 0.015073 0.005332 
0.000387 0.000735 0.000039 0.000696 0.996982 0.000503 0.000039 0.000426 0.000193 0.000406 0.000766 0.000041 0.000739 0.996805 0.000553 0.000039 0.000444 0.000206 0.005107 0.014160 0.003830 0.016133 0.923630 0.014740 0.004372 0.013193 0.004836 0.005559 0.014972 0.004183 0.017270 0.917945 0.016012 0.004769 0.014085 0.005205 
0.000113 0.000527 0.000075 0.000867 0.997099 0.000791 0.000038 0.000339 0.000151 0.000115 0.000553 0.000089 0.000930 0.996858 0.000906 0.000038 0.000355 0.000155 0.005312 0.017406 0.005614 0.019818 0.906940 0.019328 0.004710 0.014882 0.005991 0.005721 0.018305 0.006097 0.021116 0.900525 0.020828 0.005071 0.015903 0.006433 
0.000036 0.000719 0.000144 0.000431 0.997054 0.000790 0.000108 0.000647 0.000072 0.000036 0.000738 0.000151 0.000485 0.996786 0.000930 0.000112 0.000688 0.000074 0.005964 0.016707 0.005964 0.016383 0.911580 0.015773 0.006323 0.015342 0.005964 0.006388 0.017594 0.006448 0.017324 0.905708 0.017037 0.006789 0.016233 0.006479 
0.000000 0.000599 0.000000 0.000524 0.997753 0.000524 0.000075 0.000449 0.000075 0.000000 0.000695 0.000000 0.000547 0.997449 0.000600 0.000093 0.000520 0.000096 0.004981 0.013331 0.003707 0.013331 0.935478 0.010785 0.004232 0.010710 0.003445 0.005302 0.014222 0.004057 0.014276 0.930567 0.011754 0.004585 0.011503 0.003734 
0.000115 0.000346 0.000115 0.000461 0.998234 0.000384 0.000038 0.000307 0.000000 0.000126 0.000388 0.000132 0.000478 0.998052 0.000423 0.000038 0.000363 0.000000 0.002841 0.010405 0.002457 0.009599 0.953694 0.008562 0.002841 0.007795 0.001805 0.003136 0.011223 0.002762 0.010435 0.949491 0.009367 0.003103 0.008522 0.001962 
0.000075 0.000410 0.000112 0.000448 0.998359 0.000336 0.000037 0.000186 0.000037 0.000082 0.000477 0.000117 0.000467 0.998196 0.000384 0.000038 0.000202 0.000038 0.003170 0.011823 0.003170 0.012531 0.940104 0.011077 0.004102 0.010368 0.003655 0.003416 0.012626 0.003460 0.013449 0.935494 0.011946 0.004491 0.011136 0.003983 
0.000038 0.000303 0.000038 0.000455 0.998597 0.000076 0.000076 0.000303 0.000114 0.000038 0.000306 0.000045 0.000544 0.998420 0.000114 0.000097 0.000314 0.000120 0.004170 0.010123 0.002919 0.010654 0.946087 0.009099 0.003450 0.010199 0.003298 0.004499 0.010766 0.003244 0.011473 0.941787 0.009928 0.003822 0.010883 0.003596 
0.000175 0.000702 0.000105 0.000737 0.997088 0.000667 0.000070 0.000351 0.000105 0.000183 0.000745 0.000109 0.000813 0.996860 0.000725 0.000080 0.000370 0.000115 0.007086 0.017084 0.005858 0.018137 0.906721 0.016067 0.006209 0.015681 0.007156 0.007661 0.018081 0.006385 0.019340 0.900088 0.017261 0.006700 0.016716 0.007768 
0.000108 0.000432 0.000072 0.000684 0.997589 0.000684 0.000036 0.000360 0.000036 0.000111 0.000448 0.000074 0.000724 0.997457 0.000725 0.000039 0.000384 0.000038 0.006154 0.016735 0.005362 0.018355 0.911250 0.016447 0.004715 0.015439 0.005542 0.006687 0.017809 0.005789 0.019523 0.904849 0.017616 0.005123 0.016538 0.006066 
0.000103 0.000481 0.000103 0.000722 0.997457 0.000412 0.000034 0.000653 0.000034 0.000110 0.000528 0.000109 0.000802 0.997212 0.000446 0.000044 0.000714 0.000035 0.004261 0.014228 0.004124 0.015396 0.927418 0.014262 0.003677 0.012406 0.004227 0.004682 0.015187 0.004566 0.016626 0.921283 0.015517 0.004037 0.013496 0.004607 
0.000288 0.000360 0.000108 0.000503 0.997375 0.000432 0.000216 0.000539 0.000180 0.000303 0.000372 0.000112 0.000524 0.997233 0.000479 0.000230 0.000561 0.000186 0.004891 0.016795 0.005215 0.017191 0.917608 0.016255 0.004531 0.013702 0.003812 0.005392 0.017901 0.005711 0.018453 0.911200 0.017545 0.004956 0.014705 0.004137 
0.000107 0.000997 0.000107 0.000570 0.996759 0.000641 0.000036 0.000712 0.000071 0.000108 0.001025 0.000110 0.000609 0.996588 0.000697 0.000036 0.000751 0.000075 0.006766 0.014886 0.005057 0.019479 0.910224 0.018126 0.005449 0.014565 0.005449 0.007337 0.015734 0.005496 0.020793 0.903719 0.019392 0.005883 0.015726 0.005919 
0.000104 0.000765 0.000104 0.001009 0.996418 0.000487 0.000070 0.000869 0.000174 0.000117 0.000829 0.000110 0.001082 0.996062 0.000582 0.000077 0.000961 0.000181 0.006573 0.016450 0.005356 0.019093 0.910725 0.016693 0.005564 0.013842 0.005704 0.007109 0.017562 0.005824 0.020379 0.904000 0.017984 0.006095 0.014879 0.006168 
0.000070 0.000840 0.000105 0.000945 0.996780 0.000420 0.000105 0.000665 0.000070 0.000075 0.000872 0.000136 0.001030 0.996434 0.000512 0.000109 0.000743 0.000089 0.007036 0.016696 0.005565 0.018202 0.907732 0.016066 0.007001 0.016031 0.005670 0.007645 0.017788 0.006046 0.019423 0.900846 0.017351 0.007458 0.017170 0.006272 
0.000106 0.000422 0.000000 0.000563 0.998134 0.000211 0.000035 0.000528 0.000000 0.000112 0.000430 0.000000 0.000602 0.997973 0.000223 0.000039 0.000621 0.000000 0.004401 0.014646 0.004260 0.014963 0.926384 0.012322 0.004788 0.014294 0.003943 0.004784 0.015478 0.004642 0.016059 0.920861 0.013239 0.005204 0.015368 0.004365 
0.000039 0.000387 0.000039 0.000194 0.998606 0.000310 0.000039 0.000310 0.000077 0.000041 0.000449 0.000043 0.000210 0.998341 0.000355 0.000045 0.000434 0.000082 0.003174 0.009755 0.002593 0.010258 0.948440 0.009600 0.003290 0.009213 0.003677 0.003440 0.010419 0.002793 0.011024 0.944211 0.010512 0.003631 0.009958 0.004010 
0.000040 0.000712 0.000079 0.000237 0.998101 0.000356 0.000000 0.000435 0.000040 0.000045 0.000728 0.000090 0.000251 0.997976 0.000382 0.000000 0.000487 0.000040 0.003955 0.012499 0.003560 0.013290 0.936081 0.011827 0.003718 0.012024 0.003046 0.004298 0.013321 0.003862 0.014324 0.930992 0.012834 0.004001 0.013053 0.003314 
0.000000 0.000653 0.000131 0.000218 0.997953 0.000392 0.000000 0.000610 0.000044 0.000000 0.000693 0.000137 0.000234 0.997713 0.000423 0.000000 0.000754 0.000044 0.003920 0.011717 0.003180 0.011673 0.942158 0.011368 0.003180 0.009234 0.003572 0.004251 0.012598 0.003438 0.012551 0.937231 0.012313 0.003530 0.010168 0.003919 
0.000130 0.000521 0.000000 0.000391 0.997917 0.000434 0.000043 0.000521 0.000043 0.000152 0.000536 0.000000 0.000452 0.997617 0.000525 0.000059 0.000597 0.000061 0.003993 0.013540 0.003906 0.013540 0.935946 0.012412 0.003081 0.010329 0.003255 0.004389 0.014354 0.004255 0.014593 0.930781 0.013575 0.003347 0.011140 0.003564 
0.000225 0.000584 0.000000 0.000405 0.997572 0.000674 0.000090 0.000405 0.000045 0.000243 0.000609 0.000000 0.000446 0.997409 0.000703 0.000092 0.000447 0.000051 0.003732 0.011015 0.003867 0.011690 0.943036 0.010341 0.003012 0.010296 0.003012 0.004122 0.011840 0.004192 0.012662 0.938073 0.011294 0.003269 0.011197 0.003351 
0.000044 0.000443 0.000177 0.000399 0.997784 0.000266 0.000089 0.000665 0.000133 0.000050 0.000475 0.000188 0.000433 0.997538 0.000288 0.000089 0.000799 0.000140 0.003368 0.010593 0.003280 0.009440 0.950671 0.008288 0.002393 0.009307 0.002659 0.003757 0.011416 0.003544 0.010257 0.946266 0.009067 0.002630 0.010140 0.002923 
0.000042 0.000671 0.000084 0.000587 0.997863 0.000335 0.000042 0.000335 0.000042 0.000044 0.000726 0.000086 0.000645 0.997692 0.000367 0.000044 0.000351 0.000044 0.002934 0.009933 0.002850 0.010101 0.950251 0.010226 0.001886 0.009556 0.002263 0.003190 0.010723 0.003113 0.011035 0.945817 0.011210 0.002078 0.010341 0.002493 
0.000164 0.000696 0.000041 0.000655 0.997093 0.000409 0.000164 0.000655 0.000123 0.000166 0.000724 0.000042 0.000689 0.996798 0.000514 0.000169 0.000766 0.000132 0.004954 0.014576 0.004668 0.015149 0.922044 0.014535 0.004749 0.014617 0.004708 0.005348 0.015578 0.005092 0.016187 0.916050 0.015692 0.005232 0.015708 0.005113 
0.000040 0.000885 0.000161 0.000643 0.996863 0.000563 0.000121 0.000643 0.000080 0.000042 0.000919 0.000165 0.000664 0.996702 0.000593 0.000124 0.000709 0.000082 0.006314 0.018137 0.006595 0.016569 0.909475 0.017092 0.005670 0.014759 0.005389 0.006834 0.019300 0.007139 0.017711 0.903153 0.018329 0.006055 0.015655 0.005824 
0.000043 0.000985 0.000043 0.000386 0.997687 0.000386 0.000086 0.000386 0.000000 0.000043 0.001046 0.000045 0.000450 0.997467 0.000420 0.000089 0.000440 0.000000 0.004583 0.014907 0.003641 0.012165 0.930563 0.011608 0.004326 0.013793 0.004412 0.004963 0.015944 0.003980 0.013051 0.925362 0.012466 0.004688 0.014721 0.004823 
0.000000 0.000091 0.000000 0.000136 0.999409 0.000136 0.000045 0.000182 0.000000 0.000000 0.000107 0.000000 0.000139 0.999347 0.000149 0.000056 0.000201 0.000000 0.001410 0.008140 0.001592 0.006367 0.964529 0.006367 0.001683 0.008140 0.001774 0.001540 0.008752 0.001739 0.006884 0.961509 0.007013 0.001840 0.008768 0.001955 
0.000000 0.000654 0.000000 0.000480 0.998125 0.000393 0.000044 0.000305 0.000000 0.000000 0.000685 0.000000 0.000582 0.997956 0.000417 0.000046 0.000314 0.000000 0.003009 0.010816 0.002966 0.009987 0.949889 0.009813 0.002617 0.008243 0.002660 0.003385 0.011542 0.003245 0.010856 0.945771 0.010585 0.002895 0.008831 0.002889 
0.000042 0.000375 0.000042 0.000458 0.998458 0.000208 0.000000 0.000375 0.000042 0.000042 0.000427 0.000043 0.000487 0.998290 0.000264 0.000000 0.000402 0.000044 0.003334 0.012295 0.002834 0.012254 0.940441 0.011212 0.003126 0.011337 0.003168 0.003579 0.013087 0.003157 0.013088 0.935832 0.012160 0.003426 0.012147 0.003525 
0.000041 0.000165 0.000000 0.000826 0.998017 0.000454 0.000000 0.000454 0.000041 0.000043 0.000178 0.000000 0.000935 0.997792 0.000492 0.000000 0.000519 0.000042 0.003883 0.012807 0.003594 0.012146 0.936914 0.012188 0.004007 0.011031 0.003429 0.004260 0.013663 0.003923 0.013080 0.931876 0.013314 0.004360 0.011776 0.003748 
0.000091 0.000366 0.000000 0.000731 0.997714 0.000549 0.000091 0.000411 0.000046 0.000095 0.000375 0.000000 0.000767 0.997511 0.000607 0.000108 0.000489 0.000048 0.004343 0.010651 0.004297 0.011977 0.940891 0.010880 0.003977 0.009371 0.003611 0.004630 0.011319 0.004647 0.012944 0.936231 0.011873 0.004371 0.010094 0.003892 
0.000124 0.000995 0.000124 0.000580 0.997389 0.000497 0.000083 0.000166 0.000041 0.000125 0.001078 0.000130 0.000683 0.997114 0.000565 0.000085 0.000178 0.000042 0.003771 0.011148 0.003025 0.012308 0.944799 0.010899 0.002487 0.008164 0.003398 0.004127 0.012078 0.003317 0.013236 0.940134 0.011938 0.002670 0.008820 0.003681 
0.000082 0.000617 0.000000 0.000494 0.998106 0.000206 0.000041 0.000329 0.000123 0.000088 0.000711 0.000000 0.000536 0.997872 0.000229 0.000042 0.000397 0.000126 0.002511 0.009138 0.002058 0.009715 0.956613 0.009385 0.001235 0.007368 0.001976 0.002712 0.009970 0.002258 0.010491 0.952664 0.010172 0.001356 0.008167 0.002209 
0.000088 0.000395 0.000000 0.000219 0.998640 0.000219 0.000000 0.000395 0.000044 0.000112 0.000469 0.000000 0.000242 0.998396 0.000241 0.000000 0.000492 0.000048 0.001623 0.006754 0.001360 0.007588 0.966711 0.007149 0.001272 0.006404 0.001140 0.001781 0.007522 0.001509 0.008419 0.963080 0.007932 0.001396 0.007102 0.001260 
0.000144 0.000240 0.000000 0.000287 0.998658 0.000287 0.000000 0.000383 0.000000 0.000149 0.000249 0.000000 0.000309 0.998576 0.000315 0.000000 0.000401 0.000000 0.001389 0.005654 0.000767 0.005989 0.975517 0.004743 0.000431 0.004264 0.001246 0.001487 0.006161 0.000870 0.006634 0.973034 0.005223 0.000508 0.004707 0.001375 
0.000000 0.000099 0.000000 0.000247 0.999308 0.000099 0.000000 0.000247 0.000000 0.000000 0.000146 0.000000 0.000274 0.999150 0.000107 0.000000 0.000323 0.000000 0.001335 0.004649 0.000791 0.004204 0.978880 0.004501 0.001088 0.003611 0.000940 0.001449 0.005148 0.000871 0.004567 0.976831 0.004943 0.001168 0.004006 0.001018 
0.000000 0.000408 0.000051 0.000612 0.998214 0.000306 0.000051 0.000357 0.000000 0.000000 0.000475 0.000056 0.000675 0.997971 0.000399 0.000056 0.000367 0.000000 0.001888 0.004592 0.002296 0.005817 0.971987 0.006174 0.001990 0.004337 0.000918 0.002066 0.005033 0.002476 0.006255 0.969520 0.006900 0.002163 0.004612 0.000974 
0.000053 0.000421 0.000000 0.000999 0.998002 0.000210 0.000000 0.000263 0.000053 0.000060 0.000431 0.000000 0.001129 0.997771 0.000248 0.000000 0.000273 0.000090 0.000894 0.004785 0.000894 0.005995 0.975705 0.005837 0.001525 0.003681 0.000684 0.001004 0.005100 0.000953 0.006585 0.973144 0.006608 0.001706 0.004074 0.000826 
0.000050 0.000499 0.000150 0.000050 0.998404 0.000200 0.000100 0.000399 0.000150 0.000052 0.000527 0.000161 0.000055 0.998284 0.000221 0.000117 0.000430 0.000152 0.002794 0.007383 0.002694 0.011374 0.953906 0.009628 0.003043 0.006685 0.002494 0.003053 0.007897 0.002957 0.012301 0.950175 0.010468 0.003286 0.007204 0.002658 
0.000000 0.000000 0.000000 0.000000 0.998821 0.000000 0.000000 0.001179 0.000000 0.000000 0.000000 0.000000 0.000000 0.998766 0.000000 0.000000 0.001234 0.000000 0.002948 0.005896 0.001769 0.007665 0.966392 0.004127 0.001769 0.008255 0.001179 0.003160 0.006064 0.001961 0.008067 0.964430 0.004395 0.001911 0.008660 0.001352 
