0.000120 0.004936 0.000482 0.012039 0.965206 0.009993 0.000241 0.006622 0.000361 0.000151 0.005767 0.000566 0.014281 0.958390 0.011584 0.000276 0.008441 0.000544 0.001324 0.023838 0.002649 0.018782 0.917891 0.014688 0.001204 0.018420 0.001204 0.001466 0.027115 0.003166 0.021805 0.904117 0.016874 0.001494 0.022321 0.001643 
0.000099 0.004057 0.000000 0.005245 0.982781 0.003662 0.000099 0.003662 0.000396 0.000101 0.004500 0.000000 0.005962 0.980226 0.004108 0.000116 0.004546 0.000441 0.001781 0.018110 0.001188 0.013063 0.940524 0.008412 0.001286 0.014547 0.001089 0.002000 0.020832 0.001327 0.014651 0.931523 0.009423 0.001411 0.017502 0.001331 
0.000246 0.006271 0.000061 0.009959 0.973257 0.005349 0.000307 0.004426 0.000123 0.000251 0.006604 0.000063 0.010721 0.970458 0.006098 0.000319 0.005344 0.000143 0.003074 0.022255 0.002336 0.017275 0.922292 0.012173 0.002336 0.016415 0.001844 0.003371 0.023937 0.002584 0.018487 0.914347 0.013617 0.002570 0.019051 0.002037 
0.000286 0.003617 0.000190 0.005521 0.979536 0.006377 0.000286 0.004093 0.000095 0.000326 0.004081 0.000260 0.006405 0.974729 0.008184 0.000338 0.005582 0.000097 0.000952 0.015610 0.000666 0.010280 0.948220 0.010185 0.000857 0.012088 0.001142 0.001150 0.017779 0.000881 0.011961 0.938609 0.012570 0.000960 0.014824 0.001266 
0.000152 0.004781 0.000152 0.009941 0.976779 0.004401 0.000304 0.003491 0.000000 0.000154 0.005102 0.000155 0.010994 0.973654 0.005050 0.000331 0.004560 0.000000 0.002201 0.017074 0.001669 0.017150 0.939065 0.008195 0.001062 0.012369 0.001214 0.002624 0.018866 0.001820 0.018991 0.930981 0.009426 0.001255 0.014607 0.001430 
0.001732 0.009430 0.000449 0.011676 0.965358 0.005645 0.000192 0.004940 0.000577 0.001765 0.010134 0.000490 0.012758 0.961439 0.006360 0.000195 0.006094 0.000766 0.004619 0.028227 0.004876 0.024634 0.895176 0.016808 0.004234 0.017834 0.003593 0.004914 0.030589 0.005348 0.026613 0.884994 0.018594 0.004434 0.020468 0.004047 
0.000140 0.003928 0.000070 0.003226 0.984008 0.003437 0.000421 0.004699 0.000070 0.000155 0.004438 0.000072 0.003633 0.981327 0.003956 0.000576 0.005769 0.000074 0.001192 0.017535 0.001824 0.010802 0.941292 0.009539 0.002385 0.014449 0.000982 0.001353 0.019599 0.002091 0.011872 0.933245 0.010989 0.002693 0.017047 0.001112 
0.000593 0.008247 0.000356 0.009315 0.972054 0.004450 0.000415 0.004272 0.000297 0.000709 0.008850 0.000382 0.010359 0.968939 0.004904 0.000525 0.005029 0.000304 0.003560 0.029370 0.004035 0.023081 0.892785 0.016139 0.004687 0.023496 0.002848 0.004053 0.031581 0.004408 0.025349 0.882832 0.017607 0.005083 0.026068 0.003019 
0.000076 0.003884 0.000152 0.003884 0.983856 0.003579 0.000381 0.004188 0.000000 0.000078 0.004288 0.000193 0.004329 0.981347 0.004415 0.000409 0.004940 0.000000 0.001371 0.016753 0.002437 0.012260 0.937862 0.010737 0.002894 0.014316 0.001371 0.001450 0.018774 0.002721 0.013758 0.929088 0.012749 0.003100 0.016811 0.001550 
0.001883 0.006153 0.000377 0.012870 0.968734 0.004897 0.000816 0.003704 0.000565 0.001972 0.006623 0.000473 0.013745 0.965521 0.005469 0.000942 0.004546 0.000708 0.004709 0.022476 0.003327 0.024987 0.904633 0.014754 0.003830 0.018207 0.003076 0.005024 0.024619 0.003629 0.026839 0.895146 0.016273 0.004175 0.020817 0.003478 
0.000171 0.002985 0.000426 0.009296 0.979275 0.004861 0.000000 0.002900 0.000085 0.000193 0.003539 0.000578 0.010185 0.975923 0.005826 0.000000 0.003665 0.000092 0.001023 0.014755 0.001620 0.015864 0.941066 0.009211 0.001194 0.013987 0.001279 0.001168 0.017191 0.001883 0.017706 0.931457 0.011088 0.001331 0.016745 0.001433 
0.000612 0.006872 0.000204 0.010206 0.971423 0.006396 0.000544 0.003674 0.000068 0.000641 0.007243 0.000221 0.011094 0.968084 0.007425 0.000639 0.004583 0.000069 0.002858 0.023678 0.002313 0.018983 0.918963 0.012383 0.002245 0.016058 0.002518 0.003108 0.025822 0.002517 0.020671 0.909968 0.014069 0.002479 0.018589 0.002778 
0.000794 0.009004 0.000265 0.015294 0.963387 0.006422 0.000331 0.004171 0.000331 0.000905 0.009381 0.000373 0.016467 0.959948 0.007016 0.000399 0.005112 0.000400 0.003641 0.024166 0.002913 0.023173 0.911083 0.013705 0.002317 0.017082 0.001920 0.004099 0.026041 0.003219 0.024899 0.902424 0.015071 0.002553 0.019599 0.002095 
0.000413 0.002977 0.000000 0.008269 0.979410 0.005127 0.000000 0.003721 0.000083 0.000495 0.003316 0.000000 0.009290 0.976276 0.005959 0.000000 0.004579 0.000085 0.001654 0.016208 0.001737 0.015960 0.938477 0.010088 0.001323 0.013148 0.001406 0.001860 0.018228 0.002139 0.017984 0.929590 0.011619 0.001444 0.015507 0.001629 
0.000537 0.005524 0.000077 0.008977 0.975370 0.005985 0.000307 0.002992 0.000230 0.000644 0.005974 0.000097 0.010111 0.971546 0.007193 0.000363 0.003787 0.000285 0.002685 0.020486 0.001918 0.016420 0.927722 0.011049 0.002302 0.015422 0.001995 0.002995 0.022826 0.002213 0.018199 0.918143 0.013016 0.002668 0.017700 0.002240 
0.000734 0.005876 0.000294 0.008079 0.974513 0.005656 0.000514 0.004113 0.000220 0.000790 0.006682 0.000308 0.008864 0.971150 0.006588 0.000527 0.004846 0.000245 0.003452 0.020712 0.002130 0.016746 0.925009 0.012486 0.003011 0.014616 0.001836 0.003804 0.023301 0.002431 0.018133 0.916228 0.014044 0.003247 0.016776 0.002036 
0.000158 0.002770 0.000000 0.003482 0.986783 0.004353 0.000237 0.001899 0.000317 0.000202 0.003281 0.000000 0.003870 0.984548 0.005168 0.000278 0.002308 0.000345 0.002058 0.012822 0.002058 0.009181 0.950218 0.008548 0.001425 0.012268 0.001425 0.002373 0.014756 0.002265 0.010373 0.942739 0.010116 0.001584 0.014252 0.001542 
0.000178 0.002754 0.000178 0.005242 0.983831 0.004442 0.000178 0.003109 0.000089 0.000222 0.003107 0.000226 0.006109 0.980308 0.005516 0.000190 0.004209 0.000112 0.001777 0.012349 0.001688 0.010661 0.950604 0.008795 0.001866 0.011549 0.000711 0.002009 0.014073 0.002127 0.012316 0.941819 0.010603 0.002126 0.014090 0.000838 
0.000651 0.005046 0.000407 0.009766 0.975177 0.004965 0.000244 0.003337 0.000407 0.000676 0.005369 0.000470 0.010830 0.971568 0.005924 0.000248 0.004365 0.000551 0.003662 0.018719 0.003174 0.020591 0.920973 0.013836 0.001953 0.014894 0.002197 0.004168 0.020284 0.003483 0.022390 0.912193 0.015591 0.002063 0.017316 0.002512 
0.000580 0.007224 0.000516 0.014899 0.966589 0.004837 0.000387 0.004644 0.000322 0.000585 0.007776 0.000627 0.015956 0.962986 0.005498 0.000455 0.005746 0.000371 0.003418 0.023284 0.003354 0.025219 0.909894 0.012642 0.003418 0.016834 0.001935 0.003683 0.025316 0.003712 0.027411 0.900362 0.014090 0.003807 0.019442 0.002177 
0.000348 0.004791 0.000087 0.008799 0.974649 0.006969 0.000261 0.004007 0.000087 0.000410 0.005340 0.000097 0.009811 0.970899 0.008210 0.000289 0.004826 0.000118 0.002004 0.016204 0.001220 0.015507 0.936754 0.011848 0.002091 0.012632 0.001742 0.002250 0.018051 0.001397 0.017109 0.928596 0.013712 0.002346 0.014597 0.001941 
0.000576 0.009342 0.000256 0.012349 0.967304 0.006206 0.000320 0.003583 0.000064 0.000577 0.009778 0.000265 0.013377 0.964099 0.006981 0.000371 0.004468 0.000083 0.002815 0.029624 0.003007 0.022202 0.904728 0.013948 0.002879 0.018811 0.001983 0.002984 0.032117 0.003331 0.024019 0.895115 0.015515 0.003240 0.021540 0.002140 
0.000083 0.002994 0.000166 0.010062 0.979045 0.004573 0.000000 0.002994 0.000083 0.000103 0.003397 0.000200 0.011045 0.975946 0.005635 0.000000 0.003581 0.000093 0.001829 0.014884 0.001996 0.018709 0.935473 0.011226 0.001330 0.012972 0.001580 0.002013 0.016758 0.002295 0.020711 0.926620 0.013262 0.001439 0.015172 0.001729 
0.000156 0.006490 0.000469 0.009227 0.973334 0.005161 0.000235 0.004770 0.000156 0.000170 0.006941 0.000503 0.010594 0.970302 0.005686 0.000243 0.005394 0.000166 0.002033 0.023538 0.002111 0.018064 0.922896 0.010791 0.001720 0.016422 0.002424 0.002243 0.025750 0.002374 0.020239 0.914351 0.012003 0.001857 0.018538 0.002645 
0.000478 0.005254 0.000080 0.006686 0.979543 0.004378 0.000000 0.003423 0.000159 0.000536 0.005756 0.000177 0.007431 0.976532 0.005173 0.000000 0.004213 0.000184 0.002945 0.017910 0.001672 0.013532 0.936480 0.009711 0.001910 0.014248 0.001592 0.003325 0.019721 0.002058 0.015123 0.927845 0.011368 0.002045 0.016673 0.001841 
0.000366 0.006289 0.000244 0.013005 0.971608 0.005373 0.000122 0.002931 0.000061 0.000399 0.006561 0.000250 0.013905 0.969014 0.006129 0.000130 0.003549 0.000062 0.002992 0.023019 0.003053 0.023873 0.912199 0.013860 0.002931 0.015753 0.002320 0.003217 0.024752 0.003350 0.025520 0.903970 0.015531 0.003134 0.018026 0.002500 
0.000000 0.003650 0.000162 0.006164 0.981346 0.004542 0.000243 0.003731 0.000162 0.000000 0.003939 0.000195 0.006979 0.978488 0.005335 0.000285 0.004612 0.000168 0.001054 0.016058 0.001865 0.012247 0.943471 0.009002 0.001784 0.013463 0.001054 0.001203 0.017695 0.002152 0.013520 0.935908 0.010324 0.002041 0.015979 0.001178 
0.000384 0.007748 0.000128 0.009669 0.971249 0.005763 0.000384 0.004546 0.000128 0.000426 0.008147 0.000147 0.010591 0.968005 0.006609 0.000504 0.005426 0.000145 0.003330 0.024268 0.001985 0.019722 0.913492 0.013255 0.003330 0.018121 0.002497 0.003613 0.026455 0.002173 0.021505 0.904040 0.014989 0.003802 0.020680 0.002744 
0.000616 0.005466 0.000231 0.007391 0.977288 0.005081 0.000000 0.003926 0.000000 0.000644 0.005843 0.000281 0.008507 0.973869 0.005879 0.000000 0.004978 0.000000 0.002156 0.019170 0.002310 0.016552 0.929787 0.012241 0.001771 0.013935 0.002079 0.002268 0.021177 0.002570 0.018572 0.921003 0.013991 0.002017 0.016140 0.002260 
0.000080 0.003938 0.000000 0.006108 0.980873 0.004420 0.000161 0.004420 0.000000 0.000082 0.004427 0.000000 0.006529 0.978379 0.005096 0.000203 0.005284 0.000000 0.001607 0.017440 0.001929 0.012939 0.935707 0.011412 0.002732 0.015029 0.001205 0.001744 0.019474 0.002087 0.014123 0.927651 0.013058 0.002993 0.017524 0.001346 
0.000450 0.004500 0.000225 0.005925 0.980950 0.003600 0.000300 0.004050 0.000000 0.000535 0.005201 0.000250 0.006543 0.977758 0.004226 0.000322 0.005164 0.000000 0.001800 0.019800 0.001350 0.010875 0.940149 0.009150 0.002025 0.013650 0.001200 0.002060 0.022456 0.001514 0.012052 0.931399 0.010435 0.002321 0.016383 0.001380 
0.000236 0.004710 0.000000 0.004239 0.984534 0.002905 0.000157 0.003219 0.000000 0.000253 0.005244 0.000000 0.004543 0.982511 0.003346 0.000200 0.003903 0.000000 0.002512 0.019548 0.001727 0.013424 0.931386 0.010363 0.003376 0.014759 0.002905 0.002799 0.022017 0.001920 0.014729 0.923030 0.011623 0.003752 0.016945 0.003184 
0.000443 0.007411 0.000380 0.009311 0.972952 0.005131 0.000380 0.003674 0.000317 0.000458 0.007721 0.000405 0.010075 0.970333 0.005913 0.000428 0.004322 0.000345 0.003421 0.023184 0.003737 0.021663 0.912650 0.014632 0.003104 0.016153 0.001457 0.003720 0.024766 0.004083 0.023342 0.904407 0.016543 0.003499 0.018011 0.001629 
0.000221 0.003164 0.000221 0.007652 0.981828 0.003384 0.000294 0.003164 0.000074 0.000238 0.003641 0.000258 0.008729 0.978385 0.004084 0.000434 0.004152 0.000078 0.001251 0.015450 0.001692 0.016775 0.939155 0.008167 0.001545 0.014641 0.001324 0.001424 0.017593 0.001887 0.018739 0.929859 0.009583 0.001886 0.017577 0.001452 
0.000250 0.005942 0.000125 0.006693 0.978670 0.003941 0.000375 0.004003 0.000000 0.000315 0.006558 0.000140 0.007320 0.975856 0.004513 0.000432 0.004866 0.000000 0.002565 0.022018 0.002565 0.014324 0.925252 0.011384 0.002002 0.017890 0.002002 0.002880 0.024198 0.002797 0.015861 0.916788 0.012711 0.002164 0.020405 0.002195 
0.000381 0.005589 0.000064 0.008765 0.977072 0.003874 0.000445 0.003747 0.000064 0.000441 0.005935 0.000065 0.009527 0.973910 0.004669 0.000497 0.004879 0.000076 0.002477 0.022420 0.002668 0.018228 0.919594 0.012575 0.003239 0.016704 0.002096 0.002760 0.024334 0.002933 0.019560 0.910756 0.014263 0.003595 0.019440 0.002360 
0.000498 0.008299 0.000166 0.005809 0.974274 0.005145 0.000498 0.004979 0.000332 0.000520 0.009015 0.000234 0.006369 0.970255 0.005763 0.000549 0.006957 0.000337 0.003651 0.028050 0.002822 0.014108 0.917178 0.012448 0.002656 0.016763 0.002324 0.003929 0.031062 0.003083 0.015214 0.907457 0.013545 0.002796 0.020410 0.002504 
