0.000228 0.000685 0.000196 0.000783 0.995791 0.000881 0.000131 0.000946 0.000359 0.000237 0.000752 0.000213 0.000829 0.995420 0.000945 0.000136 0.001101 0.000368 0.007341 0.019218 0.004796 0.019087 0.902868 0.016836 0.005579 0.017619 0.006656 0.007855 0.020292 0.005230 0.020009 0.896795 0.017843 0.006018 0.018773 0.007184 
0.000202 0.000581 0.000126 0.000505 0.997678 0.000278 0.000050 0.000429 0.000151 0.000209 0.000613 0.000130 0.000533 0.997516 0.000294 0.000058 0.000483 0.000164 0.004745 0.013378 0.003281 0.012974 0.933616 0.011409 0.003079 0.012772 0.004745 0.005055 0.014192 0.003625 0.013748 0.929001 0.012157 0.003384 0.013691 0.005147 
0.000155 0.000532 0.000089 0.000510 0.997739 0.000421 0.000089 0.000288 0.000177 0.000162 0.000596 0.000092 0.000533 0.997567 0.000444 0.000091 0.000331 0.000185 0.005541 0.015935 0.004698 0.015558 0.918864 0.014982 0.004189 0.014494 0.005740 0.005954 0.016939 0.005093 0.016389 0.913416 0.015990 0.004549 0.015437 0.006232 
0.000218 0.000480 0.000175 0.000720 0.997315 0.000393 0.000175 0.000371 0.000153 0.000226 0.000499 0.000190 0.000743 0.997151 0.000444 0.000183 0.000395 0.000167 0.004956 0.014279 0.003340 0.013253 0.930418 0.012096 0.003646 0.013668 0.004345 0.005329 0.015194 0.003652 0.014012 0.925641 0.012937 0.003979 0.014574 0.004682 
0.000125 0.000521 0.000083 0.000396 0.998064 0.000292 0.000062 0.000333 0.000125 0.000134 0.000585 0.000090 0.000436 0.997861 0.000307 0.000066 0.000393 0.000129 0.005560 0.015950 0.003852 0.014742 0.920083 0.014388 0.004164 0.015450 0.005809 0.005911 0.016942 0.004178 0.015617 0.914651 0.015325 0.004535 0.016592 0.006248 
0.000251 0.000712 0.000147 0.000461 0.997382 0.000398 0.000126 0.000419 0.000105 0.000258 0.000743 0.000159 0.000475 0.997226 0.000431 0.000139 0.000457 0.000113 0.005466 0.016441 0.004210 0.014870 0.921103 0.013362 0.004168 0.015164 0.005215 0.005888 0.017441 0.004602 0.015769 0.915691 0.014255 0.004533 0.016198 0.005622 
0.000285 0.000703 0.000066 0.000461 0.997497 0.000351 0.000154 0.000417 0.000066 0.000297 0.000770 0.000067 0.000491 0.997284 0.000381 0.000174 0.000467 0.000068 0.006676 0.016119 0.003953 0.015043 0.917957 0.014055 0.003843 0.016338 0.006017 0.007095 0.017174 0.004289 0.016011 0.912263 0.015002 0.004201 0.017490 0.006474 
0.000084 0.000357 0.000042 0.000442 0.998213 0.000189 0.000042 0.000442 0.000189 0.000092 0.000392 0.000045 0.000496 0.997981 0.000200 0.000048 0.000544 0.000202 0.005341 0.014426 0.003175 0.013606 0.928839 0.012281 0.003554 0.014279 0.004500 0.005695 0.015227 0.003446 0.014427 0.924154 0.013066 0.003856 0.015261 0.004869 
0.000146 0.000667 0.000104 0.000521 0.997084 0.000458 0.000146 0.000625 0.000250 0.000155 0.000715 0.000108 0.000538 0.996797 0.000502 0.000158 0.000763 0.000264 0.006999 0.016706 0.004229 0.016998 0.913804 0.014498 0.004124 0.016289 0.006353 0.007446 0.017602 0.004610 0.017959 0.908109 0.015536 0.004490 0.017366 0.006883 
0.000139 0.000776 0.000020 0.000378 0.997514 0.000398 0.000139 0.000557 0.000080 0.000147 0.000854 0.000020 0.000417 0.997270 0.000443 0.000149 0.000620 0.000081 0.005550 0.016410 0.003103 0.013088 0.926105 0.012432 0.003740 0.014660 0.004913 0.005972 0.017375 0.003405 0.013970 0.920889 0.013325 0.004027 0.015739 0.005300 
0.000178 0.000710 0.000059 0.000631 0.997297 0.000257 0.000217 0.000513 0.000138 0.000183 0.000748 0.000062 0.000694 0.997046 0.000270 0.000241 0.000596 0.000159 0.007143 0.019613 0.004558 0.016772 0.906908 0.016061 0.004617 0.017955 0.006373 0.007663 0.020821 0.004958 0.017851 0.900556 0.017112 0.005016 0.019160 0.006862 
0.000209 0.000649 0.000126 0.000670 0.996733 0.000503 0.000126 0.000880 0.000105 0.000233 0.000701 0.000130 0.000777 0.996248 0.000544 0.000130 0.001129 0.000108 0.005319 0.015958 0.003183 0.013718 0.927056 0.011770 0.003770 0.014555 0.004670 0.005762 0.016948 0.003450 0.014668 0.921756 0.012623 0.004078 0.015672 0.005044 
0.000161 0.000804 0.000101 0.000563 0.996844 0.000402 0.000201 0.000663 0.000261 0.000166 0.000867 0.000108 0.000626 0.996465 0.000430 0.000213 0.000842 0.000283 0.007278 0.019521 0.005046 0.016284 0.906317 0.016083 0.005187 0.018214 0.006071 0.007763 0.020695 0.005471 0.017269 0.899918 0.017101 0.005673 0.019518 0.006593 
0.000222 0.000576 0.000066 0.000443 0.996963 0.000643 0.000133 0.000842 0.000111 0.000234 0.000604 0.000073 0.000499 0.996638 0.000730 0.000139 0.000967 0.000117 0.005297 0.015915 0.004189 0.013210 0.923686 0.012678 0.003923 0.015981 0.005120 0.005690 0.016847 0.004534 0.014113 0.918104 0.013672 0.004264 0.017272 0.005504 
0.000208 0.000540 0.000187 0.000581 0.997134 0.000478 0.000166 0.000540 0.000166 0.000215 0.000565 0.000198 0.000708 0.996812 0.000539 0.000178 0.000610 0.000174 0.006043 0.016738 0.004714 0.014516 0.919614 0.013976 0.004340 0.015305 0.004755 0.006479 0.017730 0.005160 0.015469 0.913927 0.014966 0.004735 0.016394 0.005140 
0.000192 0.000684 0.000043 0.000641 0.997456 0.000513 0.000064 0.000363 0.000043 0.000203 0.000747 0.000044 0.000687 0.997143 0.000599 0.000068 0.000465 0.000045 0.004938 0.015775 0.003078 0.012846 0.928031 0.012568 0.003869 0.014343 0.004553 0.005315 0.016782 0.003382 0.013629 0.922891 0.013485 0.004196 0.015417 0.004902 
0.000045 0.000788 0.000090 0.000675 0.996692 0.000720 0.000135 0.000810 0.000045 0.000045 0.000877 0.000094 0.000764 0.996314 0.000775 0.000154 0.000925 0.000051 0.005896 0.015528 0.003803 0.015235 0.922203 0.012580 0.004321 0.015280 0.005153 0.006336 0.016487 0.004108 0.016245 0.916626 0.013526 0.004697 0.016438 0.005537 
0.000043 0.000346 0.000108 0.000411 0.998076 0.000346 0.000195 0.000432 0.000043 0.000043 0.000363 0.000111 0.000449 0.997874 0.000408 0.000201 0.000502 0.000049 0.004820 0.015323 0.003372 0.013270 0.929867 0.012341 0.003544 0.013530 0.003934 0.005152 0.016266 0.003652 0.014199 0.924867 0.013279 0.003783 0.014570 0.004232 
0.000153 0.000504 0.000044 0.000241 0.998227 0.000350 0.000044 0.000372 0.000066 0.000161 0.000540 0.000051 0.000253 0.998076 0.000382 0.000051 0.000417 0.000068 0.005561 0.017319 0.004226 0.013969 0.921135 0.013487 0.004576 0.014779 0.004948 0.005919 0.018427 0.004621 0.014774 0.915934 0.014312 0.004975 0.015743 0.005294 
0.000023 0.000643 0.000092 0.000598 0.997403 0.000598 0.000069 0.000460 0.000115 0.000023 0.000693 0.000098 0.000645 0.997137 0.000662 0.000079 0.000539 0.000123 0.003815 0.014041 0.002666 0.011054 0.937583 0.010525 0.003240 0.013053 0.004022 0.004115 0.014900 0.002939 0.011733 0.933073 0.011255 0.003565 0.014093 0.004327 
0.000115 0.000438 0.000138 0.000346 0.997716 0.000508 0.000069 0.000600 0.000069 0.000133 0.000460 0.000162 0.000367 0.997521 0.000573 0.000070 0.000642 0.000071 0.004545 0.015687 0.003622 0.012918 0.927680 0.011880 0.003576 0.015917 0.004175 0.004898 0.016618 0.003985 0.013756 0.922662 0.012704 0.003886 0.016981 0.004510 
0.000136 0.000791 0.000113 0.000633 0.996882 0.000339 0.000113 0.000972 0.000023 0.000144 0.000847 0.000120 0.000702 0.996588 0.000363 0.000120 0.001092 0.000024 0.003954 0.014868 0.003254 0.010281 0.938018 0.009784 0.003593 0.012699 0.003548 0.004258 0.015740 0.003504 0.010920 0.933725 0.010439 0.003904 0.013685 0.003825 
0.000153 0.000591 0.000022 0.000526 0.997328 0.000482 0.000131 0.000723 0.000044 0.000161 0.000616 0.000023 0.000583 0.997059 0.000523 0.000171 0.000820 0.000045 0.004337 0.017128 0.003285 0.012791 0.925070 0.012528 0.004140 0.016843 0.003877 0.004638 0.018075 0.003573 0.013513 0.920151 0.013393 0.004500 0.017983 0.004175 
0.000087 0.000803 0.000065 0.000456 0.997743 0.000195 0.000000 0.000564 0.000087 0.000093 0.000849 0.000067 0.000490 0.997532 0.000224 0.000000 0.000653 0.000092 0.004209 0.013843 0.002973 0.010415 0.940788 0.008874 0.002821 0.012953 0.003124 0.004548 0.014745 0.003226 0.011164 0.936455 0.009527 0.003070 0.013897 0.003368 
0.000082 0.000717 0.000143 0.000614 0.997318 0.000430 0.000061 0.000573 0.000061 0.000091 0.000806 0.000153 0.000671 0.997039 0.000468 0.000064 0.000639 0.000069 0.005119 0.017486 0.003911 0.012838 0.923731 0.011589 0.004341 0.016175 0.004812 0.005512 0.018547 0.004269 0.013651 0.918466 0.012436 0.004678 0.017215 0.005226 
0.000063 0.000463 0.000063 0.000421 0.998253 0.000126 0.000021 0.000526 0.000063 0.000082 0.000498 0.000066 0.000453 0.998034 0.000142 0.000022 0.000637 0.000065 0.003516 0.013683 0.003326 0.009599 0.940993 0.009284 0.002737 0.013599 0.003263 0.003826 0.014537 0.003607 0.010346 0.936487 0.010003 0.002991 0.014651 0.003552 
0.000020 0.000498 0.000080 0.000458 0.998206 0.000279 0.000080 0.000319 0.000060 0.000026 0.000521 0.000082 0.000513 0.998048 0.000307 0.000085 0.000356 0.000062 0.005939 0.016961 0.003627 0.013054 0.924265 0.011858 0.004644 0.014888 0.004763 0.006431 0.017924 0.003992 0.013956 0.918995 0.012667 0.005044 0.015846 0.005144 
0.000173 0.000324 0.000065 0.000324 0.997969 0.000497 0.000000 0.000584 0.000065 0.000189 0.000349 0.000068 0.000369 0.997648 0.000539 0.000000 0.000770 0.000069 0.003458 0.013010 0.002464 0.009185 0.945647 0.009012 0.002507 0.011973 0.002745 0.003727 0.013893 0.002676 0.009868 0.941444 0.009662 0.002715 0.013057 0.002958 
0.000088 0.000438 0.000000 0.000482 0.998336 0.000307 0.000110 0.000197 0.000044 0.000089 0.000460 0.000000 0.000524 0.998147 0.000414 0.000113 0.000205 0.000048 0.004709 0.014892 0.003460 0.011476 0.932415 0.011673 0.003964 0.013600 0.003811 0.005087 0.015844 0.003772 0.012151 0.927603 0.012594 0.004236 0.014570 0.004143 
0.000044 0.000590 0.000022 0.000416 0.997901 0.000394 0.000022 0.000525 0.000087 0.000044 0.000634 0.000023 0.000431 0.997694 0.000435 0.000023 0.000625 0.000091 0.003761 0.014411 0.003280 0.010759 0.938397 0.010125 0.003018 0.012552 0.003696 0.004128 0.015269 0.003563 0.011507 0.933665 0.010962 0.003259 0.013627 0.004021 
0.000041 0.000391 0.000000 0.000247 0.998558 0.000330 0.000124 0.000288 0.000021 0.000043 0.000418 0.000000 0.000277 0.998412 0.000371 0.000130 0.000328 0.000023 0.004657 0.015742 0.004080 0.011848 0.927883 0.012961 0.004265 0.014609 0.003956 0.005043 0.016629 0.004378 0.012586 0.922989 0.013900 0.004561 0.015628 0.004285 
0.000022 0.000552 0.000044 0.000442 0.998232 0.000376 0.000044 0.000243 0.000044 0.000029 0.000648 0.000050 0.000561 0.997919 0.000410 0.000047 0.000292 0.000045 0.003535 0.011335 0.003116 0.008927 0.948384 0.008794 0.002607 0.010363 0.002939 0.003808 0.012229 0.003414 0.009666 0.944120 0.009505 0.002879 0.011163 0.003217 
0.000150 0.000551 0.000075 0.000576 0.997597 0.000601 0.000075 0.000325 0.000050 0.000155 0.000608 0.000079 0.000642 0.997318 0.000678 0.000081 0.000389 0.000052 0.005332 0.015496 0.004131 0.013443 0.927001 0.012091 0.003905 0.014094 0.004506 0.005721 0.016445 0.004476 0.014436 0.921573 0.013081 0.004282 0.015095 0.004891 
0.000070 0.000490 0.000070 0.000210 0.998671 0.000140 0.000070 0.000280 0.000000 0.000072 0.000535 0.000073 0.000229 0.998479 0.000144 0.000070 0.000398 0.000000 0.002239 0.009934 0.001049 0.007345 0.962155 0.006506 0.001049 0.008045 0.001679 0.002412 0.010753 0.001147 0.008014 0.958662 0.007088 0.001101 0.008981 0.001841 
