0.000127 0.005851 0.000509 0.004833 0.981558 0.002925 0.000254 0.003646 0.000297 0.000147 0.006561 0.000596 0.005919 0.977779 0.003639 0.000299 0.004721 0.000339 0.005003 0.022512 0.003773 0.016068 0.916140 0.013185 0.003646 0.016450 0.003222 0.005415 0.025264 0.004308 0.018477 0.904295 0.015264 0.003960 0.019528 0.003490 
0.000583 0.005449 0.000240 0.004318 0.981906 0.003016 0.000308 0.004044 0.000137 0.000628 0.005942 0.000266 0.005171 0.978749 0.003702 0.000344 0.005033 0.000165 0.003872 0.020047 0.003530 0.015250 0.921421 0.012200 0.003427 0.016415 0.003838 0.004306 0.021924 0.003879 0.017467 0.911198 0.014127 0.003858 0.018993 0.004249 
0.000386 0.003284 0.000270 0.003747 0.987252 0.002627 0.000077 0.002279 0.000077 0.000439 0.003660 0.000300 0.004432 0.984761 0.003293 0.000091 0.002939 0.000085 0.004365 0.016727 0.002897 0.013946 0.930194 0.011396 0.003515 0.014062 0.002897 0.004795 0.018765 0.003192 0.015817 0.920610 0.013384 0.003881 0.016375 0.003183 
0.000284 0.005041 0.000213 0.003976 0.982641 0.003656 0.000213 0.003798 0.000177 0.000304 0.005650 0.000231 0.004698 0.979066 0.004660 0.000234 0.004957 0.000200 0.003869 0.020057 0.003692 0.014590 0.921051 0.013667 0.003230 0.016329 0.003514 0.004212 0.022235 0.004192 0.016549 0.909896 0.016113 0.003600 0.019301 0.003902 
0.000418 0.005886 0.000139 0.004807 0.980913 0.004110 0.000174 0.003379 0.000174 0.000478 0.006716 0.000165 0.005673 0.977004 0.005319 0.000195 0.004254 0.000197 0.003901 0.021212 0.002821 0.014420 0.924451 0.012400 0.002682 0.015395 0.002717 0.004332 0.023818 0.003119 0.016649 0.912950 0.014960 0.002959 0.018132 0.003081 
0.000245 0.005006 0.000105 0.004166 0.983231 0.003781 0.000175 0.003011 0.000280 0.000251 0.005457 0.000134 0.004946 0.980381 0.004469 0.000216 0.003826 0.000320 0.003116 0.017049 0.002100 0.014073 0.933240 0.011693 0.002030 0.013898 0.002801 0.003383 0.018866 0.002444 0.016185 0.923334 0.013756 0.002247 0.016610 0.003176 
0.000246 0.004824 0.000211 0.004859 0.981163 0.003943 0.000317 0.004119 0.000317 0.000296 0.005445 0.000237 0.005705 0.977534 0.004855 0.000356 0.005228 0.000345 0.003310 0.017534 0.002394 0.014224 0.929266 0.011056 0.003274 0.016020 0.002922 0.003681 0.019801 0.002680 0.016271 0.918588 0.013050 0.003689 0.019001 0.003238 
0.000576 0.005151 0.000252 0.003890 0.981773 0.004034 0.000288 0.003674 0.000360 0.000607 0.005789 0.000315 0.004776 0.977910 0.004977 0.000344 0.004821 0.000460 0.003818 0.019380 0.002666 0.012644 0.928389 0.012103 0.002846 0.015381 0.002774 0.004246 0.021847 0.003017 0.014503 0.917134 0.014433 0.003279 0.018412 0.003129 
0.000189 0.004649 0.000076 0.004158 0.985071 0.002835 0.000076 0.002721 0.000227 0.000200 0.005464 0.000076 0.004952 0.981776 0.003695 0.000088 0.003485 0.000264 0.003402 0.018822 0.002192 0.014476 0.931552 0.011036 0.002230 0.013682 0.002608 0.003842 0.021301 0.002423 0.016501 0.921127 0.013286 0.002599 0.016014 0.002908 
0.000496 0.004003 0.000229 0.004461 0.983568 0.003965 0.000114 0.002974 0.000191 0.000526 0.004754 0.000256 0.005330 0.980190 0.004919 0.000129 0.003692 0.000205 0.004156 0.017118 0.002554 0.014792 0.927373 0.012085 0.002592 0.015822 0.003507 0.004572 0.019444 0.002948 0.016913 0.916411 0.014513 0.002925 0.018386 0.003887 
0.000300 0.003710 0.000000 0.003972 0.985349 0.002998 0.000187 0.003410 0.000075 0.000330 0.004346 0.000000 0.004778 0.982073 0.003676 0.000227 0.004469 0.000101 0.004497 0.017049 0.002548 0.013864 0.928167 0.011878 0.002923 0.016000 0.003073 0.004943 0.019442 0.002813 0.015971 0.917152 0.013917 0.003281 0.019047 0.003435 
0.000334 0.003639 0.000186 0.003342 0.985891 0.003082 0.000149 0.003119 0.000260 0.000348 0.004383 0.000213 0.004077 0.982355 0.004051 0.000179 0.004061 0.000333 0.004270 0.017227 0.002933 0.013440 0.929828 0.011250 0.003193 0.014071 0.003787 0.004649 0.019499 0.003304 0.015546 0.918987 0.013577 0.003564 0.016558 0.004317 
0.000294 0.002760 0.000037 0.003460 0.987265 0.003460 0.000000 0.002613 0.000110 0.000316 0.003211 0.000043 0.004271 0.984471 0.004185 0.000000 0.003380 0.000122 0.004270 0.016526 0.003533 0.012073 0.930362 0.012257 0.002871 0.014723 0.003386 0.004634 0.018578 0.003908 0.013881 0.920666 0.014371 0.003223 0.017102 0.003636 
0.000292 0.003378 0.000167 0.004003 0.986406 0.002961 0.000083 0.002669 0.000042 0.000355 0.003991 0.000228 0.004929 0.983052 0.003745 0.000098 0.003553 0.000050 0.004045 0.015888 0.002669 0.014094 0.930487 0.012552 0.002919 0.014178 0.003169 0.004510 0.017948 0.003049 0.016291 0.920072 0.014759 0.003145 0.016804 0.003421 
0.000406 0.003688 0.000111 0.005274 0.983145 0.003283 0.000148 0.003836 0.000111 0.000453 0.004046 0.000125 0.006396 0.979825 0.004015 0.000150 0.004860 0.000130 0.003578 0.017888 0.002434 0.015380 0.928300 0.011839 0.002729 0.015343 0.002508 0.003924 0.019955 0.002699 0.017966 0.917753 0.014033 0.002978 0.017879 0.002815 
0.000314 0.006658 0.000244 0.004148 0.981560 0.003416 0.000139 0.003451 0.000070 0.000334 0.007290 0.000271 0.004899 0.978204 0.004356 0.000149 0.004413 0.000083 0.003590 0.022414 0.003521 0.013107 0.924742 0.010527 0.004601 0.014884 0.002614 0.004012 0.024693 0.003924 0.014940 0.914393 0.012493 0.005030 0.017552 0.002962 
0.000502 0.004699 0.000323 0.004125 0.984289 0.002977 0.000179 0.002798 0.000108 0.000543 0.005095 0.000346 0.004876 0.981859 0.003491 0.000237 0.003421 0.000130 0.002583 0.018545 0.002941 0.012483 0.933281 0.011227 0.002403 0.014815 0.001722 0.002890 0.020432 0.003365 0.014416 0.923745 0.013253 0.002610 0.017143 0.002146 
0.000110 0.004494 0.000146 0.004312 0.984325 0.002667 0.000110 0.003727 0.000110 0.000115 0.005033 0.000174 0.005100 0.980701 0.003272 0.000155 0.005338 0.000112 0.002229 0.016991 0.002667 0.014287 0.936276 0.008952 0.002412 0.015054 0.001133 0.002567 0.019062 0.002917 0.016262 0.926123 0.010802 0.002728 0.018260 0.001278 
0.000188 0.005327 0.000113 0.005514 0.980532 0.004464 0.000113 0.003714 0.000038 0.000199 0.006114 0.000115 0.006786 0.976546 0.005358 0.000117 0.004726 0.000039 0.002063 0.016730 0.001763 0.014404 0.936757 0.011478 0.001801 0.013579 0.001425 0.002408 0.019046 0.001926 0.017308 0.926032 0.013502 0.002069 0.016042 0.001666 
0.000250 0.006779 0.000214 0.006029 0.977630 0.003960 0.000178 0.004745 0.000214 0.000273 0.007543 0.000220 0.007150 0.973640 0.004730 0.000193 0.005998 0.000252 0.004210 0.020871 0.003211 0.017018 0.920475 0.012095 0.003211 0.016554 0.002355 0.004615 0.023475 0.003526 0.019432 0.908947 0.014206 0.003507 0.019688 0.002604 
0.000397 0.006828 0.000040 0.005359 0.977450 0.005042 0.000318 0.004446 0.000119 0.000454 0.007862 0.000050 0.005983 0.973192 0.006049 0.000356 0.005914 0.000140 0.002819 0.021120 0.001707 0.014610 0.926079 0.012863 0.002580 0.015920 0.002303 0.003126 0.024214 0.001937 0.016424 0.914074 0.015320 0.002929 0.019362 0.002614 
0.000656 0.007871 0.000205 0.007502 0.970975 0.005657 0.000369 0.006149 0.000615 0.000702 0.008631 0.000221 0.008859 0.965281 0.007158 0.000416 0.008044 0.000688 0.003362 0.023162 0.002788 0.018571 0.912803 0.013528 0.003444 0.019309 0.003034 0.003736 0.025761 0.003045 0.021553 0.899040 0.016260 0.003965 0.023235 0.003404 
0.000521 0.007759 0.000116 0.004690 0.978460 0.003416 0.000347 0.004459 0.000232 0.000576 0.009208 0.000119 0.005364 0.973827 0.004244 0.000355 0.005979 0.000328 0.004227 0.020961 0.002258 0.014592 0.925072 0.010944 0.003127 0.016792 0.002027 0.004875 0.024150 0.002517 0.016924 0.912480 0.013030 0.003458 0.020273 0.002293 
