0.000535 0.002108 0.000153 0.001329 0.990179 0.001329 0.000137 0.003987 0.000244 0.000564 0.002190 0.000162 0.001428 0.989279 0.001560 0.000172 0.004392 0.000253 0.006614 0.017077 0.003834 0.012097 0.921644 0.010234 0.004827 0.018054 0.005621 0.007142 0.018348 0.004172 0.013079 0.914865 0.011309 0.005295 0.019662 0.006126 
0.000396 0.002444 0.000145 0.001334 0.989747 0.001242 0.000159 0.004215 0.000317 0.000415 0.002572 0.000155 0.001437 0.988905 0.001438 0.000163 0.004586 0.000329 0.007571 0.017995 0.003792 0.012723 0.918229 0.010451 0.005087 0.018748 0.005404 0.008155 0.019407 0.004131 0.013678 0.911348 0.011530 0.005522 0.020368 0.005861 
0.000526 0.002748 0.000218 0.001566 0.990164 0.000989 0.000154 0.003274 0.000360 0.000556 0.002901 0.000229 0.001643 0.989345 0.001168 0.000162 0.003624 0.000373 0.007589 0.018349 0.003480 0.013508 0.917733 0.010632 0.004866 0.017989 0.005855 0.008251 0.019668 0.003771 0.014456 0.910932 0.011606 0.005287 0.019669 0.006360 
0.000575 0.002521 0.000098 0.001407 0.990627 0.001003 0.000159 0.003169 0.000441 0.000616 0.002671 0.000111 0.001508 0.989773 0.001140 0.000169 0.003546 0.000466 0.007513 0.020276 0.004001 0.012836 0.915371 0.010254 0.004344 0.019187 0.006216 0.008125 0.021764 0.004334 0.013841 0.908279 0.011291 0.004766 0.020859 0.006741 
0.000385 0.002852 0.000102 0.001562 0.990642 0.000792 0.000170 0.003191 0.000306 0.000401 0.002978 0.000113 0.001682 0.989823 0.000976 0.000180 0.003517 0.000330 0.006258 0.018467 0.003825 0.011644 0.920756 0.010365 0.004074 0.019090 0.005522 0.006816 0.019832 0.004210 0.012575 0.913740 0.011459 0.004465 0.020862 0.006041 
0.000374 0.002771 0.000064 0.001798 0.990959 0.001049 0.000171 0.002525 0.000289 0.000394 0.002854 0.000066 0.001895 0.990220 0.001220 0.000183 0.002862 0.000306 0.005617 0.019281 0.003574 0.011523 0.924900 0.008913 0.003595 0.017804 0.004793 0.006131 0.020613 0.003930 0.012475 0.918283 0.009908 0.003951 0.019524 0.005186 
0.000257 0.002346 0.000168 0.002475 0.991159 0.001138 0.000129 0.002089 0.000238 0.000277 0.002550 0.000184 0.002602 0.990192 0.001322 0.000136 0.002475 0.000262 0.005287 0.019196 0.002930 0.010761 0.927078 0.008623 0.003128 0.018869 0.004128 0.005730 0.020716 0.003234 0.011676 0.920326 0.009592 0.003408 0.020802 0.004516 
0.000252 0.001679 0.000149 0.002864 0.992062 0.001203 0.000112 0.001483 0.000196 0.000265 0.001782 0.000164 0.003010 0.991199 0.001441 0.000116 0.001820 0.000203 0.005196 0.018041 0.003349 0.011091 0.928919 0.008246 0.003582 0.017556 0.004020 0.005615 0.019475 0.003690 0.011920 0.922431 0.009224 0.003934 0.019308 0.004403 
0.000334 0.001783 0.000246 0.003592 0.990796 0.001669 0.000158 0.001168 0.000255 0.000345 0.001877 0.000265 0.003744 0.989801 0.001968 0.000165 0.001569 0.000266 0.005279 0.018049 0.004251 0.012832 0.924696 0.008950 0.004365 0.017443 0.004137 0.005697 0.019351 0.004698 0.013739 0.918109 0.009988 0.004717 0.019195 0.004505 
0.000318 0.001591 0.000209 0.002939 0.991642 0.001424 0.000209 0.001457 0.000209 0.000333 0.001714 0.000232 0.003084 0.990562 0.001620 0.000220 0.002011 0.000225 0.005309 0.018240 0.003944 0.011674 0.926714 0.008567 0.004179 0.017511 0.003861 0.005725 0.019627 0.004314 0.012609 0.920070 0.009487 0.004568 0.019393 0.004207 
0.000290 0.000951 0.000185 0.003779 0.991845 0.001523 0.000137 0.001072 0.000218 0.000303 0.001010 0.000197 0.003956 0.990812 0.001797 0.000158 0.001535 0.000232 0.004674 0.018767 0.003820 0.012128 0.927428 0.008767 0.004392 0.016310 0.003715 0.005071 0.020251 0.004148 0.013048 0.920787 0.009760 0.004766 0.018093 0.004076 
0.000298 0.001111 0.000153 0.003600 0.992075 0.001353 0.000226 0.001015 0.000169 0.000312 0.001270 0.000162 0.003761 0.991053 0.001547 0.000261 0.001452 0.000182 0.004591 0.016568 0.003971 0.011711 0.930596 0.008320 0.004704 0.015754 0.003786 0.004985 0.017915 0.004311 0.012531 0.924303 0.009203 0.005155 0.017470 0.004129 
0.000176 0.000882 0.000130 0.003108 0.993332 0.001036 0.000230 0.000936 0.000169 0.000188 0.000943 0.000140 0.003267 0.992446 0.001183 0.000253 0.001392 0.000188 0.003944 0.016168 0.003522 0.011556 0.934507 0.007819 0.004520 0.014748 0.003215 0.004301 0.017460 0.003859 0.012436 0.928362 0.008674 0.004935 0.016463 0.003509 
0.000121 0.000909 0.000189 0.003045 0.993826 0.000697 0.000167 0.000917 0.000129 0.000132 0.001004 0.000205 0.003164 0.992964 0.000813 0.000203 0.001378 0.000136 0.003227 0.014864 0.003727 0.010546 0.940280 0.007311 0.003985 0.013280 0.002780 0.003532 0.016145 0.004101 0.011300 0.934420 0.008113 0.004402 0.014916 0.003069 
0.000306 0.000946 0.000257 0.002212 0.994324 0.000911 0.000209 0.000661 0.000174 0.000328 0.001023 0.000281 0.002284 0.993757 0.001020 0.000228 0.000895 0.000184 0.003923 0.017117 0.004180 0.011477 0.931127 0.009202 0.004403 0.015692 0.002880 0.004269 0.018490 0.004601 0.012353 0.924906 0.010098 0.004824 0.017289 0.003171 
0.000261 0.000877 0.000272 0.001469 0.995055 0.000829 0.000261 0.000805 0.000172 0.000290 0.000959 0.000294 0.001541 0.994355 0.000937 0.000286 0.001158 0.000180 0.003838 0.019420 0.004548 0.011253 0.926301 0.008647 0.004708 0.018223 0.003062 0.004211 0.020965 0.004986 0.012169 0.919512 0.009547 0.005133 0.020101 0.003376 
0.000235 0.000896 0.000261 0.001056 0.995316 0.000731 0.000267 0.001051 0.000187 0.000249 0.000984 0.000279 0.001119 0.994592 0.000826 0.000296 0.001442 0.000212 0.004150 0.021492 0.005142 0.012595 0.917167 0.010621 0.005644 0.019705 0.003483 0.004541 0.023152 0.005645 0.013646 0.909578 0.011661 0.006182 0.021712 0.003883 
0.000224 0.000772 0.000325 0.001210 0.994970 0.001026 0.000421 0.000895 0.000158 0.000244 0.000837 0.000353 0.001278 0.994271 0.001150 0.000456 0.001238 0.000173 0.004074 0.021404 0.005644 0.018400 0.906323 0.016217 0.006047 0.018606 0.003285 0.004503 0.023102 0.006189 0.019855 0.897833 0.017754 0.006615 0.020490 0.003659 
0.000179 0.000598 0.000179 0.001135 0.994980 0.001793 0.000359 0.000717 0.000060 0.000203 0.000626 0.000196 0.001178 0.994241 0.002051 0.000401 0.001041 0.000064 0.002450 0.010638 0.004124 0.019961 0.931034 0.016554 0.002988 0.010518 0.001733 0.002730 0.011561 0.004671 0.021517 0.924413 0.018023 0.003422 0.011772 0.001891 
