0.000000 0.003155 0.000000 0.001577 0.990536 0.003155 0.000000 0.001577 0.000000 0.000000 0.003242 0.000000 0.001769 0.989866 0.003505 0.000000 0.001617 0.000000 0.000000 0.003155 0.000000 0.006309 0.981073 0.004732 0.000000 0.003155 0.001577 0.000000 0.003241 0.000000 0.006561 0.980140 0.005085 0.000000 0.003301 0.001671 
0.000000 0.004847 0.000000 0.000000 0.993538 0.001616 0.000000 0.000000 0.000000 0.000000 0.005082 0.000000 0.000000 0.993252 0.001666 0.000000 0.000000 0.000000 0.000000 0.004847 0.000000 0.001616 0.987076 0.003231 0.000000 0.001616 0.001616 0.000000 0.005076 0.000000 0.001613 0.985788 0.003333 0.000000 0.001783 0.002407 
0.000000 0.002762 0.000000 0.011050 0.975138 0.009669 0.000000 0.001381 0.000000 0.000000 0.002793 0.000000 0.011689 0.973765 0.010290 0.000000 0.001463 0.000000 0.000000 0.002762 0.000000 0.013812 0.964088 0.013812 0.000000 0.005525 0.000000 0.000000 0.002787 0.000000 0.014985 0.960671 0.015648 0.000000 0.005908 0.000000 
0.000000 0.013640 0.000000 0.013640 0.952620 0.008615 0.000718 0.010768 0.000000 0.000000 0.014574 0.000000 0.015951 0.947646 0.009113 0.000714 0.012003 0.000000 0.001436 0.017229 0.001436 0.020818 0.926777 0.014358 0.001436 0.015793 0.000718 0.001609 0.018309 0.001475 0.024710 0.917781 0.015848 0.001444 0.018092 0.000732 
0.000961 0.009289 0.000000 0.007367 0.970532 0.003203 0.000320 0.008328 0.000000 0.000959 0.009589 0.000000 0.008245 0.965665 0.004512 0.000319 0.010711 0.000000 0.003844 0.017617 0.000961 0.018898 0.925368 0.011851 0.003523 0.016015 0.001922 0.003984 0.018071 0.001315 0.020920 0.916481 0.014339 0.003800 0.019067 0.002024 
0.000000 0.002182 0.000000 0.002777 0.992263 0.001389 0.000198 0.001190 0.000000 0.000000 0.002377 0.000000 0.002888 0.991547 0.001720 0.000209 0.001259 0.000000 0.002976 0.010911 0.003174 0.011506 0.942670 0.015275 0.002976 0.007935 0.002579 0.003325 0.011781 0.003683 0.012506 0.936956 0.017014 0.003124 0.008701 0.002911 
0.000000 0.001465 0.000244 0.002197 0.993896 0.000732 0.000000 0.000977 0.000488 0.000000 0.001554 0.000364 0.002413 0.992917 0.000971 0.000000 0.001278 0.000503 0.001465 0.007324 0.001465 0.013184 0.956299 0.010254 0.000977 0.005859 0.003174 0.001591 0.007904 0.001801 0.014587 0.950763 0.011909 0.001034 0.006847 0.003564 
0.000000 0.002387 0.000000 0.001302 0.993925 0.000217 0.000434 0.001519 0.000217 0.000000 0.002675 0.000000 0.001348 0.993038 0.000224 0.000500 0.001997 0.000219 0.003255 0.013452 0.003038 0.012801 0.942721 0.008462 0.002821 0.011716 0.001736 0.003619 0.014860 0.003393 0.013704 0.936398 0.009173 0.003516 0.013424 0.001913 
0.000000 0.002025 0.000000 0.001157 0.995950 0.000579 0.000000 0.000000 0.000289 0.000000 0.002157 0.000000 0.001581 0.995033 0.000882 0.000000 0.000000 0.000347 0.000868 0.006942 0.001736 0.008389 0.967313 0.007232 0.000579 0.004628 0.002314 0.000945 0.007672 0.001851 0.009984 0.962301 0.008290 0.000619 0.005501 0.002837 
0.000000 0.001038 0.000000 0.001556 0.995071 0.001556 0.000000 0.000778 0.000000 0.000000 0.001115 0.000000 0.001699 0.994041 0.001812 0.000000 0.001333 0.000000 0.001038 0.007263 0.001038 0.007004 0.969131 0.008560 0.001038 0.004929 0.000000 0.001208 0.008234 0.001083 0.008012 0.963994 0.010081 0.001123 0.006264 0.000000 
0.000000 0.003250 0.000000 0.001422 0.993500 0.000813 0.000000 0.001016 0.000000 0.000000 0.003501 0.000000 0.001520 0.992626 0.000826 0.000000 0.001526 0.000000 0.006906 0.015438 0.006094 0.024172 0.893764 0.022344 0.008735 0.017266 0.005281 0.007564 0.016536 0.006430 0.025864 0.885113 0.024298 0.009370 0.019238 0.005586 
0.000587 0.018187 0.000293 0.011147 0.964506 0.002347 0.000293 0.002640 0.000000 0.000588 0.018494 0.000309 0.011842 0.962013 0.003015 0.000296 0.003444 0.000000 0.006454 0.039014 0.006747 0.045468 0.835729 0.024934 0.011147 0.022587 0.007920 0.006885 0.040430 0.007102 0.048803 0.824277 0.027461 0.011564 0.024891 0.008587 
0.000722 0.009390 0.000722 0.013723 0.967858 0.005778 0.000361 0.001083 0.000361 0.000734 0.009457 0.000738 0.014651 0.965793 0.006627 0.000376 0.001172 0.000453 0.006139 0.024919 0.005056 0.032864 0.892380 0.018057 0.004695 0.011557 0.004334 0.006582 0.025762 0.005434 0.034890 0.884995 0.019631 0.005112 0.012829 0.004765 
0.000177 0.002482 0.000355 0.002305 0.992200 0.000886 0.000000 0.001241 0.000355 0.000194 0.002773 0.000378 0.002519 0.991092 0.001111 0.000000 0.001572 0.000361 0.008332 0.023223 0.009218 0.031555 0.868818 0.025705 0.005141 0.020032 0.007977 0.008945 0.024655 0.009963 0.033421 0.859689 0.027361 0.005510 0.021843 0.008612 
0.000000 0.000277 0.000000 0.000554 0.997782 0.000277 0.000000 0.001109 0.000000 0.000000 0.000284 0.000000 0.000578 0.996670 0.000539 0.000000 0.001929 0.000000 0.000277 0.002495 0.000277 0.005545 0.982534 0.005268 0.000277 0.003050 0.000277 0.000283 0.002845 0.000278 0.005809 0.979860 0.006164 0.000330 0.004144 0.000287 
0.000000 0.001013 0.000000 0.000506 0.997722 0.000506 0.000000 0.000253 0.000000 0.000000 0.001111 0.000000 0.000510 0.997308 0.000578 0.000000 0.000493 0.000000 0.002785 0.008354 0.001519 0.012405 0.954177 0.010380 0.001013 0.006329 0.003038 0.003023 0.009051 0.001632 0.013655 0.949483 0.011246 0.001094 0.007632 0.003186 
0.000655 0.004095 0.000164 0.002293 0.989025 0.001802 0.000164 0.001802 0.000000 0.000718 0.004285 0.000228 0.002448 0.987972 0.001977 0.000174 0.002197 0.000000 0.008681 0.024406 0.005405 0.029156 0.870762 0.023096 0.007043 0.024242 0.007207 0.009512 0.026010 0.005886 0.031258 0.860300 0.025070 0.007600 0.026589 0.007775 
0.000315 0.019534 0.000000 0.007561 0.955892 0.004411 0.000630 0.011342 0.000315 0.000335 0.020187 0.000000 0.007787 0.952308 0.004908 0.000676 0.013264 0.000535 0.003151 0.026465 0.003151 0.017643 0.911783 0.013233 0.002520 0.020479 0.001575 0.003342 0.027479 0.003362 0.019141 0.903601 0.014721 0.002956 0.023276 0.002121 
0.000000 0.021329 0.000000 0.011409 0.952381 0.003472 0.000000 0.011409 0.000000 0.000000 0.022104 0.000000 0.012233 0.949253 0.003636 0.000000 0.012774 0.000000 0.000992 0.025794 0.000496 0.019345 0.930060 0.005952 0.000496 0.016865 0.000000 0.001004 0.026857 0.000520 0.021030 0.924248 0.006554 0.000493 0.019294 0.000000 
0.000000 0.004559 0.000000 0.011398 0.979483 0.003040 0.000000 0.001520 0.000000 0.000000 0.004574 0.000000 0.011953 0.978647 0.003277 0.000000 0.001549 0.000000 0.000000 0.008359 0.000000 0.015957 0.965805 0.004559 0.000000 0.005319 0.000000 0.000000 0.008551 0.000000 0.016572 0.964039 0.004921 0.000000 0.005918 0.000000 
0.000000 0.001994 0.000000 0.001994 0.996012 0.000000 0.000000 0.000000 0.000000 0.000000 0.002014 0.000000 0.002127 0.995860 0.000000 0.000000 0.000000 0.000000 0.000000 0.003988 0.000000 0.003988 0.983051 0.000997 0.000997 0.006979 0.000000 0.000000 0.004163 0.000000 0.004328 0.981389 0.001112 0.001128 0.007880 0.000000 
0.000000 0.001506 0.000000 0.007530 0.987952 0.001506 0.000000 0.001506 0.000000 0.000000 0.001544 0.000000 0.008234 0.987012 0.001657 0.000000 0.001552 0.000000 0.000000 0.001506 0.000000 0.012048 0.980422 0.001506 0.000000 0.004518 0.000000 0.000000 0.001542 0.000000 0.013133 0.978701 0.001656 0.000000 0.004968 0.000000 
0.000000 0.000000 0.000000 0.003195 0.993610 0.003195 0.000000 0.000000 0.000000 0.000000 0.000000 0.000000 0.003439 0.993127 0.003434 0.000000 0.000000 0.000000 0.000000 0.003195 0.000000 0.006390 0.982428 0.004792 0.000000 0.003195 0.000000 0.000000 0.003487 0.000000 0.006740 0.980655 0.005706 0.000000 0.003411 0.000000 
0.000000 0.000000 0.000000 0.003049 0.995427 0.001524 0.000000 0.000000 0.000000 0.000000 0.000000 0.000000 0.003097 0.995287 0.001617 0.000000 0.000000 0.000000 0.000000 0.000000 0.000000 0.003049 0.993902 0.003049 0.000000 0.000000 0.000000 0.000000 0.000000 0.000000 0.003096 0.993518 0.003387 0.000000 0.000000 0.000000 
0.000000 0.004710 0.000000 0.001570 0.993721 0.000000 0.000000 0.000000 0.000000 0.000000 0.004794 0.000000 0.001619 0.993587 0.000000 0.000000 0.000000 0.000000 0.000000 0.004710 0.000000 0.001570 0.989011 0.003140 0.000000 0.001570 0.000000 0.000000 0.004789 0.000000 0.001618 0.987894 0.003511 0.000000 0.002188 0.000000 
