0.000228 0.001976 0.001368 0.002660 0.985483 0.002356 0.001824 0.003420 0.000684 0.000232 0.002009 0.001392 0.002698 0.985119 0.002459 0.001911 0.003474 0.000706 0.008361 0.035266 0.010565 0.030782 0.839781 0.025614 0.011325 0.030174 0.008133 0.008932 0.036855 0.011275 0.032413 0.830455 0.027590 0.012161 0.031587 0.008732 
0.000790 0.003750 0.000921 0.002500 0.985394 0.002303 0.001053 0.002961 0.000329 0.000827 0.003829 0.000963 0.002581 0.984778 0.002412 0.001099 0.003160 0.000351 0.007961 0.035200 0.010659 0.029673 0.841963 0.028357 0.008751 0.029673 0.007764 0.008567 0.036878 0.011440 0.031541 0.832276 0.030211 0.009378 0.031341 0.008368 
0.000784 0.002481 0.001175 0.002677 0.986027 0.001828 0.001241 0.003134 0.000653 0.000803 0.002585 0.001234 0.002771 0.985404 0.001881 0.001293 0.003353 0.000675 0.009468 0.035651 0.009533 0.035521 0.829056 0.031603 0.010121 0.031211 0.007835 0.010201 0.037406 0.010250 0.037396 0.818741 0.033544 0.010833 0.033103 0.008527 
0.000937 0.003059 0.001561 0.003996 0.982269 0.002997 0.002123 0.002497 0.000562 0.000978 0.003119 0.001633 0.004082 0.981747 0.003068 0.002201 0.002592 0.000580 0.011113 0.037460 0.011925 0.039396 0.805644 0.037710 0.012549 0.034900 0.009303 0.011987 0.039092 0.012813 0.041332 0.794696 0.039722 0.013448 0.036822 0.010088 
0.000708 0.003412 0.000708 0.002382 0.986351 0.001223 0.001288 0.003155 0.000773 0.000724 0.003492 0.000733 0.002430 0.985947 0.001252 0.001341 0.003272 0.000809 0.009786 0.036698 0.008885 0.036892 0.821337 0.035153 0.010366 0.032320 0.008563 0.010613 0.038564 0.009518 0.038745 0.810784 0.037083 0.011210 0.034297 0.009185 
0.000738 0.002287 0.001328 0.002804 0.986865 0.002287 0.000885 0.002140 0.000664 0.000757 0.002377 0.001369 0.002865 0.986344 0.002341 0.000940 0.002304 0.000704 0.007600 0.034460 0.007896 0.027228 0.849026 0.027155 0.008117 0.031434 0.007084 0.008159 0.036433 0.008603 0.028711 0.839499 0.028855 0.008788 0.033297 0.007654 
0.001075 0.003656 0.001434 0.002652 0.985019 0.002222 0.001505 0.001935 0.000502 0.001095 0.003737 0.001514 0.002714 0.984563 0.002271 0.001587 0.001989 0.000530 0.008960 0.037560 0.009533 0.030249 0.839581 0.026593 0.009748 0.031181 0.006595 0.009560 0.039575 0.010327 0.032021 0.829412 0.028263 0.010499 0.033138 0.007205 
0.000604 0.003489 0.001610 0.003019 0.984232 0.002550 0.001141 0.002483 0.000872 0.000627 0.003641 0.001685 0.003088 0.983707 0.002602 0.001214 0.002533 0.000902 0.009729 0.036500 0.012144 0.034420 0.820451 0.031200 0.009729 0.036836 0.008991 0.010456 0.038274 0.013050 0.036392 0.809700 0.032990 0.010528 0.038926 0.009685 
0.001416 0.004055 0.000966 0.003283 0.981461 0.003605 0.001094 0.003090 0.001030 0.001461 0.004170 0.001024 0.003343 0.980839 0.003677 0.001131 0.003283 0.001072 0.011394 0.039846 0.013325 0.038236 0.798262 0.037657 0.010364 0.040103 0.010814 0.012331 0.041595 0.014370 0.040242 0.786418 0.039735 0.011294 0.042279 0.011736 
0.000785 0.003009 0.000981 0.003597 0.984891 0.002158 0.001112 0.002485 0.000981 0.000802 0.003068 0.001031 0.003697 0.984363 0.002221 0.001168 0.002643 0.001008 0.009288 0.043692 0.008895 0.040748 0.801884 0.036824 0.009484 0.041141 0.008045 0.009951 0.045916 0.009611 0.042688 0.790855 0.038736 0.010285 0.043153 0.008805 
0.000415 0.002625 0.001520 0.002763 0.985769 0.002694 0.000898 0.002418 0.000898 0.000426 0.002751 0.001597 0.002827 0.985122 0.002770 0.000942 0.002599 0.000964 0.007945 0.039793 0.009396 0.037029 0.819206 0.035855 0.008636 0.035164 0.006978 0.008635 0.041592 0.010140 0.039024 0.808414 0.038222 0.009382 0.036976 0.007615 
0.000764 0.002708 0.000833 0.002500 0.985834 0.002361 0.001042 0.003333 0.000625 0.000805 0.002764 0.000900 0.002583 0.985196 0.002438 0.001132 0.003458 0.000725 0.008124 0.045552 0.007916 0.035136 0.817582 0.031942 0.008680 0.037845 0.007222 0.008812 0.047787 0.008803 0.037163 0.806375 0.033921 0.009376 0.039881 0.007882 
0.000823 0.002331 0.001097 0.002879 0.983411 0.003427 0.002194 0.003290 0.000548 0.000860 0.002409 0.001176 0.002955 0.982595 0.003497 0.002320 0.003619 0.000570 0.010557 0.054017 0.011791 0.037976 0.787359 0.032767 0.010557 0.045517 0.009460 0.011453 0.056633 0.012896 0.039785 0.774751 0.034902 0.011340 0.048028 0.010213 
