0.000000 0.000352 0.000352 0.000352 0.998005 0.000469 0.000000 0.000235 0.000235 0.000000 0.000359 0.000374 0.000358 0.997932 0.000485 0.000000 0.000239 0.000252 0.003989 0.012202 0.003637 0.014666 0.933239 0.013728 0.003755 0.011850 0.002933 0.004293 0.013166 0.004045 0.015629 0.927629 0.014843 0.004071 0.013031 0.003293 
0.000329 0.000658 0.000219 0.000548 0.996822 0.000548 0.000110 0.000767 0.000000 0.000346 0.000663 0.000222 0.000556 0.996751 0.000561 0.000122 0.000779 0.000000 0.003178 0.012384 0.003068 0.018192 0.928986 0.014356 0.003836 0.013260 0.002740 0.003459 0.013344 0.003406 0.019398 0.923225 0.015568 0.004268 0.014308 0.003023 
0.000000 0.000528 0.000317 0.000844 0.997361 0.000211 0.000106 0.000317 0.000317 0.000000 0.000533 0.000333 0.000854 0.997313 0.000217 0.000107 0.000324 0.000319 0.004222 0.013193 0.004538 0.015831 0.930449 0.012665 0.003799 0.013193 0.002111 0.004736 0.013972 0.004994 0.016739 0.925424 0.013449 0.004114 0.014190 0.002382 
0.000000 0.000630 0.000210 0.000630 0.996849 0.000525 0.000630 0.000420 0.000105 0.000000 0.000647 0.000218 0.000675 0.996751 0.000536 0.000640 0.000426 0.000106 0.002625 0.014073 0.002625 0.016488 0.930792 0.014808 0.003361 0.012707 0.002520 0.002854 0.014986 0.002908 0.017728 0.925140 0.015951 0.003782 0.013823 0.002827 
0.000107 0.000750 0.000000 0.000214 0.997001 0.000750 0.000428 0.000750 0.000000 0.000111 0.000779 0.000000 0.000218 0.996874 0.000778 0.000477 0.000761 0.000000 0.001928 0.012315 0.003106 0.014993 0.932105 0.013815 0.005354 0.012851 0.003534 0.002159 0.013248 0.003410 0.016164 0.926312 0.014999 0.005955 0.013848 0.003904 
0.000446 0.000223 0.000000 0.000335 0.998327 0.000335 0.000112 0.000223 0.000000 0.000465 0.000237 0.000000 0.000338 0.998242 0.000369 0.000115 0.000234 0.000000 0.002788 0.013159 0.001784 0.013048 0.939110 0.012713 0.002676 0.012713 0.002007 0.003125 0.014112 0.001930 0.014084 0.933701 0.013726 0.003109 0.013924 0.002288 
0.000000 0.000114 0.000114 0.000568 0.998524 0.000568 0.000000 0.000114 0.000000 0.000000 0.000114 0.000122 0.000586 0.998470 0.000592 0.000000 0.000115 0.000000 0.002270 0.011011 0.002384 0.011579 0.942105 0.013963 0.002157 0.011806 0.002724 0.002526 0.011897 0.002728 0.012336 0.937326 0.014961 0.002350 0.012727 0.003148 
0.000000 0.000110 0.000219 0.000548 0.998135 0.000877 0.000000 0.000000 0.000110 0.000000 0.000114 0.000229 0.000561 0.998054 0.000922 0.000000 0.000000 0.000120 0.002194 0.009104 0.001974 0.013053 0.943512 0.013272 0.002962 0.011517 0.002413 0.002537 0.009699 0.002257 0.014001 0.938897 0.014304 0.003223 0.012415 0.002667 
0.000109 0.000327 0.000327 0.000981 0.997819 0.000218 0.000109 0.000109 0.000000 0.000116 0.000342 0.000360 0.001047 0.997667 0.000223 0.000134 0.000110 0.000000 0.002944 0.010033 0.002181 0.012868 0.946892 0.011014 0.002290 0.009924 0.001854 0.003221 0.010658 0.002468 0.014002 0.942426 0.011932 0.002570 0.010624 0.002098 
0.000221 0.000331 0.000000 0.000442 0.998455 0.000331 0.000000 0.000221 0.000000 0.000237 0.000332 0.000000 0.000467 0.998394 0.000341 0.000000 0.000230 0.000000 0.002097 0.012032 0.002318 0.014240 0.941936 0.011149 0.002318 0.012143 0.001766 0.002356 0.012995 0.002526 0.015394 0.937189 0.011982 0.002570 0.013052 0.001935 
0.000115 0.000576 0.000115 0.001151 0.997813 0.000000 0.000115 0.000115 0.000000 0.000115 0.000588 0.000165 0.001174 0.997719 0.000000 0.000117 0.000122 0.000000 0.002532 0.012661 0.002993 0.013352 0.939572 0.011280 0.003913 0.010935 0.002762 0.002748 0.013558 0.003365 0.014330 0.934611 0.011906 0.004239 0.012092 0.003151 
0.000343 0.000457 0.000000 0.000571 0.997831 0.000114 0.000000 0.000571 0.000114 0.000357 0.000474 0.000000 0.000582 0.997714 0.000121 0.000000 0.000631 0.000121 0.001827 0.011531 0.002398 0.010275 0.949652 0.008677 0.001713 0.012102 0.001827 0.001966 0.012468 0.002738 0.011024 0.945612 0.009277 0.002027 0.012876 0.002013 
0.000112 0.000446 0.000112 0.000781 0.997433 0.000446 0.000446 0.000223 0.000000 0.000119 0.000461 0.000118 0.000788 0.997322 0.000496 0.000461 0.000235 0.000000 0.003014 0.013618 0.003572 0.011162 0.932135 0.016073 0.002679 0.014176 0.003572 0.003403 0.014776 0.003977 0.011935 0.926214 0.017533 0.002964 0.015277 0.003921 
0.000115 0.000229 0.000000 0.000344 0.998738 0.000344 0.000000 0.000115 0.000115 0.000117 0.000261 0.000000 0.000359 0.998644 0.000379 0.000000 0.000119 0.000120 0.002753 0.011125 0.002523 0.010093 0.948618 0.010666 0.001950 0.010437 0.001835 0.003030 0.012077 0.002838 0.010655 0.944299 0.011605 0.002123 0.011358 0.002016 
0.000110 0.000548 0.000110 0.000548 0.997918 0.000110 0.000219 0.000329 0.000110 0.000110 0.000560 0.000111 0.000558 0.997867 0.000119 0.000229 0.000336 0.000110 0.003725 0.014242 0.002520 0.013365 0.939089 0.009969 0.002410 0.011832 0.002848 0.004073 0.015340 0.002861 0.014235 0.933965 0.010740 0.002672 0.012886 0.003228 
0.000229 0.000572 0.000000 0.000458 0.998284 0.000229 0.000000 0.000229 0.000000 0.000230 0.000603 0.000000 0.000471 0.998203 0.000230 0.000000 0.000263 0.000000 0.002859 0.012353 0.002402 0.010523 0.944298 0.010408 0.001716 0.012581 0.002859 0.003091 0.013420 0.002697 0.011349 0.939775 0.011129 0.001880 0.013510 0.003148 
0.000233 0.000349 0.000116 0.000582 0.998136 0.000349 0.000000 0.000233 0.000000 0.000250 0.000355 0.000132 0.000595 0.998048 0.000380 0.000000 0.000241 0.000000 0.003960 0.009785 0.002679 0.012114 0.941409 0.012231 0.002796 0.011532 0.003494 0.004381 0.010597 0.003038 0.013065 0.936377 0.013168 0.003076 0.012379 0.003918 
0.000113 0.000113 0.000225 0.000451 0.997972 0.000451 0.000000 0.000451 0.000225 0.000115 0.000115 0.000241 0.000461 0.997863 0.000495 0.000000 0.000460 0.000249 0.002592 0.013859 0.002254 0.011268 0.943549 0.010141 0.002254 0.011380 0.002704 0.002879 0.014783 0.002489 0.012044 0.938811 0.010915 0.002569 0.012372 0.003137 
0.000110 0.000331 0.000110 0.000331 0.998343 0.000110 0.000000 0.000552 0.000110 0.000112 0.000368 0.000116 0.000343 0.998251 0.000114 0.000000 0.000568 0.000127 0.002652 0.009392 0.002762 0.013260 0.943757 0.011050 0.001768 0.013039 0.002320 0.002874 0.010257 0.003058 0.014177 0.939030 0.011961 0.002003 0.014117 0.002523 
0.000227 0.000227 0.000227 0.000569 0.997612 0.000114 0.000114 0.000569 0.000341 0.000243 0.000230 0.000232 0.000615 0.997495 0.000117 0.000118 0.000600 0.000350 0.003070 0.009552 0.001933 0.011485 0.949738 0.009893 0.001251 0.010689 0.002388 0.003463 0.010269 0.002118 0.012278 0.945653 0.010665 0.001338 0.011630 0.002586 
0.000129 0.000000 0.000000 0.000388 0.998966 0.000129 0.000000 0.000258 0.000129 0.000132 0.000000 0.000000 0.000430 0.998886 0.000131 0.000000 0.000266 0.000154 0.001551 0.009045 0.001292 0.011113 0.953482 0.008787 0.002326 0.010466 0.001938 0.001719 0.009693 0.001440 0.011962 0.949879 0.009308 0.002533 0.011322 0.002144 
0.000113 0.000113 0.000000 0.000906 0.998527 0.000227 0.000000 0.000000 0.000113 0.000120 0.000115 0.000000 0.000954 0.998455 0.000236 0.000000 0.000000 0.000119 0.001813 0.011329 0.002266 0.010536 0.943922 0.011669 0.002946 0.012462 0.003059 0.001983 0.012316 0.002441 0.011549 0.938827 0.012706 0.003272 0.013522 0.003383 
0.000327 0.000653 0.000000 0.000435 0.997497 0.000218 0.000218 0.000435 0.000218 0.000330 0.000688 0.000000 0.000474 0.997319 0.000247 0.000239 0.000476 0.000227 0.002721 0.010448 0.002721 0.009687 0.946125 0.008925 0.002394 0.013496 0.003483 0.002953 0.011363 0.003009 0.010523 0.941313 0.009700 0.002652 0.014598 0.003890 
0.000000 0.000318 0.000106 0.000425 0.996497 0.001274 0.000212 0.001062 0.000106 0.000000 0.000326 0.000116 0.000427 0.996370 0.001328 0.000230 0.001088 0.000114 0.002972 0.011783 0.003715 0.010616 0.937686 0.012420 0.003185 0.015287 0.002335 0.003291 0.012741 0.004149 0.011401 0.932320 0.013356 0.003533 0.016654 0.002555 
0.000220 0.001210 0.000330 0.000880 0.996149 0.000110 0.000220 0.000770 0.000110 0.000248 0.001257 0.000364 0.000906 0.995961 0.000115 0.000245 0.000791 0.000112 0.003521 0.011222 0.002531 0.013643 0.934976 0.012763 0.003851 0.014193 0.003301 0.003858 0.012158 0.002799 0.014525 0.929804 0.013722 0.004267 0.015244 0.003622 
