0.000224 0.001721 0.000374 0.000973 0.993415 0.001497 0.000150 0.001646 0.000000 0.000235 0.001790 0.000389 0.001241 0.992118 0.002371 0.000161 0.001694 0.000000 0.008605 0.088521 0.008530 0.025367 0.741919 0.027686 0.007408 0.084331 0.007632 0.009335 0.091570 0.009387 0.027279 0.727985 0.030612 0.008088 0.087357 0.008388 
0.000525 0.002230 0.000000 0.001312 0.991145 0.002361 0.000459 0.001968 0.000000 0.000552 0.002341 0.000000 0.001870 0.988849 0.003827 0.000486 0.002075 0.000000 0.009511 0.092555 0.008659 0.027550 0.733618 0.027353 0.008659 0.085602 0.006494 0.010359 0.095787 0.009334 0.029741 0.718491 0.030782 0.009464 0.088892 0.007149 
0.000124 0.003342 0.000062 0.000867 0.991582 0.001671 0.000062 0.002228 0.000062 0.000126 0.003423 0.000064 0.001110 0.990184 0.002638 0.000064 0.002324 0.000067 0.008851 0.100829 0.008108 0.027296 0.719361 0.027792 0.009470 0.090431 0.007861 0.009610 0.104102 0.008873 0.029443 0.704507 0.030757 0.010386 0.093742 0.008580 
0.000239 0.002031 0.000179 0.000896 0.992475 0.002210 0.000179 0.001613 0.000179 0.000245 0.002081 0.000195 0.001155 0.990604 0.003641 0.000186 0.001704 0.000188 0.010213 0.109890 0.010392 0.024904 0.700848 0.030280 0.010392 0.093287 0.009795 0.011084 0.113250 0.011574 0.026845 0.684918 0.033957 0.011285 0.096385 0.010702 
0.000231 0.003460 0.000288 0.001038 0.990081 0.002018 0.000519 0.002076 0.000288 0.000239 0.003577 0.000303 0.001534 0.988109 0.003252 0.000539 0.002149 0.000297 0.010265 0.105017 0.010727 0.027278 0.707728 0.028893 0.009746 0.092042 0.008304 0.011095 0.108189 0.011699 0.029482 0.692427 0.032002 0.010637 0.095351 0.009118 
0.000188 0.002564 0.000250 0.001188 0.991807 0.000876 0.000500 0.002376 0.000250 0.000192 0.002620 0.000269 0.001331 0.991054 0.001245 0.000512 0.002508 0.000268 0.010632 0.095997 0.011945 0.030457 0.708630 0.030394 0.012195 0.089431 0.010319 0.011590 0.098814 0.012963 0.032533 0.694523 0.032666 0.013119 0.092484 0.011308 
0.000404 0.002152 0.000336 0.001480 0.991592 0.001749 0.000404 0.001480 0.000404 0.000411 0.002218 0.000351 0.001846 0.990248 0.002528 0.000429 0.001544 0.000426 0.010628 0.077756 0.011637 0.036860 0.732226 0.034371 0.010628 0.076075 0.009820 0.011430 0.080588 0.012491 0.039049 0.718600 0.037074 0.011426 0.078817 0.010523 
0.000325 0.001948 0.000260 0.000844 0.992859 0.001623 0.000195 0.001753 0.000195 0.000341 0.002003 0.000274 0.000963 0.991729 0.002426 0.000230 0.001831 0.000202 0.007401 0.089327 0.008894 0.023371 0.750714 0.025448 0.007271 0.081667 0.005908 0.008004 0.092414 0.009844 0.024933 0.737705 0.027824 0.008008 0.084805 0.006461 
0.000137 0.001983 0.000137 0.001299 0.991793 0.001983 0.000137 0.002394 0.000137 0.000139 0.002107 0.000141 0.001681 0.989956 0.003172 0.000141 0.002521 0.000142 0.006292 0.080358 0.006634 0.022842 0.771440 0.023253 0.006155 0.076870 0.006155 0.006846 0.083254 0.007265 0.024769 0.758272 0.026081 0.006813 0.079828 0.006873 
0.000072 0.002015 0.000288 0.001511 0.991796 0.002447 0.000216 0.001583 0.000072 0.000072 0.002090 0.000306 0.001980 0.989788 0.003716 0.000226 0.001748 0.000074 0.007628 0.081462 0.007844 0.022309 0.769718 0.022668 0.006765 0.073258 0.008348 0.008385 0.084364 0.008673 0.024222 0.756095 0.025586 0.007356 0.076181 0.009138 
0.000222 0.001999 0.000370 0.000592 0.993558 0.001259 0.000148 0.001703 0.000148 0.000229 0.002054 0.000389 0.000707 0.992744 0.001777 0.000157 0.001766 0.000176 0.005702 0.072492 0.007331 0.021548 0.791633 0.021918 0.005035 0.069086 0.005257 0.006336 0.075558 0.008022 0.023135 0.779522 0.023998 0.005458 0.072103 0.005869 
0.000072 0.002368 0.000144 0.000861 0.993972 0.000933 0.000072 0.001579 0.000000 0.000072 0.002457 0.000148 0.001117 0.992885 0.001531 0.000073 0.001717 0.000000 0.007104 0.074842 0.006386 0.022316 0.788749 0.021025 0.006889 0.065873 0.006817 0.007631 0.077894 0.007002 0.024149 0.776362 0.023202 0.007450 0.068749 0.007562 
0.000225 0.001123 0.000075 0.000823 0.995135 0.001123 0.000150 0.001123 0.000225 0.000232 0.001167 0.000075 0.001136 0.994155 0.001682 0.000154 0.001168 0.000232 0.005538 0.070349 0.005538 0.019907 0.805194 0.021329 0.005538 0.060695 0.005912 0.006147 0.073513 0.006043 0.021478 0.793055 0.023465 0.006049 0.063711 0.006538 
0.000075 0.001121 0.000149 0.000673 0.994918 0.001196 0.000299 0.001420 0.000149 0.000093 0.001169 0.000150 0.000800 0.994318 0.001551 0.000307 0.001460 0.000154 0.005605 0.071968 0.007025 0.021374 0.798296 0.020253 0.005754 0.063971 0.005754 0.006048 0.074960 0.007609 0.022842 0.786735 0.022213 0.006392 0.066895 0.006305 
0.000146 0.001462 0.000146 0.000658 0.994590 0.000804 0.000219 0.001828 0.000146 0.000150 0.001612 0.000154 0.000849 0.993800 0.001073 0.000248 0.001930 0.000184 0.006141 0.075669 0.005483 0.020251 0.797485 0.021348 0.004825 0.063167 0.005629 0.006631 0.078823 0.006083 0.021904 0.785536 0.023347 0.005282 0.066042 0.006353 
0.000228 0.001820 0.000531 0.001062 0.993098 0.001289 0.000379 0.001517 0.000076 0.000248 0.001959 0.000554 0.001207 0.991941 0.001934 0.000385 0.001682 0.000090 0.005234 0.071147 0.006978 0.020100 0.804991 0.018962 0.006296 0.061211 0.005082 0.005733 0.074295 0.007665 0.021468 0.793310 0.020988 0.006845 0.064057 0.005639 
0.000304 0.001139 0.000152 0.001594 0.992483 0.002050 0.000380 0.001518 0.000380 0.000323 0.001211 0.000156 0.002072 0.991021 0.002831 0.000394 0.001598 0.000393 0.006226 0.068636 0.006302 0.021638 0.804267 0.023157 0.005922 0.057854 0.005998 0.006878 0.071396 0.007002 0.023564 0.791783 0.025845 0.006373 0.060636 0.006523 
0.000230 0.001913 0.000230 0.001836 0.991737 0.002601 0.000153 0.001071 0.000230 0.000238 0.002036 0.000234 0.002306 0.989625 0.004068 0.000159 0.001099 0.000235 0.006579 0.063499 0.006579 0.021498 0.816923 0.022340 0.004743 0.053095 0.004743 0.007107 0.066174 0.007167 0.023500 0.804815 0.025529 0.005027 0.055426 0.005255 
0.000382 0.002217 0.000382 0.000917 0.992661 0.000841 0.000229 0.002064 0.000306 0.000391 0.002387 0.000405 0.001150 0.991762 0.001174 0.000244 0.002176 0.000311 0.007110 0.066667 0.007263 0.024159 0.808869 0.019572 0.005810 0.055810 0.004740 0.007797 0.069741 0.007996 0.025855 0.797008 0.021512 0.006344 0.058492 0.005255 
0.000390 0.002107 0.000156 0.001249 0.991414 0.002029 0.000546 0.001873 0.000234 0.000400 0.002263 0.000159 0.001426 0.989991 0.003007 0.000580 0.001928 0.000246 0.006010 0.065095 0.007649 0.021855 0.811661 0.020137 0.006244 0.055807 0.005542 0.006591 0.068150 0.008415 0.023510 0.799208 0.022555 0.006795 0.058691 0.006084 
0.000260 0.001736 0.000434 0.001736 0.992013 0.002257 0.000347 0.001129 0.000087 0.000281 0.001902 0.000444 0.002256 0.990060 0.003402 0.000377 0.001184 0.000094 0.005990 0.058425 0.005556 0.024308 0.820644 0.024481 0.006164 0.048615 0.005816 0.006476 0.060914 0.006095 0.026726 0.807944 0.027681 0.006734 0.051123 0.006307 
0.000236 0.001650 0.000314 0.001728 0.990729 0.002593 0.000471 0.002200 0.000079 0.000242 0.001710 0.000330 0.002308 0.988193 0.004373 0.000489 0.002274 0.000080 0.006442 0.063639 0.006835 0.023884 0.808375 0.019877 0.006600 0.059161 0.005185 0.007025 0.066113 0.007539 0.026037 0.795383 0.022910 0.007247 0.061992 0.005755 
0.000374 0.002022 0.000449 0.001348 0.991387 0.002172 0.000449 0.001423 0.000374 0.000399 0.002212 0.000471 0.001852 0.989030 0.003654 0.000468 0.001520 0.000394 0.005243 0.064110 0.006815 0.022244 0.814859 0.022319 0.005018 0.054374 0.005018 0.005757 0.067174 0.007600 0.024162 0.801919 0.025274 0.005475 0.057142 0.005498 
0.000398 0.001908 0.000398 0.000954 0.991810 0.001670 0.000795 0.001749 0.000318 0.000408 0.002019 0.000417 0.001229 0.990277 0.002646 0.000828 0.001810 0.000366 0.006838 0.062182 0.006520 0.021947 0.814726 0.022026 0.006918 0.053594 0.005248 0.007474 0.064987 0.007113 0.023644 0.802657 0.024567 0.007707 0.056102 0.005749 
0.000155 0.002020 0.000233 0.001399 0.990598 0.002642 0.001321 0.001243 0.000389 0.000163 0.002078 0.000242 0.001756 0.988497 0.004101 0.001380 0.001376 0.000406 0.006527 0.062471 0.006527 0.020668 0.816628 0.021756 0.005517 0.053613 0.006294 0.007151 0.065062 0.007149 0.022503 0.804033 0.024895 0.005965 0.056383 0.006859 
