0.000196 0.001370 0.000196 0.001174 0.994716 0.002348 0.000000 0.000000 0.000000 0.000196 0.001630 0.000232 0.001376 0.993736 0.002830 0.000000 0.000000 0.000000 0.012524 0.029550 0.011350 0.040313 0.820157 0.037769 0.008806 0.027593 0.011937 0.013263 0.031726 0.012082 0.041847 0.809575 0.040150 0.009267 0.029210 0.012880 
0.000275 0.000826 0.000413 0.002203 0.992839 0.001928 0.000413 0.000964 0.000138 0.000283 0.000854 0.000445 0.002396 0.992193 0.002180 0.000432 0.001066 0.000150 0.016249 0.030708 0.014321 0.049298 0.789177 0.042688 0.015285 0.029882 0.012393 0.017155 0.032327 0.015363 0.051524 0.777100 0.045093 0.016353 0.031843 0.013242 
0.000000 0.000951 0.000211 0.001268 0.995035 0.000845 0.000423 0.000845 0.000423 0.000000 0.001030 0.000232 0.001393 0.994493 0.000975 0.000436 0.000965 0.000476 0.009508 0.031059 0.010353 0.035918 0.830868 0.038242 0.010881 0.025354 0.007817 0.010245 0.033015 0.011124 0.037757 0.820081 0.040439 0.011671 0.027112 0.008554 
0.000286 0.000666 0.000190 0.001428 0.995431 0.000761 0.000190 0.000761 0.000286 0.000288 0.000698 0.000199 0.001458 0.995066 0.000936 0.000201 0.000831 0.000323 0.012374 0.029126 0.010280 0.039121 0.822197 0.037883 0.010756 0.029031 0.009233 0.013095 0.030675 0.011139 0.040990 0.811208 0.040314 0.011413 0.031078 0.010089 
0.000810 0.001080 0.000180 0.001891 0.993517 0.000810 0.000270 0.001351 0.000090 0.000830 0.001141 0.000182 0.002169 0.992715 0.000938 0.000298 0.001634 0.000092 0.010535 0.033495 0.010445 0.042229 0.808752 0.037367 0.014137 0.031424 0.011615 0.011305 0.035481 0.011328 0.044705 0.796551 0.039225 0.015098 0.033859 0.012448 
0.000208 0.001454 0.000000 0.001350 0.993975 0.001662 0.000312 0.000831 0.000208 0.000219 0.001485 0.000000 0.001405 0.993640 0.001771 0.000320 0.000946 0.000214 0.016101 0.038953 0.017555 0.041030 0.775943 0.044251 0.016204 0.036356 0.013608 0.017124 0.040841 0.018640 0.042809 0.763656 0.046560 0.017338 0.038568 0.014464 
0.000250 0.000917 0.000417 0.000917 0.994746 0.001251 0.000334 0.000834 0.000334 0.000254 0.000945 0.000452 0.000979 0.994285 0.001436 0.000348 0.000955 0.000347 0.010341 0.032941 0.009674 0.037195 0.819365 0.038612 0.011425 0.028772 0.011675 0.011135 0.034934 0.010401 0.039391 0.807325 0.041151 0.012265 0.030734 0.012663 
0.000771 0.001060 0.000385 0.001927 0.991810 0.002505 0.000385 0.000867 0.000289 0.000794 0.001210 0.000436 0.001998 0.990882 0.002866 0.000410 0.001081 0.000324 0.019270 0.047018 0.020233 0.053473 0.723769 0.051065 0.020426 0.045091 0.019655 0.020413 0.049265 0.021604 0.055372 0.709605 0.053970 0.021515 0.047461 0.020795 
0.000662 0.001406 0.000496 0.001819 0.992723 0.001323 0.000579 0.000662 0.000331 0.000678 0.001451 0.000525 0.001924 0.992398 0.001369 0.000604 0.000713 0.000338 0.019267 0.043744 0.019185 0.058133 0.726536 0.054577 0.019681 0.041098 0.017779 0.020529 0.045805 0.020485 0.060150 0.712549 0.057030 0.020944 0.043411 0.019096 
0.000459 0.001761 0.000536 0.001455 0.993263 0.001148 0.000230 0.000766 0.000383 0.000510 0.001841 0.000551 0.001535 0.992843 0.001225 0.000250 0.000839 0.000407 0.015312 0.039121 0.014776 0.048078 0.773159 0.044250 0.015388 0.035982 0.013934 0.016282 0.041249 0.015653 0.050319 0.760820 0.046329 0.016238 0.038133 0.014979 
0.000346 0.000760 0.000760 0.001797 0.993227 0.001037 0.000484 0.001313 0.000276 0.000351 0.000848 0.000811 0.001990 0.992655 0.001106 0.000502 0.001449 0.000288 0.015757 0.037802 0.016240 0.049205 0.771666 0.047547 0.013753 0.035107 0.012923 0.016651 0.039755 0.017480 0.051624 0.758677 0.050061 0.014743 0.037162 0.013847 
0.000698 0.001395 0.000620 0.001318 0.993023 0.001628 0.000543 0.000543 0.000233 0.000737 0.001442 0.000651 0.001462 0.992610 0.001703 0.000588 0.000568 0.000239 0.017211 0.036747 0.016901 0.047213 0.768509 0.043802 0.019226 0.036282 0.014110 0.018248 0.038507 0.018139 0.049349 0.755125 0.046359 0.020543 0.038577 0.015154 
0.000408 0.002242 0.000815 0.002751 0.988588 0.001427 0.001325 0.001630 0.000815 0.000413 0.002384 0.000831 0.002826 0.988101 0.001509 0.001372 0.001721 0.000842 0.022111 0.045038 0.021194 0.056654 0.717954 0.055227 0.020990 0.042898 0.017934 0.023189 0.047390 0.022325 0.059083 0.703732 0.057876 0.022181 0.045098 0.019126 
0.000534 0.002225 0.000979 0.002581 0.988873 0.001958 0.000801 0.001513 0.000534 0.000570 0.002302 0.001024 0.002700 0.988400 0.002056 0.000818 0.001555 0.000574 0.018871 0.045398 0.020028 0.055368 0.726900 0.053231 0.022699 0.038277 0.019227 0.019834 0.047332 0.021330 0.057863 0.712222 0.055938 0.024323 0.040474 0.020685 
0.001178 0.002570 0.000749 0.003426 0.985867 0.001713 0.001927 0.002034 0.000535 0.001254 0.002605 0.000804 0.003530 0.985080 0.001889 0.002012 0.002248 0.000579 0.027944 0.056210 0.030193 0.056745 0.659422 0.058887 0.030086 0.055460 0.025054 0.029654 0.058020 0.031952 0.058780 0.643862 0.061467 0.031582 0.058211 0.026472 
0.000677 0.002484 0.000677 0.002484 0.990178 0.001693 0.000564 0.001242 0.000000 0.000692 0.002608 0.000696 0.002717 0.989082 0.001884 0.000585 0.001735 0.000000 0.019643 0.047415 0.016821 0.045044 0.743283 0.043689 0.018627 0.045270 0.020208 0.020805 0.049752 0.017818 0.047218 0.729439 0.045961 0.019648 0.047899 0.021459 
0.000394 0.002465 0.000493 0.001972 0.990730 0.001085 0.000789 0.001479 0.000592 0.000407 0.002527 0.000533 0.002120 0.990170 0.001223 0.000820 0.001592 0.000607 0.020217 0.047535 0.021795 0.050000 0.731164 0.043984 0.020316 0.044773 0.020217 0.021185 0.049519 0.023178 0.052138 0.717545 0.046350 0.021631 0.047180 0.021274 
0.000669 0.001721 0.000574 0.001817 0.990630 0.001339 0.000861 0.002103 0.000287 0.000692 0.001961 0.000622 0.001891 0.989532 0.001581 0.000918 0.002515 0.000288 0.015585 0.040539 0.016254 0.036141 0.782102 0.039583 0.017879 0.038914 0.013003 0.016561 0.042423 0.017343 0.037733 0.769175 0.042408 0.018887 0.041515 0.013956 
0.000122 0.002072 0.000244 0.002072 0.993173 0.000731 0.000488 0.001097 0.000000 0.000123 0.002148 0.000248 0.002276 0.992648 0.000779 0.000518 0.001259 0.000000 0.019993 0.039620 0.015238 0.043277 0.776301 0.037182 0.016457 0.038401 0.013532 0.021067 0.041578 0.016230 0.045520 0.764007 0.039200 0.017431 0.040441 0.014526 
0.000616 0.001320 0.000880 0.002640 0.991023 0.001848 0.000352 0.000968 0.000352 0.000633 0.001365 0.000935 0.002718 0.990637 0.001966 0.000362 0.001022 0.000363 0.014433 0.041626 0.016545 0.046379 0.764235 0.041450 0.019449 0.040570 0.015313 0.015234 0.043287 0.017700 0.048494 0.751345 0.043918 0.020753 0.042787 0.016482 
0.000354 0.001503 0.000442 0.001503 0.993192 0.001326 0.000177 0.000884 0.000619 0.000356 0.001563 0.000458 0.001573 0.992795 0.001495 0.000177 0.000936 0.000646 0.017593 0.041464 0.014764 0.044382 0.776854 0.038281 0.016002 0.036071 0.014588 0.018644 0.043296 0.015643 0.046253 0.764778 0.040450 0.017158 0.038124 0.015655 
0.000329 0.002469 0.000658 0.002387 0.990370 0.001481 0.000494 0.001399 0.000412 0.000331 0.002703 0.000690 0.002568 0.989434 0.001628 0.000512 0.001667 0.000466 0.017613 0.045021 0.017778 0.047819 0.749877 0.046996 0.018683 0.038683 0.017531 0.018658 0.047465 0.019028 0.050029 0.735476 0.049755 0.019836 0.041031 0.018722 
0.000359 0.001796 0.000359 0.002065 0.992009 0.001257 0.000539 0.001347 0.000269 0.000367 0.001837 0.000363 0.002325 0.991535 0.001328 0.000582 0.001389 0.000274 0.017238 0.035464 0.020381 0.045340 0.768899 0.042288 0.018046 0.035734 0.016610 0.018117 0.036821 0.021625 0.047362 0.757199 0.044306 0.019300 0.037630 0.017640 
0.000636 0.003728 0.000455 0.002909 0.986908 0.002091 0.000727 0.002091 0.000455 0.000655 0.003898 0.000466 0.002973 0.986217 0.002238 0.000759 0.002308 0.000486 0.022093 0.049004 0.021184 0.049459 0.720247 0.049095 0.021184 0.048550 0.019184 0.023213 0.051344 0.022388 0.051328 0.705743 0.051849 0.022501 0.051153 0.020480 
0.000841 0.002944 0.001156 0.002839 0.987069 0.002208 0.000631 0.002208 0.000105 0.000855 0.003057 0.001196 0.003017 0.985993 0.002635 0.000705 0.002432 0.000109 0.015664 0.038583 0.015559 0.043209 0.775967 0.036480 0.018398 0.040475 0.015664 0.016685 0.040576 0.016627 0.045137 0.762882 0.038642 0.019649 0.043065 0.016737 
