0.001048 0.001655 0.001168 0.002374 0.988082 0.001801 0.001589 0.001486 0.000796 0.001098 0.001707 0.001231 0.002462 0.987531 0.001887 0.001679 0.001555 0.000850 0.016440 0.042522 0.017242 0.051339 0.750983 0.048029 0.018367 0.040340 0.014739 0.017604 0.044744 0.018497 0.053931 0.736123 0.050734 0.019685 0.042776 0.015907 
0.000908 0.001692 0.001164 0.002334 0.988517 0.001758 0.001349 0.001423 0.000855 0.000953 0.001747 0.001225 0.002419 0.988005 0.001837 0.001413 0.001497 0.000904 0.016140 0.043809 0.016795 0.051924 0.749300 0.048550 0.018334 0.040815 0.014334 0.017296 0.046174 0.018063 0.054518 0.734232 0.051314 0.019648 0.043296 0.015459 
0.001021 0.001821 0.001221 0.002400 0.988010 0.001831 0.001429 0.001366 0.000902 0.001069 0.001874 0.001287 0.002481 0.987491 0.001922 0.001505 0.001425 0.000945 0.016194 0.043829 0.017610 0.051962 0.747551 0.048141 0.018954 0.041321 0.014437 0.017341 0.046133 0.018882 0.054568 0.732515 0.050905 0.020272 0.043797 0.015587 
0.001016 0.001614 0.001136 0.002160 0.988807 0.001695 0.001340 0.001379 0.000854 0.001069 0.001673 0.001200 0.002226 0.988284 0.001774 0.001416 0.001458 0.000901 0.016322 0.043077 0.016951 0.051264 0.752216 0.047725 0.018090 0.040298 0.014058 0.017503 0.045346 0.018242 0.053801 0.737294 0.050508 0.019358 0.042762 0.015186 
0.001049 0.001753 0.001107 0.002319 0.988290 0.001900 0.001272 0.001443 0.000866 0.001103 0.001810 0.001170 0.002407 0.987777 0.001983 0.001331 0.001505 0.000915 0.017253 0.044710 0.017655 0.051915 0.745664 0.047959 0.018363 0.041593 0.014887 0.018488 0.047037 0.018964 0.054493 0.730538 0.050664 0.019650 0.044115 0.016052 
0.000980 0.001602 0.001099 0.002237 0.988796 0.001741 0.001275 0.001428 0.000843 0.001031 0.001655 0.001154 0.002336 0.988260 0.001833 0.001343 0.001501 0.000888 0.017240 0.044303 0.017403 0.052161 0.746003 0.048473 0.018238 0.040905 0.015274 0.018438 0.046644 0.018679 0.054743 0.730856 0.051250 0.019529 0.043398 0.016462 
0.000889 0.001516 0.001161 0.002140 0.989443 0.001500 0.001243 0.001278 0.000831 0.000927 0.001565 0.001227 0.002218 0.988972 0.001573 0.001300 0.001338 0.000879 0.016763 0.044163 0.016882 0.051213 0.751450 0.046790 0.017470 0.040481 0.014787 0.017935 0.046583 0.018160 0.053793 0.736382 0.049532 0.018698 0.042918 0.016000 
0.000982 0.001583 0.001110 0.002193 0.988771 0.001861 0.001272 0.001354 0.000874 0.001027 0.001635 0.001176 0.002280 0.988266 0.001948 0.001333 0.001413 0.000922 0.017222 0.043938 0.017195 0.052055 0.747843 0.048072 0.018170 0.040760 0.014744 0.018431 0.046297 0.018488 0.054653 0.732688 0.050859 0.019458 0.043219 0.015907 
0.000980 0.001695 0.001177 0.002175 0.988555 0.001769 0.001434 0.001360 0.000855 0.001028 0.001752 0.001244 0.002256 0.988046 0.001846 0.001503 0.001422 0.000903 0.016298 0.043522 0.017434 0.051275 0.750721 0.047126 0.018478 0.040723 0.014422 0.017507 0.045882 0.018766 0.053816 0.735660 0.049813 0.019784 0.043185 0.015585 
0.000942 0.001685 0.001081 0.002264 0.988641 0.001763 0.001323 0.001414 0.000888 0.000990 0.001740 0.001140 0.002346 0.988132 0.001846 0.001393 0.001474 0.000940 0.016739 0.044013 0.017294 0.050500 0.750022 0.047396 0.018086 0.040552 0.015397 0.017926 0.046350 0.018581 0.053051 0.734916 0.050119 0.019371 0.043051 0.016634 
0.000842 0.001674 0.001126 0.002193 0.988958 0.001658 0.001337 0.001415 0.000797 0.000884 0.001733 0.001188 0.002266 0.988451 0.001738 0.001410 0.001490 0.000840 0.016257 0.043257 0.016971 0.051007 0.751746 0.047289 0.018006 0.040847 0.014620 0.017426 0.045574 0.018237 0.053566 0.736798 0.049942 0.019304 0.043376 0.015777 
0.000902 0.001506 0.001115 0.002065 0.989402 0.001612 0.001320 0.001317 0.000761 0.000944 0.001558 0.001177 0.002153 0.988909 0.001699 0.001386 0.001376 0.000798 0.016203 0.042477 0.017304 0.050527 0.753715 0.046686 0.018395 0.040083 0.014610 0.017369 0.044776 0.018608 0.053089 0.738708 0.049422 0.019699 0.042547 0.015781 
0.000899 0.001599 0.001035 0.002224 0.989069 0.001756 0.001256 0.001325 0.000838 0.000937 0.001654 0.001092 0.002314 0.988590 0.001842 0.001310 0.001377 0.000883 0.016390 0.043544 0.017268 0.050796 0.750786 0.047524 0.018303 0.040945 0.014443 0.017520 0.045846 0.018565 0.053370 0.735744 0.050286 0.019623 0.043453 0.015595 
0.000816 0.001657 0.001025 0.002177 0.989218 0.001561 0.001345 0.001398 0.000803 0.000852 0.001713 0.001077 0.002251 0.988744 0.001638 0.001413 0.001465 0.000846 0.016037 0.043844 0.017149 0.050057 0.752872 0.046536 0.018251 0.040966 0.014288 0.017184 0.046205 0.018435 0.052577 0.737962 0.049240 0.019550 0.043422 0.015425 
0.000844 0.001601 0.001041 0.002294 0.989150 0.001630 0.001259 0.001378 0.000802 0.000885 0.001654 0.001101 0.002363 0.988692 0.001705 0.001319 0.001445 0.000838 0.016577 0.044596 0.017825 0.051194 0.746956 0.047666 0.018367 0.041755 0.015064 0.017739 0.046948 0.019180 0.053737 0.731772 0.050414 0.019693 0.044266 0.016252 
0.001018 0.001553 0.000954 0.002129 0.989401 0.001591 0.001278 0.001280 0.000795 0.001068 0.001607 0.001005 0.002207 0.988941 0.001655 0.001343 0.001336 0.000838 0.016834 0.043953 0.017160 0.050828 0.748927 0.047400 0.018393 0.041591 0.014914 0.018045 0.046273 0.018457 0.053323 0.734017 0.050092 0.019679 0.044067 0.016046 
0.000987 0.001672 0.001175 0.002320 0.988513 0.001768 0.001328 0.001398 0.000839 0.001031 0.001741 0.001241 0.002403 0.987996 0.001850 0.001395 0.001462 0.000881 0.017438 0.044335 0.017881 0.051080 0.745735 0.047369 0.018550 0.042317 0.015295 0.018672 0.046659 0.019206 0.053575 0.730633 0.050056 0.019881 0.044837 0.016481 
0.000954 0.001731 0.001104 0.002180 0.988349 0.001780 0.001496 0.001439 0.000967 0.001001 0.001783 0.001162 0.002257 0.987847 0.001855 0.001576 0.001498 0.001020 0.016637 0.045613 0.017697 0.050516 0.745329 0.047130 0.019219 0.042634 0.015226 0.017801 0.047980 0.019005 0.053006 0.730267 0.049807 0.020576 0.045123 0.016435 
0.000986 0.001769 0.001173 0.002387 0.988295 0.001727 0.001283 0.001471 0.000909 0.001030 0.001839 0.001236 0.002471 0.987763 0.001808 0.001349 0.001547 0.000957 0.016946 0.045667 0.017806 0.051609 0.742614 0.048621 0.018892 0.042327 0.015517 0.018157 0.048034 0.019135 0.054133 0.727389 0.051370 0.020187 0.044850 0.016745 
0.001027 0.001663 0.001150 0.002235 0.988658 0.001694 0.001196 0.001448 0.000930 0.001078 0.001716 0.001215 0.002323 0.988162 0.001761 0.001249 0.001515 0.000980 0.017175 0.045543 0.017949 0.050640 0.744538 0.047577 0.018728 0.042498 0.015353 0.018374 0.047908 0.019278 0.053123 0.729404 0.050294 0.020030 0.045046 0.016542 
0.000963 0.001574 0.001161 0.002172 0.988627 0.001806 0.001382 0.001390 0.000926 0.001016 0.001626 0.001228 0.002242 0.988144 0.001882 0.001448 0.001448 0.000967 0.016444 0.044736 0.017853 0.050038 0.747461 0.046910 0.018960 0.042278 0.015320 0.017612 0.047045 0.019188 0.052512 0.732495 0.049619 0.020237 0.044794 0.016498 
0.001014 0.001746 0.001176 0.002272 0.988259 0.001816 0.001398 0.001442 0.000877 0.001057 0.001791 0.001240 0.002349 0.987760 0.001907 0.001470 0.001498 0.000928 0.017016 0.045467 0.018298 0.052124 0.742262 0.047793 0.019224 0.042286 0.015530 0.018231 0.047810 0.019625 0.054606 0.727165 0.050483 0.020534 0.044801 0.016745 
0.001018 0.001741 0.001137 0.002286 0.988569 0.001677 0.001368 0.001353 0.000851 0.001065 0.001794 0.001196 0.002365 0.988078 0.001754 0.001436 0.001412 0.000900 0.016188 0.044772 0.018688 0.049581 0.746938 0.046685 0.019459 0.042501 0.015188 0.017354 0.047084 0.020050 0.051971 0.731937 0.049337 0.020800 0.045068 0.016398 
0.001051 0.001673 0.001204 0.002328 0.988150 0.001745 0.001442 0.001471 0.000935 0.001096 0.001723 0.001266 0.002410 0.987657 0.001816 0.001519 0.001531 0.000981 0.017363 0.045687 0.018365 0.051133 0.741991 0.047440 0.019147 0.043030 0.015843 0.018544 0.048000 0.019697 0.053592 0.726973 0.050101 0.020469 0.045558 0.017065 
0.001014 0.001763 0.001182 0.002240 0.988282 0.001682 0.001542 0.001447 0.000848 0.001055 0.001821 0.001244 0.002310 0.987800 0.001757 0.001620 0.001503 0.000890 0.017330 0.044859 0.018364 0.050619 0.744059 0.047080 0.019793 0.042411 0.015484 0.018530 0.047177 0.019687 0.053087 0.729030 0.049768 0.021151 0.044868 0.016701 
0.000896 0.001781 0.001103 0.002163 0.988844 0.001701 0.001204 0.001454 0.000856 0.000935 0.001840 0.001171 0.002236 0.988336 0.001782 0.001265 0.001532 0.000904 0.016920 0.044622 0.018278 0.049477 0.746956 0.046365 0.019846 0.042214 0.015323 0.018098 0.046933 0.019601 0.051938 0.731977 0.049000 0.021178 0.044750 0.016524 
0.000847 0.001792 0.000999 0.001878 0.989335 0.001654 0.001241 0.001433 0.000820 0.000886 0.001859 0.001046 0.001951 0.988868 0.001733 0.001304 0.001495 0.000859 0.016494 0.045189 0.018043 0.048452 0.745890 0.046085 0.019671 0.044563 0.015612 0.017627 0.047461 0.019350 0.050857 0.730966 0.048723 0.021006 0.047167 0.016843 
0.000919 0.001745 0.001219 0.002133 0.988377 0.001724 0.001440 0.001564 0.000879 0.000961 0.001806 0.001290 0.002201 0.987863 0.001806 0.001513 0.001637 0.000923 0.016794 0.044125 0.018489 0.049540 0.745518 0.046882 0.019915 0.043338 0.015400 0.017987 0.046355 0.019824 0.051954 0.730570 0.049514 0.021287 0.045908 0.016601 
0.000925 0.001740 0.001126 0.002221 0.988872 0.001552 0.001335 0.001333 0.000896 0.000969 0.001804 0.001187 0.002296 0.988362 0.001632 0.001403 0.001399 0.000948 0.017035 0.044093 0.018275 0.050874 0.748443 0.046523 0.018981 0.040423 0.015353 0.018239 0.046400 0.019613 0.053371 0.733550 0.049124 0.020303 0.042861 0.016538 
0.000906 0.001753 0.001151 0.002188 0.988798 0.001648 0.001437 0.001344 0.000775 0.000948 0.001816 0.001215 0.002264 0.988295 0.001727 0.001516 0.001406 0.000814 0.016710 0.044054 0.018164 0.050890 0.746888 0.046714 0.019922 0.041425 0.015233 0.017885 0.046391 0.019483 0.053385 0.732006 0.049284 0.021294 0.043852 0.016421 
0.000821 0.001602 0.001143 0.001959 0.989389 0.001513 0.001405 0.001424 0.000746 0.000856 0.001659 0.001202 0.002026 0.988921 0.001576 0.001477 0.001497 0.000786 0.016033 0.044895 0.018645 0.048980 0.748181 0.044884 0.020299 0.043077 0.015006 0.017171 0.047217 0.019978 0.051357 0.733348 0.047452 0.021700 0.045615 0.016162 
0.000934 0.001622 0.001133 0.002100 0.988968 0.001647 0.001357 0.001434 0.000807 0.000973 0.001684 0.001191 0.002180 0.988463 0.001737 0.001419 0.001500 0.000852 0.016287 0.044032 0.019000 0.048243 0.748908 0.045090 0.020763 0.043038 0.014638 0.017398 0.046322 0.020335 0.050677 0.734032 0.047713 0.022149 0.045593 0.015781 
0.000831 0.001624 0.001117 0.002103 0.989486 0.001330 0.001460 0.001396 0.000654 0.000869 0.001686 0.001173 0.002201 0.988985 0.001396 0.001533 0.001466 0.000692 0.016158 0.045058 0.018280 0.048341 0.749025 0.044711 0.020303 0.043121 0.015003 0.017279 0.047386 0.019579 0.050804 0.734175 0.047288 0.021680 0.045612 0.016197 
0.000747 0.001651 0.000986 0.001783 0.990051 0.001404 0.001457 0.001339 0.000581 0.000779 0.001707 0.001041 0.001853 0.989570 0.001488 0.001538 0.001412 0.000613 0.015293 0.045943 0.019319 0.046878 0.749605 0.043109 0.021091 0.044477 0.014285 0.016362 0.048307 0.020730 0.049282 0.734741 0.045607 0.022506 0.047048 0.015418 
0.000644 0.001540 0.001098 0.001788 0.990590 0.001136 0.001338 0.001332 0.000536 0.000678 0.001597 0.001151 0.001860 0.990141 0.001204 0.001400 0.001406 0.000563 0.015357 0.047008 0.018852 0.044649 0.752200 0.042042 0.020725 0.045407 0.013759 0.016453 0.049362 0.020197 0.046954 0.737461 0.044547 0.022145 0.048054 0.014827 
0.000730 0.001661 0.001057 0.001816 0.990238 0.001301 0.001235 0.001303 0.000659 0.000767 0.001719 0.001115 0.001891 0.989779 0.001373 0.001294 0.001370 0.000693 0.015660 0.047308 0.018608 0.046042 0.749461 0.042132 0.020241 0.046105 0.014443 0.016799 0.049688 0.019990 0.048332 0.734494 0.044633 0.021644 0.048818 0.015602 
0.000721 0.001616 0.000997 0.001900 0.989984 0.001410 0.001275 0.001388 0.000709 0.000751 0.001668 0.001049 0.001975 0.989511 0.001501 0.001342 0.001461 0.000742 0.015328 0.046579 0.018662 0.045980 0.750928 0.043133 0.019655 0.044884 0.014850 0.016421 0.048970 0.020026 0.048338 0.736076 0.045690 0.020994 0.047483 0.016002 
0.000804 0.001665 0.001086 0.001702 0.990328 0.001329 0.001180 0.001297 0.000607 0.000842 0.001721 0.001139 0.001760 0.989879 0.001415 0.001250 0.001361 0.000633 0.015483 0.045778 0.018388 0.045938 0.752137 0.043634 0.019905 0.044104 0.014633 0.016597 0.048116 0.019726 0.048246 0.737309 0.046254 0.021269 0.046687 0.015796 
0.000791 0.001683 0.001095 0.001979 0.989786 0.001348 0.001299 0.001359 0.000660 0.000831 0.001735 0.001150 0.002055 0.989328 0.001401 0.001371 0.001430 0.000698 0.015659 0.045177 0.018945 0.046573 0.751498 0.043935 0.020015 0.043729 0.014469 0.016800 0.047433 0.020338 0.048881 0.736813 0.046461 0.021376 0.046280 0.015618 
0.000753 0.001511 0.001192 0.001953 0.989840 0.001441 0.001427 0.001237 0.000646 0.000789 0.001558 0.001254 0.002038 0.989386 0.001513 0.001501 0.001284 0.000676 0.014805 0.043774 0.018308 0.047036 0.756155 0.044417 0.019967 0.041491 0.014047 0.015832 0.046057 0.019675 0.049458 0.741501 0.046983 0.021379 0.043966 0.015148 
0.000823 0.001419 0.001151 0.002158 0.989390 0.001585 0.001349 0.001389 0.000736 0.000860 0.001473 0.001207 0.002243 0.988895 0.001668 0.001424 0.001459 0.000771 0.015596 0.043026 0.018127 0.048272 0.754688 0.045106 0.019205 0.041540 0.014440 0.016700 0.045245 0.019446 0.050686 0.740002 0.047711 0.020572 0.044057 0.015583 
0.000799 0.001527 0.001069 0.001881 0.989888 0.001381 0.001444 0.001232 0.000778 0.000835 0.001577 0.001129 0.001970 0.989411 0.001454 0.001514 0.001291 0.000818 0.015442 0.043097 0.018467 0.047786 0.754527 0.045148 0.019462 0.041491 0.014581 0.016516 0.045337 0.019823 0.050179 0.739928 0.047729 0.020796 0.043994 0.015699 
