0.000256 0.003641 0.000234 0.003875 0.986183 0.002249 0.000323 0.003084 0.000156 0.000274 0.004074 0.000282 0.004367 0.983239 0.002829 0.000430 0.004314 0.000192 0.005656 0.018594 0.004843 0.016890 0.914781 0.012949 0.005589 0.017046 0.003652 0.006125 0.020103 0.005206 0.018218 0.906492 0.014354 0.006059 0.019452 0.003991 
0.000571 0.003098 0.000168 0.003304 0.986401 0.002527 0.000243 0.003444 0.000243 0.000614 0.003451 0.000186 0.003637 0.983439 0.002931 0.000321 0.005102 0.000319 0.005232 0.014105 0.004624 0.015340 0.922402 0.014011 0.005166 0.014994 0.004127 0.005648 0.015259 0.004995 0.016492 0.914612 0.015347 0.005601 0.017523 0.004522 
0.000465 0.002791 0.000256 0.003969 0.986319 0.002639 0.000247 0.003067 0.000247 0.000531 0.003271 0.000329 0.004411 0.982878 0.003231 0.000330 0.004614 0.000405 0.004111 0.011545 0.003038 0.013520 0.935952 0.011972 0.003798 0.012390 0.003674 0.004494 0.012784 0.003350 0.014787 0.927890 0.013428 0.004165 0.014931 0.004169 
0.000366 0.003207 0.000112 0.003257 0.986675 0.002749 0.000316 0.003115 0.000204 0.000434 0.003700 0.000121 0.003622 0.983181 0.003339 0.000428 0.004888 0.000289 0.002667 0.011798 0.002789 0.012378 0.942047 0.010913 0.003237 0.011422 0.002749 0.002989 0.013049 0.003075 0.013505 0.934132 0.012383 0.003639 0.014134 0.003093 
0.000443 0.004059 0.000163 0.003686 0.984417 0.002566 0.000467 0.003931 0.000268 0.000477 0.004844 0.000197 0.004008 0.980199 0.003093 0.000617 0.006179 0.000386 0.002869 0.013402 0.002519 0.013798 0.937273 0.011570 0.003068 0.012667 0.002834 0.003146 0.014981 0.002802 0.015027 0.928276 0.013157 0.003493 0.015908 0.003209 
0.000697 0.006113 0.000384 0.004947 0.978989 0.002829 0.000469 0.005189 0.000384 0.000750 0.007644 0.000467 0.005582 0.972814 0.003586 0.000625 0.008003 0.000529 0.003810 0.016277 0.002872 0.015737 0.927100 0.012823 0.003298 0.014870 0.003213 0.004208 0.018772 0.003374 0.017554 0.914939 0.014762 0.003803 0.018863 0.003724 
0.000744 0.007808 0.000399 0.006646 0.972508 0.003214 0.000527 0.008026 0.000127 0.000807 0.009234 0.000434 0.007246 0.965300 0.004151 0.000738 0.011935 0.000155 0.004176 0.018576 0.003795 0.017704 0.917634 0.013129 0.003505 0.018503 0.002978 0.004632 0.021070 0.004204 0.019356 0.904154 0.015411 0.004073 0.023668 0.003431 
0.001113 0.010855 0.000545 0.009992 0.963643 0.003202 0.000818 0.009470 0.000363 0.001253 0.012236 0.000651 0.011039 0.954923 0.003995 0.001201 0.014277 0.000424 0.008130 0.030611 0.006472 0.029113 0.865224 0.019302 0.006654 0.028136 0.006358 0.008855 0.033303 0.007133 0.031658 0.848337 0.021769 0.007538 0.034539 0.006868 
0.001764 0.009438 0.000932 0.010520 0.965078 0.005160 0.001099 0.005610 0.000399 0.001854 0.010405 0.001043 0.011602 0.958603 0.006433 0.001290 0.008242 0.000528 0.011502 0.034506 0.011485 0.038185 0.831164 0.029180 0.010004 0.026333 0.007640 0.012206 0.036892 0.012359 0.040887 0.816199 0.032026 0.010734 0.030316 0.008382 
0.001578 0.004502 0.001092 0.006696 0.975977 0.004437 0.001297 0.003356 0.001065 0.001631 0.004777 0.001139 0.006927 0.974428 0.004731 0.001353 0.003877 0.001137 0.035059 0.064486 0.031265 0.076192 0.594416 0.071436 0.033918 0.063205 0.030022 0.036592 0.066398 0.032781 0.078217 0.579038 0.074146 0.035475 0.065703 0.031650 
0.001597 0.004450 0.000748 0.006317 0.978311 0.003610 0.000980 0.003085 0.000902 0.001733 0.004833 0.000794 0.006767 0.975936 0.004054 0.001063 0.003848 0.000971 0.016567 0.030320 0.013058 0.038156 0.817018 0.030651 0.013999 0.026934 0.013297 0.017590 0.031997 0.013837 0.040000 0.806144 0.032466 0.014863 0.028977 0.014126 
0.000698 0.003416 0.000426 0.006180 0.983181 0.002664 0.000553 0.002492 0.000390 0.000780 0.003773 0.000483 0.006620 0.980455 0.003159 0.000671 0.003638 0.000421 0.005990 0.014816 0.004667 0.022266 0.913874 0.016176 0.004803 0.012524 0.004884 0.006501 0.016065 0.005118 0.023765 0.905538 0.017790 0.005262 0.014661 0.005300 
0.000521 0.003240 0.000441 0.004008 0.984499 0.004034 0.000468 0.002507 0.000282 0.000572 0.003701 0.000481 0.004432 0.981624 0.004510 0.000583 0.003753 0.000344 0.005349 0.016295 0.004387 0.019341 0.912513 0.018643 0.004776 0.013965 0.004731 0.005764 0.017782 0.004779 0.020777 0.903801 0.020353 0.005286 0.016287 0.005171 
0.000448 0.002473 0.000282 0.002277 0.990308 0.002368 0.000277 0.001285 0.000282 0.000488 0.002660 0.000316 0.002480 0.988984 0.002662 0.000313 0.001780 0.000318 0.010377 0.027958 0.009652 0.036652 0.814966 0.050938 0.007803 0.027283 0.014372 0.011056 0.029635 0.010417 0.038447 0.803177 0.053829 0.008414 0.029511 0.015514 
0.001452 0.006782 0.000905 0.007073 0.975074 0.004695 0.000763 0.002763 0.000493 0.001561 0.007220 0.001001 0.007655 0.972015 0.005258 0.000840 0.003888 0.000563 0.019657 0.044374 0.018732 0.058465 0.725954 0.060194 0.015895 0.037558 0.019171 0.020754 0.046469 0.019990 0.060858 0.710967 0.063123 0.016812 0.040609 0.020417 
0.000761 0.008494 0.000563 0.013160 0.965352 0.007181 0.000563 0.003673 0.000254 0.000814 0.009360 0.000616 0.014387 0.960064 0.008409 0.000639 0.005402 0.000308 0.007876 0.028162 0.006199 0.040903 0.855108 0.025768 0.008759 0.021610 0.005615 0.008565 0.030491 0.006643 0.043862 0.841495 0.028487 0.009447 0.024897 0.006112 
0.000789 0.009418 0.000607 0.017335 0.955805 0.010419 0.000500 0.004808 0.000318 0.000839 0.010256 0.000686 0.019064 0.948747 0.012220 0.000599 0.007159 0.000431 0.008326 0.027300 0.006021 0.041662 0.854008 0.031759 0.005885 0.019944 0.005096 0.008972 0.029558 0.006538 0.044779 0.839181 0.035068 0.006415 0.023948 0.005541 
0.001126 0.009023 0.000552 0.017296 0.958133 0.008683 0.000505 0.004400 0.000282 0.001239 0.010047 0.000625 0.018736 0.951330 0.010199 0.000651 0.006752 0.000420 0.013670 0.036258 0.011652 0.059527 0.781359 0.050093 0.009880 0.027059 0.010502 0.014512 0.038790 0.012525 0.062575 0.765525 0.053210 0.010639 0.030999 0.011225 
0.001165 0.007517 0.000692 0.013220 0.966053 0.006246 0.000710 0.004065 0.000333 0.001239 0.008198 0.000747 0.014194 0.961122 0.007209 0.000842 0.005996 0.000453 0.015243 0.038844 0.014201 0.064863 0.754126 0.049620 0.014709 0.035664 0.012729 0.016149 0.041181 0.015099 0.067864 0.738381 0.052493 0.015699 0.039525 0.013610 
0.001406 0.008352 0.000672 0.015034 0.963220 0.005959 0.000682 0.004339 0.000336 0.001457 0.008898 0.000747 0.016096 0.958371 0.006968 0.000762 0.006318 0.000381 0.016990 0.037238 0.009656 0.055654 0.793375 0.034855 0.010654 0.030058 0.011520 0.017991 0.039559 0.010362 0.058692 0.778331 0.037593 0.011441 0.033772 0.012259 
0.002130 0.009133 0.000927 0.013826 0.956200 0.009903 0.000902 0.006209 0.000770 0.002231 0.009938 0.001026 0.015089 0.949597 0.011249 0.001028 0.008924 0.000918 0.020119 0.044221 0.014018 0.057590 0.747813 0.047975 0.015619 0.038758 0.013886 0.021251 0.047002 0.015092 0.060798 0.729336 0.051395 0.016619 0.043637 0.014869 
0.001913 0.007351 0.001354 0.011688 0.960334 0.008916 0.001313 0.005892 0.001240 0.002003 0.008078 0.001475 0.012472 0.955258 0.010101 0.001431 0.007795 0.001388 0.023270 0.051702 0.018780 0.063730 0.696058 0.058000 0.021308 0.046248 0.020903 0.024555 0.054462 0.020089 0.066604 0.677385 0.061597 0.022657 0.050385 0.022265 
0.002083 0.006405 0.001353 0.008123 0.967899 0.006399 0.001514 0.004836 0.001389 0.002165 0.006855 0.001470 0.008727 0.964515 0.007234 0.001606 0.005922 0.001506 0.026187 0.055242 0.022518 0.062329 0.677409 0.056774 0.023757 0.051890 0.023895 0.027477 0.057567 0.023855 0.065041 0.660313 0.060119 0.025145 0.055151 0.025333 
0.002034 0.005605 0.001223 0.005719 0.974880 0.004074 0.001169 0.004242 0.001055 0.002124 0.006041 0.001321 0.006161 0.972338 0.004556 0.001241 0.005079 0.001138 0.021549 0.050581 0.019250 0.050370 0.727866 0.046810 0.019034 0.045907 0.018633 0.022722 0.052928 0.020484 0.052884 0.712467 0.049716 0.020114 0.048909 0.019776 
0.001482 0.005369 0.000754 0.004597 0.979016 0.003849 0.001015 0.003220 0.000698 0.001522 0.005725 0.000811 0.005004 0.976855 0.004293 0.001072 0.003961 0.000758 0.016082 0.042623 0.013958 0.040418 0.785723 0.037011 0.014070 0.037478 0.012638 0.017041 0.044790 0.014886 0.042868 0.772047 0.039614 0.014937 0.040265 0.013552 
0.001060 0.006324 0.000621 0.005163 0.978120 0.004090 0.000634 0.003334 0.000655 0.001109 0.006805 0.000662 0.005614 0.975719 0.004625 0.000691 0.004053 0.000724 0.010434 0.031571 0.008605 0.035445 0.837723 0.034986 0.008200 0.024195 0.008841 0.011181 0.033736 0.009312 0.038046 0.824747 0.037963 0.008826 0.026624 0.009565 
0.000977 0.009403 0.000714 0.008147 0.966854 0.007055 0.000747 0.005650 0.000452 0.001019 0.009981 0.000797 0.008969 0.963145 0.008137 0.000804 0.006660 0.000488 0.009937 0.032128 0.008418 0.039642 0.831058 0.037885 0.008147 0.025131 0.007654 0.010654 0.034561 0.009188 0.042581 0.816430 0.041474 0.008771 0.028061 0.008279 
0.001927 0.012089 0.001008 0.009766 0.960888 0.005980 0.000929 0.006761 0.000652 0.001965 0.012880 0.001078 0.010493 0.956629 0.006917 0.001026 0.008264 0.000748 0.010290 0.035653 0.008886 0.043046 0.818662 0.036622 0.010220 0.028655 0.007967 0.010949 0.038144 0.009643 0.046007 0.803637 0.039923 0.010976 0.032039 0.008682 
0.004132 0.016338 0.001023 0.013798 0.952636 0.005629 0.001099 0.004833 0.000512 0.004299 0.017066 0.001093 0.014640 0.948771 0.006338 0.001164 0.006064 0.000565 0.014613 0.049486 0.012187 0.051647 0.770422 0.042114 0.012888 0.036181 0.010462 0.015534 0.051834 0.013136 0.054457 0.755417 0.045224 0.013639 0.039444 0.011316 
0.004514 0.021507 0.001468 0.013514 0.946408 0.004894 0.001495 0.005520 0.000680 0.004534 0.022189 0.001547 0.014264 0.942340 0.005569 0.001598 0.007202 0.000757 0.023519 0.066888 0.025368 0.064685 0.671842 0.057344 0.022405 0.049540 0.018408 0.024514 0.068788 0.026793 0.067371 0.656157 0.060314 0.023439 0.052970 0.019653 
0.004468 0.025541 0.001117 0.022190 0.922632 0.008886 0.001489 0.013130 0.000546 0.004564 0.026372 0.001167 0.023566 0.915939 0.010307 0.001682 0.015801 0.000601 0.017375 0.052671 0.014123 0.060415 0.741710 0.044083 0.015588 0.042221 0.011815 0.018254 0.054709 0.014946 0.063698 0.724558 0.047703 0.016659 0.046758 0.012715 
0.002335 0.019819 0.000794 0.014541 0.946769 0.005776 0.000763 0.008828 0.000374 0.002397 0.020636 0.000870 0.015741 0.941112 0.007090 0.000823 0.010884 0.000448 0.013592 0.052343 0.008610 0.039390 0.797556 0.030889 0.008610 0.038347 0.010665 0.014296 0.054881 0.009272 0.042173 0.782323 0.034130 0.009227 0.042237 0.011461 
0.001454 0.015846 0.000623 0.009904 0.956437 0.006995 0.000596 0.007854 0.000291 0.001527 0.017002 0.000695 0.010770 0.950742 0.008078 0.000719 0.010118 0.000351 0.006344 0.039532 0.004723 0.026553 0.861999 0.021317 0.004931 0.029656 0.004945 0.006756 0.042427 0.005208 0.029030 0.847624 0.024198 0.005419 0.033898 0.005441 
0.002056 0.016668 0.000378 0.012697 0.955855 0.004978 0.000475 0.006586 0.000308 0.002130 0.017762 0.000411 0.013542 0.950245 0.006030 0.000567 0.008934 0.000379 0.007313 0.043782 0.005230 0.029239 0.859314 0.018542 0.004894 0.027477 0.004209 0.007767 0.046739 0.005673 0.031755 0.845450 0.021039 0.005358 0.031607 0.004613 
0.001885 0.013764 0.000499 0.012280 0.959901 0.004879 0.000665 0.005738 0.000388 0.001987 0.014635 0.000585 0.013132 0.955126 0.005741 0.000790 0.007525 0.000479 0.006542 0.037202 0.004976 0.027707 0.868463 0.019654 0.005461 0.026016 0.003978 0.007016 0.039825 0.005517 0.029932 0.855367 0.022054 0.006028 0.029798 0.004463 
0.001087 0.012374 0.000588 0.009510 0.966049 0.004269 0.000524 0.005279 0.000320 0.001162 0.013176 0.000657 0.010338 0.961438 0.005078 0.000623 0.007134 0.000395 0.005650 0.031458 0.004742 0.024402 0.884943 0.017116 0.004806 0.022497 0.004384 0.006112 0.033825 0.005263 0.026553 0.872667 0.019338 0.005259 0.026181 0.004801 
0.000895 0.009267 0.000409 0.004993 0.973944 0.004495 0.000497 0.005048 0.000453 0.000943 0.010211 0.000473 0.005801 0.969516 0.005228 0.000574 0.006680 0.000574 0.005412 0.025073 0.004540 0.017750 0.903032 0.016634 0.004153 0.019131 0.004275 0.005886 0.027218 0.004956 0.019686 0.892328 0.018575 0.004551 0.022077 0.004724 
0.001075 0.009076 0.000603 0.005011 0.973634 0.004018 0.000461 0.005767 0.000355 0.001109 0.009817 0.000657 0.005910 0.968999 0.004964 0.000547 0.007513 0.000484 0.006594 0.024817 0.004774 0.018909 0.897953 0.015777 0.005448 0.020788 0.004940 0.007084 0.026568 0.005184 0.020826 0.887423 0.017839 0.005923 0.023678 0.005475 
0.002001 0.012988 0.000930 0.007088 0.965606 0.004131 0.000646 0.006120 0.000491 0.002099 0.014069 0.001069 0.007938 0.960175 0.005046 0.000766 0.008245 0.000593 0.009438 0.034743 0.008624 0.029346 0.853102 0.022981 0.008405 0.025783 0.007579 0.010118 0.037211 0.009388 0.031716 0.839530 0.025300 0.009060 0.029475 0.008203 
0.002146 0.012265 0.001019 0.007052 0.967587 0.003244 0.000999 0.005074 0.000613 0.002226 0.013055 0.001119 0.007735 0.963148 0.003934 0.001099 0.006967 0.000719 0.013284 0.042839 0.011583 0.035598 0.813798 0.028645 0.011454 0.032127 0.010673 0.014076 0.045232 0.012403 0.037986 0.799391 0.031304 0.012241 0.035847 0.011521 
0.003063 0.009516 0.001145 0.009527 0.962950 0.005799 0.001134 0.005886 0.000981 0.003164 0.010177 0.001231 0.010383 0.957820 0.006921 0.001260 0.007918 0.001125 0.016350 0.037300 0.011990 0.037802 0.810577 0.030793 0.011652 0.031065 0.012470 0.017311 0.039497 0.012820 0.040249 0.795717 0.033775 0.012469 0.034787 0.013374 
0.004337 0.006632 0.001490 0.007572 0.963293 0.006794 0.001826 0.005464 0.002591 0.004504 0.007267 0.001585 0.008282 0.959096 0.007706 0.001932 0.006858 0.002769 0.020810 0.033579 0.014460 0.036116 0.797629 0.034304 0.014608 0.031659 0.016836 0.021913 0.035716 0.015383 0.038454 0.783189 0.037068 0.015484 0.034871 0.017922 
