0.002864 0.055582 0.001258 0.027422 0.873953 0.016922 0.000738 0.020436 0.000824 0.003010 0.057734 0.001372 0.029662 0.860464 0.019691 0.000801 0.026276 0.000991 0.007073 0.082831 0.003992 0.042305 0.788476 0.028984 0.004122 0.039311 0.002907 0.007611 0.086937 0.004499 0.045561 0.767034 0.033039 0.004591 0.047327 0.003402 
0.001215 0.014223 0.000780 0.006406 0.965313 0.005281 0.000435 0.006076 0.000270 0.001311 0.015345 0.000863 0.007186 0.959861 0.006283 0.000597 0.008206 0.000348 0.007727 0.035797 0.008252 0.021589 0.868513 0.019849 0.007261 0.025490 0.005521 0.008321 0.038124 0.008848 0.023442 0.856002 0.022151 0.007872 0.029208 0.006033 
0.002645 0.024780 0.001284 0.016974 0.932566 0.010606 0.001104 0.009424 0.000616 0.002757 0.026062 0.001381 0.018564 0.924506 0.012408 0.001296 0.012237 0.000790 0.005958 0.040599 0.004314 0.032972 0.862719 0.023882 0.003569 0.022880 0.003107 0.006499 0.043596 0.004760 0.036197 0.846397 0.027466 0.004002 0.027541 0.003541 
0.001357 0.017167 0.000929 0.014500 0.949286 0.007381 0.000667 0.008357 0.000357 0.001463 0.018085 0.001003 0.015905 0.942569 0.008990 0.000827 0.010678 0.000478 0.003762 0.030452 0.002619 0.034905 0.883238 0.022619 0.002667 0.017952 0.001786 0.004293 0.032895 0.002934 0.038942 0.866790 0.026662 0.003130 0.022119 0.002233 
0.001318 0.013920 0.000624 0.014359 0.952900 0.006937 0.000948 0.008602 0.000393 0.001463 0.015132 0.000744 0.015963 0.946418 0.008048 0.001119 0.010655 0.000458 0.003607 0.026198 0.001965 0.034499 0.890423 0.020163 0.002798 0.018683 0.001665 0.004165 0.028867 0.002283 0.038600 0.874438 0.023635 0.003394 0.022597 0.002022 
0.001345 0.015488 0.000381 0.014008 0.950735 0.006634 0.000628 0.010265 0.000516 0.001484 0.016860 0.000430 0.015402 0.943348 0.007863 0.000723 0.013225 0.000666 0.004012 0.029070 0.002510 0.032813 0.887058 0.017864 0.002824 0.021584 0.002264 0.004468 0.031923 0.002837 0.036367 0.870805 0.021050 0.003272 0.026567 0.002711 
0.001387 0.015377 0.000503 0.015477 0.947417 0.009065 0.000683 0.009729 0.000362 0.001479 0.016885 0.000566 0.016571 0.939461 0.010617 0.000844 0.013124 0.000454 0.004201 0.031377 0.002874 0.034472 0.878271 0.021950 0.003156 0.021709 0.001990 0.004621 0.034730 0.003315 0.037366 0.861347 0.025549 0.003630 0.027094 0.002347 
0.002157 0.017875 0.000688 0.014204 0.944952 0.008857 0.000734 0.010119 0.000413 0.002265 0.019606 0.000775 0.015632 0.935689 0.010319 0.000847 0.014233 0.000635 0.005369 0.035016 0.003442 0.034167 0.867370 0.024025 0.003901 0.024254 0.002455 0.005878 0.038860 0.003857 0.037539 0.848679 0.027415 0.004453 0.030381 0.002937 
0.002518 0.024750 0.000715 0.011703 0.937080 0.006839 0.000715 0.015251 0.000429 0.002580 0.026907 0.000835 0.013229 0.925419 0.008784 0.000866 0.020827 0.000554 0.006982 0.039601 0.003691 0.035795 0.853672 0.024350 0.003376 0.028670 0.003863 0.007327 0.043246 0.004264 0.039453 0.832958 0.028526 0.003904 0.035967 0.004356 
0.002128 0.029030 0.000682 0.011023 0.933946 0.005266 0.000819 0.016507 0.000600 0.002241 0.030838 0.000747 0.012183 0.921916 0.006732 0.000967 0.023625 0.000751 0.008349 0.044527 0.003629 0.033068 0.848467 0.022373 0.003629 0.031895 0.004065 0.009119 0.047690 0.004033 0.036103 0.827966 0.025845 0.004066 0.040667 0.004512 
0.002339 0.027949 0.001193 0.016087 0.924386 0.006993 0.001647 0.018856 0.000549 0.002411 0.029713 0.001354 0.017717 0.913640 0.008674 0.001875 0.023930 0.000686 0.008903 0.051245 0.007351 0.043440 0.804759 0.031458 0.009667 0.037592 0.005585 0.009428 0.054621 0.008020 0.047273 0.784415 0.035325 0.010523 0.044236 0.006160 
0.003027 0.017039 0.000905 0.016596 0.938934 0.007975 0.001588 0.013402 0.000535 0.003247 0.018436 0.001055 0.018087 0.930101 0.010124 0.001748 0.016499 0.000705 0.008639 0.039818 0.006923 0.044839 0.824408 0.031677 0.008215 0.030791 0.004689 0.009374 0.042842 0.007553 0.048487 0.806053 0.035980 0.009009 0.035428 0.005273 
0.001949 0.013725 0.000634 0.014755 0.951804 0.005119 0.001109 0.010587 0.000317 0.002075 0.014881 0.000738 0.016257 0.944358 0.006512 0.001270 0.013531 0.000378 0.007639 0.037308 0.006038 0.039923 0.841654 0.026594 0.007306 0.029114 0.004422 0.008203 0.040235 0.006595 0.043399 0.824744 0.030029 0.008065 0.033827 0.004904 
0.001408 0.024418 0.000687 0.010274 0.946990 0.004877 0.000737 0.010307 0.000302 0.001509 0.025903 0.000784 0.011314 0.939546 0.006097 0.000868 0.013585 0.000394 0.009318 0.050396 0.007458 0.034759 0.829523 0.024754 0.007575 0.030653 0.005564 0.010130 0.053631 0.008107 0.037577 0.812651 0.027743 0.008218 0.035819 0.006126 
0.002198 0.023084 0.000697 0.012614 0.945738 0.006396 0.000750 0.007987 0.000536 0.002310 0.024568 0.000783 0.014056 0.938627 0.007911 0.000808 0.010285 0.000651 0.009738 0.049510 0.007129 0.039915 0.824206 0.028605 0.007451 0.028087 0.005360 0.010465 0.052851 0.007739 0.043600 0.807015 0.032229 0.008096 0.032063 0.005943 
0.002279 0.018170 0.000985 0.017475 0.936298 0.013690 0.001004 0.009191 0.000908 0.002385 0.020213 0.001160 0.019632 0.925150 0.016705 0.001238 0.012429 0.001089 0.010755 0.043331 0.008361 0.046304 0.805766 0.040511 0.007280 0.030181 0.007511 0.011468 0.047158 0.009149 0.051047 0.783352 0.046557 0.008005 0.035070 0.008193 
0.001475 0.025361 0.000965 0.021077 0.910811 0.024595 0.000738 0.014496 0.000482 0.001611 0.028239 0.001072 0.023441 0.895930 0.027983 0.000980 0.020162 0.000582 0.005333 0.038439 0.004085 0.052027 0.814048 0.052282 0.003347 0.026638 0.003801 0.005819 0.042533 0.004633 0.057760 0.788392 0.058967 0.004023 0.033499 0.004374 
0.002760 0.028361 0.001174 0.021096 0.903274 0.030106 0.000666 0.012087 0.000476 0.002884 0.031869 0.001295 0.022680 0.888353 0.032833 0.000908 0.018556 0.000621 0.007741 0.045302 0.005647 0.042415 0.815843 0.050314 0.005171 0.023444 0.004124 0.008353 0.050533 0.006216 0.045742 0.792005 0.055280 0.005893 0.031295 0.004684 
0.002029 0.016168 0.000593 0.014451 0.942882 0.011299 0.000749 0.011392 0.000437 0.002155 0.018514 0.000694 0.016245 0.931024 0.013264 0.000843 0.016641 0.000619 0.007023 0.032492 0.005212 0.036643 0.853335 0.030182 0.006024 0.025063 0.004026 0.007674 0.036525 0.005855 0.040540 0.831431 0.034517 0.006604 0.032201 0.004653 
0.000911 0.014219 0.000442 0.017228 0.947791 0.007316 0.000801 0.011044 0.000248 0.001015 0.016125 0.000524 0.019325 0.936250 0.009334 0.001117 0.015926 0.000385 0.005439 0.030204 0.004859 0.037852 0.861706 0.025594 0.005301 0.025152 0.003893 0.006047 0.033842 0.005458 0.042048 0.840631 0.029851 0.006002 0.031665 0.004457 
0.000795 0.012496 0.000438 0.018443 0.949631 0.007838 0.000630 0.009317 0.000411 0.000851 0.013765 0.000535 0.020771 0.939054 0.010197 0.000814 0.013442 0.000572 0.006303 0.031378 0.006111 0.043326 0.847031 0.029953 0.006166 0.024609 0.005125 0.006805 0.034300 0.006834 0.048050 0.826386 0.034760 0.006797 0.030303 0.005766 
0.001539 0.009657 0.001093 0.017596 0.947881 0.010058 0.000647 0.011106 0.000424 0.001604 0.010651 0.001194 0.019455 0.936596 0.012731 0.000829 0.016379 0.000561 0.006244 0.024844 0.005285 0.041771 0.860147 0.028747 0.004795 0.024153 0.004014 0.006761 0.027513 0.005749 0.046064 0.839301 0.033921 0.005327 0.030917 0.004447 
0.001304 0.010312 0.000582 0.016913 0.950685 0.007483 0.000742 0.011536 0.000441 0.001522 0.012041 0.000620 0.019148 0.939470 0.009293 0.000941 0.016442 0.000523 0.005858 0.026042 0.004655 0.038360 0.866120 0.024497 0.004835 0.025841 0.003792 0.006797 0.029418 0.005226 0.042841 0.844826 0.028768 0.005441 0.032438 0.004245 
0.001210 0.012354 0.000550 0.015709 0.952508 0.007589 0.000532 0.009275 0.000275 0.001656 0.016527 0.000682 0.017385 0.939951 0.009406 0.000712 0.013272 0.000409 0.005591 0.027715 0.003923 0.036128 0.872938 0.023206 0.005187 0.022051 0.003263 0.006853 0.033505 0.004798 0.040355 0.849868 0.027429 0.005867 0.027550 0.003774 
0.001503 0.014325 0.000761 0.015810 0.949708 0.007172 0.000942 0.009363 0.000417 0.001750 0.018556 0.001042 0.017438 0.937829 0.009246 0.001088 0.012520 0.000533 0.006357 0.031258 0.004944 0.037850 0.864120 0.025644 0.005415 0.020356 0.004057 0.007357 0.037144 0.005901 0.041982 0.841503 0.030526 0.005969 0.025115 0.004503 
0.001285 0.015432 0.000589 0.012274 0.954132 0.006369 0.000678 0.008795 0.000446 0.001522 0.018878 0.000779 0.014026 0.943492 0.008249 0.000787 0.011726 0.000540 0.005959 0.028652 0.004799 0.034575 0.869139 0.025601 0.005531 0.021462 0.004282 0.006909 0.033491 0.005680 0.039120 0.847791 0.030220 0.006056 0.026030 0.004703 
0.000717 0.010678 0.000555 0.011502 0.960494 0.007113 0.000752 0.007668 0.000520 0.000870 0.012649 0.000647 0.013059 0.951388 0.009015 0.000902 0.010739 0.000732 0.005232 0.024761 0.004533 0.033217 0.875873 0.026355 0.005267 0.020658 0.004103 0.005965 0.028059 0.005229 0.037453 0.856476 0.030990 0.005883 0.025260 0.004683 
0.000739 0.009593 0.000573 0.010646 0.961315 0.007190 0.000462 0.009057 0.000425 0.000841 0.011332 0.000696 0.012296 0.952595 0.009089 0.000559 0.012046 0.000545 0.005582 0.026154 0.004473 0.032475 0.873630 0.026246 0.005582 0.021866 0.003992 0.006354 0.029634 0.005031 0.036543 0.854871 0.030546 0.006145 0.026378 0.004498 
0.000659 0.009658 0.000659 0.010390 0.961294 0.007683 0.000293 0.009073 0.000293 0.000798 0.011598 0.000769 0.012037 0.950427 0.010452 0.000440 0.013004 0.000476 0.004390 0.022756 0.004024 0.030731 0.887247 0.022682 0.003512 0.021365 0.003293 0.005050 0.026007 0.004663 0.034456 0.867723 0.027490 0.003998 0.026809 0.003805 
