0.000319 0.001516 0.000239 0.002634 0.991460 0.001676 0.000559 0.001596 0.000000 0.000424 0.001695 0.000252 0.002772 0.990323 0.001994 0.000606 0.001934 0.000000 0.004071 0.031686 0.007104 0.020832 0.881714 0.022109 0.005906 0.022508 0.004071 0.004627 0.033779 0.007688 0.022345 0.871860 0.024224 0.006527 0.024504 0.004448 
0.000432 0.001081 0.000649 0.002739 0.991495 0.001369 0.000577 0.001153 0.000505 0.000466 0.001185 0.000676 0.002823 0.990985 0.001441 0.000662 0.001232 0.000530 0.005190 0.027389 0.004397 0.019821 0.899957 0.016578 0.005045 0.017947 0.003676 0.005719 0.029538 0.004941 0.020915 0.891968 0.017865 0.005659 0.019328 0.004067 
0.000777 0.001812 0.000194 0.001618 0.991457 0.001683 0.000324 0.001553 0.000582 0.000844 0.002002 0.000198 0.001680 0.990494 0.001901 0.000336 0.001920 0.000625 0.004918 0.033782 0.005695 0.020774 0.882928 0.018638 0.004530 0.024528 0.004207 0.005568 0.036232 0.006335 0.022055 0.873578 0.020197 0.004972 0.026515 0.004548 
0.000597 0.001418 0.000746 0.001717 0.991865 0.001269 0.000373 0.001269 0.000746 0.000630 0.001470 0.000786 0.001787 0.991391 0.001368 0.000387 0.001403 0.000779 0.004627 0.025450 0.005448 0.017986 0.901037 0.017912 0.003732 0.019778 0.004030 0.005114 0.027258 0.006030 0.019148 0.893303 0.019378 0.004117 0.021216 0.004436 
0.000502 0.001578 0.000789 0.002224 0.990745 0.001650 0.000502 0.001578 0.000430 0.000533 0.001650 0.000840 0.002306 0.989987 0.001787 0.000535 0.001904 0.000458 0.004089 0.026329 0.005955 0.017361 0.897051 0.018724 0.005022 0.022383 0.003085 0.004480 0.028390 0.006576 0.018521 0.888446 0.020223 0.005461 0.024501 0.003401 
0.000362 0.001629 0.000724 0.002353 0.989743 0.002293 0.000965 0.001629 0.000302 0.000397 0.001697 0.000779 0.002458 0.989004 0.002516 0.001053 0.001739 0.000356 0.005068 0.036744 0.007844 0.023229 0.866840 0.024315 0.005913 0.025643 0.004404 0.005651 0.039022 0.008707 0.024612 0.856653 0.026511 0.006541 0.027304 0.005000 
0.000811 0.001373 0.000187 0.002371 0.991076 0.002309 0.000936 0.000811 0.000125 0.000828 0.001504 0.000190 0.002493 0.990354 0.002431 0.001014 0.001059 0.000127 0.005242 0.029017 0.007114 0.018034 0.890047 0.020530 0.005491 0.021404 0.003120 0.005787 0.031155 0.007883 0.019351 0.880865 0.022242 0.005964 0.023360 0.003393 
0.000470 0.001644 0.001057 0.002113 0.990784 0.001937 0.000704 0.001174 0.000117 0.000506 0.001716 0.001099 0.002197 0.990237 0.002136 0.000732 0.001240 0.000137 0.005812 0.035867 0.006222 0.026299 0.864045 0.025594 0.006927 0.025594 0.003640 0.006405 0.038303 0.006732 0.028067 0.854007 0.027409 0.007504 0.027575 0.003998 
0.000507 0.001077 0.000570 0.002281 0.991572 0.002028 0.000570 0.001014 0.000380 0.000532 0.001147 0.000601 0.002415 0.990844 0.002208 0.000602 0.001258 0.000391 0.004499 0.024396 0.006210 0.021291 0.892592 0.022622 0.004499 0.021101 0.002788 0.005063 0.026321 0.006872 0.022526 0.883793 0.024295 0.004903 0.023109 0.003118 
0.000902 0.002285 0.000301 0.002345 0.989959 0.001323 0.000962 0.001563 0.000361 0.000950 0.002380 0.000312 0.002498 0.989338 0.001419 0.001042 0.001679 0.000380 0.005772 0.037160 0.009140 0.025134 0.860983 0.024232 0.006674 0.026878 0.004029 0.006315 0.039433 0.010140 0.027002 0.850610 0.025963 0.007332 0.028715 0.004490 
0.000478 0.001638 0.000410 0.002048 0.991195 0.001706 0.000410 0.001980 0.000137 0.000487 0.001784 0.000473 0.002237 0.990240 0.001893 0.000445 0.002297 0.000146 0.004027 0.026143 0.005051 0.018498 0.900341 0.017338 0.004232 0.020410 0.003959 0.004476 0.027988 0.005721 0.019866 0.891648 0.018815 0.004637 0.022465 0.004383 
0.000378 0.001363 0.000303 0.002195 0.992203 0.001287 0.000454 0.001514 0.000303 0.000392 0.001578 0.000312 0.002616 0.990964 0.001405 0.000473 0.001942 0.000318 0.003936 0.022860 0.005601 0.016426 0.910302 0.017410 0.003331 0.017410 0.002725 0.004446 0.024916 0.006355 0.017980 0.901425 0.018935 0.003661 0.019251 0.003030 
0.000352 0.001408 0.000422 0.001760 0.991974 0.001408 0.000563 0.001478 0.000634 0.000376 0.001471 0.000462 0.001921 0.991153 0.001453 0.000647 0.001819 0.000697 0.004083 0.025838 0.004365 0.017249 0.904675 0.015981 0.004787 0.019361 0.003661 0.004581 0.027793 0.004885 0.018497 0.896356 0.017235 0.005249 0.021332 0.004071 
0.000525 0.001283 0.000525 0.001984 0.991191 0.001984 0.000583 0.001750 0.000175 0.000566 0.001349 0.000552 0.002084 0.990463 0.002085 0.000620 0.002095 0.000185 0.005134 0.030745 0.006476 0.021061 0.883496 0.018669 0.005367 0.024619 0.004434 0.005671 0.032699 0.007206 0.022954 0.873964 0.020188 0.005895 0.026580 0.004843 
0.000571 0.001839 0.000444 0.001776 0.992516 0.000951 0.000888 0.000698 0.000317 0.000593 0.001969 0.000467 0.001988 0.991870 0.001131 0.000930 0.000723 0.000329 0.003551 0.030949 0.004947 0.020865 0.891045 0.019723 0.004756 0.020548 0.003615 0.003913 0.033183 0.005471 0.022484 0.882153 0.021560 0.005266 0.021921 0.004050 
0.000192 0.001279 0.001023 0.001279 0.992773 0.001855 0.000320 0.000704 0.000576 0.000196 0.001516 0.001130 0.001335 0.991783 0.002164 0.000417 0.000860 0.000599 0.004349 0.029805 0.006012 0.023921 0.882059 0.021682 0.005884 0.021618 0.004669 0.004708 0.032076 0.006619 0.025461 0.872534 0.023540 0.006417 0.023494 0.005151 
0.000889 0.003260 0.001363 0.003437 0.983820 0.002371 0.001719 0.002193 0.000948 0.000944 0.003405 0.001406 0.003550 0.983024 0.002520 0.001806 0.002378 0.000968 0.007171 0.038108 0.009423 0.027203 0.843774 0.023292 0.010075 0.032893 0.008060 0.007785 0.040182 0.010355 0.028935 0.833186 0.025060 0.010776 0.035149 0.008572 
0.000977 0.002442 0.001302 0.003472 0.984808 0.002007 0.001465 0.002550 0.000977 0.001024 0.002510 0.001357 0.003748 0.983890 0.002099 0.001532 0.002811 0.001027 0.008247 0.038685 0.012262 0.028159 0.836525 0.025066 0.010092 0.034399 0.006565 0.008999 0.040893 0.013372 0.030214 0.824971 0.026806 0.010786 0.036891 0.007068 
0.000518 0.002640 0.000776 0.002743 0.987422 0.001863 0.001087 0.002484 0.000466 0.000534 0.002763 0.000809 0.002814 0.986894 0.001961 0.001149 0.002582 0.000493 0.007402 0.034679 0.007919 0.025362 0.849948 0.025362 0.008903 0.033023 0.007402 0.008085 0.036924 0.008594 0.027113 0.839322 0.027069 0.009612 0.035253 0.008030 
0.000684 0.002579 0.000737 0.002421 0.986844 0.002684 0.001263 0.001789 0.001000 0.000714 0.002781 0.000781 0.002487 0.986010 0.003005 0.001310 0.001858 0.001054 0.006052 0.033574 0.007946 0.020786 0.868494 0.021470 0.008051 0.028469 0.005157 0.006646 0.036035 0.008662 0.022204 0.858317 0.023285 0.008715 0.030461 0.005674 
0.000261 0.001565 0.000717 0.002804 0.990741 0.001630 0.000652 0.001174 0.000456 0.000279 0.001599 0.000772 0.003046 0.989966 0.001928 0.000688 0.001261 0.000461 0.005803 0.030712 0.006195 0.020605 0.882694 0.019823 0.006129 0.023539 0.004499 0.006436 0.032681 0.006829 0.022181 0.873380 0.021637 0.006691 0.025252 0.004914 
