0.003053 0.003348 0.002708 0.002905 0.977056 0.002216 0.003003 0.002560 0.003151 0.003217 0.003448 0.002896 0.003000 0.975844 0.002370 0.003179 0.002733 0.003313 0.026588 0.053520 0.023486 0.057164 0.686657 0.054062 0.023929 0.048597 0.025997 0.028204 0.055680 0.025064 0.059356 0.670759 0.056796 0.025519 0.050869 0.027753 
0.003820 0.003517 0.002518 0.003343 0.973995 0.003256 0.002735 0.003169 0.003647 0.004000 0.003620 0.002638 0.003590 0.972415 0.003722 0.002866 0.003318 0.003831 0.033603 0.067162 0.029044 0.066510 0.615004 0.062212 0.028176 0.065599 0.032691 0.035359 0.069288 0.030695 0.068866 0.598536 0.065068 0.029747 0.068093 0.034349 
0.002946 0.005673 0.002455 0.005346 0.968525 0.004637 0.003000 0.003764 0.003655 0.003053 0.005944 0.002636 0.006129 0.965576 0.005692 0.003116 0.004062 0.003790 0.033384 0.074787 0.031584 0.067587 0.605444 0.064314 0.030657 0.062405 0.029839 0.034983 0.077415 0.033208 0.070480 0.587552 0.067824 0.032249 0.064876 0.031413 
0.003711 0.005088 0.002155 0.004968 0.967856 0.005746 0.002334 0.004729 0.003412 0.003922 0.005274 0.002236 0.005566 0.964570 0.007504 0.002403 0.004951 0.003572 0.037472 0.081767 0.031127 0.069795 0.574285 0.068359 0.031067 0.072309 0.033820 0.039061 0.083742 0.032576 0.072165 0.557389 0.072248 0.032511 0.074762 0.035545 
0.003820 0.003983 0.002892 0.004202 0.972444 0.003874 0.002074 0.003820 0.002892 0.004007 0.004087 0.003028 0.004396 0.970257 0.005040 0.002144 0.003973 0.003068 0.037269 0.074102 0.029303 0.069519 0.603187 0.061606 0.028539 0.063189 0.033286 0.039041 0.076334 0.031000 0.071591 0.586837 0.064791 0.029871 0.065512 0.035023 
0.002132 0.005243 0.001325 0.004898 0.974301 0.004091 0.001729 0.003918 0.002362 0.002200 0.005565 0.001396 0.005429 0.971377 0.005389 0.001821 0.004373 0.002451 0.036128 0.070527 0.027773 0.068971 0.610833 0.061366 0.029559 0.065860 0.028983 0.037851 0.072819 0.029301 0.071539 0.593500 0.064769 0.031218 0.068567 0.030435 
0.001010 0.003926 0.001571 0.003029 0.983733 0.001795 0.003141 0.001234 0.000561 0.001024 0.004090 0.001621 0.003115 0.982445 0.002243 0.003301 0.001568 0.000593 0.024007 0.068095 0.035001 0.053287 0.650550 0.048239 0.033767 0.066188 0.020866 0.025400 0.069761 0.036734 0.055474 0.635794 0.050679 0.035297 0.068663 0.022197 
0.001225 0.005717 0.000408 0.003062 0.980196 0.002450 0.000817 0.005308 0.000817 0.001264 0.005947 0.000420 0.003116 0.978068 0.003278 0.000877 0.006151 0.000878 0.015312 0.054512 0.013679 0.033075 0.788485 0.023071 0.014904 0.045325 0.011637 0.015957 0.057069 0.014416 0.034395 0.777470 0.024998 0.015559 0.047948 0.012188 
0.000581 0.003342 0.000291 0.002034 0.988230 0.001598 0.000727 0.001744 0.001453 0.000597 0.003417 0.000296 0.002236 0.987747 0.001671 0.000746 0.001812 0.001479 0.018890 0.047079 0.018018 0.036036 0.759954 0.033856 0.019616 0.050712 0.015838 0.019880 0.048341 0.019034 0.037871 0.749096 0.035334 0.020646 0.052845 0.016954 
0.001137 0.002501 0.001364 0.001819 0.989426 0.001137 0.000682 0.001364 0.000569 0.001181 0.002611 0.001405 0.001856 0.988921 0.001195 0.000722 0.001532 0.000578 0.018761 0.044798 0.016714 0.041273 0.765321 0.033087 0.021603 0.043206 0.015236 0.019858 0.046526 0.017673 0.042971 0.753744 0.034872 0.023099 0.045111 0.016146 
0.001594 0.002516 0.001342 0.003019 0.984652 0.001929 0.001426 0.002097 0.001426 0.001663 0.002554 0.001411 0.003222 0.983825 0.002222 0.001484 0.002148 0.001471 0.021974 0.048729 0.021471 0.053175 0.723308 0.046213 0.018200 0.049987 0.016942 0.023204 0.050189 0.022893 0.055341 0.710460 0.048476 0.019373 0.052177 0.017887 
0.001953 0.002790 0.002023 0.003767 0.979212 0.002511 0.002302 0.003697 0.001744 0.002024 0.002861 0.002109 0.004050 0.978249 0.002639 0.002400 0.003859 0.001810 0.020160 0.054203 0.021416 0.056854 0.695570 0.048622 0.025811 0.054273 0.023090 0.021204 0.056070 0.022854 0.059146 0.681560 0.050736 0.027319 0.056615 0.024495 
0.001361 0.003402 0.001973 0.004355 0.979247 0.003334 0.001769 0.002790 0.001769 0.001410 0.003572 0.002078 0.004655 0.978098 0.003540 0.001838 0.002968 0.001842 0.022045 0.054093 0.023406 0.054841 0.698986 0.051507 0.022998 0.050827 0.021297 0.023409 0.056322 0.024823 0.056940 0.684370 0.053955 0.024385 0.052956 0.022840 
0.002558 0.003959 0.002375 0.003228 0.977467 0.003350 0.002071 0.002010 0.002984 0.002652 0.004050 0.002466 0.003410 0.976431 0.003628 0.002139 0.002121 0.003104 0.032095 0.066443 0.028380 0.062302 0.623630 0.057125 0.030207 0.071072 0.028745 0.033648 0.068538 0.029872 0.064794 0.607888 0.059469 0.031825 0.073665 0.030300 
0.002909 0.003954 0.002984 0.004327 0.974338 0.003282 0.002909 0.002909 0.002387 0.003018 0.004045 0.003115 0.004641 0.973203 0.003463 0.003054 0.002980 0.002481 0.037150 0.064976 0.031630 0.065946 0.609922 0.061470 0.033719 0.065125 0.030063 0.038981 0.066830 0.033265 0.068319 0.594223 0.063830 0.035327 0.067466 0.031760 
0.002145 0.003397 0.003486 0.002950 0.976133 0.002771 0.003665 0.003039 0.002414 0.002238 0.003458 0.003626 0.002994 0.974958 0.003072 0.003855 0.003257 0.002542 0.027890 0.060070 0.031912 0.061411 0.647716 0.055153 0.033521 0.056226 0.026102 0.029413 0.061706 0.033501 0.063308 0.633634 0.057499 0.035055 0.058326 0.027558 
0.002864 0.005370 0.002685 0.004833 0.972168 0.003401 0.001700 0.003580 0.003401 0.002968 0.005550 0.002809 0.004921 0.970922 0.003795 0.001772 0.003732 0.003531 0.029801 0.057723 0.025237 0.059424 0.663415 0.055038 0.024521 0.056828 0.028011 0.031289 0.059371 0.026540 0.061712 0.649515 0.057318 0.025913 0.058915 0.029427 
0.003589 0.004655 0.003085 0.005160 0.967977 0.003421 0.003253 0.004879 0.003982 0.003721 0.004864 0.003180 0.005315 0.966720 0.003563 0.003347 0.005160 0.004129 0.034547 0.066233 0.029331 0.063373 0.620605 0.057540 0.030845 0.065616 0.031911 0.036260 0.068303 0.030973 0.065505 0.605370 0.059800 0.032232 0.068016 0.033540 
0.002641 0.003026 0.004178 0.005091 0.970417 0.003554 0.004418 0.003698 0.002977 0.002768 0.003089 0.004377 0.005229 0.969222 0.003746 0.004583 0.003829 0.003156 0.030255 0.064448 0.033569 0.066513 0.617010 0.063439 0.032896 0.061711 0.030159 0.031653 0.066452 0.035427 0.068725 0.601112 0.066137 0.034638 0.064025 0.031832 
0.003907 0.004390 0.003570 0.004197 0.969127 0.003184 0.004149 0.003377 0.004100 0.004041 0.004477 0.003711 0.004269 0.968207 0.003261 0.004297 0.003453 0.004285 0.029860 0.059093 0.029137 0.062325 0.644814 0.058997 0.030873 0.058128 0.026773 0.031522 0.061161 0.030906 0.064668 0.629107 0.061414 0.032569 0.060346 0.028309 
0.003215 0.003366 0.003466 0.004120 0.972921 0.003868 0.003466 0.003266 0.002311 0.003360 0.003463 0.003660 0.004193 0.971897 0.004035 0.003612 0.003365 0.002415 0.026375 0.055463 0.027832 0.062497 0.666365 0.058980 0.025873 0.053102 0.023512 0.027909 0.057483 0.029489 0.064739 0.651012 0.061580 0.027267 0.055446 0.025074 
0.001774 0.003412 0.003343 0.003139 0.975164 0.003480 0.004913 0.002729 0.002047 0.001850 0.003483 0.003491 0.003209 0.974269 0.003581 0.005160 0.002819 0.002138 0.024973 0.055063 0.025109 0.062841 0.674604 0.057656 0.026337 0.051515 0.021902 0.026445 0.057098 0.026691 0.065258 0.659657 0.060109 0.027748 0.053665 0.023328 
