0.000000 0.000636 0.000000 0.000212 0.998728 0.000212 0.000000 0.000212 0.000000 0.000000 0.001090 0.000000 0.000216 0.998044 0.000413 0.000000 0.000238 0.000000 0.000424 0.005723 0.000424 0.010598 0.970538 0.008054 0.000424 0.003603 0.000212 0.000436 0.006639 0.000449 0.011367 0.967314 0.008850 0.000479 0.004242 0.000223 
0.000340 0.000170 0.000340 0.001871 0.994047 0.001871 0.000680 0.000510 0.000170 0.000349 0.000211 0.000346 0.001994 0.993311 0.002160 0.000699 0.000755 0.000175 0.003912 0.009866 0.003912 0.028406 0.914781 0.024324 0.003402 0.008845 0.002551 0.004254 0.011020 0.004270 0.030028 0.907613 0.026097 0.003659 0.010266 0.002794 
0.000443 0.001034 0.000295 0.002215 0.993947 0.000738 0.000148 0.000591 0.000591 0.000469 0.001094 0.000307 0.002550 0.993119 0.000924 0.000152 0.000782 0.000603 0.006349 0.015798 0.005168 0.028643 0.892957 0.022737 0.005906 0.014912 0.007530 0.006784 0.017033 0.005645 0.030589 0.884218 0.024328 0.006558 0.016663 0.008183 
0.000418 0.000696 0.000279 0.001810 0.992759 0.001532 0.000279 0.001114 0.001114 0.000431 0.000840 0.000310 0.002160 0.991557 0.001714 0.000290 0.001522 0.001177 0.006963 0.017546 0.005849 0.032029 0.889291 0.023952 0.005988 0.014065 0.004317 0.007462 0.019155 0.006446 0.034115 0.880622 0.025661 0.006572 0.015295 0.004672 
0.000434 0.001447 0.001302 0.002460 0.990595 0.000868 0.001013 0.000868 0.001013 0.000455 0.001701 0.001359 0.002513 0.989646 0.001048 0.001094 0.001115 0.001069 0.007235 0.015772 0.004196 0.036319 0.883374 0.024020 0.006511 0.016640 0.005933 0.007896 0.017505 0.004517 0.038207 0.874261 0.025482 0.007222 0.018311 0.006600 
0.000431 0.000861 0.000000 0.000861 0.994690 0.001148 0.000287 0.000718 0.001005 0.000440 0.000887 0.000000 0.000910 0.993997 0.001189 0.000311 0.001194 0.001072 0.006171 0.015069 0.003588 0.033726 0.890356 0.028129 0.004162 0.014208 0.004592 0.006655 0.016194 0.003936 0.035856 0.881725 0.029895 0.004623 0.015958 0.005160 
0.000725 0.000435 0.000435 0.001741 0.994343 0.001015 0.000580 0.000435 0.000290 0.000817 0.000484 0.000457 0.001948 0.993633 0.001171 0.000607 0.000585 0.000297 0.005222 0.014360 0.004352 0.029591 0.898898 0.024949 0.004352 0.014070 0.004207 0.005732 0.015552 0.004928 0.032048 0.889972 0.026938 0.004770 0.015494 0.004566 
0.000680 0.001224 0.000272 0.002177 0.991974 0.001768 0.000272 0.000952 0.000680 0.000693 0.001523 0.000311 0.002270 0.991023 0.001924 0.000281 0.001283 0.000691 0.006394 0.018773 0.005033 0.034281 0.880969 0.031288 0.004353 0.013468 0.005441 0.006957 0.020846 0.005581 0.036576 0.870855 0.033371 0.004664 0.015273 0.005876 
0.000283 0.000567 0.000425 0.001700 0.993908 0.000992 0.000850 0.001133 0.000142 0.000304 0.000571 0.000473 0.001737 0.992916 0.001201 0.000889 0.001742 0.000167 0.003825 0.012326 0.004109 0.029470 0.903089 0.026495 0.005951 0.010343 0.004392 0.004184 0.013544 0.004542 0.031349 0.894581 0.028698 0.006600 0.011764 0.004737 
0.000000 0.000301 0.000000 0.000752 0.996992 0.001353 0.000000 0.000451 0.000150 0.000000 0.000313 0.000000 0.000794 0.996153 0.001921 0.000000 0.000645 0.000175 0.000752 0.009173 0.003308 0.025263 0.927669 0.022857 0.001203 0.008271 0.001504 0.000822 0.010002 0.003603 0.026825 0.920872 0.025300 0.001416 0.009495 0.001666 
0.000000 0.000449 0.000000 0.001047 0.996858 0.000898 0.000150 0.000599 0.000000 0.000000 0.000627 0.000000 0.001537 0.995981 0.001031 0.000172 0.000651 0.000000 0.001646 0.008679 0.002245 0.024690 0.927877 0.023044 0.003292 0.007332 0.001197 0.001779 0.009658 0.002506 0.026830 0.921108 0.024930 0.003644 0.008228 0.001317 
0.000580 0.000290 0.000000 0.001595 0.995360 0.001160 0.000145 0.000580 0.000290 0.000613 0.000304 0.000000 0.001895 0.994459 0.001385 0.000147 0.000894 0.000302 0.004205 0.012904 0.002610 0.033058 0.899087 0.027838 0.004350 0.012034 0.003915 0.004686 0.014052 0.003007 0.035078 0.890287 0.029977 0.004893 0.013633 0.004387 
0.000284 0.000000 0.000711 0.001705 0.993179 0.001989 0.000568 0.000711 0.000853 0.000296 0.000000 0.000767 0.001749 0.992814 0.002130 0.000588 0.000742 0.000914 0.005684 0.009805 0.006821 0.035953 0.892852 0.027995 0.004832 0.012079 0.003979 0.006167 0.010697 0.007478 0.038085 0.884664 0.029836 0.005295 0.013401 0.004378 
0.000144 0.000289 0.000578 0.001300 0.995668 0.000866 0.000289 0.000722 0.000144 0.000146 0.000310 0.000608 0.001634 0.995160 0.000920 0.000298 0.000774 0.000150 0.005054 0.013718 0.002744 0.033502 0.903394 0.025271 0.003466 0.009531 0.003321 0.005547 0.014758 0.003055 0.035870 0.895916 0.026862 0.003766 0.010628 0.003599 
0.000287 0.001148 0.000431 0.001005 0.994832 0.001005 0.000000 0.001148 0.000144 0.000309 0.001323 0.000450 0.001150 0.994026 0.001187 0.000000 0.001409 0.000145 0.004737 0.013351 0.003015 0.030146 0.908556 0.022394 0.003015 0.010479 0.004307 0.005144 0.014813 0.003323 0.032159 0.900287 0.023988 0.003453 0.012113 0.004720 
0.000431 0.000287 0.000000 0.001005 0.995982 0.001005 0.000574 0.000287 0.000431 0.000487 0.000304 0.000000 0.001061 0.995716 0.001066 0.000629 0.000292 0.000444 0.003301 0.014351 0.002009 0.031573 0.904851 0.025689 0.004305 0.011194 0.002727 0.003578 0.015652 0.002210 0.033691 0.897213 0.027498 0.004689 0.012414 0.003054 
0.000141 0.000843 0.000000 0.000843 0.995503 0.001265 0.000141 0.001124 0.000141 0.000147 0.000870 0.000000 0.000883 0.994982 0.001589 0.000141 0.001228 0.000159 0.003513 0.013772 0.003232 0.030073 0.902473 0.026700 0.002389 0.013631 0.004216 0.003718 0.014891 0.003573 0.032024 0.894712 0.029061 0.002610 0.014898 0.004511 
0.000413 0.000964 0.000000 0.001239 0.995318 0.001515 0.000000 0.000275 0.000275 0.000428 0.001086 0.000000 0.001365 0.994899 0.001623 0.000000 0.000313 0.000287 0.003580 0.015698 0.003305 0.030845 0.898926 0.027265 0.002754 0.012669 0.004957 0.003909 0.017053 0.003680 0.032865 0.890482 0.029498 0.003044 0.013982 0.005488 
0.000549 0.001098 0.000137 0.001510 0.993410 0.001236 0.000412 0.000824 0.000824 0.000576 0.001187 0.000148 0.001625 0.992897 0.001390 0.000432 0.000875 0.000869 0.005766 0.017161 0.004119 0.035557 0.882894 0.031576 0.004256 0.013591 0.005080 0.006304 0.018584 0.004591 0.037815 0.873620 0.033732 0.004778 0.015095 0.005481 
0.000676 0.000947 0.000271 0.001894 0.991478 0.002435 0.000406 0.000812 0.001082 0.000706 0.001223 0.000280 0.002049 0.990787 0.002540 0.000422 0.000859 0.001136 0.007304 0.017449 0.006087 0.033004 0.881374 0.031111 0.004869 0.014338 0.004464 0.007996 0.019168 0.006633 0.035295 0.871840 0.033026 0.005302 0.015706 0.005033 
0.000303 0.000606 0.000000 0.002422 0.993944 0.001363 0.000303 0.000908 0.000151 0.000316 0.000759 0.000000 0.002721 0.993231 0.001501 0.000312 0.001003 0.000158 0.003634 0.011658 0.003634 0.029977 0.904315 0.026344 0.003331 0.012415 0.004693 0.004150 0.012762 0.004087 0.032290 0.895257 0.028287 0.003828 0.014173 0.005167 
0.000148 0.000295 0.000148 0.000885 0.997197 0.000590 0.000000 0.000590 0.000148 0.000161 0.000300 0.000153 0.000964 0.996474 0.000752 0.000000 0.001045 0.000152 0.001475 0.010031 0.001770 0.028765 0.923145 0.020209 0.003245 0.008703 0.002655 0.001659 0.010712 0.001911 0.030947 0.916565 0.021696 0.003599 0.009926 0.002986 
0.000147 0.000293 0.000147 0.001760 0.995308 0.000293 0.000293 0.001760 0.000000 0.000157 0.000366 0.000147 0.001839 0.994154 0.000305 0.000308 0.002724 0.000000 0.002346 0.008211 0.002346 0.028152 0.916569 0.025806 0.003959 0.010850 0.001760 0.002544 0.009332 0.002539 0.030570 0.908465 0.027412 0.004474 0.012738 0.001927 
0.000287 0.000860 0.000430 0.000860 0.995128 0.000716 0.000143 0.001003 0.000573 0.000292 0.000923 0.000448 0.000982 0.994285 0.000864 0.000144 0.001469 0.000594 0.004442 0.012896 0.004872 0.030663 0.896690 0.025505 0.003582 0.016621 0.004728 0.005037 0.013930 0.005256 0.032525 0.887906 0.027526 0.003896 0.018737 0.005187 
0.000000 0.001420 0.000142 0.002272 0.993325 0.001278 0.000284 0.001136 0.000142 0.000000 0.001499 0.000144 0.002323 0.992824 0.001344 0.000308 0.001413 0.000145 0.004687 0.015197 0.005255 0.036500 0.882261 0.028547 0.007101 0.014913 0.005539 0.005109 0.016728 0.005701 0.038389 0.873188 0.030550 0.007731 0.016575 0.006029 
