0.000803 0.001548 0.000573 0.003096 0.989851 0.001949 0.000573 0.000917 0.000688 0.000845 0.001591 0.000596 0.003162 0.989534 0.002018 0.000596 0.000949 0.000710 0.013015 0.033656 0.009002 0.070925 0.762399 0.063127 0.009288 0.028611 0.009976 0.014095 0.035895 0.009782 0.073951 0.748654 0.066103 0.010123 0.030491 0.010907 
0.000601 0.001367 0.000328 0.002569 0.991637 0.001913 0.000219 0.000820 0.000547 0.000627 0.001411 0.000340 0.002645 0.991370 0.001966 0.000227 0.000846 0.000567 0.011752 0.036788 0.009621 0.068656 0.758391 0.066087 0.008691 0.030775 0.009238 0.012699 0.039292 0.010553 0.071640 0.744302 0.069080 0.009454 0.032874 0.010107 
0.000685 0.001054 0.000527 0.002583 0.991039 0.002161 0.000264 0.001054 0.000633 0.000703 0.001083 0.000562 0.002646 0.990752 0.002227 0.000266 0.001093 0.000667 0.013442 0.033419 0.008750 0.077803 0.748511 0.066944 0.010173 0.031469 0.009488 0.014647 0.035608 0.009639 0.081060 0.734014 0.070207 0.011042 0.033455 0.010328 
0.000722 0.001238 0.000722 0.002631 0.989321 0.002528 0.000774 0.001754 0.000310 0.000761 0.001259 0.000744 0.002693 0.988987 0.002629 0.000797 0.001802 0.000327 0.012330 0.038382 0.009338 0.070625 0.752115 0.066653 0.009028 0.031160 0.010369 0.013435 0.040961 0.010227 0.073497 0.737558 0.069929 0.009778 0.033272 0.011343 
0.000468 0.001143 0.000312 0.002598 0.991114 0.001871 0.000312 0.001403 0.000779 0.000496 0.001169 0.000321 0.002696 0.990744 0.001925 0.000324 0.001500 0.000826 0.011484 0.035232 0.010809 0.069684 0.759250 0.067190 0.007899 0.029516 0.008938 0.012493 0.037443 0.011819 0.072623 0.745155 0.070357 0.008722 0.031596 0.009791 
0.000412 0.001030 0.000206 0.002471 0.990784 0.002317 0.000875 0.001339 0.000566 0.000424 0.001063 0.000215 0.002543 0.990508 0.002394 0.000898 0.001368 0.000587 0.012254 0.036299 0.008804 0.073834 0.755586 0.065750 0.009371 0.027598 0.010504 0.013327 0.038625 0.009634 0.076682 0.741825 0.068694 0.010229 0.029468 0.011516 
0.000269 0.000698 0.000537 0.002525 0.992265 0.001773 0.000322 0.001182 0.000430 0.000277 0.000724 0.000556 0.002613 0.991944 0.001874 0.000343 0.001214 0.000455 0.012892 0.033144 0.009401 0.072035 0.759777 0.065535 0.008648 0.029491 0.009078 0.013950 0.035329 0.010259 0.075378 0.745477 0.068976 0.009368 0.031429 0.009833 
0.000776 0.000942 0.000332 0.003324 0.990029 0.002382 0.000554 0.000942 0.000720 0.000817 0.000966 0.000344 0.003405 0.989705 0.002454 0.000584 0.000978 0.000748 0.013517 0.033293 0.009528 0.071239 0.759860 0.068303 0.007977 0.026645 0.009639 0.014639 0.035442 0.010467 0.074156 0.745946 0.071638 0.008634 0.028521 0.010557 
0.000763 0.001090 0.000817 0.003379 0.989155 0.002779 0.000654 0.000817 0.000545 0.000803 0.001106 0.000848 0.003474 0.988779 0.002864 0.000696 0.000861 0.000569 0.011881 0.031337 0.011445 0.075644 0.749741 0.072048 0.010246 0.028230 0.009428 0.012959 0.033331 0.012461 0.078841 0.735546 0.075475 0.011066 0.030066 0.010255 
0.000898 0.001291 0.000505 0.003423 0.989171 0.002244 0.000842 0.001178 0.000449 0.000945 0.001318 0.000526 0.003539 0.988776 0.002309 0.000901 0.001224 0.000463 0.011334 0.030244 0.008473 0.073056 0.769947 0.065256 0.008304 0.025755 0.007631 0.012225 0.032234 0.009311 0.076499 0.756354 0.068325 0.009042 0.027669 0.008340 
0.000583 0.000991 0.000408 0.002739 0.990150 0.002273 0.001107 0.001399 0.000350 0.000600 0.001032 0.000422 0.002798 0.989804 0.002368 0.001171 0.001443 0.000362 0.009500 0.030889 0.008509 0.070288 0.767689 0.065625 0.009558 0.029491 0.008451 0.010379 0.032929 0.009266 0.073125 0.754180 0.068990 0.010560 0.031361 0.009210 
0.000590 0.001234 0.000644 0.002950 0.989968 0.002307 0.000536 0.000858 0.000912 0.000602 0.001267 0.000667 0.003045 0.989620 0.002390 0.000575 0.000882 0.000952 0.010032 0.031812 0.008530 0.071294 0.769433 0.065018 0.009012 0.027305 0.007564 0.010914 0.033756 0.009289 0.074576 0.755680 0.068472 0.009852 0.029209 0.008252 
0.000172 0.000977 0.000632 0.002011 0.992244 0.002068 0.000345 0.001092 0.000460 0.000194 0.000990 0.000667 0.002066 0.991936 0.002196 0.000354 0.001125 0.000472 0.009710 0.031715 0.007469 0.067452 0.776558 0.064234 0.007756 0.027578 0.007527 0.010557 0.033988 0.008136 0.070355 0.763260 0.067517 0.008499 0.029444 0.008244 
0.000347 0.001273 0.000347 0.002720 0.991725 0.001563 0.000405 0.001157 0.000463 0.000354 0.001298 0.000375 0.002772 0.991438 0.001644 0.000417 0.001203 0.000500 0.009259 0.029572 0.007292 0.069387 0.778819 0.060937 0.008275 0.027373 0.009086 0.010066 0.031380 0.007963 0.072522 0.765560 0.064157 0.009010 0.029329 0.010012 
0.000851 0.001022 0.000284 0.002667 0.990692 0.002667 0.000341 0.000851 0.000624 0.000886 0.001059 0.000290 0.002798 0.990291 0.002773 0.000361 0.000876 0.000666 0.009648 0.028604 0.007491 0.064529 0.781328 0.063791 0.007719 0.028036 0.008854 0.010547 0.030403 0.008192 0.067631 0.767958 0.067041 0.008494 0.030043 0.009691 
0.000386 0.000882 0.000165 0.002535 0.991844 0.002480 0.000331 0.001157 0.000220 0.000412 0.000897 0.000177 0.002635 0.991514 0.002589 0.000343 0.001201 0.000232 0.007439 0.029537 0.007770 0.069378 0.774839 0.066843 0.007660 0.027167 0.009368 0.008184 0.031443 0.008505 0.072580 0.760933 0.070393 0.008375 0.029221 0.010367 
0.000491 0.000928 0.000328 0.002347 0.992576 0.001856 0.000218 0.000655 0.000601 0.000506 0.000945 0.000343 0.002410 0.992354 0.001924 0.000225 0.000676 0.000618 0.009226 0.031281 0.007697 0.070914 0.778196 0.062234 0.006660 0.024894 0.008898 0.009971 0.033373 0.008544 0.074246 0.764510 0.065545 0.007310 0.026749 0.009752 
0.000111 0.000943 0.000388 0.002386 0.993340 0.001665 0.000388 0.000444 0.000333 0.000113 0.001018 0.000403 0.002441 0.993078 0.001735 0.000408 0.000452 0.000352 0.008991 0.026972 0.006049 0.066208 0.785005 0.063433 0.007215 0.027027 0.009102 0.009755 0.028764 0.006657 0.069318 0.772095 0.066459 0.007935 0.028985 0.010034 
0.000462 0.000577 0.000173 0.001846 0.993711 0.001904 0.000231 0.000865 0.000231 0.000482 0.000597 0.000179 0.001891 0.993505 0.001982 0.000238 0.000890 0.000238 0.009289 0.027348 0.005654 0.063582 0.787964 0.064332 0.007270 0.025675 0.008885 0.010120 0.029258 0.006193 0.066822 0.774475 0.067802 0.008029 0.027557 0.009744 
0.000439 0.000659 0.000439 0.002362 0.993298 0.001703 0.000275 0.000659 0.000165 0.000448 0.000684 0.000462 0.002414 0.993052 0.001795 0.000282 0.000687 0.000175 0.007581 0.028236 0.006537 0.068556 0.781257 0.063448 0.008295 0.028290 0.007800 0.008169 0.030013 0.007185 0.071836 0.767876 0.066922 0.009103 0.030419 0.008477 
0.000374 0.000623 0.000374 0.002305 0.993646 0.001370 0.000436 0.000685 0.000187 0.000400 0.000651 0.000383 0.002381 0.993393 0.001437 0.000465 0.000702 0.000189 0.008036 0.026101 0.006977 0.068212 0.785211 0.062917 0.007164 0.027285 0.008098 0.008867 0.027644 0.007734 0.071445 0.771849 0.066307 0.007935 0.029298 0.008921 
0.000410 0.000586 0.000059 0.001348 0.994196 0.001935 0.000528 0.000645 0.000293 0.000430 0.000597 0.000062 0.001385 0.993996 0.002011 0.000539 0.000673 0.000308 0.007035 0.026441 0.005452 0.068125 0.796389 0.059155 0.006859 0.023334 0.007211 0.007641 0.028186 0.006035 0.071426 0.783495 0.062383 0.007670 0.025169 0.007996 
0.000187 0.000750 0.000125 0.000812 0.996688 0.000750 0.000312 0.000312 0.000062 0.000204 0.000780 0.000136 0.000864 0.996529 0.000775 0.000321 0.000328 0.000063 0.006624 0.022996 0.005124 0.062488 0.810598 0.056552 0.006811 0.023496 0.005312 0.007256 0.024572 0.005625 0.065678 0.798742 0.059467 0.007505 0.025433 0.005721 
0.000430 0.000307 0.000123 0.001414 0.995083 0.001414 0.000184 0.000860 0.000184 0.000436 0.000318 0.000124 0.001457 0.994886 0.001475 0.000199 0.000899 0.000206 0.005962 0.020774 0.004978 0.062876 0.809588 0.060541 0.007376 0.022495 0.005409 0.006414 0.022237 0.005446 0.066078 0.797568 0.063876 0.008135 0.024238 0.006008 
0.000364 0.000789 0.000243 0.001152 0.995754 0.001092 0.000000 0.000425 0.000182 0.000400 0.000818 0.000259 0.001193 0.995579 0.001129 0.000000 0.000434 0.000188 0.006551 0.021533 0.005580 0.059869 0.806017 0.062174 0.006248 0.025719 0.006308 0.007177 0.023003 0.006138 0.062764 0.793791 0.065400 0.006865 0.027871 0.006990 
