0.000199 0.001196 0.000399 0.001395 0.993422 0.001196 0.000199 0.001993 0.000000 0.000199 0.001351 0.000527 0.001953 0.991191 0.001652 0.000207 0.002921 0.000000 0.004584 0.019334 0.004385 0.009368 0.928443 0.008372 0.002990 0.019733 0.002791 0.005218 0.020481 0.004858 0.011224 0.919985 0.009753 0.003335 0.022182 0.002965 
0.000000 0.001746 0.000349 0.001048 0.993014 0.001572 0.000349 0.001572 0.000349 0.000000 0.002085 0.000468 0.001210 0.990979 0.002064 0.000367 0.002467 0.000361 0.003842 0.018861 0.002445 0.009256 0.925777 0.009431 0.003842 0.021656 0.004890 0.004208 0.020547 0.002755 0.010241 0.917458 0.010720 0.004327 0.024400 0.005345 
0.000346 0.001037 0.000000 0.001902 0.993949 0.001383 0.000173 0.001210 0.000000 0.000497 0.001387 0.000000 0.002551 0.991661 0.001615 0.000178 0.002110 0.000000 0.004149 0.025242 0.002593 0.011411 0.920297 0.012448 0.003112 0.018326 0.002420 0.004702 0.026697 0.002901 0.013218 0.912265 0.013945 0.003306 0.020393 0.002572 
0.000000 0.001226 0.000175 0.001051 0.994394 0.001226 0.000000 0.001927 0.000000 0.000000 0.001472 0.000260 0.001188 0.992576 0.001577 0.000000 0.002927 0.000000 0.002102 0.019096 0.002102 0.008059 0.933076 0.010687 0.002278 0.019622 0.002978 0.002310 0.020481 0.002399 0.008972 0.925372 0.012073 0.002444 0.022700 0.003249 
0.000000 0.000530 0.000177 0.001413 0.995232 0.001413 0.000177 0.001060 0.000000 0.000000 0.000699 0.000179 0.002242 0.993154 0.001934 0.000179 0.001611 0.000000 0.003355 0.018012 0.001766 0.011478 0.926717 0.009889 0.003885 0.021720 0.003179 0.003592 0.019071 0.002086 0.014035 0.917907 0.011238 0.004317 0.024305 0.003449 
0.000177 0.002125 0.000708 0.001240 0.991676 0.001240 0.000177 0.002480 0.000177 0.000179 0.002758 0.000731 0.001586 0.988576 0.001568 0.000179 0.004217 0.000207 0.001594 0.023202 0.002303 0.008679 0.922954 0.013284 0.002834 0.022494 0.002657 0.001695 0.025528 0.002467 0.010306 0.912792 0.015021 0.003237 0.025800 0.003154 
0.000166 0.000829 0.000000 0.001161 0.993862 0.001659 0.000166 0.001825 0.000332 0.000169 0.001016 0.000000 0.001443 0.991146 0.002449 0.000195 0.003040 0.000542 0.001991 0.023889 0.002654 0.009954 0.919044 0.013437 0.004313 0.020073 0.004645 0.002215 0.025563 0.002892 0.011595 0.909522 0.015461 0.004649 0.022700 0.005402 
0.000165 0.001645 0.000165 0.000987 0.992761 0.002139 0.000165 0.001974 0.000000 0.000166 0.002142 0.000180 0.001132 0.989851 0.003091 0.000180 0.003258 0.000000 0.002303 0.025173 0.004278 0.012504 0.910661 0.013162 0.003949 0.024679 0.003291 0.002593 0.026917 0.004561 0.014065 0.900958 0.015051 0.004326 0.027789 0.003739 
0.000325 0.000975 0.000162 0.001300 0.994476 0.001137 0.000325 0.001300 0.000000 0.000330 0.001175 0.000180 0.001893 0.992428 0.001346 0.000347 0.002299 0.000000 0.003249 0.024695 0.001950 0.016084 0.907555 0.015922 0.004712 0.023233 0.002600 0.003633 0.026276 0.002072 0.018176 0.898984 0.017163 0.005133 0.025714 0.002848 
0.000168 0.001509 0.000168 0.000503 0.994971 0.000838 0.000335 0.001509 0.000000 0.000170 0.001783 0.000173 0.000548 0.993506 0.001065 0.000365 0.002391 0.000000 0.003856 0.024644 0.003856 0.011735 0.910813 0.015926 0.004694 0.021961 0.002515 0.004117 0.026547 0.004249 0.012530 0.902530 0.017554 0.005149 0.024533 0.002790 
0.000170 0.001187 0.000678 0.000678 0.994573 0.000678 0.000170 0.001866 0.000000 0.000171 0.001445 0.000832 0.001007 0.992897 0.000795 0.000377 0.002477 0.000000 0.003223 0.019505 0.004749 0.009668 0.925712 0.011194 0.004240 0.019674 0.002035 0.003555 0.021072 0.005316 0.010755 0.917874 0.012508 0.004820 0.021909 0.002192 
0.000000 0.000859 0.000515 0.000687 0.995704 0.001031 0.000172 0.000687 0.000344 0.000000 0.000889 0.000561 0.001061 0.994605 0.001175 0.000175 0.000898 0.000637 0.002749 0.017526 0.002749 0.010997 0.928866 0.013918 0.003436 0.017010 0.002749 0.003037 0.018647 0.002908 0.012453 0.921566 0.015827 0.003822 0.018500 0.003239 
0.000167 0.001003 0.000669 0.001337 0.994652 0.000836 0.000167 0.000669 0.000501 0.000190 0.001425 0.000673 0.001904 0.993211 0.000973 0.000178 0.000893 0.000553 0.003677 0.017884 0.004346 0.012201 0.925623 0.010864 0.004346 0.017717 0.003343 0.004054 0.019729 0.004656 0.014226 0.917080 0.012109 0.004845 0.019566 0.003735 
0.000000 0.001710 0.000000 0.002223 0.992476 0.001197 0.000513 0.001881 0.000000 0.000000 0.002317 0.000000 0.002786 0.989741 0.001411 0.000535 0.003209 0.000000 0.002223 0.018297 0.005643 0.012996 0.916211 0.015732 0.003762 0.021546 0.003591 0.002532 0.020082 0.006288 0.014597 0.906221 0.017133 0.004057 0.024997 0.004095 
0.000000 0.001376 0.000000 0.001204 0.992775 0.002236 0.000688 0.001720 0.000000 0.000000 0.001453 0.000000 0.001617 0.989768 0.003418 0.000725 0.003020 0.000000 0.003097 0.018579 0.003269 0.008773 0.929468 0.012214 0.003957 0.018235 0.002408 0.003306 0.019751 0.003650 0.010130 0.921127 0.014467 0.004251 0.020746 0.002571 
0.000000 0.000856 0.000000 0.001712 0.993323 0.001883 0.000514 0.001712 0.000000 0.000000 0.000872 0.000000 0.002183 0.991690 0.002511 0.000551 0.002192 0.000000 0.002910 0.016264 0.003424 0.014039 0.922958 0.012498 0.003938 0.021229 0.002739 0.003096 0.017276 0.003711 0.015700 0.915230 0.014227 0.004255 0.023506 0.003000 
0.000169 0.000846 0.000169 0.000508 0.995093 0.001015 0.000338 0.001861 0.000000 0.000171 0.001057 0.000179 0.000518 0.993130 0.001397 0.000359 0.003190 0.000000 0.002707 0.019966 0.004230 0.012860 0.919966 0.013367 0.003553 0.021151 0.002200 0.002905 0.021216 0.004545 0.014105 0.911808 0.015155 0.003746 0.024177 0.002343 
0.000000 0.001581 0.000351 0.001230 0.992094 0.000878 0.000703 0.002987 0.000176 0.000000 0.002113 0.000498 0.001514 0.989282 0.001031 0.000759 0.004603 0.000200 0.004041 0.018623 0.004216 0.008960 0.926915 0.010190 0.004216 0.020204 0.002635 0.004376 0.020361 0.004724 0.009991 0.917646 0.011528 0.004677 0.023599 0.003099 
0.000341 0.001193 0.000170 0.001704 0.991989 0.002045 0.000000 0.002386 0.000170 0.000375 0.001678 0.000290 0.002199 0.989086 0.002738 0.000000 0.003382 0.000252 0.003750 0.018238 0.003750 0.012272 0.922448 0.013295 0.003750 0.018919 0.003579 0.004323 0.019731 0.004151 0.013774 0.912930 0.015393 0.004122 0.021540 0.004036 
0.000000 0.000500 0.000333 0.002166 0.993502 0.000666 0.000666 0.002166 0.000000 0.000000 0.000698 0.000368 0.003238 0.990641 0.001041 0.000693 0.003321 0.000000 0.003665 0.020160 0.005165 0.014162 0.910030 0.014828 0.004832 0.024658 0.002499 0.003983 0.021571 0.005569 0.016691 0.899730 0.016912 0.005193 0.027685 0.002667 
0.000180 0.001978 0.000180 0.000899 0.991547 0.002338 0.000180 0.002338 0.000360 0.000184 0.002709 0.000184 0.001154 0.988072 0.003471 0.000219 0.003632 0.000375 0.003237 0.017266 0.005396 0.012050 0.917986 0.013309 0.003597 0.022302 0.004856 0.003546 0.018988 0.006041 0.013645 0.907888 0.015239 0.003867 0.025497 0.005291 
0.000164 0.000819 0.000000 0.001311 0.994593 0.001639 0.000164 0.001311 0.000000 0.000164 0.001003 0.000000 0.001588 0.992873 0.002377 0.000164 0.001830 0.000000 0.003277 0.019990 0.003277 0.010487 0.919712 0.010487 0.004588 0.023103 0.005079 0.003499 0.021263 0.003574 0.011679 0.911836 0.012199 0.004869 0.025456 0.005627 
0.000165 0.001317 0.000329 0.002469 0.992593 0.000988 0.000658 0.001152 0.000329 0.000201 0.001689 0.000345 0.003323 0.990376 0.001078 0.000711 0.001896 0.000381 0.004280 0.021893 0.003786 0.014650 0.907654 0.014815 0.004444 0.023539 0.004938 0.004735 0.023615 0.004153 0.017124 0.897531 0.016256 0.005132 0.026033 0.005421 
0.000000 0.000530 0.000177 0.001237 0.994874 0.000884 0.000707 0.001591 0.000000 0.000000 0.000697 0.000182 0.001646 0.993341 0.001002 0.000943 0.002189 0.000000 0.002652 0.014495 0.003182 0.011313 0.931943 0.010076 0.004419 0.017500 0.004419 0.002870 0.015393 0.003633 0.013045 0.923642 0.011477 0.004976 0.020084 0.004880 
0.000341 0.001024 0.000341 0.001365 0.993688 0.000512 0.000512 0.001876 0.000341 0.000353 0.001388 0.000346 0.001915 0.990727 0.000994 0.000549 0.003347 0.000381 0.003412 0.020983 0.004947 0.012624 0.916752 0.012112 0.003582 0.022518 0.003071 0.003722 0.022884 0.005491 0.014320 0.907093 0.013736 0.003870 0.025456 0.003427 
0.000166 0.002154 0.000663 0.001823 0.991549 0.001160 0.000497 0.001823 0.000166 0.000168 0.003159 0.000714 0.002384 0.988363 0.001535 0.000541 0.002963 0.000173 0.003645 0.021541 0.003811 0.016736 0.911682 0.014416 0.004805 0.020215 0.003148 0.004008 0.023912 0.004151 0.018993 0.901711 0.015945 0.005159 0.022646 0.003474 
0.000000 0.000852 0.000000 0.000681 0.996082 0.000511 0.000000 0.001703 0.000170 0.000000 0.001065 0.000000 0.000827 0.994662 0.000591 0.000000 0.002565 0.000290 0.003236 0.019588 0.003236 0.014648 0.923863 0.010560 0.003066 0.018566 0.003236 0.003429 0.020733 0.003532 0.016601 0.916112 0.011557 0.003571 0.020791 0.003675 
0.000349 0.001220 0.000174 0.000872 0.994248 0.001046 0.000697 0.001220 0.000174 0.000354 0.001550 0.000176 0.001399 0.992058 0.001386 0.000716 0.001975 0.000387 0.002092 0.017779 0.002615 0.010284 0.936029 0.009587 0.003312 0.016385 0.001917 0.002300 0.019365 0.002784 0.012221 0.927645 0.011020 0.003690 0.018719 0.002256 
0.000000 0.000706 0.000177 0.001766 0.994173 0.001766 0.000353 0.001060 0.000000 0.000000 0.000749 0.000181 0.002424 0.992309 0.002462 0.000412 0.001461 0.000000 0.002472 0.018365 0.002825 0.011831 0.925658 0.013420 0.002119 0.018895 0.004415 0.002723 0.019574 0.003112 0.013990 0.917187 0.015759 0.002288 0.020563 0.004804 
0.000000 0.000864 0.000173 0.001382 0.994644 0.001037 0.000173 0.001728 0.000000 0.000000 0.001074 0.000202 0.001838 0.992888 0.001331 0.000186 0.002480 0.000000 0.003974 0.020041 0.002764 0.012612 0.925190 0.007947 0.003283 0.021596 0.002592 0.004495 0.021596 0.003062 0.015047 0.916273 0.009050 0.003440 0.024050 0.002988 
0.000177 0.001060 0.000000 0.000883 0.994523 0.000530 0.000530 0.002297 0.000000 0.000188 0.001315 0.000000 0.001295 0.992369 0.000575 0.000546 0.003713 0.000000 0.003004 0.015901 0.004064 0.010247 0.933039 0.009717 0.003357 0.016784 0.003887 0.003284 0.017193 0.004441 0.011838 0.925342 0.010830 0.003634 0.019364 0.004074 
0.000168 0.001511 0.000168 0.001175 0.993957 0.000336 0.000839 0.001847 0.000000 0.000203 0.002077 0.000171 0.001603 0.991700 0.000438 0.000876 0.002933 0.000000 0.003861 0.019641 0.002350 0.010912 0.926473 0.012590 0.003525 0.018466 0.002182 0.004283 0.021588 0.002683 0.012214 0.918462 0.013877 0.003744 0.020878 0.002270 
0.000331 0.000993 0.000331 0.000993 0.994207 0.000828 0.000331 0.001655 0.000331 0.000333 0.001330 0.000353 0.001298 0.992320 0.001232 0.000377 0.002344 0.000414 0.003972 0.020357 0.002648 0.012413 0.921384 0.011917 0.003476 0.020689 0.003145 0.004297 0.022126 0.002937 0.013939 0.912877 0.013456 0.003680 0.023116 0.003571 
0.000165 0.001485 0.000165 0.000660 0.994389 0.000660 0.000165 0.002145 0.000165 0.000171 0.001690 0.000181 0.000910 0.992401 0.000873 0.000194 0.003382 0.000198 0.004950 0.022937 0.003465 0.013201 0.919802 0.009736 0.003465 0.018482 0.003960 0.005330 0.024643 0.003830 0.014680 0.911723 0.010817 0.003674 0.020902 0.004402 
0.000000 0.001430 0.000159 0.000795 0.995391 0.000954 0.000318 0.000477 0.000477 0.000000 0.001500 0.000173 0.001141 0.994073 0.001321 0.000332 0.000817 0.000644 0.002543 0.025270 0.003338 0.011920 0.917196 0.010490 0.003973 0.020661 0.004609 0.002796 0.026779 0.003554 0.013142 0.909978 0.011730 0.004236 0.022649 0.005137 
0.000470 0.000941 0.000314 0.001568 0.993102 0.000784 0.001097 0.001568 0.000157 0.000483 0.001277 0.000538 0.001855 0.990645 0.001114 0.001271 0.002629 0.000188 0.003135 0.025553 0.004546 0.012541 0.903590 0.016617 0.005173 0.024298 0.004546 0.003340 0.027301 0.005169 0.013771 0.894934 0.018398 0.005672 0.026568 0.004847 
0.000156 0.000936 0.000156 0.001093 0.995474 0.000936 0.000312 0.000936 0.000000 0.000156 0.001236 0.000200 0.001575 0.993552 0.001287 0.000427 0.001567 0.000000 0.002809 0.021227 0.003902 0.012330 0.918683 0.010613 0.003278 0.023256 0.003902 0.002876 0.022868 0.004207 0.013840 0.910827 0.011877 0.003704 0.025654 0.004147 
0.000154 0.000308 0.000000 0.001541 0.995068 0.000925 0.000925 0.000925 0.000154 0.000157 0.000308 0.000000 0.002214 0.993355 0.001422 0.001131 0.001260 0.000155 0.004316 0.021578 0.003853 0.011406 0.916307 0.013872 0.003699 0.023274 0.001695 0.004662 0.022675 0.004200 0.013081 0.908494 0.015551 0.004182 0.025194 0.001960 
0.000428 0.001284 0.000000 0.001713 0.994291 0.000571 0.000571 0.000999 0.000143 0.000455 0.001339 0.000000 0.002086 0.992905 0.000976 0.000590 0.001504 0.000144 0.007136 0.028400 0.004710 0.018553 0.892251 0.012987 0.004139 0.027972 0.003853 0.007604 0.030083 0.005034 0.020320 0.883563 0.014324 0.004437 0.030331 0.004303 
0.000132 0.001055 0.000132 0.001319 0.993931 0.000528 0.000264 0.002639 0.000000 0.000137 0.001249 0.000152 0.001874 0.992330 0.000690 0.000279 0.003290 0.000000 0.003694 0.031135 0.004354 0.022164 0.872032 0.021900 0.005145 0.034037 0.005541 0.004193 0.032771 0.004838 0.024170 0.861796 0.023693 0.005474 0.037083 0.005982 
0.000166 0.000830 0.000166 0.001494 0.993859 0.001162 0.000332 0.001660 0.000332 0.000172 0.001009 0.000186 0.001915 0.991720 0.001631 0.000544 0.002402 0.000421 0.003485 0.022573 0.004315 0.014606 0.907552 0.013278 0.003983 0.026722 0.003485 0.003771 0.023926 0.004752 0.016145 0.898741 0.015247 0.004380 0.029207 0.003831 
0.000374 0.000561 0.000187 0.000935 0.995139 0.001496 0.000561 0.000748 0.000000 0.000506 0.000570 0.000190 0.001136 0.993801 0.001819 0.000653 0.001324 0.000000 0.002804 0.023369 0.004300 0.010282 0.919050 0.009721 0.003552 0.022621 0.004300 0.003190 0.024700 0.004648 0.011567 0.911704 0.010876 0.003922 0.024606 0.004786 
0.000343 0.000685 0.000000 0.002056 0.993661 0.000857 0.000343 0.001713 0.000343 0.000408 0.000868 0.000000 0.003106 0.991169 0.001134 0.000351 0.002456 0.000507 0.003255 0.020559 0.004283 0.015248 0.911598 0.014048 0.004968 0.021244 0.004797 0.003699 0.021842 0.004737 0.017459 0.902525 0.015960 0.005311 0.023212 0.005254 
0.000362 0.001267 0.000181 0.001267 0.992395 0.001448 0.000543 0.002354 0.000181 0.000391 0.001986 0.000236 0.001703 0.989035 0.001820 0.000671 0.003924 0.000233 0.003440 0.017382 0.002173 0.010683 0.931559 0.009777 0.002897 0.018468 0.003621 0.003808 0.019181 0.002557 0.012596 0.921500 0.011174 0.003476 0.021734 0.003974 
0.000174 0.000869 0.000000 0.000869 0.994437 0.001391 0.000869 0.001217 0.000174 0.000173 0.001196 0.000000 0.000929 0.992380 0.001868 0.000930 0.002265 0.000257 0.003825 0.017907 0.002260 0.009040 0.933588 0.009040 0.003651 0.018081 0.002608 0.004142 0.019529 0.002373 0.009780 0.925608 0.010328 0.004040 0.021129 0.003071 
0.000000 0.000541 0.000000 0.001442 0.994951 0.001442 0.000361 0.000721 0.000541 0.000000 0.000629 0.000000 0.002007 0.993022 0.001742 0.000389 0.001402 0.000808 0.002344 0.014605 0.002885 0.009737 0.942120 0.009196 0.003787 0.013704 0.001623 0.002441 0.015978 0.003256 0.011241 0.935120 0.010164 0.004008 0.015489 0.002304 
0.000000 0.001436 0.000359 0.001257 0.992819 0.001795 0.000180 0.002154 0.000000 0.000000 0.001993 0.000497 0.001712 0.989086 0.002671 0.000191 0.003849 0.000000 0.004488 0.016158 0.002693 0.007361 0.942729 0.008438 0.002513 0.014004 0.001616 0.004909 0.017632 0.003031 0.008209 0.934285 0.010283 0.002782 0.017033 0.001834 
0.000000 0.000694 0.000000 0.000868 0.994966 0.001562 0.000521 0.001389 0.000000 0.000000 0.000780 0.000000 0.000985 0.993812 0.001990 0.000579 0.001855 0.000000 0.003472 0.016837 0.003298 0.010762 0.935775 0.010415 0.002083 0.014754 0.002604 0.003725 0.018197 0.003501 0.012068 0.929098 0.011534 0.002342 0.016718 0.002817 
0.000172 0.001030 0.000343 0.001889 0.992617 0.001717 0.000515 0.001717 0.000000 0.000172 0.001206 0.000382 0.002837 0.989880 0.002321 0.000540 0.002662 0.000000 0.003949 0.017685 0.003606 0.012534 0.926339 0.012191 0.004121 0.016312 0.003262 0.004180 0.018947 0.003910 0.015040 0.917642 0.013857 0.004361 0.018524 0.003538 
0.000357 0.001605 0.000000 0.001248 0.992155 0.001426 0.000535 0.002496 0.000178 0.000357 0.002150 0.000000 0.001566 0.988749 0.001731 0.000581 0.004683 0.000184 0.003922 0.021394 0.003031 0.011767 0.919059 0.010875 0.003922 0.022642 0.003387 0.004293 0.023130 0.003247 0.013213 0.909763 0.011987 0.004446 0.026211 0.003710 
0.000352 0.001233 0.000352 0.001233 0.993661 0.000704 0.000528 0.001409 0.000528 0.000375 0.001789 0.000690 0.001411 0.990914 0.000939 0.000768 0.002571 0.000544 0.004226 0.016728 0.003346 0.008804 0.930269 0.012502 0.003170 0.017961 0.002993 0.004623 0.018539 0.003980 0.010039 0.920915 0.014570 0.003565 0.020548 0.003221 
0.000000 0.001256 0.000897 0.001435 0.991746 0.001077 0.000538 0.002333 0.000718 0.000000 0.001492 0.001216 0.001762 0.988366 0.001602 0.000595 0.003787 0.001180 0.002512 0.018123 0.003768 0.009151 0.935582 0.008254 0.002333 0.017764 0.002512 0.002717 0.019849 0.004445 0.010299 0.926546 0.009453 0.002520 0.020975 0.003196 
0.000358 0.001073 0.000179 0.000715 0.994634 0.001252 0.000358 0.001431 0.000000 0.000358 0.001422 0.000179 0.000993 0.992702 0.001432 0.000421 0.002493 0.000000 0.002504 0.014309 0.002862 0.009837 0.937399 0.010374 0.003041 0.017170 0.002504 0.002940 0.015525 0.003434 0.010958 0.929168 0.011800 0.003196 0.020166 0.002814 
0.000177 0.000707 0.000000 0.001767 0.993463 0.002473 0.000530 0.000883 0.000000 0.000179 0.001048 0.000000 0.002258 0.991690 0.002978 0.000566 0.001280 0.000000 0.004417 0.017845 0.001590 0.007774 0.937633 0.010247 0.002650 0.015194 0.002650 0.004677 0.019240 0.001806 0.008884 0.931284 0.011687 0.002769 0.016807 0.002846 
0.000171 0.002047 0.000000 0.001536 0.992322 0.000682 0.000000 0.003071 0.000171 0.000182 0.002493 0.000000 0.002019 0.989650 0.000900 0.000000 0.004563 0.000194 0.005460 0.019109 0.004777 0.011773 0.927657 0.008190 0.002901 0.016209 0.003924 0.006020 0.020868 0.005452 0.013294 0.918289 0.009407 0.003088 0.019164 0.004418 
0.000608 0.002583 0.000000 0.001975 0.991491 0.001216 0.000456 0.001368 0.000304 0.000767 0.002754 0.000000 0.002189 0.990052 0.001880 0.000495 0.001535 0.000328 0.007142 0.029935 0.003343 0.015347 0.899103 0.011700 0.004711 0.024009 0.004711 0.007761 0.031673 0.003701 0.016997 0.890034 0.013571 0.005274 0.025871 0.005117 
0.000000 0.001903 0.000476 0.002061 0.991597 0.002061 0.000476 0.001427 0.000000 0.000000 0.002532 0.000566 0.002694 0.988955 0.002525 0.000500 0.002229 0.000000 0.004281 0.023466 0.005708 0.013636 0.910417 0.010782 0.005232 0.023149 0.003330 0.004606 0.025708 0.006349 0.015090 0.900700 0.012459 0.005531 0.025817 0.003739 
0.000000 0.000661 0.000165 0.000826 0.993557 0.001652 0.000826 0.002148 0.000165 0.000000 0.000887 0.000168 0.001004 0.991754 0.001866 0.000875 0.003201 0.000245 0.002809 0.020651 0.004461 0.009912 0.924996 0.010573 0.004461 0.018503 0.003635 0.002998 0.022136 0.004965 0.010783 0.917600 0.012101 0.004892 0.020524 0.004001 
0.000000 0.002217 0.000512 0.001364 0.991814 0.001535 0.000853 0.001535 0.000171 0.000000 0.002458 0.000729 0.002131 0.989248 0.002185 0.000923 0.002144 0.000182 0.003411 0.022851 0.003240 0.009379 0.923772 0.009379 0.004945 0.020805 0.002217 0.003619 0.024506 0.003626 0.010838 0.915747 0.010928 0.005238 0.023134 0.002363 
0.000176 0.000353 0.000176 0.000353 0.995588 0.001412 0.000529 0.001412 0.000000 0.000176 0.000354 0.000201 0.000525 0.994274 0.001700 0.000618 0.002151 0.000000 0.003529 0.017822 0.002294 0.006882 0.934357 0.007411 0.003882 0.020646 0.003176 0.003837 0.018872 0.002585 0.007670 0.927809 0.008399 0.004245 0.023056 0.003526 
0.000000 0.000708 0.000177 0.002301 0.993450 0.001062 0.000354 0.001770 0.000177 0.000000 0.000886 0.000179 0.003426 0.990976 0.001196 0.000399 0.002760 0.000178 0.002832 0.017348 0.003894 0.011683 0.931846 0.008497 0.003717 0.017348 0.002832 0.003070 0.018615 0.004182 0.013842 0.923469 0.009427 0.004230 0.019939 0.003225 
0.000165 0.000825 0.000495 0.002476 0.992243 0.001320 0.000495 0.001981 0.000000 0.000366 0.000980 0.000514 0.003277 0.989452 0.001955 0.000553 0.002903 0.000000 0.004951 0.020135 0.003631 0.011883 0.924080 0.011883 0.003961 0.017495 0.001981 0.005447 0.021999 0.003906 0.014137 0.914767 0.013438 0.004381 0.019583 0.002342 
0.000180 0.000901 0.000000 0.002341 0.992976 0.001441 0.000540 0.001621 0.000000 0.000192 0.001076 0.000000 0.003098 0.990491 0.001748 0.000603 0.002792 0.000000 0.004683 0.021434 0.003963 0.012608 0.921830 0.009186 0.003422 0.019813 0.003062 0.005162 0.022581 0.004346 0.014574 0.913152 0.010342 0.003916 0.022455 0.003472 
0.000000 0.001537 0.000171 0.002732 0.990951 0.001195 0.000171 0.003073 0.000171 0.000000 0.001801 0.000173 0.003681 0.987217 0.001759 0.000177 0.004973 0.000220 0.002049 0.021513 0.003927 0.011269 0.926071 0.009049 0.002390 0.021001 0.002732 0.002189 0.023268 0.004307 0.013067 0.916544 0.010544 0.002603 0.024416 0.003062 
0.000167 0.001336 0.000000 0.000167 0.996493 0.000501 0.000167 0.001169 0.000000 0.000168 0.001701 0.000000 0.000207 0.995206 0.000711 0.000167 0.001840 0.000000 0.003006 0.023547 0.004342 0.010020 0.922846 0.007348 0.004342 0.019205 0.005344 0.003342 0.025295 0.004776 0.010940 0.915283 0.008432 0.004676 0.021455 0.005801 
0.000000 0.000495 0.000000 0.001982 0.995706 0.001156 0.000000 0.000661 0.000000 0.000000 0.000654 0.000000 0.002686 0.993843 0.001689 0.000000 0.001128 0.000000 0.003468 0.028737 0.003468 0.010239 0.915111 0.007432 0.002147 0.025599 0.003799 0.003684 0.030486 0.003777 0.011850 0.907353 0.008670 0.002287 0.027713 0.004180 
0.000161 0.000967 0.000000 0.000645 0.994680 0.001128 0.000161 0.001935 0.000322 0.000161 0.001187 0.000000 0.000988 0.992298 0.001599 0.000165 0.003061 0.000542 0.003547 0.024665 0.003224 0.010479 0.913268 0.012575 0.003385 0.025794 0.003063 0.003872 0.026280 0.003444 0.011728 0.904295 0.014615 0.003656 0.028553 0.003556 
0.000151 0.001656 0.000301 0.001204 0.993074 0.001054 0.000753 0.001506 0.000301 0.000334 0.001670 0.000309 0.001827 0.991293 0.001202 0.000816 0.002174 0.000376 0.006775 0.036134 0.004667 0.013851 0.887986 0.012948 0.004366 0.028154 0.005119 0.007442 0.038268 0.005110 0.015666 0.877927 0.014314 0.004714 0.031007 0.005552 
0.000000 0.001579 0.000316 0.001421 0.992263 0.001737 0.000632 0.001579 0.000474 0.000000 0.001865 0.000412 0.002012 0.989455 0.002552 0.000691 0.002488 0.000524 0.004105 0.033791 0.004579 0.012632 0.896574 0.011843 0.004737 0.028423 0.003316 0.004422 0.035990 0.005162 0.014413 0.886635 0.013548 0.005106 0.030879 0.003844 
0.000000 0.000511 0.000000 0.001532 0.993702 0.001532 0.000340 0.002043 0.000340 0.000000 0.000670 0.000000 0.002231 0.991178 0.002036 0.000425 0.003106 0.000354 0.002723 0.025021 0.002894 0.010723 0.920000 0.009191 0.005447 0.022468 0.001532 0.002939 0.026198 0.003283 0.012372 0.911587 0.010803 0.005951 0.025108 0.001757 
0.000000 0.001008 0.000000 0.000840 0.995298 0.001008 0.000000 0.001847 0.000000 0.000000 0.001330 0.000000 0.000884 0.993578 0.001210 0.000000 0.002998 0.000000 0.002183 0.020151 0.003359 0.009740 0.922922 0.010915 0.003023 0.025021 0.002687 0.002511 0.021400 0.003588 0.010988 0.915004 0.012653 0.003166 0.027743 0.002948 
0.000167 0.000833 0.000000 0.001666 0.993334 0.001833 0.000000 0.002000 0.000167 0.000171 0.001229 0.000000 0.002227 0.990571 0.002627 0.000000 0.002929 0.000247 0.003166 0.021663 0.003499 0.009498 0.920013 0.011165 0.002500 0.024663 0.003833 0.003449 0.023265 0.003723 0.010739 0.911691 0.013214 0.002708 0.026915 0.004297 
0.000000 0.000825 0.000000 0.001815 0.994556 0.000990 0.000330 0.001485 0.000000 0.000000 0.000844 0.000000 0.002093 0.993179 0.001345 0.000358 0.002182 0.000000 0.002145 0.026064 0.003299 0.011052 0.924447 0.007753 0.002804 0.020290 0.002145 0.002273 0.027403 0.003679 0.012244 0.917613 0.008960 0.003078 0.022434 0.002316 
0.000000 0.001456 0.000162 0.001618 0.992395 0.001942 0.000000 0.002265 0.000162 0.000000 0.001549 0.000164 0.002306 0.989039 0.002944 0.000000 0.003758 0.000239 0.003560 0.024595 0.002589 0.013592 0.912460 0.011327 0.002427 0.026375 0.003074 0.003765 0.026001 0.002815 0.015438 0.902682 0.013368 0.002686 0.029849 0.003396 
0.000162 0.001294 0.000647 0.001618 0.991425 0.001456 0.000485 0.002750 0.000162 0.000359 0.001919 0.000976 0.001940 0.987425 0.001988 0.000799 0.004236 0.000359 0.003721 0.024268 0.002912 0.012619 0.910370 0.013105 0.003721 0.025886 0.003398 0.004234 0.026201 0.003533 0.014283 0.899296 0.014775 0.004375 0.029442 0.003861 
0.000315 0.001261 0.000158 0.000631 0.995271 0.000788 0.000315 0.000946 0.000315 0.000365 0.001559 0.000163 0.000986 0.993522 0.001029 0.000519 0.001444 0.000413 0.006148 0.025221 0.002837 0.010088 0.904161 0.012295 0.003941 0.031841 0.003468 0.006642 0.026875 0.003052 0.011525 0.895689 0.013545 0.004430 0.034462 0.003781 
0.000906 0.001661 0.000151 0.001510 0.992297 0.000302 0.000151 0.002417 0.000604 0.000990 0.002542 0.000168 0.001959 0.989013 0.000462 0.000151 0.004018 0.000697 0.006646 0.022957 0.002417 0.011630 0.902281 0.011177 0.005135 0.030509 0.007250 0.007134 0.025142 0.002614 0.013420 0.891660 0.012424 0.005570 0.033750 0.008287 
0.002063 0.001428 0.000000 0.000635 0.992382 0.000952 0.000476 0.001746 0.000317 0.002206 0.001504 0.000000 0.000848 0.990495 0.001484 0.000525 0.002618 0.000320 0.007935 0.022377 0.002222 0.010475 0.907316 0.011109 0.003650 0.028884 0.006031 0.008672 0.023372 0.002443 0.011534 0.899234 0.012845 0.003985 0.031305 0.006611 
0.000156 0.001250 0.000156 0.001562 0.992971 0.001718 0.000312 0.001093 0.000781 0.000347 0.001447 0.000347 0.002095 0.990212 0.002059 0.000340 0.001847 0.001307 0.006717 0.024836 0.001874 0.009684 0.918151 0.007654 0.002343 0.023274 0.005467 0.007323 0.026589 0.002340 0.011091 0.909649 0.008387 0.002518 0.025607 0.006497 
0.000314 0.001569 0.000000 0.001569 0.992000 0.001412 0.000157 0.002667 0.000314 0.000335 0.002240 0.000000 0.002253 0.988848 0.002080 0.000161 0.003762 0.000321 0.005020 0.023373 0.002510 0.011137 0.917020 0.009255 0.002353 0.024941 0.004392 0.005344 0.025651 0.002764 0.013019 0.907353 0.010915 0.002526 0.027669 0.004759 
0.000958 0.000958 0.000319 0.001916 0.992336 0.001756 0.000160 0.001437 0.000160 0.001047 0.000965 0.000335 0.002401 0.990600 0.002590 0.000355 0.001542 0.000165 0.005748 0.028900 0.003513 0.011017 0.902443 0.009740 0.003832 0.029060 0.005748 0.006301 0.030273 0.003859 0.013017 0.893333 0.011595 0.004504 0.030852 0.006266 
0.000311 0.001867 0.000000 0.001089 0.993312 0.000933 0.000311 0.002022 0.000156 0.000340 0.002228 0.000000 0.001446 0.990827 0.001458 0.000415 0.003128 0.000158 0.005755 0.024576 0.002489 0.009177 0.913050 0.009177 0.002022 0.029709 0.004044 0.006215 0.026314 0.002884 0.010735 0.904125 0.010371 0.002323 0.032601 0.004432 
0.000153 0.000764 0.000153 0.001070 0.995261 0.001223 0.000459 0.000917 0.000000 0.000158 0.001081 0.000162 0.001497 0.993541 0.001744 0.000511 0.001306 0.000000 0.005962 0.028589 0.001835 0.009326 0.913928 0.007644 0.003211 0.026296 0.003211 0.006425 0.030473 0.002004 0.010649 0.906118 0.008924 0.003571 0.028322 0.003513 
0.000511 0.001705 0.000341 0.001364 0.992840 0.000682 0.000170 0.002046 0.000341 0.000527 0.002233 0.000349 0.002003 0.989929 0.000936 0.000187 0.003419 0.000417 0.004432 0.028810 0.000682 0.008865 0.921071 0.007842 0.002216 0.022673 0.003409 0.004740 0.031013 0.000742 0.010595 0.912220 0.008902 0.002415 0.025617 0.003755 
0.000000 0.001073 0.000153 0.001380 0.994327 0.001227 0.000307 0.001380 0.000153 0.000000 0.001528 0.000169 0.001849 0.991810 0.001776 0.000312 0.002402 0.000154 0.003987 0.019779 0.001840 0.010426 0.927323 0.007360 0.003067 0.022539 0.003680 0.004232 0.021446 0.001999 0.011920 0.919205 0.008599 0.003568 0.025041 0.003990 
0.001034 0.001182 0.000000 0.001477 0.992173 0.001034 0.000295 0.002068 0.000738 0.001093 0.001226 0.000000 0.001706 0.990394 0.001556 0.000339 0.002848 0.000840 0.005908 0.025698 0.002511 0.012997 0.913454 0.008714 0.002363 0.024959 0.003397 0.006535 0.027172 0.002689 0.014631 0.904663 0.010188 0.002803 0.027504 0.003815 
0.000134 0.001875 0.000134 0.001339 0.992901 0.000670 0.000402 0.002411 0.000134 0.000135 0.002256 0.000134 0.001578 0.990462 0.000871 0.000630 0.003772 0.000163 0.005358 0.031610 0.003081 0.018484 0.882400 0.017144 0.004554 0.031878 0.005492 0.005729 0.033640 0.003546 0.020317 0.871929 0.018815 0.005017 0.034857 0.006151 
0.000365 0.001703 0.000000 0.001095 0.993676 0.000608 0.000365 0.002068 0.000122 0.000381 0.001974 0.000000 0.001514 0.991848 0.000773 0.000367 0.003010 0.000131 0.003527 0.032474 0.003284 0.017636 0.885916 0.019946 0.004135 0.027852 0.005230 0.003903 0.034760 0.003452 0.019444 0.875811 0.021688 0.004469 0.030738 0.005733 
0.000594 0.001633 0.000000 0.002227 0.993022 0.000742 0.000148 0.001485 0.000148 0.000665 0.001712 0.000000 0.002867 0.991277 0.000808 0.000177 0.002336 0.000159 0.003415 0.026281 0.001782 0.013066 0.913289 0.009800 0.003118 0.024647 0.004603 0.003740 0.027725 0.001897 0.015166 0.904920 0.010741 0.003424 0.027245 0.005142 
0.001978 0.001674 0.000000 0.002282 0.989957 0.000761 0.000456 0.001826 0.001065 0.002152 0.001902 0.000000 0.002915 0.987654 0.000962 0.000476 0.002779 0.001158 0.007608 0.024041 0.002587 0.008369 0.915703 0.008369 0.002282 0.025715 0.005326 0.008273 0.026144 0.002831 0.010101 0.906615 0.009542 0.002434 0.028268 0.005791 
0.000692 0.002352 0.000000 0.000968 0.991561 0.000830 0.000138 0.001799 0.001660 0.000875 0.002613 0.000000 0.001297 0.990099 0.001014 0.000158 0.002135 0.001809 0.006502 0.036248 0.002767 0.012452 0.882263 0.010376 0.003182 0.039568 0.006641 0.007134 0.037877 0.003141 0.014148 0.872887 0.011819 0.003534 0.042034 0.007428 
0.000673 0.002963 0.000269 0.000943 0.990035 0.001347 0.000135 0.002289 0.001347 0.000679 0.003269 0.000281 0.001108 0.988505 0.001859 0.000152 0.002681 0.001466 0.007002 0.050364 0.004579 0.010638 0.853757 0.010773 0.004713 0.049556 0.008618 0.007666 0.052690 0.005093 0.012548 0.842668 0.012583 0.005028 0.052266 0.009458 
0.000256 0.003717 0.000256 0.000897 0.990003 0.001154 0.000385 0.002307 0.001025 0.000269 0.003893 0.000267 0.001096 0.988942 0.001339 0.000485 0.002618 0.001092 0.008075 0.059087 0.005511 0.012176 0.834914 0.010382 0.003845 0.058318 0.007690 0.008705 0.061052 0.006209 0.014004 0.825112 0.011317 0.004293 0.060942 0.008366 
0.000987 0.005553 0.000123 0.001234 0.987042 0.000370 0.000247 0.003702 0.000740 0.001033 0.006028 0.000127 0.001694 0.985287 0.000383 0.000259 0.004205 0.000984 0.009626 0.068987 0.006294 0.011477 0.817598 0.012711 0.004443 0.063186 0.005677 0.010438 0.071549 0.006995 0.013053 0.807112 0.013929 0.004815 0.065715 0.006394 
0.000860 0.001578 0.000287 0.001004 0.992829 0.001147 0.000143 0.001578 0.000574 0.000968 0.001765 0.000462 0.001332 0.991150 0.001587 0.000154 0.001973 0.000610 0.006597 0.040585 0.004589 0.010326 0.879249 0.010469 0.004159 0.038147 0.005880 0.007223 0.042635 0.005199 0.011809 0.870025 0.011822 0.004494 0.040477 0.006315 
0.000308 0.001696 0.000000 0.001234 0.993524 0.001696 0.000000 0.001542 0.000000 0.000346 0.001962 0.000000 0.001776 0.991095 0.002531 0.000000 0.002290 0.000000 0.004626 0.033153 0.002313 0.012182 0.900694 0.009715 0.002621 0.031611 0.003084 0.005091 0.035120 0.002598 0.013848 0.890878 0.011800 0.002832 0.034350 0.003483 
0.000302 0.000755 0.000302 0.000604 0.995167 0.000604 0.000151 0.001812 0.000302 0.000317 0.000940 0.000305 0.000630 0.994536 0.000792 0.000156 0.001981 0.000343 0.002719 0.037155 0.003021 0.009364 0.900468 0.010572 0.002568 0.031113 0.003021 0.002903 0.039003 0.003249 0.010251 0.893336 0.011880 0.002778 0.033177 0.003424 
0.000146 0.001170 0.000000 0.001609 0.993710 0.001170 0.000000 0.001902 0.000293 0.000147 0.001190 0.000000 0.001983 0.992891 0.001369 0.000000 0.002111 0.000309 0.005120 0.041545 0.004389 0.015506 0.872001 0.014190 0.004389 0.037303 0.005559 0.005430 0.043371 0.004668 0.017096 0.862615 0.015813 0.004909 0.040002 0.006095 
0.000291 0.002326 0.000145 0.001745 0.992149 0.001745 0.000291 0.001309 0.000000 0.000304 0.002684 0.000323 0.002222 0.989868 0.002519 0.000315 0.001765 0.000000 0.004943 0.037220 0.003489 0.013231 0.887322 0.010032 0.004216 0.035185 0.004362 0.005224 0.039365 0.004011 0.014670 0.877991 0.011785 0.004732 0.037447 0.004775 
0.000139 0.000697 0.000000 0.000837 0.995816 0.000697 0.000279 0.001534 0.000000 0.000147 0.000719 0.000000 0.000912 0.995027 0.000880 0.000295 0.002020 0.000000 0.002510 0.041144 0.003487 0.011158 0.884240 0.011994 0.002789 0.038633 0.004045 0.002714 0.042996 0.003716 0.012390 0.876362 0.013415 0.003012 0.041006 0.004388 
0.000136 0.001907 0.000000 0.000545 0.995369 0.000409 0.000000 0.001498 0.000136 0.000137 0.002003 0.000000 0.000645 0.994634 0.000573 0.000000 0.001870 0.000138 0.003677 0.040180 0.002996 0.012258 0.891719 0.008853 0.002724 0.035004 0.002588 0.004030 0.042153 0.003260 0.013332 0.883731 0.009941 0.002962 0.037794 0.002797 
0.000000 0.001975 0.000000 0.001053 0.993679 0.000658 0.000263 0.002239 0.000132 0.000000 0.002116 0.000000 0.001312 0.992435 0.000819 0.000285 0.002901 0.000132 0.004214 0.039637 0.001580 0.013563 0.887938 0.010535 0.002239 0.037003 0.003292 0.004616 0.041610 0.001796 0.015050 0.879127 0.011787 0.002405 0.039946 0.003664 
0.000000 0.001356 0.000370 0.000863 0.994575 0.000617 0.000370 0.001850 0.000000 0.000000 0.001498 0.000443 0.001078 0.992896 0.000833 0.000444 0.002809 0.000000 0.005302 0.039211 0.002713 0.011591 0.886930 0.012207 0.002589 0.035265 0.004192 0.005694 0.040955 0.003048 0.012555 0.878483 0.013525 0.002981 0.038067 0.004692 
0.000671 0.003018 0.000335 0.002012 0.987035 0.002012 0.000112 0.004359 0.000447 0.000732 0.003569 0.000343 0.002254 0.983135 0.002484 0.000122 0.006762 0.000600 0.011289 0.053761 0.003577 0.035319 0.784732 0.030960 0.008047 0.063038 0.009277 0.011971 0.056523 0.003857 0.037888 0.769228 0.033411 0.008653 0.068193 0.010275 
0.000612 0.004286 0.000245 0.001592 0.987142 0.002327 0.000367 0.003061 0.000367 0.000768 0.004774 0.000265 0.001897 0.984166 0.002654 0.000374 0.004702 0.000398 0.008817 0.051065 0.006000 0.031472 0.804800 0.029023 0.007225 0.052657 0.008940 0.009470 0.053872 0.006610 0.033659 0.790780 0.031127 0.007634 0.056984 0.009863 
0.001566 0.004699 0.000783 0.005951 0.968363 0.008144 0.000470 0.008771 0.001253 0.002061 0.005627 0.001023 0.007013 0.957721 0.010935 0.000500 0.013438 0.001682 0.013626 0.066875 0.010807 0.026938 0.756304 0.033516 0.010807 0.069225 0.011903 0.015206 0.069509 0.011809 0.029497 0.734749 0.038328 0.011436 0.076542 0.012924 
0.000323 0.002749 0.000323 0.002749 0.988197 0.000647 0.000647 0.004042 0.000323 0.000329 0.003314 0.000336 0.003466 0.983897 0.000824 0.000675 0.006581 0.000577 0.008731 0.041714 0.006629 0.022635 0.848828 0.020372 0.005982 0.036217 0.008892 0.009447 0.044126 0.006987 0.025123 0.835688 0.022176 0.006323 0.040347 0.009782 
0.000000 0.001984 0.000331 0.001818 0.992561 0.000992 0.000165 0.002149 0.000000 0.000000 0.002745 0.000352 0.002079 0.989919 0.001477 0.000179 0.003248 0.000000 0.002314 0.025789 0.002645 0.016036 0.917176 0.008596 0.003802 0.021326 0.002314 0.002456 0.028028 0.002868 0.018224 0.907342 0.010431 0.004089 0.023977 0.002584 
0.000000 0.000349 0.000349 0.000697 0.995466 0.000697 0.000523 0.001744 0.000174 0.000000 0.000557 0.000370 0.000798 0.993991 0.000762 0.000537 0.002803 0.000183 0.001744 0.019180 0.001918 0.009590 0.936879 0.008370 0.002092 0.017611 0.002616 0.001936 0.020311 0.002144 0.010974 0.930272 0.009233 0.002309 0.019982 0.002838 
0.000173 0.001381 0.000000 0.001381 0.992575 0.001554 0.000863 0.001899 0.000173 0.000207 0.001391 0.000000 0.001702 0.990734 0.002162 0.000953 0.002673 0.000177 0.001554 0.024003 0.002763 0.011224 0.925574 0.007943 0.003799 0.021067 0.002072 0.001679 0.025346 0.002960 0.013013 0.917759 0.009612 0.004109 0.023278 0.002245 
0.000170 0.000852 0.000170 0.000000 0.995056 0.000852 0.000511 0.002387 0.000000 0.000379 0.000920 0.000181 0.000000 0.992991 0.001137 0.000535 0.003856 0.000000 0.002216 0.019434 0.002557 0.007842 0.930617 0.008012 0.004091 0.021821 0.003409 0.002660 0.020506 0.002793 0.008947 0.922821 0.009247 0.004424 0.024703 0.003898 
0.000000 0.001333 0.000167 0.000167 0.995335 0.001000 0.000167 0.001833 0.000000 0.000000 0.001429 0.000215 0.000166 0.993477 0.001634 0.000179 0.002899 0.000000 0.003166 0.019993 0.004332 0.009830 0.928357 0.007831 0.002666 0.022159 0.001666 0.003498 0.021673 0.004745 0.010691 0.921004 0.009151 0.002823 0.024602 0.001812 
0.000504 0.000840 0.000168 0.001345 0.994621 0.000672 0.000000 0.001681 0.000168 0.000680 0.001199 0.000171 0.001787 0.992703 0.000876 0.000000 0.002416 0.000169 0.001849 0.021516 0.004034 0.009413 0.933602 0.005715 0.002690 0.019499 0.001681 0.002251 0.023037 0.004393 0.010819 0.926751 0.006401 0.002828 0.021712 0.001808 
0.000163 0.000976 0.000163 0.001138 0.995772 0.000488 0.000000 0.001301 0.000000 0.000205 0.001153 0.000164 0.001368 0.994198 0.000687 0.000000 0.002226 0.000000 0.003578 0.024882 0.002927 0.009595 0.922589 0.008619 0.003903 0.022605 0.001301 0.003867 0.026573 0.003182 0.010627 0.915938 0.009556 0.004267 0.024601 0.001388 
0.000000 0.001212 0.000173 0.000693 0.995151 0.001212 0.000346 0.001212 0.000000 0.000000 0.001443 0.000187 0.001183 0.992928 0.001765 0.000579 0.001914 0.000000 0.001732 0.020610 0.001732 0.007274 0.936786 0.007794 0.004849 0.017319 0.001905 0.001908 0.022059 0.001992 0.008329 0.929890 0.009294 0.005409 0.019052 0.002068 
0.000000 0.001736 0.000000 0.001562 0.993925 0.000868 0.000347 0.001562 0.000000 0.000000 0.002433 0.000000 0.002162 0.990828 0.001563 0.000385 0.002629 0.000000 0.002083 0.018747 0.002257 0.007638 0.943933 0.005555 0.002083 0.016143 0.001562 0.002253 0.020634 0.002525 0.008943 0.936236 0.006755 0.002228 0.018766 0.001661 
0.000000 0.001033 0.000000 0.000861 0.995350 0.001033 0.000000 0.001550 0.000172 0.000000 0.001198 0.000000 0.001388 0.992965 0.001494 0.000000 0.002700 0.000255 0.002411 0.019807 0.003445 0.006028 0.940923 0.007062 0.001895 0.016018 0.002411 0.002598 0.020988 0.003729 0.007112 0.934500 0.008462 0.002011 0.017938 0.002662 
0.000000 0.000531 0.000000 0.001063 0.994509 0.001063 0.000354 0.002480 0.000000 0.000000 0.000866 0.000000 0.001306 0.990921 0.001793 0.000586 0.004527 0.000000 0.001948 0.017003 0.002303 0.009564 0.936415 0.007439 0.002480 0.021254 0.001594 0.002058 0.018208 0.002512 0.011186 0.927912 0.009018 0.002840 0.024580 0.001685 
0.000170 0.000510 0.000000 0.001189 0.995582 0.000340 0.000170 0.001869 0.000170 0.000173 0.000671 0.000000 0.001463 0.993677 0.000393 0.000377 0.003071 0.000175 0.002379 0.021410 0.003059 0.008666 0.935089 0.006967 0.003229 0.017672 0.001529 0.002678 0.022566 0.003367 0.009909 0.927971 0.007656 0.003850 0.020272 0.001732 
0.000000 0.001791 0.000000 0.001303 0.992347 0.000326 0.000651 0.003094 0.000489 0.000000 0.002160 0.000000 0.001895 0.989475 0.000633 0.000746 0.004590 0.000501 0.004071 0.034522 0.003745 0.010747 0.898062 0.005211 0.003420 0.035173 0.005048 0.004500 0.036367 0.004171 0.012398 0.888912 0.005824 0.003780 0.038436 0.005611 
0.000441 0.003086 0.000294 0.000882 0.990303 0.001469 0.000294 0.002498 0.000735 0.000445 0.003159 0.000303 0.001141 0.989266 0.001638 0.000299 0.002975 0.000773 0.007053 0.052601 0.003967 0.011167 0.849545 0.011460 0.004408 0.052013 0.007787 0.007762 0.054200 0.004356 0.012479 0.840008 0.012999 0.004849 0.054884 0.008463 
0.001298 0.003029 0.000577 0.000288 0.989182 0.000865 0.000433 0.003462 0.000865 0.001349 0.003276 0.000589 0.000427 0.987067 0.001313 0.000463 0.004617 0.000899 0.009087 0.050339 0.004327 0.011683 0.854031 0.013414 0.004039 0.045146 0.007933 0.009907 0.052357 0.004703 0.013253 0.843654 0.014978 0.004404 0.048266 0.008479 
0.000432 0.001729 0.000144 0.000720 0.992364 0.001153 0.000432 0.002593 0.000432 0.000457 0.002070 0.000149 0.001065 0.990516 0.001462 0.000438 0.003379 0.000463 0.005475 0.049849 0.002881 0.012966 0.868751 0.009077 0.004754 0.040340 0.005907 0.005866 0.052198 0.003141 0.014755 0.859148 0.010559 0.005258 0.042692 0.006383 
0.000578 0.002456 0.000000 0.001878 0.991186 0.000722 0.000144 0.002456 0.000578 0.000595 0.003111 0.000000 0.002541 0.988818 0.000744 0.000168 0.003386 0.000637 0.008958 0.037278 0.003757 0.012570 0.878197 0.011992 0.004046 0.036844 0.006357 0.009708 0.039753 0.004024 0.014639 0.867410 0.013225 0.004464 0.039531 0.007246 
0.000879 0.003222 0.000146 0.001025 0.989454 0.001025 0.000146 0.003222 0.000879 0.000944 0.003471 0.000325 0.001274 0.987657 0.001070 0.000151 0.003983 0.001124 0.007470 0.038524 0.003076 0.010693 0.885894 0.010546 0.003369 0.033836 0.006591 0.008103 0.040673 0.003623 0.011838 0.876563 0.011494 0.003714 0.036476 0.007515 
0.000478 0.003505 0.000159 0.000797 0.991396 0.000956 0.000319 0.002071 0.000319 0.000579 0.004073 0.000159 0.000969 0.989288 0.001305 0.000342 0.002950 0.000335 0.006851 0.036170 0.003665 0.010835 0.892925 0.010835 0.002709 0.028681 0.007330 0.007650 0.039080 0.004177 0.012011 0.882270 0.012410 0.002980 0.031459 0.007964 
0.001390 0.002007 0.000000 0.000618 0.992744 0.000618 0.000463 0.002007 0.000154 0.001467 0.002602 0.000000 0.000947 0.990439 0.000733 0.000488 0.002981 0.000343 0.008337 0.031959 0.001853 0.008028 0.907056 0.009264 0.001853 0.025938 0.005713 0.008834 0.034544 0.001955 0.009344 0.897845 0.010473 0.002026 0.028636 0.006344 
0.000642 0.000803 0.000000 0.000642 0.994703 0.001605 0.000161 0.001284 0.000161 0.000690 0.000966 0.000000 0.000744 0.993313 0.002138 0.000163 0.001815 0.000171 0.004013 0.022472 0.001445 0.008186 0.929695 0.007384 0.001284 0.020706 0.004815 0.004239 0.023886 0.001617 0.009386 0.922799 0.008858 0.001350 0.022661 0.005204 
0.000321 0.001603 0.000321 0.000641 0.993108 0.001282 0.000160 0.002565 0.000000 0.000325 0.001912 0.000423 0.000758 0.990606 0.001806 0.000231 0.003940 0.000000 0.003526 0.022119 0.000801 0.007373 0.931560 0.006892 0.002885 0.020837 0.004007 0.003848 0.023317 0.001062 0.008786 0.923603 0.008142 0.003122 0.023696 0.004424 
0.000000 0.000470 0.000000 0.001096 0.995147 0.000783 0.000313 0.002035 0.000157 0.000000 0.000509 0.000000 0.001343 0.993660 0.001232 0.000359 0.002731 0.000165 0.003914 0.031152 0.001879 0.007827 0.922041 0.004227 0.002974 0.024264 0.001722 0.004264 0.032760 0.002085 0.009156 0.914378 0.005200 0.003288 0.026858 0.002011 
0.000000 0.001786 0.000487 0.000974 0.992855 0.001462 0.000487 0.001949 0.000000 0.000000 0.002101 0.000709 0.001630 0.989617 0.002243 0.000717 0.002982 0.000000 0.001786 0.024521 0.002598 0.008120 0.927087 0.007470 0.001949 0.024683 0.001786 0.001907 0.025998 0.003181 0.009429 0.918781 0.009167 0.002311 0.027276 0.001950 
0.000156 0.000936 0.000000 0.000936 0.994381 0.000936 0.000624 0.001561 0.000468 0.000185 0.001270 0.000000 0.001310 0.992351 0.001293 0.000825 0.002260 0.000507 0.003746 0.030435 0.001561 0.010457 0.914469 0.008428 0.002966 0.025441 0.002497 0.004016 0.032476 0.001833 0.011872 0.906264 0.009704 0.003386 0.027591 0.002859 
0.000158 0.001584 0.000000 0.000475 0.995883 0.000633 0.000000 0.000950 0.000317 0.000192 0.002000 0.000000 0.000624 0.994798 0.000831 0.000000 0.001215 0.000339 0.002059 0.024703 0.001900 0.009026 0.926683 0.007601 0.002217 0.022803 0.003009 0.002364 0.026422 0.002182 0.010093 0.919542 0.008758 0.002444 0.024932 0.003264 
0.000000 0.001434 0.000159 0.000797 0.995219 0.000797 0.000159 0.001275 0.000159 0.000000 0.001517 0.000166 0.001003 0.994040 0.001150 0.000180 0.001778 0.000166 0.002869 0.025498 0.002390 0.008127 0.918566 0.009721 0.002869 0.026614 0.003347 0.003067 0.027069 0.002617 0.009298 0.911114 0.011212 0.003069 0.028812 0.003742 
0.000162 0.001940 0.000162 0.000970 0.994989 0.000647 0.000000 0.000970 0.000162 0.000171 0.002048 0.000186 0.001346 0.993454 0.000891 0.000000 0.001737 0.000167 0.003071 0.026673 0.002263 0.008083 0.922082 0.007598 0.000970 0.027320 0.001940 0.003385 0.028110 0.002452 0.009494 0.914379 0.008803 0.001099 0.030028 0.002250 
0.000000 0.000659 0.000165 0.001319 0.994230 0.000989 0.000165 0.002308 0.000165 0.000000 0.000975 0.000169 0.001602 0.991691 0.001527 0.000172 0.003583 0.000280 0.003627 0.023409 0.001319 0.008737 0.929113 0.007418 0.001154 0.023244 0.001978 0.004024 0.024557 0.001437 0.010221 0.920835 0.008895 0.001275 0.026394 0.002361 
0.000161 0.000963 0.000000 0.000482 0.996147 0.000642 0.000482 0.001124 0.000000 0.000176 0.000997 0.000000 0.000627 0.995196 0.000861 0.000521 0.001623 0.000000 0.003532 0.029218 0.001926 0.007866 0.920212 0.007224 0.003050 0.025044 0.001926 0.003732 0.030428 0.002108 0.009027 0.913719 0.008417 0.003444 0.027004 0.002122 
0.000324 0.000324 0.000000 0.000810 0.995788 0.001134 0.000162 0.001296 0.000162 0.000339 0.000478 0.000000 0.001101 0.994102 0.001487 0.000164 0.002117 0.000211 0.001782 0.024623 0.002268 0.005994 0.933258 0.006966 0.002106 0.020249 0.002754 0.001951 0.026066 0.002497 0.007205 0.925309 0.008564 0.002436 0.022757 0.003215 
0.000160 0.000961 0.000160 0.001601 0.994396 0.000961 0.000320 0.001441 0.000000 0.000163 0.001037 0.000166 0.002198 0.993134 0.001179 0.000377 0.001745 0.000000 0.002402 0.024656 0.003362 0.008005 0.926833 0.007685 0.001441 0.022414 0.003202 0.002587 0.026369 0.003791 0.009350 0.919455 0.008938 0.001595 0.024433 0.003482 
0.000158 0.001262 0.000000 0.000947 0.993532 0.001262 0.000631 0.001893 0.000316 0.000350 0.001375 0.000000 0.001169 0.991831 0.001538 0.000671 0.002727 0.000339 0.003155 0.023821 0.001893 0.009150 0.924752 0.008676 0.001893 0.024610 0.002051 0.003567 0.025285 0.002085 0.010473 0.917319 0.009849 0.002073 0.027066 0.002285 
0.000154 0.002460 0.000307 0.000769 0.993082 0.000615 0.000000 0.002613 0.000000 0.000165 0.002599 0.000358 0.000993 0.990979 0.000949 0.000000 0.003956 0.000000 0.004458 0.029823 0.001691 0.010146 0.914220 0.008609 0.001691 0.026287 0.003075 0.004771 0.031448 0.002026 0.011470 0.905169 0.010036 0.001846 0.029805 0.003430 
0.000000 0.000152 0.000000 0.001216 0.996353 0.000760 0.000456 0.001064 0.000000 0.000000 0.000152 0.000000 0.001488 0.995297 0.001232 0.000508 0.001323 0.000000 0.002431 0.027959 0.001520 0.009725 0.915818 0.009117 0.003191 0.026440 0.003799 0.002767 0.029451 0.001728 0.011338 0.907439 0.010772 0.003901 0.028324 0.004280 
0.000000 0.001071 0.000153 0.000459 0.995717 0.001224 0.000000 0.001377 0.000000 0.000000 0.001129 0.000161 0.000767 0.994759 0.001599 0.000000 0.001586 0.000000 0.002754 0.025853 0.002754 0.011626 0.915864 0.007496 0.002448 0.026771 0.004436 0.003169 0.027240 0.003067 0.013143 0.908262 0.008658 0.002712 0.028780 0.004969 
0.000146 0.001754 0.000000 0.000292 0.995322 0.000877 0.000292 0.001316 0.000000 0.000149 0.002100 0.000000 0.000351 0.993816 0.001082 0.000307 0.002195 0.000000 0.004093 0.031282 0.001900 0.006724 0.913901 0.011548 0.001316 0.026166 0.003070 0.004454 0.033204 0.002091 0.007432 0.906261 0.013057 0.001507 0.028744 0.003251 
0.000146 0.001603 0.000000 0.000875 0.995335 0.001020 0.000000 0.001020 0.000000 0.000147 0.001867 0.000000 0.001291 0.994031 0.001201 0.000000 0.001464 0.000000 0.004082 0.028863 0.002332 0.012391 0.905831 0.011953 0.002624 0.027843 0.004082 0.004375 0.030532 0.002624 0.013889 0.897619 0.013193 0.002938 0.030357 0.004473 
0.000469 0.001406 0.000156 0.000469 0.993906 0.000937 0.000469 0.002031 0.000156 0.000513 0.001515 0.000168 0.000803 0.992576 0.001169 0.000538 0.002549 0.000169 0.003438 0.027500 0.003281 0.010156 0.912813 0.009375 0.002500 0.027344 0.003594 0.003656 0.029263 0.003623 0.011567 0.905286 0.010676 0.002807 0.029186 0.003934 
0.000313 0.001876 0.000000 0.001094 0.993904 0.001094 0.000156 0.001563 0.000000 0.000358 0.002173 0.000000 0.001799 0.991757 0.001496 0.000164 0.002252 0.000000 0.002188 0.022820 0.001094 0.007971 0.938418 0.004689 0.001250 0.018912 0.002657 0.002405 0.024466 0.001426 0.010028 0.930536 0.005765 0.001419 0.021025 0.002932 
0.000157 0.000784 0.000157 0.000784 0.996239 0.000784 0.000313 0.000784 0.000000 0.000161 0.000943 0.000176 0.001017 0.995357 0.000898 0.000332 0.001116 0.000000 0.004075 0.021940 0.000940 0.007679 0.935277 0.007209 0.002351 0.019433 0.001097 0.004296 0.023070 0.001087 0.008918 0.929224 0.008573 0.002505 0.021136 0.001190 
0.000156 0.002189 0.000000 0.000782 0.995310 0.000156 0.000000 0.001407 0.000000 0.000176 0.002557 0.000000 0.001134 0.993876 0.000166 0.000000 0.002092 0.000000 0.003909 0.022201 0.001563 0.006879 0.938712 0.004847 0.002033 0.017667 0.002189 0.004127 0.023848 0.001774 0.008034 0.932238 0.005545 0.002206 0.019909 0.002318 
0.000157 0.000784 0.000314 0.000627 0.995138 0.000471 0.000471 0.001882 0.000157 0.000166 0.000847 0.000507 0.000854 0.993393 0.000557 0.000675 0.002796 0.000204 0.002509 0.022585 0.001882 0.009881 0.935383 0.004391 0.001412 0.019291 0.002666 0.002697 0.023807 0.002375 0.011571 0.928045 0.005091 0.001766 0.021562 0.003086 
0.000495 0.001320 0.000000 0.001155 0.995215 0.000495 0.000330 0.000990 0.000000 0.000524 0.001539 0.000000 0.001532 0.993990 0.000559 0.000351 0.001505 0.000000 0.002970 0.018812 0.000660 0.007096 0.937294 0.007756 0.000990 0.021287 0.003135 0.003490 0.019950 0.000757 0.008170 0.930765 0.008921 0.001132 0.023439 0.003376 
0.000174 0.000174 0.000174 0.001219 0.995647 0.000697 0.000348 0.001393 0.000174 0.000174 0.000193 0.000198 0.001893 0.993725 0.001080 0.000576 0.001903 0.000258 0.001741 0.017935 0.001567 0.004876 0.946718 0.005224 0.002264 0.017587 0.002090 0.002002 0.019018 0.001741 0.006005 0.940885 0.006264 0.002690 0.019144 0.002251 
0.000000 0.001340 0.000000 0.001172 0.994642 0.001340 0.000670 0.000837 0.000000 0.000000 0.001537 0.000000 0.002020 0.992641 0.001687 0.000799 0.001315 0.000000 0.001674 0.021098 0.000670 0.009377 0.934025 0.007368 0.002177 0.022605 0.001005 0.001796 0.022314 0.000763 0.011047 0.927011 0.008966 0.002544 0.024363 0.001196 
0.000162 0.000486 0.000162 0.000810 0.994819 0.001295 0.000486 0.001619 0.000162 0.000206 0.000641 0.000165 0.001177 0.992806 0.001751 0.000504 0.002390 0.000360 0.002267 0.026231 0.000810 0.009067 0.925842 0.006801 0.001943 0.024126 0.002915 0.002666 0.027812 0.000878 0.010793 0.917302 0.008226 0.002076 0.026955 0.003292 
0.000163 0.000979 0.000653 0.000653 0.994940 0.001306 0.000163 0.001143 0.000000 0.000164 0.001136 0.000779 0.001061 0.993618 0.001656 0.000168 0.001419 0.000000 0.002122 0.020242 0.001632 0.006856 0.935684 0.007183 0.002449 0.023180 0.000653 0.002432 0.021727 0.002035 0.007692 0.929126 0.008539 0.002812 0.024913 0.000725 
0.000161 0.000645 0.000000 0.000967 0.995164 0.000967 0.000322 0.001451 0.000322 0.000240 0.000803 0.000000 0.001351 0.993558 0.001077 0.000342 0.002108 0.000521 0.003385 0.028046 0.002257 0.007898 0.920213 0.007576 0.003707 0.024178 0.002740 0.003828 0.029707 0.002452 0.009210 0.912893 0.008580 0.003982 0.026131 0.003217 
0.000000 0.001104 0.000158 0.001104 0.994322 0.001420 0.000473 0.001104 0.000315 0.000000 0.001358 0.000159 0.001468 0.992977 0.001706 0.000491 0.001325 0.000516 0.002997 0.024921 0.001735 0.008517 0.929338 0.005363 0.002681 0.022397 0.002050 0.003193 0.026841 0.001847 0.009799 0.922991 0.006136 0.002822 0.023891 0.002480 
0.000333 0.000499 0.000000 0.000333 0.996339 0.001830 0.000000 0.000666 0.000000 0.000368 0.000664 0.000000 0.000385 0.995360 0.002467 0.000000 0.000756 0.000000 0.001830 0.023128 0.001830 0.006156 0.935607 0.008319 0.001830 0.019468 0.001830 0.002050 0.024523 0.002281 0.007082 0.929017 0.009834 0.002085 0.020997 0.002131 
0.000000 0.000950 0.000158 0.000950 0.994935 0.000950 0.000317 0.001741 0.000000 0.000000 0.001129 0.000171 0.001405 0.993479 0.001217 0.000338 0.002260 0.000000 0.001583 0.024850 0.002216 0.009338 0.928775 0.006331 0.003482 0.020418 0.003007 0.001701 0.026431 0.002449 0.011418 0.921100 0.007504 0.003782 0.022232 0.003383 
0.000000 0.000315 0.000000 0.000472 0.996540 0.001415 0.000157 0.000944 0.000157 0.000000 0.000315 0.000000 0.000639 0.995299 0.001883 0.000234 0.001441 0.000189 0.002516 0.024689 0.001258 0.009593 0.927504 0.007548 0.001573 0.023431 0.001887 0.002851 0.026239 0.001366 0.010760 0.920887 0.008798 0.001793 0.025139 0.002168 
0.000000 0.001210 0.000000 0.000605 0.996219 0.000605 0.000302 0.001059 0.000000 0.000000 0.001717 0.000000 0.000766 0.995104 0.000707 0.000315 0.001389 0.000000 0.002269 0.027979 0.002117 0.007864 0.929825 0.006806 0.001512 0.019964 0.001664 0.002526 0.030049 0.002348 0.009020 0.923093 0.007682 0.001604 0.021865 0.001812 
0.000152 0.000910 0.000152 0.000152 0.996967 0.000758 0.000000 0.000910 0.000000 0.000258 0.001056 0.000158 0.000188 0.996204 0.000919 0.000000 0.001216 0.000000 0.002274 0.024564 0.002274 0.009098 0.926459 0.009098 0.002426 0.020470 0.003336 0.002685 0.026161 0.002609 0.010051 0.919586 0.010389 0.002654 0.022190 0.003676 
0.000288 0.001438 0.000288 0.000863 0.994248 0.000719 0.000431 0.001582 0.000144 0.000409 0.001611 0.000290 0.001209 0.992730 0.000784 0.000445 0.002346 0.000176 0.003020 0.025453 0.002732 0.011073 0.914150 0.009779 0.002301 0.028760 0.002732 0.003582 0.027023 0.003114 0.012557 0.906155 0.010663 0.002603 0.031346 0.002959 
0.000645 0.002710 0.000000 0.000903 0.992385 0.001033 0.000000 0.002194 0.000129 0.000828 0.003234 0.000000 0.001106 0.990327 0.001115 0.000000 0.003259 0.000131 0.005550 0.037300 0.003227 0.016649 0.881905 0.014455 0.002839 0.033428 0.004646 0.006266 0.039737 0.003506 0.018182 0.872150 0.015621 0.003175 0.036296 0.005067 
0.000255 0.001276 0.000383 0.002041 0.992855 0.001148 0.000255 0.001786 0.000000 0.000261 0.001570 0.000393 0.002518 0.991298 0.001274 0.000280 0.002406 0.000000 0.004338 0.032279 0.003062 0.017734 0.883389 0.019775 0.004976 0.030365 0.004083 0.004659 0.034271 0.003319 0.019724 0.873301 0.021701 0.005507 0.032933 0.004585 
0.000000 0.002092 0.000123 0.001969 0.992985 0.000985 0.000246 0.001477 0.000123 0.000000 0.002181 0.000126 0.002294 0.992143 0.001196 0.000252 0.001683 0.000125 0.006646 0.037538 0.004431 0.018708 0.868923 0.018462 0.005046 0.034831 0.005415 0.007193 0.039864 0.004855 0.020392 0.859164 0.020201 0.005372 0.037063 0.005896 
0.000210 0.001259 0.000000 0.001468 0.993077 0.001259 0.001259 0.001259 0.000210 0.000210 0.001519 0.000000 0.001915 0.991430 0.001711 0.001307 0.001685 0.000223 0.004615 0.038599 0.003986 0.019929 0.871617 0.015943 0.007132 0.033564 0.004615 0.004925 0.040820 0.004380 0.022158 0.861113 0.017736 0.007623 0.036170 0.005076 
