0.001802 0.004686 0.001117 0.001910 0.981366 0.001298 0.001478 0.004325 0.002018 0.001902 0.004805 0.001198 0.001960 0.980712 0.001332 0.001555 0.004432 0.002103 0.011389 0.062930 0.010164 0.030744 0.769544 0.029663 0.012435 0.060407 0.012723 0.012225 0.065791 0.011059 0.032815 0.755648 0.031840 0.013388 0.063482 0.013752 
0.002118 0.003963 0.001724 0.002027 0.980123 0.001785 0.002027 0.004357 0.001876 0.002219 0.004048 0.001848 0.002073 0.979326 0.001849 0.002153 0.004508 0.001976 0.013100 0.063774 0.012979 0.030405 0.765323 0.029860 0.012101 0.060568 0.011890 0.014146 0.066737 0.013998 0.032295 0.751276 0.031907 0.013105 0.063816 0.012720 
0.002754 0.005593 0.002583 0.003009 0.974676 0.001902 0.002129 0.004798 0.002555 0.002892 0.005717 0.002728 0.003069 0.973783 0.001962 0.002249 0.004905 0.002696 0.017886 0.072138 0.015189 0.036651 0.722661 0.032960 0.015785 0.069299 0.017431 0.019170 0.075052 0.016291 0.038781 0.707284 0.035180 0.017040 0.072422 0.018781 
0.003408 0.005709 0.004035 0.003288 0.968913 0.002870 0.003169 0.005859 0.002750 0.003555 0.005823 0.004283 0.003348 0.967840 0.002952 0.003303 0.006004 0.002892 0.018383 0.069170 0.020297 0.039397 0.711186 0.036827 0.016949 0.069857 0.017935 0.019451 0.071850 0.021765 0.041462 0.696319 0.038916 0.018038 0.072935 0.019264 
0.003611 0.008204 0.003372 0.003744 0.962909 0.003584 0.003744 0.006983 0.003850 0.003777 0.008348 0.003536 0.003830 0.961759 0.003674 0.003908 0.007133 0.004035 0.023683 0.078430 0.020683 0.045189 0.672738 0.041445 0.021134 0.075430 0.021267 0.025146 0.081057 0.022043 0.047403 0.656988 0.043656 0.022387 0.078599 0.022721 
0.005661 0.007940 0.003235 0.005195 0.958807 0.003749 0.003700 0.007450 0.004264 0.005899 0.008111 0.003376 0.005297 0.957494 0.003839 0.003866 0.007639 0.004480 0.026784 0.086601 0.022349 0.050039 0.636836 0.046535 0.023108 0.082239 0.025510 0.028413 0.089297 0.023755 0.052289 0.620511 0.048866 0.024474 0.085217 0.027178 
0.004366 0.008108 0.003193 0.003543 0.961655 0.003842 0.003692 0.007185 0.004416 0.004565 0.008287 0.003321 0.003605 0.960490 0.003914 0.003831 0.007344 0.004643 0.025572 0.085248 0.022528 0.045955 0.648704 0.044308 0.023102 0.082055 0.022528 0.027182 0.088092 0.023922 0.048126 0.632211 0.046728 0.024453 0.085276 0.024010 
0.004080 0.007796 0.003241 0.003633 0.963646 0.003381 0.003661 0.006483 0.004080 0.004251 0.007956 0.003387 0.003711 0.962568 0.003439 0.003793 0.006631 0.004262 0.024813 0.078883 0.019448 0.041635 0.682846 0.038282 0.020957 0.072624 0.020510 0.026292 0.081946 0.020598 0.043794 0.667646 0.040367 0.022168 0.075347 0.021842 
0.002983 0.007431 0.003287 0.003591 0.967129 0.003039 0.003342 0.006270 0.002928 0.003108 0.007595 0.003453 0.003662 0.966111 0.003098 0.003497 0.006412 0.003065 0.019944 0.075410 0.020993 0.039749 0.691509 0.038037 0.019474 0.074913 0.019971 0.021149 0.078165 0.022365 0.041904 0.676246 0.040318 0.020724 0.077850 0.021281 
0.002216 0.005787 0.002581 0.002346 0.976225 0.002059 0.002372 0.004823 0.001590 0.002313 0.005927 0.002699 0.002388 0.975458 0.002120 0.002502 0.004925 0.001669 0.014755 0.071846 0.016554 0.034645 0.722914 0.034776 0.016736 0.072185 0.015589 0.015793 0.074718 0.017764 0.036734 0.707794 0.037231 0.017959 0.075228 0.016779 
0.002518 0.005892 0.002732 0.001829 0.975175 0.001449 0.002756 0.005939 0.001710 0.002655 0.006010 0.002879 0.001861 0.974309 0.001495 0.002893 0.006073 0.001824 0.015988 0.073502 0.016154 0.033520 0.718606 0.036371 0.015655 0.075236 0.014967 0.017145 0.076405 0.017396 0.035673 0.703097 0.038830 0.016831 0.078453 0.016170 
0.002862 0.006594 0.003137 0.002335 0.970898 0.002244 0.003228 0.006045 0.002656 0.003024 0.006732 0.003313 0.002394 0.969872 0.002287 0.003393 0.006192 0.002794 0.018295 0.078514 0.018890 0.036704 0.698379 0.039383 0.018936 0.074827 0.016074 0.019565 0.081390 0.020196 0.038879 0.682647 0.041801 0.020182 0.077944 0.017396 
0.003848 0.007621 0.002880 0.003302 0.965865 0.002780 0.003327 0.007150 0.003227 0.004007 0.007773 0.003018 0.003370 0.964840 0.002849 0.003465 0.007312 0.003367 0.022368 0.083563 0.020009 0.040714 0.671334 0.038802 0.020878 0.078921 0.023411 0.023852 0.086406 0.021374 0.042666 0.655594 0.040976 0.022146 0.081938 0.025047 
0.004393 0.010086 0.004783 0.004965 0.953416 0.004289 0.005329 0.009046 0.003691 0.004575 0.010274 0.004958 0.005057 0.952115 0.004384 0.005564 0.009231 0.003843 0.026983 0.090127 0.026827 0.048430 0.624181 0.045960 0.028231 0.084590 0.024670 0.028477 0.092728 0.028398 0.050656 0.608294 0.048085 0.029745 0.087427 0.026189 
0.002807 0.007686 0.007218 0.005714 0.953649 0.005815 0.007653 0.007118 0.002339 0.002880 0.007825 0.007494 0.005825 0.952377 0.005942 0.007956 0.007282 0.002421 0.023760 0.066669 0.037829 0.056877 0.638150 0.053034 0.038297 0.063494 0.021889 0.024990 0.068907 0.039823 0.059015 0.623078 0.055195 0.040010 0.065862 0.023119 
0.001916 0.008377 0.005232 0.003745 0.962232 0.003545 0.005547 0.007376 0.002030 0.001977 0.008532 0.005444 0.003809 0.961254 0.003625 0.005737 0.007532 0.002091 0.021214 0.096892 0.033107 0.044258 0.636990 0.036367 0.033451 0.079938 0.017783 0.022371 0.100176 0.034838 0.046290 0.621664 0.037901 0.035203 0.082754 0.018803 
0.001497 0.005646 0.001905 0.002551 0.978367 0.001735 0.002279 0.005000 0.001020 0.001549 0.005759 0.001968 0.002600 0.977821 0.001771 0.002338 0.005133 0.001061 0.019082 0.126943 0.026940 0.032450 0.635600 0.035716 0.021395 0.085343 0.016531 0.020251 0.131360 0.028760 0.033790 0.619833 0.037574 0.022545 0.088278 0.017611 
0.003742 0.005078 0.001031 0.003360 0.975489 0.002367 0.001413 0.004658 0.002863 0.003889 0.005185 0.001069 0.003429 0.974858 0.002415 0.001444 0.004737 0.002973 0.028635 0.093998 0.017944 0.033484 0.677688 0.036958 0.015692 0.069296 0.026306 0.030302 0.097805 0.019029 0.034786 0.662865 0.038728 0.016529 0.071900 0.028055 
0.004716 0.006176 0.002246 0.007486 0.961969 0.004604 0.002059 0.006962 0.003781 0.004842 0.006284 0.002317 0.007595 0.961148 0.004694 0.002111 0.007104 0.003906 0.029684 0.067602 0.020550 0.048437 0.684746 0.047090 0.020438 0.054015 0.027438 0.031102 0.069994 0.021777 0.050058 0.671514 0.048937 0.021507 0.056055 0.029054 
0.001824 0.005440 0.001415 0.003113 0.977265 0.003145 0.001415 0.004402 0.001981 0.001884 0.005548 0.001455 0.003187 0.976643 0.003220 0.001480 0.004516 0.002067 0.016603 0.062608 0.013993 0.040439 0.728908 0.041131 0.014276 0.064306 0.017735 0.017620 0.065150 0.014928 0.042455 0.714947 0.043383 0.015184 0.067321 0.019012 
0.001960 0.004529 0.000980 0.002535 0.979788 0.002265 0.001555 0.004563 0.001825 0.002028 0.004619 0.001025 0.002595 0.979230 0.002325 0.001610 0.004671 0.001896 0.015514 0.063237 0.012708 0.033190 0.742421 0.038192 0.012539 0.066718 0.015480 0.016471 0.065791 0.013617 0.034960 0.728776 0.040545 0.013416 0.069720 0.016703 
