0.000104 0.001454 0.000000 0.000675 0.996676 0.000675 0.000052 0.000364 0.000000 0.000177 0.001564 0.000000 0.000725 0.996252 0.000739 0.000088 0.000455 0.000000 0.001922 0.007998 0.002441 0.011063 0.956996 0.010439 0.002441 0.005246 0.001454 0.002191 0.008781 0.002680 0.012069 0.952541 0.011435 0.002729 0.005941 0.001634 
0.000042 0.000884 0.000042 0.000295 0.997938 0.000379 0.000000 0.000379 0.000042 0.000043 0.000985 0.000045 0.000319 0.997498 0.000526 0.000000 0.000541 0.000043 0.002189 0.007113 0.001515 0.012374 0.958626 0.010270 0.001305 0.005387 0.001221 0.002360 0.007875 0.001692 0.013307 0.954636 0.011227 0.001438 0.006062 0.001403 
0.000000 0.000288 0.000041 0.000412 0.998516 0.000288 0.000041 0.000371 0.000041 0.000000 0.000297 0.000043 0.000488 0.998330 0.000343 0.000042 0.000413 0.000045 0.001978 0.005687 0.001442 0.011334 0.962331 0.009768 0.001154 0.005358 0.000948 0.002153 0.006205 0.001625 0.012222 0.958582 0.010867 0.001281 0.006038 0.001028 
0.000000 0.000510 0.000046 0.000324 0.998703 0.000185 0.000000 0.000232 0.000000 0.000000 0.000530 0.000048 0.000400 0.998576 0.000199 0.000000 0.000247 0.000000 0.000741 0.004540 0.000973 0.007921 0.974569 0.006578 0.001065 0.002779 0.000834 0.000836 0.004959 0.001076 0.008579 0.972265 0.007134 0.001206 0.003051 0.000894 
0.000000 0.000510 0.000000 0.000324 0.998517 0.000232 0.000000 0.000417 0.000000 0.000000 0.000581 0.000000 0.000342 0.998234 0.000347 0.000000 0.000496 0.000000 0.000742 0.003569 0.000788 0.007648 0.976498 0.006443 0.000649 0.002920 0.000742 0.000798 0.004021 0.000902 0.008354 0.973849 0.007207 0.000692 0.003372 0.000806 
0.000000 0.000647 0.000000 0.000231 0.998613 0.000139 0.000046 0.000324 0.000000 0.000000 0.000664 0.000000 0.000261 0.998457 0.000147 0.000069 0.000403 0.000000 0.000832 0.004531 0.000971 0.009294 0.972673 0.006427 0.000925 0.003699 0.000647 0.000962 0.005046 0.001102 0.010125 0.969880 0.006977 0.001075 0.004121 0.000713 
0.000044 0.001528 0.000000 0.000044 0.997817 0.000393 0.000044 0.000131 0.000000 0.000045 0.001663 0.000000 0.000046 0.997611 0.000410 0.000047 0.000177 0.000000 0.002052 0.007728 0.001877 0.010217 0.959920 0.009736 0.001615 0.004934 0.001921 0.002200 0.008510 0.002108 0.010892 0.956522 0.010540 0.001771 0.005355 0.002101 
0.000000 0.002173 0.000121 0.000402 0.996620 0.000282 0.000080 0.000282 0.000040 0.000000 0.002262 0.000125 0.000416 0.996391 0.000348 0.000107 0.000308 0.000044 0.002012 0.009497 0.002495 0.012516 0.953841 0.008693 0.002938 0.005956 0.002052 0.002212 0.010180 0.002768 0.013573 0.949727 0.009523 0.003254 0.006527 0.002235 
0.000000 0.001557 0.000044 0.000578 0.997154 0.000133 0.000044 0.000445 0.000044 0.000000 0.001643 0.000045 0.000656 0.996872 0.000151 0.000047 0.000520 0.000066 0.001379 0.007694 0.001156 0.011340 0.963889 0.008094 0.000934 0.004536 0.000978 0.001533 0.008377 0.001294 0.012443 0.960213 0.008898 0.001048 0.005087 0.001106 
0.000045 0.000769 0.000000 0.000453 0.998009 0.000362 0.000000 0.000362 0.000000 0.000046 0.000940 0.000000 0.000480 0.997653 0.000463 0.000000 0.000418 0.000000 0.001810 0.005611 0.001131 0.009503 0.966649 0.008643 0.001086 0.004073 0.001493 0.001976 0.006380 0.001281 0.010537 0.962771 0.009677 0.001201 0.004518 0.001660 
0.000154 0.000577 0.000000 0.000462 0.997615 0.000500 0.000000 0.000615 0.000077 0.000159 0.000633 0.000000 0.000583 0.997244 0.000593 0.000000 0.000706 0.000082 0.002885 0.008732 0.002462 0.017195 0.939337 0.015195 0.002423 0.008732 0.003039 0.003130 0.009583 0.002749 0.018455 0.933868 0.016498 0.002652 0.009745 0.003321 
0.000393 0.001415 0.000118 0.000944 0.995440 0.000747 0.000118 0.000747 0.000079 0.000415 0.001491 0.000124 0.000996 0.995026 0.000864 0.000139 0.000861 0.000082 0.004442 0.013366 0.003971 0.018595 0.923890 0.017691 0.004128 0.010221 0.003695 0.004755 0.014325 0.004336 0.019841 0.917924 0.019259 0.004448 0.011105 0.004007 
0.000154 0.001883 0.000115 0.001844 0.993276 0.000884 0.000346 0.001268 0.000231 0.000167 0.001970 0.000125 0.002113 0.992354 0.001065 0.000358 0.001614 0.000234 0.003919 0.013563 0.004918 0.020787 0.920772 0.016215 0.004803 0.010951 0.004073 0.004229 0.014434 0.005326 0.022353 0.914223 0.017699 0.005057 0.012267 0.004412 
0.000134 0.000804 0.000045 0.000625 0.997277 0.000223 0.000179 0.000625 0.000089 0.000139 0.000875 0.000050 0.000676 0.996844 0.000291 0.000204 0.000827 0.000095 0.001875 0.007277 0.002098 0.011072 0.959507 0.008125 0.002947 0.005759 0.001339 0.002043 0.008080 0.002291 0.012046 0.955159 0.008996 0.003309 0.006585 0.001491 
0.000000 0.000422 0.000094 0.000516 0.997984 0.000328 0.000188 0.000422 0.000047 0.000000 0.000456 0.000119 0.000548 0.997646 0.000406 0.000195 0.000582 0.000048 0.001969 0.007549 0.003517 0.011394 0.952033 0.010550 0.003845 0.006940 0.002204 0.002212 0.008237 0.003816 0.012292 0.947634 0.011493 0.004142 0.007726 0.002449 
0.000041 0.000535 0.000082 0.001111 0.996790 0.000617 0.000082 0.000741 0.000000 0.000041 0.000550 0.000090 0.001275 0.996310 0.000777 0.000086 0.000871 0.000000 0.003869 0.010825 0.004569 0.017945 0.928013 0.013665 0.005186 0.011813 0.004116 0.004211 0.011686 0.004966 0.019387 0.921891 0.014852 0.005541 0.012949 0.004516 
0.000161 0.001129 0.000040 0.000645 0.996734 0.000605 0.000081 0.000484 0.000121 0.000170 0.001252 0.000042 0.000703 0.996381 0.000670 0.000082 0.000567 0.000133 0.004879 0.010604 0.003185 0.018628 0.928713 0.015080 0.005524 0.009677 0.003710 0.005375 0.011705 0.003450 0.020052 0.922517 0.016345 0.005920 0.010578 0.004058 
0.000000 0.000810 0.000000 0.000512 0.998166 0.000128 0.000043 0.000213 0.000128 0.000000 0.000853 0.000000 0.000557 0.997897 0.000139 0.000056 0.000366 0.000133 0.001109 0.005801 0.001280 0.012710 0.961017 0.010151 0.001280 0.004734 0.001919 0.001270 0.006354 0.001389 0.013758 0.957254 0.011073 0.001432 0.005412 0.002057 
0.000000 0.000652 0.000000 0.000465 0.998278 0.000186 0.000000 0.000419 0.000000 0.000000 0.000712 0.000000 0.000535 0.998045 0.000207 0.000000 0.000501 0.000000 0.001396 0.004980 0.000698 0.009774 0.970167 0.007912 0.000605 0.003491 0.000977 0.001570 0.005533 0.000750 0.010690 0.967081 0.008673 0.000658 0.003978 0.001068 
0.000000 0.000288 0.000000 0.000336 0.998897 0.000144 0.000048 0.000288 0.000000 0.000000 0.000294 0.000000 0.000361 0.998759 0.000161 0.000051 0.000374 0.000000 0.001247 0.003885 0.001055 0.008489 0.972807 0.006858 0.000767 0.004125 0.000767 0.001362 0.004167 0.001192 0.009243 0.970109 0.007530 0.000908 0.004649 0.000839 
0.000092 0.000740 0.000046 0.000694 0.997411 0.000416 0.000000 0.000601 0.000000 0.000094 0.000864 0.000049 0.000774 0.996954 0.000540 0.000000 0.000726 0.000000 0.002913 0.008137 0.002265 0.010819 0.956170 0.009201 0.002034 0.006750 0.001711 0.003225 0.008860 0.002491 0.011711 0.951925 0.010117 0.002281 0.007548 0.001842 
0.000000 0.001073 0.000172 0.000601 0.996350 0.000687 0.000000 0.000988 0.000129 0.000000 0.001132 0.000176 0.000707 0.995781 0.000840 0.000000 0.001228 0.000137 0.003864 0.011035 0.002963 0.011722 0.942293 0.011207 0.003306 0.010219 0.003392 0.004207 0.011880 0.003264 0.012765 0.936839 0.012250 0.003620 0.011437 0.003737 
0.000000 0.000894 0.000045 0.000894 0.996735 0.000537 0.000045 0.000805 0.000045 0.000000 0.000976 0.000046 0.001074 0.996135 0.000650 0.000049 0.001023 0.000047 0.002147 0.007961 0.001923 0.009839 0.957333 0.009213 0.001521 0.007737 0.002326 0.002381 0.008603 0.002081 0.010618 0.953151 0.010178 0.001680 0.008777 0.002531 
0.000049 0.000732 0.000049 0.000927 0.997561 0.000293 0.000000 0.000390 0.000000 0.000055 0.000769 0.000055 0.001042 0.997181 0.000450 0.000000 0.000449 0.000000 0.000537 0.005122 0.000878 0.007806 0.975217 0.005757 0.000829 0.003415 0.000439 0.000610 0.005614 0.001047 0.008648 0.972177 0.006581 0.000944 0.003833 0.000544 
0.000043 0.000425 0.000000 0.000425 0.998385 0.000383 0.000085 0.000255 0.000000 0.000043 0.000479 0.000000 0.000473 0.998130 0.000470 0.000091 0.000315 0.000000 0.001573 0.005909 0.000850 0.012031 0.961825 0.009650 0.001403 0.005356 0.001403 0.001720 0.006509 0.000937 0.013018 0.958236 0.010602 0.001577 0.005882 0.001519 
0.000040 0.000606 0.000040 0.000404 0.997695 0.000485 0.000000 0.000728 0.000000 0.000044 0.000636 0.000042 0.000468 0.997187 0.000667 0.000000 0.000957 0.000000 0.003720 0.008935 0.002790 0.014959 0.941336 0.013625 0.002183 0.009420 0.003032 0.004025 0.009645 0.003015 0.016046 0.936318 0.014741 0.002358 0.010498 0.003354 
0.000043 0.000387 0.000000 0.000473 0.997978 0.000387 0.000000 0.000731 0.000000 0.000051 0.000397 0.000000 0.000643 0.997566 0.000467 0.000000 0.000876 0.000000 0.001979 0.006367 0.001549 0.010540 0.960809 0.008690 0.002022 0.006281 0.001764 0.002176 0.006886 0.001726 0.011482 0.957012 0.009470 0.002214 0.007053 0.001982 
0.000000 0.000583 0.000000 0.000314 0.998340 0.000179 0.000045 0.000449 0.000090 0.000000 0.000699 0.000000 0.000381 0.997992 0.000206 0.000048 0.000574 0.000100 0.001121 0.005562 0.001121 0.010854 0.964073 0.008971 0.001211 0.005562 0.001525 0.001211 0.006081 0.001203 0.011841 0.960505 0.009827 0.001349 0.006281 0.001702 
0.000045 0.000543 0.000000 0.000317 0.998325 0.000317 0.000000 0.000408 0.000045 0.000048 0.000593 0.000000 0.000352 0.998078 0.000395 0.000000 0.000488 0.000046 0.001494 0.005026 0.000906 0.010369 0.967580 0.008286 0.000996 0.004347 0.000996 0.001625 0.005589 0.001003 0.011254 0.964418 0.009126 0.001079 0.004807 0.001099 
0.000000 0.000920 0.000000 0.000460 0.997825 0.000376 0.000000 0.000335 0.000084 0.000000 0.000935 0.000000 0.000527 0.997604 0.000448 0.000000 0.000401 0.000086 0.002594 0.008325 0.001882 0.012633 0.952771 0.011378 0.001590 0.006986 0.001841 0.002774 0.009067 0.002075 0.013827 0.948450 0.012361 0.001755 0.007687 0.002003 
0.000173 0.001083 0.000043 0.000433 0.996837 0.000607 0.000043 0.000650 0.000130 0.000187 0.001145 0.000048 0.000526 0.996403 0.000717 0.000047 0.000789 0.000138 0.004030 0.010443 0.003077 0.015427 0.939767 0.012653 0.003293 0.008710 0.002600 0.004394 0.011347 0.003341 0.016690 0.934268 0.013874 0.003623 0.009661 0.002801 
0.000046 0.000786 0.000000 0.000324 0.998011 0.000416 0.000000 0.000416 0.000000 0.000049 0.000833 0.000000 0.000388 0.997713 0.000523 0.000000 0.000494 0.000000 0.002498 0.007726 0.001342 0.011843 0.957346 0.009669 0.002591 0.005644 0.001342 0.002786 0.008310 0.001428 0.012680 0.953731 0.010602 0.002802 0.006240 0.001420 
0.000091 0.000636 0.000000 0.000227 0.998318 0.000227 0.000000 0.000455 0.000045 0.000094 0.000667 0.000000 0.000247 0.998066 0.000290 0.000000 0.000589 0.000048 0.001455 0.005864 0.001046 0.008956 0.969905 0.007728 0.000636 0.003546 0.000864 0.001650 0.006419 0.001175 0.009759 0.966876 0.008367 0.000721 0.004105 0.000928 
0.000000 0.000650 0.000000 0.000100 0.998800 0.000300 0.000000 0.000100 0.000050 0.000000 0.000672 0.000000 0.000106 0.998659 0.000399 0.000000 0.000114 0.000051 0.001100 0.005201 0.001000 0.007401 0.972546 0.007251 0.000900 0.003551 0.001050 0.001174 0.005675 0.001140 0.008083 0.969732 0.008080 0.000984 0.003953 0.001178 
0.000000 0.000564 0.000000 0.000103 0.998565 0.000103 0.000000 0.000666 0.000000 0.000000 0.000579 0.000000 0.000120 0.998486 0.000105 0.000000 0.000710 0.000000 0.001384 0.005228 0.000923 0.010199 0.967147 0.008149 0.000974 0.004869 0.001128 0.001487 0.005592 0.000994 0.011003 0.964314 0.008839 0.001064 0.005427 0.001279 
0.000000 0.001023 0.000051 0.000563 0.997646 0.000256 0.000000 0.000460 0.000000 0.000000 0.001118 0.000054 0.000608 0.997377 0.000293 0.000000 0.000552 0.000000 0.001893 0.006856 0.001791 0.010847 0.959580 0.009465 0.001586 0.006089 0.001893 0.002105 0.007552 0.001966 0.011720 0.955701 0.010351 0.001728 0.006814 0.002063 
0.000047 0.000749 0.000000 0.000702 0.997378 0.000609 0.000047 0.000421 0.000047 0.000080 0.000829 0.000000 0.000854 0.996922 0.000744 0.000061 0.000461 0.000050 0.001311 0.006181 0.001545 0.010442 0.964460 0.008382 0.001873 0.004589 0.001217 0.001493 0.006700 0.001663 0.011341 0.960986 0.009316 0.002151 0.005008 0.001342 
0.000000 0.000928 0.000000 0.000353 0.997659 0.000353 0.000044 0.000663 0.000000 0.000000 0.000974 0.000000 0.000374 0.997199 0.000497 0.000055 0.000900 0.000000 0.001634 0.006936 0.001590 0.011972 0.959138 0.009984 0.001634 0.006052 0.001060 0.001810 0.007532 0.001805 0.013011 0.955023 0.010918 0.001827 0.006934 0.001140 
0.000000 0.000810 0.000045 0.000720 0.997480 0.000360 0.000045 0.000540 0.000000 0.000000 0.000952 0.000046 0.000861 0.997035 0.000443 0.000046 0.000617 0.000000 0.001530 0.006481 0.001935 0.012287 0.957244 0.011072 0.001800 0.006211 0.001440 0.001662 0.007253 0.002157 0.013434 0.952830 0.012173 0.002008 0.006894 0.001589 
0.000000 0.000485 0.000000 0.000388 0.998061 0.000339 0.000000 0.000679 0.000048 0.000000 0.000518 0.000000 0.000458 0.997677 0.000473 0.000000 0.000820 0.000055 0.001261 0.004800 0.001164 0.009163 0.969505 0.007515 0.001018 0.004169 0.001406 0.001383 0.005262 0.001287 0.009976 0.966210 0.008385 0.001091 0.004841 0.001564 
0.000051 0.000610 0.000000 0.000203 0.998222 0.000711 0.000000 0.000203 0.000000 0.000087 0.000695 0.000000 0.000257 0.997760 0.000984 0.000000 0.000216 0.000000 0.000965 0.004623 0.001169 0.009704 0.970177 0.007824 0.001067 0.003861 0.000610 0.001104 0.005160 0.001287 0.010513 0.966820 0.008892 0.001183 0.004382 0.000659 
0.000057 0.000906 0.000000 0.000680 0.997678 0.000283 0.000000 0.000396 0.000000 0.000058 0.000946 0.000000 0.000739 0.997393 0.000321 0.000000 0.000542 0.000000 0.001416 0.005664 0.001303 0.011555 0.965675 0.008553 0.001303 0.003455 0.001076 0.001632 0.006130 0.001474 0.012647 0.962082 0.009357 0.001532 0.003927 0.001219 
0.000000 0.001235 0.000000 0.000483 0.997368 0.000483 0.000000 0.000430 0.000000 0.000000 0.001405 0.000000 0.000565 0.996939 0.000563 0.000000 0.000529 0.000000 0.001074 0.006231 0.001235 0.011227 0.963365 0.010475 0.001128 0.004351 0.000913 0.001169 0.006851 0.001363 0.012120 0.960093 0.011291 0.001210 0.004894 0.001010 
0.000000 0.000872 0.000000 0.000257 0.997742 0.000513 0.000000 0.000616 0.000000 0.000000 0.000981 0.000000 0.000325 0.997128 0.000678 0.000000 0.000888 0.000000 0.000821 0.004260 0.000872 0.009546 0.972235 0.007185 0.000975 0.003336 0.000770 0.000916 0.004673 0.000932 0.010392 0.969082 0.008086 0.001068 0.003987 0.000864 
0.000044 0.000623 0.000000 0.000578 0.998221 0.000044 0.000000 0.000489 0.000000 0.000050 0.000660 0.000000 0.000633 0.997908 0.000056 0.000000 0.000695 0.000000 0.001245 0.005336 0.000712 0.009739 0.969493 0.007916 0.000756 0.003780 0.001023 0.001440 0.006076 0.000823 0.010682 0.965949 0.008625 0.000846 0.004453 0.001106 
0.000000 0.000723 0.000161 0.000562 0.997310 0.000401 0.000040 0.000723 0.000080 0.000000 0.000807 0.000175 0.000621 0.996951 0.000450 0.000040 0.000866 0.000090 0.001807 0.008231 0.002329 0.012767 0.951339 0.011081 0.002409 0.008030 0.002007 0.001993 0.009004 0.002611 0.013718 0.946990 0.011879 0.002666 0.008941 0.002197 
0.000000 0.001402 0.000114 0.001288 0.996211 0.000341 0.000000 0.000644 0.000000 0.000000 0.001442 0.000122 0.001331 0.995934 0.000362 0.000000 0.000810 0.000000 0.003751 0.010610 0.003713 0.016710 0.935054 0.014399 0.003524 0.009738 0.002501 0.004019 0.011439 0.004074 0.017946 0.929542 0.015566 0.003830 0.010843 0.002741 
0.000000 0.001310 0.000077 0.000693 0.996726 0.000578 0.000000 0.000578 0.000039 0.000000 0.001372 0.000081 0.000717 0.996420 0.000666 0.000000 0.000693 0.000050 0.003005 0.011210 0.003236 0.016141 0.936361 0.013945 0.003120 0.009939 0.003043 0.003262 0.012147 0.003504 0.017300 0.930814 0.015004 0.003430 0.011117 0.003421 
0.000117 0.000856 0.000039 0.001244 0.996656 0.000583 0.000000 0.000506 0.000000 0.000123 0.000901 0.000040 0.001351 0.996294 0.000662 0.000000 0.000630 0.000000 0.004472 0.010072 0.004044 0.016761 0.931671 0.014661 0.003461 0.011356 0.003500 0.004793 0.010769 0.004498 0.018096 0.925779 0.016026 0.003753 0.012515 0.003772 
0.000162 0.001215 0.000243 0.000769 0.995709 0.000567 0.000283 0.000972 0.000081 0.000182 0.001272 0.000263 0.000876 0.995116 0.000708 0.000332 0.001163 0.000087 0.003927 0.011053 0.004089 0.016802 0.930688 0.016721 0.004170 0.009190 0.003360 0.004245 0.011947 0.004497 0.018107 0.924293 0.018228 0.004585 0.010299 0.003798 
0.000000 0.001353 0.000451 0.000902 0.995940 0.000451 0.000000 0.000451 0.000451 0.000000 0.001377 0.000463 0.000910 0.995771 0.000462 0.000000 0.000563 0.000454 0.004060 0.012630 0.004060 0.017140 0.921065 0.018493 0.006315 0.013532 0.002706 0.004365 0.013676 0.004424 0.018951 0.914405 0.019437 0.006919 0.014798 0.003026 
