0.000000 0.000072 0.000018 0.000036 0.999696 0.000089 0.000018 0.000072 0.000000 0.000000 0.000074 0.000019 0.000039 0.999681 0.000095 0.000018 0.000075 0.000000 0.000447 0.005615 0.000572 0.005507 0.977631 0.004327 0.000519 0.005114 0.000268 0.000483 0.006084 0.000636 0.005919 0.975781 0.004702 0.000559 0.005544 0.000293 
0.000014 0.000028 0.000000 0.000069 0.999848 0.000014 0.000000 0.000028 0.000000 0.000016 0.000030 0.000000 0.000073 0.999837 0.000015 0.000000 0.000029 0.000000 0.000289 0.003609 0.000234 0.005124 0.983112 0.003196 0.000482 0.003678 0.000275 0.000318 0.003885 0.000270 0.005475 0.981740 0.003475 0.000536 0.003986 0.000315 
0.000014 0.000041 0.000014 0.000041 0.999630 0.000096 0.000014 0.000151 0.000000 0.000015 0.000047 0.000014 0.000049 0.999588 0.000115 0.000014 0.000158 0.000000 0.000506 0.006844 0.000917 0.006215 0.972102 0.006393 0.000794 0.005886 0.000342 0.000572 0.007344 0.001008 0.006706 0.969747 0.007017 0.000880 0.006346 0.000381 
0.000023 0.000164 0.000094 0.000164 0.999096 0.000117 0.000059 0.000258 0.000023 0.000024 0.000172 0.000100 0.000180 0.999027 0.000140 0.000061 0.000272 0.000024 0.000927 0.010877 0.001514 0.011077 0.953487 0.009012 0.002136 0.010138 0.000833 0.001033 0.011636 0.001678 0.011966 0.949843 0.009736 0.002316 0.010867 0.000925 
0.000012 0.000131 0.000072 0.000167 0.999176 0.000179 0.000024 0.000215 0.000024 0.000012 0.000139 0.000075 0.000200 0.999044 0.000238 0.000025 0.000238 0.000028 0.000752 0.010212 0.001075 0.009699 0.956558 0.009221 0.001804 0.009771 0.000908 0.000819 0.010855 0.001173 0.010502 0.953118 0.010029 0.001971 0.010533 0.001000 
0.000000 0.000204 0.000089 0.000166 0.999209 0.000179 0.000038 0.000089 0.000026 0.000000 0.000215 0.000104 0.000177 0.999074 0.000270 0.000040 0.000093 0.000027 0.000638 0.009135 0.001416 0.008369 0.962006 0.008152 0.001493 0.008050 0.000740 0.000724 0.009741 0.001580 0.009006 0.958799 0.008949 0.001667 0.008687 0.000848 
0.000000 0.000014 0.000029 0.000144 0.999669 0.000115 0.000014 0.000014 0.000000 0.000000 0.000015 0.000031 0.000156 0.999582 0.000186 0.000014 0.000015 0.000000 0.000375 0.004294 0.000692 0.005100 0.979829 0.005158 0.000663 0.003530 0.000360 0.000412 0.004605 0.000766 0.005468 0.978158 0.005645 0.000734 0.003812 0.000399 
0.000014 0.000057 0.000000 0.000143 0.999613 0.000072 0.000000 0.000086 0.000014 0.000017 0.000063 0.000000 0.000163 0.999562 0.000074 0.000000 0.000105 0.000017 0.000444 0.004452 0.000659 0.006299 0.978325 0.004939 0.000759 0.003737 0.000387 0.000493 0.004775 0.000740 0.006765 0.976529 0.005325 0.000868 0.004079 0.000425 
0.000000 0.000101 0.000014 0.000058 0.999655 0.000086 0.000014 0.000058 0.000014 0.000000 0.000112 0.000016 0.000064 0.999575 0.000131 0.000015 0.000064 0.000025 0.000446 0.004099 0.000561 0.006242 0.977219 0.005695 0.000590 0.004732 0.000417 0.000504 0.004433 0.000623 0.006722 0.975221 0.006229 0.000651 0.005148 0.000469 
0.000029 0.000058 0.000029 0.000161 0.999444 0.000219 0.000029 0.000015 0.000015 0.000034 0.000075 0.000031 0.000169 0.999398 0.000230 0.000031 0.000016 0.000016 0.000409 0.004884 0.000600 0.006288 0.977860 0.005601 0.000483 0.003495 0.000380 0.000459 0.005272 0.000671 0.006765 0.975962 0.006115 0.000548 0.003786 0.000422 
0.000015 0.000073 0.000000 0.000146 0.999518 0.000190 0.000015 0.000044 0.000000 0.000016 0.000076 0.000000 0.000163 0.999429 0.000255 0.000016 0.000045 0.000000 0.000453 0.004061 0.000657 0.007508 0.976002 0.006368 0.000716 0.003783 0.000453 0.000509 0.004379 0.000726 0.008079 0.973938 0.006985 0.000789 0.004074 0.000520 
0.000000 0.000047 0.000000 0.000125 0.999564 0.000171 0.000031 0.000062 0.000000 0.000000 0.000049 0.000000 0.000131 0.999481 0.000241 0.000032 0.000066 0.000000 0.000342 0.003097 0.000420 0.005993 0.980217 0.005837 0.000545 0.003315 0.000233 0.000379 0.003367 0.000466 0.006418 0.978530 0.006368 0.000610 0.003606 0.000257 
0.000094 0.000078 0.000031 0.000328 0.999157 0.000172 0.000031 0.000109 0.000000 0.000096 0.000108 0.000033 0.000370 0.999009 0.000208 0.000033 0.000143 0.000000 0.000672 0.003296 0.000500 0.007247 0.977383 0.006685 0.000500 0.003186 0.000531 0.000756 0.003654 0.000555 0.007788 0.975419 0.007221 0.000549 0.003471 0.000587 
0.000063 0.000111 0.000047 0.000395 0.998735 0.000490 0.000079 0.000063 0.000016 0.000067 0.000128 0.000048 0.000423 0.998548 0.000586 0.000087 0.000094 0.000019 0.000522 0.003147 0.000617 0.007495 0.977071 0.007037 0.000633 0.002815 0.000664 0.000563 0.003413 0.000677 0.008093 0.975034 0.007688 0.000697 0.003091 0.000745 
0.000032 0.000112 0.000048 0.000368 0.998913 0.000256 0.000112 0.000144 0.000016 0.000040 0.000128 0.000048 0.000381 0.998860 0.000262 0.000115 0.000148 0.000016 0.000527 0.003724 0.000831 0.007847 0.975708 0.007112 0.000719 0.003005 0.000527 0.000586 0.004028 0.000906 0.008400 0.973764 0.007644 0.000790 0.003282 0.000601 
0.000062 0.000047 0.000047 0.000217 0.999426 0.000109 0.000016 0.000078 0.000000 0.000064 0.000049 0.000054 0.000224 0.999390 0.000122 0.000016 0.000081 0.000000 0.000512 0.003788 0.000559 0.006209 0.978765 0.006085 0.000450 0.003260 0.000373 0.000588 0.004076 0.000620 0.006675 0.976947 0.006563 0.000514 0.003601 0.000415 
0.000032 0.000126 0.000032 0.000236 0.999338 0.000158 0.000016 0.000063 0.000000 0.000032 0.000144 0.000035 0.000261 0.999237 0.000211 0.000016 0.000064 0.000000 0.000315 0.003466 0.000488 0.006697 0.977704 0.006870 0.000567 0.003466 0.000425 0.000342 0.003815 0.000551 0.007214 0.975687 0.007494 0.000648 0.003777 0.000472 
0.000000 0.000033 0.000017 0.000282 0.999336 0.000166 0.000033 0.000116 0.000017 0.000000 0.000035 0.000018 0.000315 0.999250 0.000195 0.000037 0.000132 0.000018 0.000232 0.003088 0.000730 0.007404 0.978718 0.006507 0.000365 0.002473 0.000481 0.000258 0.003370 0.000816 0.007920 0.976960 0.007019 0.000390 0.002733 0.000533 
0.000035 0.000121 0.000000 0.000173 0.999327 0.000173 0.000035 0.000121 0.000017 0.000036 0.000129 0.000000 0.000265 0.999162 0.000220 0.000036 0.000133 0.000018 0.000414 0.002933 0.000431 0.007177 0.978987 0.006504 0.000500 0.002778 0.000276 0.000462 0.003222 0.000485 0.007741 0.977072 0.007049 0.000557 0.003090 0.000323 
0.000018 0.000141 0.000053 0.000264 0.999348 0.000088 0.000018 0.000053 0.000018 0.000018 0.000162 0.000055 0.000325 0.999211 0.000117 0.000018 0.000075 0.000019 0.000405 0.003858 0.000828 0.007364 0.978295 0.005691 0.000458 0.002784 0.000317 0.000455 0.004250 0.000910 0.007993 0.976230 0.006244 0.000506 0.003061 0.000352 
0.000078 0.000039 0.000020 0.000469 0.998905 0.000313 0.000098 0.000059 0.000020 0.000081 0.000039 0.000026 0.000510 0.998723 0.000429 0.000104 0.000069 0.000021 0.000743 0.003617 0.000743 0.007468 0.975426 0.007722 0.000645 0.003030 0.000606 0.000804 0.003950 0.000813 0.008104 0.973113 0.008474 0.000722 0.003345 0.000675 
0.000037 0.000037 0.000018 0.000497 0.998565 0.000699 0.000037 0.000092 0.000018 0.000039 0.000039 0.000021 0.000594 0.998046 0.001086 0.000043 0.000113 0.000020 0.000552 0.002888 0.000423 0.007928 0.978148 0.006732 0.000441 0.002575 0.000313 0.000607 0.003145 0.000464 0.008729 0.975645 0.007717 0.000506 0.002833 0.000354 
0.000057 0.000113 0.000057 0.000603 0.998265 0.000773 0.000057 0.000057 0.000019 0.000063 0.000114 0.000072 0.000808 0.997729 0.001057 0.000060 0.000079 0.000019 0.000585 0.003413 0.000679 0.009203 0.974257 0.007562 0.000698 0.003093 0.000509 0.000637 0.003695 0.000790 0.010141 0.971396 0.008587 0.000780 0.003419 0.000555 
0.000000 0.000229 0.000000 0.000248 0.999121 0.000267 0.000019 0.000076 0.000038 0.000000 0.000256 0.000000 0.000278 0.998868 0.000415 0.000019 0.000102 0.000062 0.000344 0.003210 0.000439 0.008215 0.978163 0.006324 0.000287 0.002637 0.000382 0.000365 0.003532 0.000505 0.008872 0.975995 0.007030 0.000323 0.002940 0.000438 
0.000020 0.000119 0.000040 0.000514 0.998675 0.000475 0.000079 0.000079 0.000000 0.000023 0.000125 0.000040 0.000569 0.998489 0.000588 0.000081 0.000085 0.000000 0.000534 0.003165 0.000732 0.009436 0.974422 0.007576 0.000771 0.002829 0.000534 0.000577 0.003492 0.000799 0.010184 0.972021 0.008337 0.000870 0.003113 0.000606 
0.000021 0.000085 0.000042 0.000594 0.998474 0.000551 0.000064 0.000148 0.000021 0.000022 0.000105 0.000055 0.000635 0.998208 0.000708 0.000064 0.000177 0.000026 0.000594 0.002883 0.000572 0.010090 0.971469 0.010365 0.000784 0.002798 0.000445 0.000684 0.003143 0.000673 0.010814 0.968982 0.011244 0.000867 0.003105 0.000489 
0.000000 0.000150 0.000021 0.000622 0.998584 0.000450 0.000021 0.000150 0.000000 0.000000 0.000153 0.000022 0.000746 0.998299 0.000595 0.000025 0.000161 0.000000 0.000429 0.003196 0.000493 0.012547 0.969544 0.010424 0.000601 0.002381 0.000386 0.000488 0.003532 0.000558 0.013569 0.966587 0.011532 0.000661 0.002647 0.000426 
0.000045 0.000158 0.000045 0.000589 0.998393 0.000657 0.000000 0.000113 0.000000 0.000050 0.000160 0.000048 0.000690 0.997943 0.000949 0.000000 0.000160 0.000000 0.000679 0.003464 0.000521 0.011546 0.969210 0.010233 0.000430 0.003373 0.000543 0.000774 0.003779 0.000568 0.012580 0.966089 0.011342 0.000501 0.003774 0.000593 
0.000000 0.000073 0.000024 0.000339 0.999080 0.000387 0.000024 0.000073 0.000000 0.000000 0.000073 0.000032 0.000414 0.998841 0.000517 0.000025 0.000097 0.000000 0.000436 0.003124 0.000315 0.010993 0.970871 0.010702 0.000412 0.002857 0.000291 0.000521 0.003503 0.000372 0.011949 0.967980 0.011655 0.000468 0.003226 0.000327 
0.000025 0.000126 0.000025 0.000579 0.998414 0.000629 0.000025 0.000126 0.000050 0.000027 0.000151 0.000026 0.000665 0.997922 0.000979 0.000026 0.000152 0.000052 0.000554 0.004430 0.000755 0.013566 0.963556 0.012383 0.000629 0.003473 0.000654 0.000643 0.004873 0.000838 0.014660 0.959911 0.013727 0.000701 0.003901 0.000746 
0.000077 0.000488 0.000026 0.000771 0.997688 0.000539 0.000103 0.000180 0.000128 0.000079 0.000519 0.000034 0.000949 0.997312 0.000670 0.000115 0.000190 0.000133 0.002106 0.006704 0.001156 0.014230 0.955126 0.012509 0.001516 0.005343 0.001310 0.002292 0.007235 0.001279 0.015458 0.951179 0.013727 0.001630 0.005774 0.001425 
0.000198 0.000767 0.000124 0.000916 0.996807 0.000668 0.000149 0.000223 0.000149 0.000207 0.000864 0.000134 0.001112 0.996267 0.000855 0.000153 0.000239 0.000170 0.003242 0.010223 0.002599 0.016262 0.935917 0.015495 0.002822 0.010396 0.003044 0.003435 0.011030 0.002845 0.017542 0.930768 0.016786 0.003015 0.011250 0.003329 
0.000233 0.000490 0.000070 0.000816 0.997202 0.000466 0.000163 0.000420 0.000140 0.000240 0.000529 0.000079 0.000858 0.996940 0.000598 0.000170 0.000441 0.000146 0.003614 0.013079 0.003707 0.015806 0.932601 0.014734 0.002844 0.010235 0.003380 0.003867 0.014004 0.003990 0.016860 0.927638 0.015887 0.003084 0.011026 0.003646 
0.000278 0.000648 0.000093 0.000694 0.997038 0.000416 0.000116 0.000532 0.000185 0.000286 0.000662 0.000096 0.000753 0.996877 0.000458 0.000119 0.000556 0.000194 0.004558 0.014715 0.003980 0.014854 0.925567 0.014947 0.003748 0.013559 0.004072 0.004847 0.015694 0.004316 0.015919 0.920101 0.016094 0.004077 0.014529 0.004423 
0.000321 0.000827 0.000138 0.000919 0.996142 0.000551 0.000230 0.000689 0.000184 0.000329 0.000851 0.000141 0.001000 0.995770 0.000692 0.000242 0.000788 0.000188 0.005488 0.018968 0.005488 0.016351 0.911794 0.016029 0.004662 0.016396 0.004822 0.005896 0.020192 0.005906 0.017386 0.905478 0.017338 0.004977 0.017639 0.005189 
0.000202 0.000922 0.000202 0.000922 0.995703 0.000720 0.000360 0.000585 0.000382 0.000216 0.000957 0.000211 0.000994 0.995284 0.000884 0.000372 0.000669 0.000413 0.006210 0.019529 0.005355 0.019011 0.903818 0.017459 0.005557 0.017841 0.005220 0.006720 0.020821 0.005788 0.020308 0.896858 0.018838 0.005972 0.019111 0.005583 
0.000393 0.000983 0.000175 0.001246 0.995083 0.000743 0.000175 0.000765 0.000437 0.000402 0.001007 0.000182 0.001366 0.994656 0.000924 0.000183 0.000828 0.000451 0.006578 0.022642 0.005988 0.019189 0.893610 0.018839 0.006251 0.020587 0.006316 0.007087 0.023904 0.006468 0.020639 0.886067 0.020250 0.006770 0.022030 0.006785 
0.000226 0.001291 0.000158 0.000951 0.995042 0.000792 0.000385 0.000951 0.000204 0.000260 0.001389 0.000163 0.001042 0.994336 0.001077 0.000414 0.001110 0.000210 0.006294 0.025766 0.005366 0.017977 0.893631 0.017479 0.005298 0.022777 0.005411 0.006806 0.027337 0.005822 0.019174 0.885871 0.018991 0.005800 0.024365 0.005834 
0.000377 0.001106 0.000141 0.001130 0.995198 0.000777 0.000212 0.000918 0.000141 0.000386 0.001201 0.000145 0.001223 0.994674 0.000927 0.000231 0.001068 0.000145 0.007061 0.025326 0.005461 0.019418 0.891658 0.016241 0.005296 0.023043 0.006496 0.007575 0.026797 0.005910 0.020760 0.884146 0.017502 0.005719 0.024609 0.006982 
0.000346 0.001062 0.000254 0.000947 0.995151 0.000785 0.000277 0.000924 0.000254 0.000358 0.001109 0.000275 0.001100 0.994732 0.000880 0.000286 0.000998 0.000262 0.007989 0.025561 0.005680 0.019188 0.890208 0.015609 0.006350 0.023136 0.006280 0.008492 0.027020 0.006176 0.020481 0.882699 0.016917 0.006837 0.024608 0.006770 
0.000284 0.001065 0.000237 0.001278 0.995102 0.001017 0.000189 0.000663 0.000166 0.000297 0.001093 0.000250 0.001474 0.994190 0.001559 0.000200 0.000762 0.000175 0.008234 0.028868 0.006105 0.022834 0.878046 0.018030 0.005774 0.025673 0.006436 0.008890 0.030326 0.006607 0.024541 0.869437 0.019689 0.006248 0.027331 0.006931 
0.000226 0.001163 0.000355 0.000711 0.995379 0.000679 0.000226 0.000937 0.000323 0.000238 0.001310 0.000369 0.000793 0.994947 0.000767 0.000243 0.000999 0.000334 0.006979 0.027304 0.005170 0.019581 0.889169 0.014928 0.005655 0.026238 0.004976 0.007505 0.028893 0.005628 0.020965 0.881432 0.016214 0.006119 0.027858 0.005386 
