0.000000 0.000000 0.000000 0.000438 0.998249 0.000876 0.000000 0.000438 0.000000 0.000000 0.000000 0.000000 0.000653 0.997908 0.000992 0.000000 0.000447 0.000000 0.001313 0.005254 0.001313 0.005692 0.971103 0.006130 0.001751 0.005254 0.002189 0.001534 0.005694 0.001720 0.006319 0.967870 0.007030 0.001865 0.005571 0.002397 
0.000000 0.001585 0.000000 0.000000 0.998019 0.000000 0.000000 0.000396 0.000000 0.000000 0.001624 0.000000 0.000000 0.997965 0.000000 0.000000 0.000411 0.000000 0.001981 0.006339 0.000396 0.005943 0.971078 0.005547 0.000792 0.005943 0.001981 0.002204 0.006898 0.000437 0.006186 0.968288 0.006289 0.000891 0.006464 0.002344 
0.000000 0.001037 0.000000 0.000207 0.997095 0.001037 0.000000 0.000622 0.000000 0.000000 0.001059 0.000000 0.000207 0.996320 0.001679 0.000000 0.000735 0.000000 0.007676 0.019917 0.005809 0.015768 0.910166 0.016390 0.006017 0.014938 0.003320 0.008507 0.021228 0.006332 0.016797 0.902544 0.018123 0.006596 0.016294 0.003580 
0.000000 0.001327 0.000000 0.000000 0.998673 0.000000 0.000000 0.000000 0.000000 0.000000 0.001355 0.000000 0.000000 0.998645 0.000000 0.000000 0.000000 0.000000 0.000796 0.004245 0.000796 0.003980 0.982223 0.003449 0.000531 0.002653 0.001327 0.000903 0.004562 0.000844 0.004323 0.980676 0.003681 0.000562 0.002938 0.001513 
0.000000 0.000000 0.000000 0.000234 0.999766 0.000000 0.000000 0.000000 0.000000 0.000000 0.000000 0.000000 0.000455 0.999545 0.000000 0.000000 0.000000 0.000000 0.002803 0.007475 0.003737 0.010278 0.959822 0.004672 0.001869 0.007241 0.002102 0.003241 0.008273 0.003928 0.011178 0.955994 0.005022 0.001966 0.008114 0.002285 
0.000433 0.000867 0.000000 0.000650 0.995666 0.001300 0.000000 0.000867 0.000217 0.000438 0.000886 0.000000 0.000759 0.995462 0.001327 0.000000 0.000908 0.000220 0.007801 0.016901 0.008884 0.019718 0.902492 0.017551 0.006284 0.014518 0.005850 0.008244 0.018304 0.009404 0.021007 0.895519 0.018741 0.006685 0.015821 0.006275 
0.000422 0.000632 0.000422 0.000422 0.997470 0.000000 0.000000 0.000632 0.000000 0.000441 0.000666 0.000440 0.000422 0.997354 0.000000 0.000000 0.000677 0.000000 0.006956 0.014545 0.006745 0.015388 0.920320 0.016020 0.004005 0.012226 0.003794 0.007393 0.015749 0.007368 0.016414 0.914170 0.017243 0.004461 0.013130 0.004071 
0.000000 0.000855 0.000000 0.000855 0.997223 0.000641 0.000000 0.000214 0.000214 0.000000 0.000870 0.000000 0.000868 0.997165 0.000656 0.000000 0.000223 0.000218 0.006409 0.018372 0.004700 0.016877 0.901303 0.021577 0.007050 0.016022 0.007691 0.006999 0.019442 0.005206 0.018048 0.893833 0.022848 0.007630 0.017625 0.008370 
0.000000 0.000850 0.000212 0.000850 0.997664 0.000212 0.000000 0.000212 0.000000 0.000000 0.000896 0.000214 0.000865 0.997586 0.000218 0.000000 0.000221 0.000000 0.007222 0.013169 0.006160 0.015506 0.918224 0.013169 0.005735 0.014656 0.006160 0.007906 0.014156 0.006612 0.016777 0.911525 0.014266 0.006478 0.015597 0.006683 
0.000000 0.000880 0.000000 0.000880 0.997580 0.000220 0.000220 0.000220 0.000000 0.000000 0.000944 0.000000 0.001110 0.997186 0.000228 0.000307 0.000225 0.000000 0.006599 0.017818 0.004619 0.015618 0.917950 0.013858 0.005719 0.013858 0.003960 0.007170 0.019424 0.005095 0.017229 0.910194 0.014911 0.006440 0.015264 0.004272 
0.000191 0.000382 0.000000 0.000191 0.998473 0.000382 0.000000 0.000382 0.000000 0.000191 0.000396 0.000000 0.000192 0.998439 0.000388 0.000000 0.000395 0.000000 0.008589 0.016606 0.005154 0.018706 0.901890 0.015079 0.006490 0.019851 0.007635 0.009287 0.017760 0.005574 0.019999 0.894388 0.016348 0.007086 0.021239 0.008318 
0.000000 0.000695 0.000000 0.000927 0.996525 0.001621 0.000000 0.000232 0.000000 0.000000 0.000702 0.000000 0.000997 0.995629 0.002437 0.000000 0.000236 0.000000 0.005096 0.012277 0.004633 0.017373 0.924253 0.013667 0.005328 0.011582 0.005791 0.005525 0.012977 0.005033 0.018703 0.917463 0.015648 0.005715 0.012623 0.006312 
0.000000 0.000371 0.000000 0.000928 0.996103 0.001113 0.000371 0.000928 0.000186 0.000000 0.000371 0.000000 0.001013 0.995775 0.001268 0.000374 0.001007 0.000192 0.010020 0.022824 0.007608 0.025051 0.875858 0.022268 0.008536 0.019113 0.008721 0.010887 0.024696 0.008443 0.026484 0.866056 0.023882 0.009175 0.020769 0.009608 
0.000209 0.001043 0.000000 0.000000 0.997706 0.000626 0.000000 0.000417 0.000000 0.000213 0.001251 0.000000 0.000000 0.997373 0.000739 0.000000 0.000424 0.000000 0.004587 0.012302 0.006047 0.016889 0.921601 0.016264 0.005421 0.013136 0.003753 0.005022 0.013506 0.006537 0.018001 0.915227 0.017494 0.005904 0.014200 0.004108 
0.000238 0.000476 0.000000 0.000000 0.998572 0.000714 0.000000 0.000000 0.000000 0.000248 0.000483 0.000000 0.000000 0.998522 0.000747 0.000000 0.000000 0.000000 0.002618 0.006426 0.001428 0.010471 0.957639 0.010233 0.003094 0.005474 0.002618 0.003046 0.006855 0.001589 0.011145 0.954005 0.011279 0.003217 0.005947 0.002918 
0.000000 0.000208 0.000208 0.000417 0.998333 0.000625 0.000000 0.000208 0.000000 0.000000 0.000234 0.000215 0.000471 0.998028 0.000839 0.000000 0.000213 0.000000 0.004792 0.012500 0.003958 0.013333 0.935833 0.013125 0.003333 0.010417 0.002708 0.005079 0.013366 0.004445 0.014256 0.930518 0.014355 0.003739 0.011366 0.002876 
0.000000 0.000196 0.000000 0.000391 0.998434 0.000196 0.000000 0.000783 0.000000 0.000000 0.000381 0.000000 0.000392 0.997682 0.000381 0.000000 0.001164 0.000000 0.005479 0.015460 0.005871 0.021918 0.907436 0.016830 0.004697 0.016634 0.005675 0.005961 0.016670 0.006380 0.023345 0.899779 0.018453 0.004969 0.018203 0.006242 
0.000000 0.000517 0.000000 0.000258 0.998192 0.000000 0.000000 0.000517 0.000517 0.000000 0.000524 0.000000 0.000258 0.998102 0.000000 0.000000 0.000588 0.000529 0.001550 0.005167 0.001808 0.006200 0.970809 0.005683 0.001808 0.004650 0.002325 0.001691 0.005446 0.001969 0.006834 0.968269 0.006235 0.002022 0.005065 0.002470 
0.000000 0.000326 0.000000 0.000000 0.999347 0.000000 0.000000 0.000326 0.000000 0.000000 0.000326 0.000000 0.000000 0.999340 0.000000 0.000000 0.000333 0.000000 0.000326 0.001632 0.000326 0.001959 0.993144 0.000979 0.000000 0.000979 0.000653 0.000350 0.001659 0.000396 0.002116 0.992606 0.001125 0.000000 0.001054 0.000694 
0.000000 0.000290 0.000000 0.000000 0.999710 0.000000 0.000000 0.000000 0.000000 0.000000 0.000362 0.000000 0.000000 0.999638 0.000000 0.000000 0.000000 0.000000 0.002029 0.006667 0.001739 0.005217 0.968116 0.006667 0.001739 0.005217 0.002609 0.002171 0.007428 0.002049 0.005664 0.964984 0.007267 0.001977 0.005511 0.002948 
0.000000 0.000353 0.000000 0.000000 0.999293 0.000000 0.000000 0.000353 0.000000 0.000000 0.000362 0.000000 0.000000 0.999279 0.000000 0.000000 0.000358 0.000000 0.000000 0.002121 0.000353 0.002474 0.992930 0.001060 0.000000 0.000707 0.000353 0.000000 0.002155 0.000392 0.002643 0.992431 0.001241 0.000000 0.000755 0.000383 
0.000000 0.000000 0.000000 0.000536 0.999195 0.000268 0.000000 0.000000 0.000000 0.000000 0.000000 0.000000 0.000612 0.999118 0.000270 0.000000 0.000000 0.000000 0.002951 0.007779 0.001609 0.010998 0.954667 0.007511 0.003755 0.009120 0.001609 0.003285 0.008489 0.001764 0.012064 0.950301 0.008288 0.004172 0.009657 0.001980 
0.000000 0.000289 0.000000 0.000000 0.998844 0.000000 0.000000 0.000578 0.000289 0.000000 0.000298 0.000000 0.000000 0.998526 0.000000 0.000000 0.000873 0.000302 0.001446 0.007517 0.002602 0.008095 0.964151 0.007228 0.001446 0.005493 0.002024 0.001519 0.008262 0.002776 0.008609 0.960744 0.008215 0.001581 0.006106 0.002188 
0.000354 0.000709 0.000000 0.000000 0.998582 0.000000 0.000000 0.000354 0.000000 0.000372 0.000731 0.000000 0.000000 0.998521 0.000000 0.000000 0.000376 0.000000 0.000000 0.006381 0.000000 0.001772 0.984403 0.002481 0.000354 0.004254 0.000354 0.000000 0.006740 0.000000 0.001991 0.983136 0.002687 0.000369 0.004703 0.000375 
0.000000 0.001265 0.000000 0.000000 0.998735 0.000000 0.000000 0.000000 0.000000 0.000000 0.001390 0.000000 0.000000 0.998610 0.000000 0.000000 0.000000 0.000000 0.001581 0.006325 0.000633 0.004111 0.977862 0.004111 0.000000 0.004111 0.001265 0.001775 0.007126 0.000667 0.004587 0.975633 0.004529 0.000000 0.004369 0.001314 
