0.000264 0.001586 0.000793 0.002114 0.991015 0.001321 0.001321 0.000793 0.000793 0.000275 0.001980 0.000865 0.002303 0.989965 0.001421 0.001571 0.000813 0.000808 0.007400 0.018499 0.007400 0.031448 0.886892 0.019292 0.007135 0.015063 0.006871 0.008045 0.020094 0.007873 0.033485 0.878073 0.020909 0.007835 0.016321 0.007365 
0.001003 0.000501 0.000251 0.002005 0.993484 0.002005 0.000251 0.000501 0.000000 0.001014 0.000529 0.000258 0.002058 0.993190 0.002129 0.000257 0.000566 0.000000 0.008521 0.011779 0.003008 0.029073 0.889975 0.024311 0.007769 0.017544 0.008020 0.009367 0.012929 0.003513 0.030768 0.880994 0.025916 0.008434 0.019123 0.008955 
0.000708 0.002125 0.000472 0.002834 0.990555 0.000945 0.000472 0.001417 0.000472 0.000743 0.002396 0.000564 0.002934 0.989375 0.001172 0.000567 0.001748 0.000502 0.006375 0.019362 0.008737 0.031169 0.866352 0.028808 0.008264 0.022904 0.008028 0.006900 0.021633 0.009641 0.033514 0.855105 0.030697 0.008905 0.024943 0.008662 
0.000000 0.002330 0.001554 0.003107 0.988348 0.001554 0.000518 0.001554 0.001036 0.000000 0.002422 0.001635 0.003322 0.987707 0.001651 0.000532 0.001608 0.001122 0.012688 0.022268 0.007768 0.037804 0.857328 0.027706 0.006473 0.019161 0.008804 0.013759 0.023901 0.008334 0.040091 0.847671 0.029639 0.007001 0.020317 0.009286 
0.001657 0.001105 0.001105 0.004420 0.988398 0.001381 0.001105 0.000276 0.000552 0.001722 0.001266 0.001168 0.004579 0.987778 0.001406 0.001181 0.000345 0.000556 0.010497 0.016851 0.008840 0.028729 0.869061 0.025691 0.009669 0.022652 0.008011 0.011130 0.018434 0.009527 0.030948 0.859132 0.027335 0.010297 0.024478 0.008720 
0.000455 0.000909 0.001137 0.001364 0.990907 0.002273 0.001137 0.000227 0.001591 0.000538 0.000993 0.001200 0.001414 0.990360 0.002402 0.001167 0.000233 0.001693 0.009320 0.016595 0.007956 0.029779 0.874062 0.025688 0.007956 0.020005 0.008638 0.010034 0.017867 0.008701 0.031634 0.864622 0.027388 0.008543 0.021835 0.009375 
0.001179 0.001375 0.000786 0.001571 0.991947 0.001768 0.000393 0.000786 0.000196 0.001213 0.001401 0.000819 0.001666 0.991328 0.002092 0.000450 0.000832 0.000201 0.008053 0.018071 0.004321 0.026910 0.889216 0.024357 0.007857 0.015518 0.005696 0.008881 0.019563 0.004677 0.029024 0.879768 0.026443 0.008618 0.016857 0.006169 
0.000529 0.002293 0.000706 0.001764 0.990298 0.001411 0.000529 0.001411 0.001058 0.000542 0.002399 0.000719 0.002048 0.989463 0.001493 0.000554 0.001630 0.001152 0.009878 0.025754 0.008996 0.029988 0.852884 0.029458 0.010407 0.023285 0.009349 0.010676 0.027460 0.009694 0.032468 0.841781 0.031789 0.011070 0.024936 0.010125 
0.001985 0.001985 0.000992 0.000992 0.986304 0.002382 0.001985 0.000794 0.002580 0.002062 0.002044 0.001046 0.001031 0.985087 0.002919 0.002090 0.000850 0.002870 0.011513 0.026002 0.012505 0.031163 0.842795 0.029178 0.010322 0.023620 0.012902 0.012363 0.027183 0.013359 0.033038 0.832576 0.031459 0.010962 0.025136 0.013924 
0.002387 0.001193 0.000716 0.003580 0.986874 0.002148 0.000955 0.001671 0.000477 0.002481 0.001209 0.000788 0.003648 0.986436 0.002200 0.001011 0.001718 0.000509 0.019093 0.025776 0.016706 0.044630 0.800239 0.037709 0.014320 0.025298 0.016229 0.020200 0.026995 0.018204 0.046482 0.788462 0.039812 0.015766 0.026902 0.017178 
0.001284 0.001926 0.001712 0.002997 0.986729 0.001070 0.001070 0.001926 0.001284 0.001375 0.001959 0.001784 0.003041 0.986080 0.001152 0.001144 0.002146 0.001319 0.014341 0.024615 0.008348 0.035103 0.837329 0.033176 0.011986 0.021832 0.013271 0.015315 0.026625 0.008999 0.037249 0.825457 0.035459 0.012722 0.024022 0.014152 
0.001232 0.001848 0.002053 0.000821 0.988296 0.001027 0.001643 0.002053 0.001027 0.001325 0.001936 0.002226 0.000855 0.987182 0.001301 0.001795 0.002295 0.001085 0.012115 0.032854 0.013963 0.025051 0.842300 0.021971 0.012936 0.024846 0.013963 0.013229 0.034411 0.015087 0.026365 0.832236 0.023669 0.013782 0.026338 0.014884 
0.000707 0.001885 0.001885 0.001649 0.988454 0.000943 0.000943 0.002828 0.000707 0.000721 0.001965 0.001962 0.001726 0.986889 0.001226 0.001009 0.003735 0.000767 0.007304 0.023563 0.009425 0.025683 0.872997 0.021913 0.010603 0.022385 0.006126 0.007667 0.025339 0.010128 0.026879 0.863525 0.023528 0.011268 0.025275 0.006389 
0.000692 0.000923 0.000231 0.000923 0.994001 0.001154 0.000231 0.001154 0.000692 0.000714 0.000944 0.000238 0.000945 0.993701 0.001305 0.000238 0.001218 0.000696 0.005538 0.014075 0.005768 0.031380 0.891555 0.024919 0.005999 0.014536 0.006230 0.005935 0.015144 0.006493 0.033264 0.883457 0.026581 0.006459 0.015975 0.006692 
0.000197 0.001377 0.000983 0.000787 0.994296 0.000983 0.000197 0.000983 0.000197 0.000198 0.001677 0.001019 0.000850 0.993557 0.001061 0.000200 0.001227 0.000211 0.004131 0.017309 0.004917 0.027144 0.890834 0.022423 0.007671 0.019079 0.006491 0.004491 0.019296 0.005469 0.028829 0.880720 0.023989 0.008553 0.021409 0.007244 
0.000730 0.000913 0.000183 0.002739 0.992332 0.000913 0.000365 0.001643 0.000183 0.000742 0.001051 0.000183 0.002797 0.991644 0.000972 0.000398 0.002027 0.000187 0.007668 0.021179 0.006756 0.029030 0.877488 0.023736 0.006025 0.020084 0.008034 0.008199 0.022929 0.007432 0.030806 0.867861 0.025425 0.006425 0.022219 0.008705 
0.000743 0.000991 0.000496 0.001734 0.994301 0.000743 0.000248 0.000496 0.000248 0.000756 0.001032 0.000538 0.001830 0.994014 0.000794 0.000256 0.000527 0.000253 0.006194 0.017592 0.004708 0.027998 0.892468 0.023786 0.005451 0.015610 0.006194 0.006679 0.019017 0.005169 0.029921 0.884063 0.025478 0.005924 0.016926 0.006823 
0.000489 0.000978 0.000489 0.001955 0.992669 0.001466 0.000733 0.000489 0.000733 0.000572 0.001104 0.000496 0.002039 0.991976 0.001781 0.000776 0.000513 0.000743 0.008798 0.017840 0.008553 0.027859 0.884164 0.022727 0.007087 0.014907 0.008065 0.009432 0.019363 0.009094 0.029632 0.875385 0.024865 0.007522 0.016131 0.008575 
0.000208 0.000623 0.000623 0.001455 0.993558 0.001455 0.000623 0.000416 0.001039 0.000212 0.000625 0.000687 0.001476 0.993192 0.001606 0.000637 0.000483 0.001082 0.006650 0.016417 0.007689 0.031380 0.881754 0.022860 0.006650 0.019742 0.006858 0.007252 0.017468 0.008524 0.033326 0.872539 0.024631 0.007248 0.021603 0.007410 
0.001008 0.001008 0.001814 0.001612 0.991334 0.002015 0.000202 0.000605 0.000403 0.001056 0.001068 0.001859 0.001671 0.990620 0.002310 0.000203 0.000804 0.000410 0.006852 0.018742 0.005240 0.029222 0.877670 0.026199 0.008666 0.021161 0.006247 0.007233 0.020149 0.005647 0.031558 0.868007 0.028164 0.009153 0.023294 0.006796 
0.001564 0.001564 0.001825 0.000782 0.988008 0.001303 0.002086 0.001564 0.001303 0.001655 0.001607 0.001876 0.000797 0.987067 0.001418 0.002234 0.001963 0.001384 0.011731 0.030761 0.015120 0.022158 0.831856 0.027112 0.016163 0.028936 0.016163 0.012605 0.032094 0.015925 0.023903 0.820595 0.029112 0.017245 0.031046 0.017475 
0.001189 0.003566 0.003091 0.002378 0.982882 0.001427 0.000951 0.002140 0.002378 0.001233 0.003615 0.003302 0.002500 0.981829 0.001522 0.001015 0.002471 0.002512 0.017832 0.029957 0.016405 0.039943 0.801950 0.034475 0.014741 0.030670 0.014028 0.019291 0.032060 0.017693 0.041673 0.788690 0.036563 0.015738 0.033325 0.014967 
0.002349 0.001709 0.002136 0.004485 0.984622 0.001495 0.000854 0.001282 0.001068 0.002402 0.001799 0.002238 0.004879 0.983165 0.001983 0.000892 0.001549 0.001093 0.013883 0.025630 0.015378 0.037591 0.826143 0.034601 0.010038 0.026271 0.010466 0.014848 0.027100 0.016665 0.039799 0.814019 0.037189 0.010917 0.028294 0.011168 
0.001763 0.001983 0.002203 0.003966 0.983697 0.001322 0.001983 0.001322 0.001763 0.001845 0.002029 0.002347 0.004330 0.982732 0.001397 0.002068 0.001420 0.001831 0.015863 0.025777 0.015863 0.034809 0.823309 0.028200 0.013219 0.026658 0.016303 0.017184 0.027295 0.017005 0.036853 0.811502 0.030283 0.014017 0.028517 0.017343 
0.002213 0.001475 0.001229 0.002459 0.987952 0.000984 0.001475 0.001229 0.000984 0.002340 0.001490 0.001255 0.002779 0.987175 0.001074 0.001551 0.001284 0.001053 0.014507 0.030243 0.012540 0.025572 0.844111 0.026309 0.012540 0.022129 0.012048 0.015771 0.031932 0.013504 0.027338 0.833971 0.027943 0.013444 0.023129 0.012968 
