0.001095 0.000985 0.001095 0.001642 0.992010 0.001532 0.000547 0.000657 0.000438 0.001129 0.001002 0.001162 0.001697 0.991531 0.001706 0.000621 0.000677 0.000475 0.007771 0.022658 0.007224 0.026379 0.872920 0.028349 0.008209 0.019812 0.006677 0.008397 0.024602 0.008001 0.028246 0.862320 0.030656 0.008960 0.021536 0.007283 
0.001432 0.002148 0.001125 0.001841 0.987214 0.001944 0.001125 0.001637 0.001534 0.001466 0.002258 0.001149 0.001923 0.986721 0.002028 0.001192 0.001682 0.001582 0.008899 0.023016 0.008592 0.031813 0.853212 0.033347 0.009002 0.023527 0.008592 0.009638 0.024993 0.009213 0.033898 0.841646 0.036060 0.009803 0.025301 0.009448 
0.000632 0.001579 0.000842 0.001790 0.989788 0.002316 0.001474 0.001053 0.000526 0.000659 0.001664 0.000867 0.001838 0.989223 0.002449 0.001636 0.001093 0.000572 0.007580 0.022002 0.008422 0.029687 0.869144 0.026424 0.008843 0.019897 0.008001 0.008114 0.023573 0.009159 0.031662 0.858949 0.028556 0.009726 0.021442 0.008819 
0.000805 0.001073 0.000447 0.002325 0.990075 0.001967 0.001252 0.001431 0.000626 0.000873 0.001171 0.000467 0.002533 0.989330 0.002050 0.001352 0.001568 0.000657 0.008137 0.022890 0.006706 0.037285 0.858816 0.029506 0.008047 0.020833 0.007779 0.008753 0.024464 0.007364 0.039696 0.847841 0.031678 0.008843 0.022743 0.008617 
0.001443 0.001154 0.000866 0.003366 0.987689 0.001924 0.001154 0.001347 0.001058 0.001521 0.001165 0.000930 0.003707 0.986921 0.001981 0.001182 0.001484 0.001109 0.008560 0.024045 0.008560 0.035202 0.854189 0.033183 0.007502 0.020968 0.007791 0.009207 0.025620 0.009518 0.038125 0.842997 0.035512 0.008006 0.022670 0.008348 
0.001201 0.000601 0.000400 0.001602 0.990791 0.001702 0.001201 0.001201 0.001301 0.001254 0.000622 0.000419 0.001649 0.990319 0.001764 0.001250 0.001384 0.001337 0.008609 0.018819 0.006306 0.027628 0.872873 0.028729 0.009309 0.019019 0.008709 0.009195 0.020131 0.006818 0.029327 0.863709 0.030904 0.010036 0.020429 0.009451 
0.000875 0.001555 0.001360 0.002138 0.989603 0.001360 0.001360 0.001069 0.000680 0.000915 0.001617 0.001455 0.002215 0.988999 0.001482 0.001468 0.001128 0.000721 0.008746 0.018657 0.009620 0.030318 0.869595 0.027111 0.009426 0.019629 0.006899 0.009393 0.020183 0.010415 0.032605 0.859597 0.029086 0.010161 0.021129 0.007431 
0.001010 0.001102 0.000459 0.002020 0.991369 0.001469 0.000735 0.000735 0.001102 0.001083 0.001136 0.000469 0.002134 0.990936 0.001506 0.000821 0.000774 0.001141 0.006152 0.021486 0.006886 0.031861 0.871545 0.029841 0.006060 0.020659 0.005509 0.006751 0.022963 0.007597 0.034123 0.861357 0.032128 0.006583 0.022521 0.005978 
0.001117 0.001117 0.001117 0.001219 0.991166 0.000812 0.000914 0.001625 0.000914 0.001158 0.001130 0.001158 0.001264 0.990876 0.000829 0.000941 0.001699 0.000945 0.006600 0.024066 0.008225 0.027924 0.867790 0.027112 0.009240 0.020004 0.009037 0.007006 0.025458 0.008871 0.029759 0.858669 0.028996 0.009842 0.021633 0.009767 
0.000797 0.000569 0.001366 0.002049 0.991575 0.000569 0.001139 0.000911 0.001025 0.000865 0.000586 0.001462 0.002195 0.991116 0.000580 0.001183 0.000947 0.001066 0.007059 0.018445 0.006604 0.026073 0.889104 0.021747 0.007173 0.016395 0.007401 0.007584 0.019798 0.007085 0.027830 0.880923 0.023373 0.007735 0.017683 0.007990 
0.001299 0.001299 0.001190 0.001082 0.991668 0.000541 0.000974 0.001190 0.000757 0.001387 0.001343 0.001235 0.001128 0.991300 0.000546 0.001012 0.001249 0.000800 0.009847 0.024023 0.006817 0.023807 0.877178 0.022508 0.006493 0.021426 0.007900 0.010829 0.025767 0.007354 0.025451 0.867870 0.024141 0.006937 0.023150 0.008500 
0.001567 0.001567 0.000896 0.002575 0.987573 0.002127 0.001455 0.000896 0.001343 0.001611 0.001595 0.000945 0.002745 0.987003 0.002213 0.001558 0.000932 0.001398 0.009180 0.021272 0.008621 0.025078 0.869346 0.026422 0.009292 0.022391 0.008397 0.009652 0.022498 0.009197 0.026852 0.860735 0.028163 0.009932 0.023891 0.009081 
0.001320 0.000480 0.000840 0.001440 0.990161 0.001800 0.001440 0.000840 0.001680 0.001349 0.000487 0.000885 0.001471 0.989866 0.001868 0.001490 0.000853 0.001732 0.007559 0.019798 0.009959 0.026158 0.874250 0.024598 0.007919 0.021358 0.008399 0.008111 0.021028 0.010637 0.027559 0.866330 0.026096 0.008458 0.022773 0.009008 
0.001250 0.001500 0.000750 0.001500 0.990748 0.001375 0.001125 0.000875 0.000875 0.001353 0.001521 0.000788 0.001520 0.990225 0.001407 0.001194 0.001062 0.000931 0.009627 0.021630 0.006627 0.023506 0.872718 0.025131 0.007752 0.022506 0.010503 0.010380 0.022742 0.007213 0.024929 0.863701 0.026927 0.008360 0.024501 0.011247 
0.001200 0.000960 0.000840 0.001200 0.989443 0.001560 0.000960 0.001679 0.002159 0.001209 0.000983 0.000866 0.001211 0.989157 0.001591 0.000980 0.001706 0.002297 0.008397 0.019074 0.009117 0.025552 0.877399 0.023752 0.007917 0.021113 0.007678 0.009024 0.020134 0.009915 0.027162 0.868841 0.025594 0.008494 0.022589 0.008247 
0.000483 0.001690 0.001087 0.001811 0.990342 0.001207 0.001087 0.001449 0.000845 0.000500 0.001866 0.001160 0.001878 0.989830 0.001252 0.001126 0.001508 0.000879 0.006399 0.020886 0.007968 0.028251 0.873717 0.024991 0.009417 0.021731 0.006640 0.006875 0.022467 0.008585 0.029979 0.864655 0.026898 0.010053 0.023274 0.007215 
0.000888 0.000999 0.000333 0.001998 0.992229 0.001443 0.000555 0.000666 0.000888 0.000922 0.001056 0.000352 0.002046 0.991818 0.001483 0.000590 0.000699 0.001034 0.009214 0.024423 0.006328 0.027087 0.870782 0.025866 0.007216 0.021314 0.007771 0.009787 0.026028 0.006797 0.028760 0.861840 0.027803 0.007924 0.022603 0.008457 
0.001490 0.001490 0.001065 0.002023 0.988821 0.001810 0.000319 0.001597 0.001384 0.001574 0.001505 0.001127 0.002157 0.988334 0.001887 0.000346 0.001638 0.001433 0.011924 0.020334 0.008623 0.031513 0.856382 0.030342 0.009369 0.021931 0.009582 0.012673 0.021594 0.009387 0.033706 0.846207 0.032430 0.010087 0.023595 0.010321 
0.000233 0.001396 0.000465 0.001280 0.993485 0.001047 0.000814 0.000814 0.000465 0.000237 0.001474 0.000486 0.001324 0.993187 0.001076 0.000864 0.000863 0.000488 0.007096 0.017566 0.006282 0.025942 0.886808 0.024314 0.005235 0.020358 0.006398 0.007717 0.018897 0.006633 0.027858 0.878205 0.026163 0.005669 0.022011 0.006846 
0.000719 0.000958 0.001078 0.001438 0.992452 0.001198 0.000958 0.001078 0.000120 0.000746 0.000975 0.001155 0.001487 0.992180 0.001227 0.000996 0.001115 0.000120 0.008746 0.023362 0.008147 0.025159 0.877920 0.022283 0.008386 0.019648 0.006350 0.009463 0.024702 0.008866 0.026879 0.868993 0.023969 0.009108 0.021025 0.006993 
0.001146 0.000764 0.001146 0.001783 0.991466 0.001019 0.001146 0.001146 0.000382 0.001199 0.000913 0.001216 0.001841 0.990905 0.001062 0.001173 0.001296 0.000395 0.006496 0.024838 0.007260 0.026493 0.875812 0.024201 0.008534 0.019361 0.007005 0.007269 0.026460 0.007868 0.028358 0.866231 0.025934 0.009251 0.020925 0.007704 
0.000893 0.001021 0.001658 0.003827 0.985840 0.002296 0.001148 0.001914 0.001403 0.000924 0.001058 0.001760 0.003949 0.985257 0.002378 0.001182 0.001981 0.001510 0.010588 0.023983 0.009950 0.029723 0.851001 0.029851 0.011098 0.022452 0.011353 0.011313 0.025548 0.010785 0.031528 0.840649 0.031793 0.011950 0.024224 0.012210 
0.001266 0.002152 0.000633 0.002152 0.988351 0.001899 0.001013 0.001773 0.000760 0.001302 0.002317 0.000656 0.002195 0.987786 0.002065 0.001057 0.001834 0.000787 0.010003 0.023170 0.009369 0.025829 0.863890 0.027095 0.008736 0.022917 0.008990 0.010625 0.024744 0.010178 0.027165 0.854719 0.029133 0.009403 0.024427 0.009606 
0.000000 0.002046 0.000731 0.000585 0.993422 0.000877 0.000731 0.001462 0.000146 0.000000 0.002168 0.000771 0.000599 0.993122 0.000890 0.000757 0.001536 0.000156 0.005262 0.020611 0.005555 0.018565 0.903377 0.017249 0.007309 0.016810 0.005262 0.005711 0.022372 0.006043 0.019723 0.896038 0.018606 0.007907 0.017916 0.005684 
0.000477 0.000835 0.000358 0.000955 0.993555 0.001432 0.000477 0.000835 0.001074 0.000496 0.000879 0.000382 0.001011 0.992926 0.001663 0.000501 0.000986 0.001156 0.006564 0.022676 0.006803 0.023272 0.881012 0.023034 0.008593 0.021005 0.007041 0.007051 0.024253 0.007489 0.024889 0.871912 0.024957 0.009290 0.022459 0.007700 
0.000871 0.001369 0.000747 0.000996 0.992531 0.000871 0.001369 0.000747 0.000498 0.000920 0.001384 0.000798 0.001037 0.992276 0.000900 0.001407 0.000759 0.000520 0.004979 0.016432 0.005353 0.024275 0.898668 0.021785 0.006100 0.017553 0.004855 0.005282 0.017648 0.005945 0.026137 0.890550 0.023464 0.006620 0.019088 0.005266 
0.000829 0.000967 0.000552 0.000967 0.993648 0.000829 0.000690 0.000829 0.000690 0.000857 0.000981 0.000571 0.000976 0.993402 0.000856 0.000725 0.000915 0.000718 0.004143 0.015465 0.003866 0.017260 0.916874 0.017537 0.004971 0.016156 0.003728 0.004467 0.016282 0.004307 0.018515 0.910316 0.019049 0.005361 0.017691 0.004012 
0.000427 0.001709 0.000855 0.001425 0.993020 0.001282 0.000142 0.000570 0.000570 0.000454 0.001752 0.000899 0.001483 0.992745 0.001332 0.000146 0.000612 0.000578 0.005698 0.018376 0.005128 0.018803 0.908262 0.016382 0.003704 0.017521 0.006125 0.006132 0.019509 0.005712 0.020431 0.900677 0.017706 0.003974 0.019119 0.006740 
0.000309 0.000771 0.000154 0.000926 0.993828 0.001080 0.000463 0.001697 0.000771 0.000329 0.000816 0.000157 0.000940 0.993396 0.001185 0.000488 0.001886 0.000804 0.005092 0.016047 0.006018 0.014504 0.920383 0.014350 0.004938 0.014350 0.004320 0.005401 0.017226 0.006389 0.015447 0.914753 0.015368 0.005421 0.015441 0.004553 
0.000318 0.001113 0.000477 0.001113 0.994436 0.000795 0.000636 0.000477 0.000636 0.000329 0.001282 0.000507 0.001140 0.993979 0.000959 0.000651 0.000485 0.000668 0.005246 0.014308 0.004928 0.014944 0.920986 0.012242 0.005564 0.018124 0.003657 0.005656 0.015423 0.005373 0.016121 0.914627 0.013256 0.006196 0.019350 0.003997 
0.000887 0.001625 0.000296 0.001478 0.992760 0.000591 0.000739 0.001330 0.000296 0.000914 0.001679 0.000308 0.001538 0.992452 0.000634 0.000821 0.001345 0.000309 0.004728 0.018174 0.004285 0.014628 0.917110 0.016401 0.004876 0.015662 0.004137 0.005165 0.019447 0.004712 0.015806 0.910690 0.017865 0.005259 0.016606 0.004450 
0.000866 0.000577 0.000289 0.001299 0.991771 0.000577 0.000577 0.002599 0.001444 0.000891 0.000593 0.000299 0.001318 0.991405 0.000624 0.000588 0.002786 0.001497 0.005630 0.016746 0.005775 0.019056 0.909052 0.015736 0.006785 0.015880 0.005341 0.006057 0.017944 0.006257 0.020522 0.901859 0.016987 0.007339 0.017179 0.005855 
0.000301 0.000902 0.000301 0.000902 0.994887 0.001053 0.000602 0.000752 0.000301 0.000308 0.000914 0.000309 0.000913 0.994654 0.001138 0.000651 0.000761 0.000352 0.005865 0.015188 0.005865 0.016391 0.916992 0.014586 0.004812 0.015940 0.004361 0.006329 0.016317 0.006316 0.017449 0.910937 0.015756 0.005177 0.016897 0.004822 
0.001062 0.002390 0.001328 0.002257 0.987385 0.002125 0.000929 0.001726 0.000797 0.001101 0.002474 0.001351 0.002282 0.986951 0.002219 0.000953 0.001785 0.000884 0.009560 0.022839 0.009029 0.022839 0.875315 0.022972 0.007436 0.021113 0.008897 0.010184 0.024302 0.009664 0.024164 0.867023 0.024679 0.007931 0.022482 0.009573 
0.000813 0.001626 0.000542 0.001084 0.991598 0.001762 0.001084 0.001084 0.000407 0.000870 0.001686 0.000556 0.001092 0.991157 0.001832 0.001146 0.001238 0.000424 0.008267 0.021277 0.006369 0.023580 0.876542 0.024394 0.008673 0.023174 0.007725 0.008885 0.022505 0.006967 0.025118 0.867859 0.026126 0.009384 0.024730 0.008425 
0.001247 0.001247 0.002078 0.000831 0.989474 0.001385 0.000554 0.001662 0.001524 0.001297 0.001260 0.002147 0.000839 0.989149 0.001419 0.000585 0.001700 0.001604 0.007341 0.022299 0.007756 0.022438 0.883102 0.023961 0.006648 0.019945 0.006510 0.008038 0.023615 0.008367 0.023875 0.875028 0.025536 0.007140 0.021407 0.006993 
0.000324 0.000809 0.000162 0.001132 0.994824 0.000809 0.000162 0.000485 0.001294 0.000326 0.000967 0.000164 0.001167 0.994537 0.000873 0.000162 0.000490 0.001314 0.003882 0.018279 0.004853 0.016014 0.918635 0.017308 0.003397 0.014558 0.003073 0.004451 0.019972 0.005372 0.017305 0.911448 0.018927 0.003619 0.015637 0.003271 
0.000587 0.000587 0.000441 0.001762 0.993539 0.000881 0.000734 0.001175 0.000294 0.000616 0.000612 0.000448 0.001852 0.993289 0.000919 0.000760 0.001204 0.000300 0.006608 0.014831 0.007048 0.019383 0.902643 0.016593 0.006314 0.019383 0.007195 0.007086 0.015947 0.007603 0.020762 0.895486 0.017699 0.006897 0.020687 0.007832 
0.000554 0.001248 0.001109 0.001525 0.991544 0.001248 0.001109 0.000554 0.001109 0.000562 0.001261 0.001181 0.001544 0.991113 0.001286 0.001164 0.000709 0.001181 0.008179 0.024951 0.006792 0.019268 0.888134 0.019407 0.009149 0.018159 0.005961 0.008797 0.026848 0.007569 0.020348 0.879733 0.020642 0.009865 0.019769 0.006429 
0.000133 0.000531 0.000531 0.000663 0.996285 0.000663 0.000398 0.000398 0.000398 0.000139 0.000533 0.000553 0.000674 0.996159 0.000694 0.000435 0.000402 0.000410 0.005041 0.017113 0.006766 0.017379 0.912709 0.016715 0.005704 0.014991 0.003582 0.005458 0.018452 0.007440 0.018576 0.905660 0.018103 0.006229 0.016169 0.003912 
0.000862 0.001580 0.001868 0.002155 0.987933 0.001868 0.001006 0.001868 0.000862 0.000921 0.001622 0.001940 0.002194 0.987349 0.002101 0.001046 0.001938 0.000889 0.007901 0.020112 0.006608 0.022411 0.881626 0.025571 0.010343 0.018963 0.006465 0.008502 0.021604 0.007088 0.023787 0.872996 0.027593 0.010973 0.020427 0.007030 
0.000611 0.002138 0.000305 0.000916 0.994349 0.000764 0.000305 0.000305 0.000305 0.000640 0.002243 0.000317 0.000952 0.993824 0.001076 0.000314 0.000307 0.000327 0.006872 0.018784 0.004734 0.019243 0.905773 0.019243 0.004734 0.015883 0.004734 0.007377 0.020070 0.005180 0.020559 0.898517 0.020851 0.005092 0.017244 0.005110 
0.001229 0.001721 0.001106 0.001966 0.988202 0.001229 0.000860 0.002089 0.001598 0.001279 0.001779 0.001166 0.002045 0.987382 0.001355 0.000911 0.002386 0.001697 0.008603 0.024825 0.007374 0.024088 0.875015 0.025194 0.005776 0.020892 0.008234 0.009227 0.026521 0.008039 0.025668 0.865342 0.027323 0.006201 0.022723 0.008957 
0.000550 0.000661 0.000661 0.001872 0.991413 0.002422 0.000440 0.000661 0.001321 0.000560 0.000672 0.000715 0.002143 0.990639 0.002652 0.000461 0.000800 0.001358 0.008477 0.023891 0.008147 0.029396 0.868215 0.023671 0.006716 0.024441 0.007046 0.009141 0.025476 0.008949 0.031879 0.857077 0.025968 0.007324 0.026583 0.007603 
0.000644 0.001159 0.000644 0.002061 0.991499 0.001030 0.001803 0.000644 0.000515 0.000650 0.001169 0.000674 0.002164 0.991086 0.001095 0.001935 0.000698 0.000529 0.007084 0.017517 0.005152 0.021638 0.897476 0.023442 0.007342 0.014683 0.005667 0.007612 0.018855 0.005579 0.023229 0.889284 0.025350 0.008010 0.015969 0.006113 
0.000488 0.000732 0.000610 0.000610 0.993902 0.001464 0.000732 0.000488 0.000976 0.000518 0.000802 0.000643 0.000629 0.993423 0.001516 0.000787 0.000630 0.001052 0.007684 0.015246 0.006098 0.023661 0.899988 0.023296 0.004513 0.013538 0.005976 0.008288 0.016443 0.006763 0.025448 0.892023 0.025122 0.004858 0.014570 0.006484 
0.000558 0.001004 0.000669 0.002008 0.990851 0.001897 0.001339 0.001116 0.000558 0.000597 0.001071 0.000699 0.002215 0.989681 0.002221 0.001437 0.001499 0.000579 0.005802 0.022091 0.006583 0.032578 0.867455 0.032355 0.008033 0.018632 0.006471 0.006259 0.023887 0.007125 0.034904 0.856458 0.034892 0.008836 0.020498 0.007141 
0.001195 0.000896 0.000697 0.002091 0.991337 0.001792 0.000398 0.000597 0.000996 0.001252 0.000938 0.000726 0.002148 0.990917 0.001841 0.000410 0.000702 0.001066 0.009658 0.026187 0.006870 0.035547 0.849447 0.032460 0.007368 0.023001 0.009459 0.010591 0.028073 0.007468 0.037696 0.838145 0.034937 0.007906 0.024962 0.010221 
0.000575 0.000460 0.001610 0.001035 0.993215 0.001495 0.000805 0.000805 0.000000 0.000597 0.000498 0.001689 0.001051 0.992909 0.001563 0.000826 0.000867 0.000000 0.005865 0.013684 0.005520 0.033234 0.889604 0.025759 0.006670 0.014259 0.005405 0.006474 0.014839 0.006029 0.035353 0.880625 0.027862 0.007277 0.015619 0.005921 
0.000710 0.001184 0.001184 0.001657 0.989466 0.001894 0.001420 0.001302 0.001184 0.000753 0.001245 0.001244 0.001738 0.988963 0.001974 0.001503 0.001328 0.001252 0.007812 0.020002 0.008048 0.028998 0.880933 0.026630 0.005563 0.015623 0.006391 0.008385 0.021503 0.008812 0.030730 0.871623 0.028735 0.006126 0.017085 0.007003 
0.000368 0.000736 0.000491 0.001349 0.993868 0.000491 0.000981 0.001349 0.000368 0.000435 0.000777 0.000527 0.001366 0.993541 0.000523 0.001069 0.001376 0.000387 0.006990 0.013858 0.004660 0.024528 0.904219 0.024283 0.004538 0.013245 0.003679 0.007711 0.014930 0.005197 0.026284 0.896212 0.026152 0.004971 0.014442 0.004101 
0.000483 0.002052 0.000362 0.001811 0.990827 0.001569 0.000483 0.001569 0.000845 0.000490 0.002134 0.000382 0.001978 0.990344 0.001661 0.000529 0.001614 0.000869 0.009777 0.017381 0.008690 0.026433 0.881231 0.026192 0.008690 0.015088 0.006518 0.010444 0.018626 0.009477 0.028588 0.872079 0.028092 0.009621 0.016126 0.006945 
0.000264 0.000923 0.000528 0.001187 0.994063 0.000923 0.000792 0.000792 0.000528 0.000269 0.000979 0.000574 0.001200 0.993719 0.001018 0.000829 0.000868 0.000543 0.003826 0.013193 0.004617 0.023087 0.913852 0.019393 0.005277 0.013588 0.003166 0.004097 0.014298 0.005092 0.024252 0.906998 0.021102 0.005700 0.014929 0.003530 
0.000000 0.000449 0.000300 0.001048 0.996406 0.000150 0.000599 0.001048 0.000000 0.000000 0.000459 0.000314 0.001090 0.996140 0.000155 0.000625 0.001217 0.000000 0.001947 0.009435 0.003445 0.016325 0.933054 0.019919 0.004343 0.008087 0.003445 0.002037 0.010330 0.003862 0.017516 0.927063 0.021754 0.004696 0.008965 0.003778 
0.001312 0.001458 0.000729 0.001750 0.991544 0.001604 0.000583 0.000292 0.000729 0.001368 0.001482 0.000759 0.001822 0.991212 0.001692 0.000586 0.000298 0.000781 0.007873 0.014434 0.006269 0.021869 0.902172 0.020849 0.006852 0.014871 0.004811 0.008450 0.015324 0.006855 0.023642 0.894365 0.022692 0.007310 0.016055 0.005307 
0.000361 0.000180 0.000541 0.000721 0.996394 0.000902 0.000180 0.000541 0.000180 0.000368 0.000181 0.000601 0.000740 0.996067 0.001124 0.000190 0.000546 0.000182 0.002164 0.006311 0.003606 0.011360 0.953480 0.010819 0.002164 0.007753 0.002344 0.002351 0.006808 0.004107 0.012235 0.949367 0.011873 0.002332 0.008360 0.002567 
0.000279 0.000558 0.000837 0.001116 0.993861 0.000698 0.000419 0.001395 0.000837 0.000300 0.000566 0.000896 0.001202 0.993242 0.000839 0.000430 0.001620 0.000904 0.003209 0.014650 0.004883 0.018139 0.920329 0.018418 0.004186 0.012278 0.003907 0.003425 0.015830 0.005414 0.019638 0.913199 0.019938 0.004529 0.013571 0.004456 
0.000676 0.000946 0.000811 0.000676 0.993782 0.001081 0.000541 0.000811 0.000676 0.000699 0.000962 0.000866 0.000753 0.993507 0.001091 0.000589 0.000822 0.000711 0.007299 0.017167 0.007705 0.020005 0.895918 0.023655 0.007705 0.016085 0.004461 0.007853 0.018263 0.008461 0.021520 0.888215 0.025309 0.008286 0.017347 0.004746 
0.001758 0.001406 0.001172 0.002461 0.988045 0.001641 0.000586 0.001992 0.000938 0.001873 0.001554 0.001212 0.002536 0.987473 0.001672 0.000608 0.002074 0.000998 0.011603 0.023910 0.009376 0.034107 0.844351 0.031880 0.010314 0.023676 0.010783 0.012414 0.025597 0.010141 0.036184 0.833178 0.034446 0.011031 0.025389 0.011620 
0.000777 0.001333 0.000888 0.002554 0.990004 0.002554 0.000777 0.000666 0.000444 0.000830 0.001371 0.000914 0.002697 0.989486 0.002717 0.000811 0.000697 0.000477 0.009551 0.016992 0.008774 0.032985 0.866504 0.031653 0.008552 0.017215 0.007774 0.010332 0.018332 0.009348 0.035453 0.856417 0.034048 0.009211 0.018451 0.008409 
0.001033 0.001033 0.000459 0.001263 0.992883 0.001492 0.000918 0.000230 0.000689 0.001072 0.001061 0.000514 0.001424 0.992381 0.001651 0.000936 0.000249 0.000712 0.008838 0.021809 0.007346 0.030992 0.864555 0.030992 0.009068 0.017218 0.009183 0.009576 0.023511 0.007938 0.032987 0.854665 0.033206 0.009709 0.018391 0.010017 
0.000595 0.001309 0.000476 0.002498 0.991673 0.001309 0.000714 0.000952 0.000476 0.000615 0.001332 0.000493 0.002562 0.991326 0.001341 0.000760 0.001080 0.000490 0.006662 0.020224 0.007376 0.023793 0.888175 0.022960 0.005591 0.017963 0.007257 0.007225 0.021685 0.007894 0.025428 0.879729 0.024413 0.006095 0.019559 0.007971 
0.001290 0.001161 0.000645 0.001290 0.990582 0.001935 0.001032 0.001161 0.000903 0.001328 0.001200 0.000659 0.001359 0.989927 0.002207 0.001089 0.001287 0.000943 0.010321 0.020255 0.006064 0.029287 0.873436 0.023610 0.006838 0.020384 0.009805 0.011072 0.021628 0.006548 0.031524 0.863489 0.025723 0.007562 0.021977 0.010478 
0.000641 0.001153 0.001153 0.003332 0.988339 0.001666 0.001281 0.001410 0.001025 0.000664 0.001217 0.001187 0.003404 0.987964 0.001750 0.001339 0.001424 0.001051 0.009739 0.022809 0.007304 0.029600 0.868145 0.028703 0.007432 0.018708 0.007560 0.010370 0.024732 0.007853 0.031441 0.858981 0.030599 0.007992 0.019985 0.008046 
0.000875 0.002000 0.001000 0.001750 0.988626 0.001750 0.000750 0.001500 0.001750 0.000909 0.002023 0.001042 0.001801 0.988261 0.001818 0.000758 0.001571 0.001815 0.008124 0.016498 0.008374 0.029621 0.882265 0.023372 0.007249 0.016748 0.007749 0.008706 0.017630 0.009057 0.031794 0.873704 0.025009 0.007866 0.017885 0.008350 
0.001076 0.001480 0.000807 0.001480 0.991792 0.001076 0.000807 0.000807 0.000673 0.001190 0.001542 0.000863 0.001507 0.991344 0.001114 0.000840 0.000864 0.000736 0.008073 0.018299 0.004709 0.019376 0.897740 0.024354 0.004844 0.015608 0.006997 0.008833 0.019496 0.005093 0.020738 0.890062 0.026127 0.005320 0.016923 0.007408 
0.000976 0.001395 0.001116 0.002371 0.989678 0.001395 0.001255 0.001255 0.000558 0.001032 0.001410 0.001233 0.002524 0.989146 0.001482 0.001303 0.001290 0.000579 0.009625 0.018552 0.008230 0.023434 0.879760 0.026503 0.008648 0.015762 0.009485 0.010221 0.019643 0.009019 0.025056 0.871309 0.028535 0.009426 0.016647 0.010145 
0.000849 0.000990 0.000849 0.001981 0.990238 0.001698 0.001415 0.000849 0.001132 0.000911 0.001016 0.000887 0.002022 0.989920 0.001757 0.001471 0.000861 0.001155 0.006225 0.017261 0.007499 0.023345 0.890775 0.023486 0.006225 0.017402 0.007782 0.006639 0.018467 0.008002 0.025017 0.883162 0.025161 0.006798 0.018450 0.008303 
0.001695 0.000989 0.000848 0.002826 0.989969 0.001130 0.000706 0.001272 0.000565 0.001753 0.001002 0.000868 0.002911 0.989715 0.001157 0.000721 0.001294 0.000578 0.006782 0.020910 0.005934 0.026702 0.881181 0.023453 0.008053 0.018225 0.008760 0.007310 0.022248 0.006447 0.028135 0.873426 0.025119 0.008687 0.019265 0.009363 
0.001423 0.000569 0.000142 0.001992 0.992602 0.001280 0.000427 0.000854 0.000711 0.001486 0.000608 0.000157 0.002069 0.992205 0.001336 0.000453 0.000878 0.000807 0.007256 0.015507 0.003272 0.020913 0.913643 0.015080 0.005122 0.013089 0.006118 0.007807 0.016585 0.003535 0.022420 0.906854 0.016382 0.005610 0.014151 0.006656 
0.001245 0.000969 0.000553 0.001245 0.991421 0.001660 0.000830 0.001522 0.000553 0.001305 0.000975 0.000605 0.001310 0.991071 0.001711 0.000889 0.001553 0.000580 0.010793 0.020064 0.007334 0.026982 0.874637 0.025737 0.006088 0.019233 0.009132 0.011672 0.021099 0.008030 0.028402 0.866254 0.027429 0.006590 0.020622 0.009902 
0.000561 0.001121 0.000280 0.001541 0.992293 0.001261 0.001261 0.000981 0.000701 0.000589 0.001161 0.000288 0.001585 0.991913 0.001385 0.001328 0.001022 0.000730 0.007287 0.013593 0.006306 0.023402 0.899804 0.021581 0.006867 0.016396 0.004765 0.007823 0.014454 0.006782 0.024769 0.892624 0.023167 0.007343 0.017872 0.005165 
0.000559 0.001259 0.000559 0.001538 0.991330 0.001538 0.000559 0.001119 0.001538 0.000577 0.001315 0.000580 0.001570 0.990806 0.001595 0.000606 0.001209 0.001742 0.007272 0.016361 0.005034 0.020976 0.906027 0.018179 0.004615 0.013984 0.007551 0.007742 0.017682 0.005607 0.022487 0.898551 0.019430 0.005032 0.015164 0.008304 
0.000397 0.001457 0.000530 0.000794 0.994041 0.000927 0.000530 0.001059 0.000265 0.000406 0.001650 0.000539 0.000804 0.993568 0.000949 0.000549 0.001265 0.000270 0.007283 0.015095 0.004502 0.024100 0.903204 0.022775 0.005164 0.011785 0.006091 0.007936 0.016428 0.004832 0.025243 0.895838 0.024522 0.005640 0.012969 0.006593 
0.000743 0.000850 0.001062 0.002336 0.989805 0.002230 0.000956 0.001168 0.000850 0.000770 0.000860 0.001130 0.002415 0.989260 0.002414 0.001047 0.001203 0.000902 0.006903 0.018479 0.007116 0.033985 0.867778 0.033241 0.007434 0.017311 0.007753 0.007535 0.019929 0.007856 0.035866 0.858268 0.035594 0.008022 0.018561 0.008368 
0.000150 0.000602 0.000000 0.000150 0.997592 0.000602 0.000451 0.000301 0.000150 0.000155 0.000632 0.000000 0.000157 0.997463 0.000663 0.000465 0.000306 0.000159 0.002709 0.008879 0.002709 0.010685 0.950339 0.013243 0.002408 0.006471 0.002558 0.003038 0.009718 0.002907 0.011537 0.945586 0.014317 0.002604 0.007304 0.002989 
0.000000 0.000448 0.000000 0.000448 0.997907 0.000598 0.000448 0.000149 0.000000 0.000000 0.000457 0.000000 0.000507 0.997714 0.000653 0.000509 0.000159 0.000000 0.002392 0.007175 0.002691 0.015546 0.946936 0.014200 0.002840 0.007474 0.000747 0.002680 0.007877 0.002999 0.016903 0.941905 0.015464 0.003283 0.008062 0.000827 
0.001370 0.000822 0.000548 0.001918 0.991369 0.001233 0.000959 0.000685 0.001096 0.001441 0.000857 0.000567 0.001954 0.990920 0.001390 0.001004 0.000702 0.001166 0.005617 0.013289 0.004521 0.022058 0.911084 0.018496 0.005480 0.014797 0.004658 0.006011 0.014274 0.004959 0.023272 0.904800 0.019960 0.005825 0.015846 0.005052 
0.000462 0.000462 0.000154 0.000770 0.996458 0.000924 0.000154 0.000616 0.000000 0.000501 0.000466 0.000169 0.000814 0.996075 0.001131 0.000206 0.000637 0.000000 0.002926 0.012319 0.002002 0.014629 0.940099 0.014937 0.002618 0.006775 0.003696 0.003161 0.013274 0.002239 0.015629 0.934834 0.016438 0.002962 0.007243 0.004220 
0.000555 0.000555 0.000555 0.000694 0.995420 0.000555 0.000416 0.000416 0.000833 0.000560 0.000605 0.000578 0.000770 0.994960 0.000703 0.000471 0.000429 0.000923 0.003609 0.013046 0.003192 0.018737 0.926301 0.015267 0.004025 0.012353 0.003470 0.003979 0.014182 0.003455 0.020209 0.919813 0.016586 0.004465 0.013400 0.003910 
0.000542 0.002033 0.000407 0.001898 0.992139 0.000813 0.000271 0.001220 0.000678 0.000561 0.002239 0.000419 0.001914 0.991829 0.000825 0.000277 0.001234 0.000703 0.005828 0.013418 0.005286 0.020602 0.916102 0.019924 0.003253 0.011385 0.004202 0.006347 0.014666 0.005656 0.022013 0.909325 0.021577 0.003536 0.012242 0.004638 
0.000399 0.000798 0.000532 0.000665 0.994278 0.001863 0.000399 0.000133 0.000931 0.000409 0.000822 0.000590 0.000685 0.993970 0.001939 0.000437 0.000139 0.001011 0.005323 0.012508 0.004125 0.018097 0.924285 0.016101 0.004923 0.010246 0.004391 0.005807 0.013449 0.004466 0.019255 0.918231 0.017513 0.005390 0.010993 0.004897 
0.000437 0.000437 0.000583 0.000874 0.995192 0.001311 0.000291 0.000583 0.000291 0.000448 0.000443 0.000625 0.001021 0.994679 0.001441 0.000316 0.000725 0.000302 0.004080 0.007723 0.003788 0.021711 0.925251 0.019962 0.003643 0.009617 0.004226 0.004543 0.008049 0.004092 0.023409 0.918805 0.021999 0.003824 0.010574 0.004705 
0.000198 0.000396 0.000396 0.000594 0.996038 0.000396 0.000594 0.000792 0.000594 0.000198 0.000401 0.000424 0.000788 0.995711 0.000400 0.000605 0.000848 0.000626 0.003368 0.010895 0.003368 0.009707 0.943146 0.010499 0.003170 0.011886 0.003962 0.003776 0.011753 0.003668 0.010875 0.938088 0.011192 0.003436 0.012873 0.004338 
0.000933 0.000373 0.000187 0.000000 0.996454 0.000187 0.000187 0.000560 0.001120 0.001029 0.000375 0.000190 0.000000 0.996064 0.000232 0.000201 0.000742 0.001167 0.005786 0.008959 0.003919 0.014558 0.935797 0.012878 0.003546 0.011385 0.003173 0.006342 0.009684 0.004316 0.015632 0.929934 0.014026 0.003899 0.012754 0.003415 
0.000366 0.000549 0.000183 0.001648 0.995422 0.001099 0.000549 0.000000 0.000183 0.000380 0.000552 0.000187 0.001913 0.994876 0.001343 0.000560 0.000000 0.000189 0.006226 0.010071 0.004761 0.019044 0.922359 0.019777 0.003296 0.010438 0.004029 0.006725 0.010811 0.004991 0.020584 0.916187 0.021488 0.003497 0.011330 0.004386 
0.000000 0.000370 0.000000 0.000185 0.999075 0.000185 0.000000 0.000000 0.000185 0.000000 0.000377 0.000000 0.000194 0.999028 0.000208 0.000000 0.000000 0.000192 0.001110 0.007031 0.001295 0.012211 0.958742 0.012211 0.001480 0.004625 0.001295 0.001262 0.007674 0.001372 0.012885 0.955317 0.013505 0.001597 0.005015 0.001373 
0.000000 0.000210 0.000000 0.000000 0.999579 0.000000 0.000000 0.000210 0.000000 0.000000 0.000215 0.000000 0.000000 0.999375 0.000000 0.000000 0.000410 0.000000 0.000210 0.002947 0.000000 0.006314 0.983372 0.004631 0.000421 0.001894 0.000210 0.000213 0.003322 0.000000 0.006726 0.981720 0.005093 0.000463 0.002180 0.000282 
0.000000 0.000000 0.000000 0.000595 0.999108 0.000000 0.000297 0.000000 0.000000 0.000000 0.000000 0.000000 0.000696 0.998983 0.000000 0.000321 0.000000 0.000000 0.000595 0.002082 0.000595 0.003272 0.983343 0.005354 0.000595 0.003867 0.000297 0.000621 0.002182 0.000734 0.003725 0.981846 0.005684 0.000718 0.004165 0.000324 
