0.002238 0.002537 0.001619 0.003913 0.979443 0.003947 0.001710 0.002676 0.001918 0.002345 0.002600 0.001709 0.004074 0.978292 0.004402 0.001787 0.002794 0.001998 0.014017 0.048188 0.011925 0.057896 0.739511 0.053671 0.013162 0.048153 0.013475 0.015024 0.050646 0.012869 0.060622 0.724487 0.056757 0.014148 0.050904 0.014543 
0.001712 0.002541 0.001330 0.003468 0.981488 0.003386 0.001401 0.002781 0.001892 0.001809 0.002621 0.001407 0.003652 0.980386 0.003777 0.001462 0.002888 0.001998 0.013070 0.047438 0.011123 0.051380 0.757133 0.048610 0.011816 0.046598 0.012830 0.014059 0.049903 0.012041 0.054132 0.742272 0.051597 0.012738 0.049371 0.013888 
0.001611 0.002493 0.001558 0.003491 0.981702 0.003385 0.001891 0.002371 0.001500 0.001686 0.002560 0.001646 0.003660 0.980730 0.003699 0.001987 0.002447 0.001585 0.012421 0.047877 0.011576 0.050528 0.756052 0.048807 0.012870 0.047534 0.012336 0.013380 0.050386 0.012498 0.053134 0.741229 0.051781 0.013897 0.050339 0.013356 
0.001928 0.003038 0.001923 0.003986 0.978991 0.003642 0.001928 0.002861 0.001704 0.002023 0.003112 0.002023 0.004191 0.977861 0.004021 0.002013 0.002958 0.001797 0.013558 0.050298 0.012354 0.054451 0.743581 0.049767 0.014209 0.049292 0.012490 0.014559 0.052854 0.013296 0.057160 0.728685 0.052687 0.015239 0.052039 0.013482 
0.002407 0.002375 0.001256 0.003700 0.980813 0.003647 0.001361 0.002297 0.002144 0.002539 0.002443 0.001327 0.003915 0.979752 0.003973 0.001417 0.002377 0.002257 0.014794 0.046504 0.010074 0.053683 0.752653 0.051229 0.011283 0.045527 0.014252 0.015858 0.048865 0.010888 0.056513 0.737955 0.054215 0.012182 0.048159 0.015365 
0.002654 0.002649 0.000921 0.003334 0.981231 0.003184 0.000995 0.002687 0.002344 0.002786 0.002714 0.000971 0.003519 0.980172 0.003517 0.001051 0.002798 0.002471 0.016109 0.052554 0.009050 0.048851 0.750752 0.046807 0.009928 0.049895 0.016055 0.017246 0.055135 0.009782 0.051493 0.735967 0.049696 0.010717 0.052669 0.017294 
0.001819 0.002640 0.001095 0.002930 0.983906 0.002583 0.000986 0.002451 0.001591 0.001909 0.002712 0.001150 0.003057 0.983104 0.002843 0.001035 0.002529 0.001661 0.013460 0.053925 0.009515 0.044541 0.760715 0.041303 0.010649 0.052642 0.013249 0.014427 0.056614 0.010321 0.047103 0.746106 0.043977 0.011496 0.055654 0.014302 
0.001356 0.003022 0.001303 0.002952 0.982827 0.002882 0.001286 0.002958 0.001415 0.001420 0.003096 0.001370 0.003179 0.981745 0.003300 0.001350 0.003056 0.001484 0.012024 0.056080 0.011521 0.043974 0.755094 0.041133 0.012661 0.055793 0.011720 0.012945 0.058770 0.012421 0.046381 0.740563 0.043819 0.013631 0.058786 0.012685 
0.001231 0.002155 0.001387 0.003461 0.983458 0.003273 0.001591 0.002048 0.001397 0.001290 0.002212 0.001463 0.003643 0.982511 0.003629 0.001658 0.002127 0.001468 0.011001 0.043661 0.011114 0.051674 0.767201 0.049712 0.012786 0.042323 0.010528 0.011872 0.046029 0.011996 0.054289 0.752968 0.052791 0.013779 0.044905 0.011370 
0.001286 0.002247 0.001335 0.003038 0.984524 0.002890 0.001412 0.002269 0.001000 0.001351 0.002302 0.001408 0.003193 0.983613 0.003232 0.001481 0.002362 0.001057 0.010691 0.046730 0.011026 0.046675 0.772459 0.044725 0.012328 0.045274 0.010092 0.011512 0.049219 0.011910 0.049209 0.758334 0.047590 0.013318 0.047951 0.010957 
0.001324 0.002922 0.001079 0.002635 0.984450 0.002665 0.001336 0.002558 0.001032 0.001379 0.003008 0.001133 0.002823 0.983520 0.003005 0.001398 0.002662 0.001074 0.011335 0.053270 0.011317 0.042460 0.766475 0.040862 0.012152 0.051290 0.010840 0.012200 0.055961 0.012209 0.044959 0.751903 0.043644 0.013149 0.054224 0.011752 
0.001388 0.002509 0.001208 0.002812 0.984552 0.002514 0.001278 0.002456 0.001283 0.001456 0.002574 0.001274 0.002970 0.983683 0.002815 0.001331 0.002543 0.001355 0.012303 0.052358 0.010693 0.043718 0.765476 0.040737 0.011312 0.051658 0.011743 0.013258 0.055053 0.011568 0.046224 0.750844 0.043463 0.012240 0.054659 0.012691 
0.001546 0.002952 0.001206 0.002811 0.983111 0.002741 0.001347 0.002799 0.001487 0.001632 0.003016 0.001266 0.002985 0.982132 0.003094 0.001406 0.002903 0.001566 0.012819 0.053853 0.010933 0.046264 0.758035 0.041719 0.011695 0.051698 0.012983 0.013788 0.056565 0.011833 0.048835 0.743294 0.044449 0.012600 0.054587 0.014049 
0.001909 0.002194 0.001267 0.003645 0.982467 0.003262 0.001165 0.002157 0.001936 0.002015 0.002237 0.001344 0.003818 0.981542 0.003568 0.001216 0.002224 0.002036 0.012951 0.043612 0.010449 0.054115 0.763742 0.049840 0.010999 0.042254 0.012039 0.013954 0.046030 0.011342 0.056898 0.749283 0.052782 0.011882 0.044817 0.013012 
0.002465 0.002511 0.001253 0.003920 0.980283 0.003425 0.001536 0.002516 0.002091 0.002598 0.002570 0.001307 0.004092 0.979293 0.003735 0.001610 0.002584 0.002212 0.014474 0.050544 0.010877 0.055394 0.742431 0.052600 0.011543 0.048538 0.013600 0.015515 0.053066 0.011751 0.058138 0.727635 0.055537 0.012430 0.051248 0.014679 
0.002283 0.002930 0.001442 0.003494 0.980120 0.003285 0.001546 0.002946 0.001954 0.002412 0.002996 0.001515 0.003674 0.979086 0.003613 0.001616 0.003037 0.002051 0.016004 0.059546 0.011956 0.050656 0.728169 0.048780 0.012473 0.057587 0.014829 0.017126 0.062286 0.012866 0.053186 0.712961 0.051592 0.013423 0.060580 0.015980 
0.002085 0.002693 0.001086 0.003095 0.982452 0.002878 0.001108 0.002677 0.001927 0.002189 0.002760 0.001137 0.003235 0.981596 0.003131 0.001163 0.002758 0.002030 0.013883 0.053117 0.010685 0.049158 0.750706 0.045195 0.011212 0.052286 0.013758 0.014888 0.055780 0.011583 0.051757 0.735980 0.047862 0.012077 0.055230 0.014844 
0.002004 0.002163 0.001288 0.003240 0.983467 0.003018 0.001179 0.001993 0.001648 0.002115 0.002214 0.001362 0.003400 0.982633 0.003249 0.001235 0.002055 0.001736 0.013067 0.044738 0.009766 0.051717 0.766322 0.048199 0.010543 0.043301 0.012346 0.014061 0.047239 0.010581 0.054418 0.752094 0.050976 0.011413 0.045902 0.013317 
0.001961 0.002391 0.001350 0.003305 0.982652 0.002981 0.001514 0.002189 0.001658 0.002067 0.002444 0.001413 0.003459 0.981796 0.003224 0.001591 0.002250 0.001756 0.013480 0.049934 0.011254 0.051682 0.752788 0.048404 0.011732 0.047416 0.013310 0.014484 0.052463 0.012153 0.054392 0.738119 0.051270 0.012665 0.050091 0.014364 
0.002099 0.003061 0.001454 0.003258 0.980751 0.002990 0.001410 0.003034 0.001941 0.002207 0.003139 0.001524 0.003407 0.979823 0.003238 0.001481 0.003142 0.002039 0.014411 0.057649 0.012071 0.048503 0.740948 0.045622 0.012968 0.054178 0.013651 0.015488 0.060403 0.013025 0.051062 0.725913 0.048370 0.013977 0.057075 0.014685 
0.001890 0.002402 0.001466 0.003653 0.981678 0.003153 0.001361 0.002460 0.001937 0.001985 0.002451 0.001545 0.003845 0.980710 0.003449 0.001423 0.002538 0.002055 0.013471 0.049261 0.011145 0.052257 0.754684 0.047551 0.012128 0.046661 0.012843 0.014480 0.051851 0.012030 0.055024 0.739922 0.050352 0.013114 0.049363 0.013864 
0.002133 0.002232 0.001248 0.003682 0.981944 0.003562 0.001201 0.002097 0.001900 0.002257 0.002288 0.001310 0.003872 0.980964 0.003890 0.001255 0.002166 0.001997 0.013758 0.045504 0.010221 0.054452 0.758799 0.050672 0.010853 0.043008 0.012733 0.014793 0.047930 0.011044 0.057272 0.744227 0.053695 0.011743 0.045524 0.013773 
0.001858 0.002004 0.001260 0.003336 0.983969 0.003045 0.001223 0.001780 0.001525 0.001965 0.002063 0.001323 0.003478 0.983145 0.003290 0.001292 0.001836 0.001608 0.012284 0.043118 0.011061 0.051888 0.767973 0.049109 0.011206 0.041812 0.011550 0.013217 0.045483 0.011991 0.054646 0.753647 0.051969 0.012093 0.044421 0.012534 
0.002039 0.002224 0.001151 0.003407 0.983832 0.002953 0.001009 0.001901 0.001484 0.002138 0.002280 0.001214 0.003560 0.983021 0.003183 0.001063 0.001967 0.001574 0.012629 0.045424 0.009624 0.052507 0.766923 0.047399 0.010437 0.043443 0.011615 0.013626 0.047838 0.010432 0.055242 0.752643 0.050240 0.011295 0.046076 0.012609 
0.002658 0.002938 0.001071 0.003434 0.980058 0.003186 0.001208 0.002669 0.002780 0.002801 0.003002 0.001122 0.003575 0.979129 0.003434 0.001263 0.002745 0.002929 0.016699 0.054136 0.010559 0.050650 0.742243 0.047005 0.010918 0.051773 0.016018 0.017886 0.056742 0.011413 0.053212 0.727526 0.049709 0.011762 0.054540 0.017210 
0.001888 0.002522 0.001034 0.003226 0.983246 0.002821 0.001178 0.002314 0.001770 0.001976 0.002587 0.001094 0.003389 0.982404 0.003035 0.001238 0.002407 0.001869 0.013373 0.051348 0.009960 0.051146 0.755559 0.046683 0.010995 0.048480 0.012456 0.014401 0.053914 0.010783 0.053851 0.741041 0.049393 0.011855 0.051271 0.013492 
0.001344 0.002300 0.001013 0.002483 0.985686 0.002849 0.000910 0.002037 0.001379 0.001414 0.002361 0.001067 0.002631 0.984802 0.003186 0.000961 0.002120 0.001459 0.011425 0.047010 0.009440 0.045872 0.778491 0.042033 0.009897 0.045237 0.010595 0.012315 0.049530 0.010237 0.048479 0.764501 0.044779 0.010730 0.047943 0.011487 
0.001183 0.001905 0.001140 0.003295 0.984715 0.003175 0.001330 0.001998 0.001259 0.001247 0.001962 0.001209 0.003418 0.983966 0.003382 0.001394 0.002089 0.001332 0.010292 0.043549 0.009694 0.050768 0.778146 0.047251 0.010758 0.040108 0.009434 0.011124 0.046009 0.010519 0.053433 0.764399 0.050027 0.011644 0.042587 0.010259 
0.001322 0.001633 0.001085 0.003256 0.985987 0.002913 0.001196 0.001528 0.001080 0.001391 0.001680 0.001154 0.003373 0.985393 0.003044 0.001260 0.001569 0.001136 0.009688 0.036628 0.009061 0.051483 0.790238 0.050509 0.009503 0.034136 0.008755 0.010490 0.038768 0.009838 0.054227 0.777084 0.053462 0.010308 0.036303 0.009521 
0.000977 0.001155 0.000686 0.002511 0.989926 0.002121 0.000843 0.000949 0.000832 0.001029 0.001187 0.000728 0.002587 0.989473 0.002214 0.000897 0.000998 0.000887 0.007585 0.030975 0.006346 0.044230 0.825507 0.042149 0.007222 0.029145 0.006842 0.008218 0.032921 0.006926 0.046753 0.814012 0.044750 0.007862 0.031091 0.007468 
0.000556 0.000967 0.000525 0.001808 0.992706 0.001530 0.000683 0.000758 0.000468 0.000593 0.000993 0.000559 0.001882 0.992391 0.001582 0.000719 0.000788 0.000494 0.005417 0.026180 0.004753 0.036856 0.858241 0.034302 0.005505 0.023791 0.004955 0.005897 0.027790 0.005185 0.039121 0.848625 0.036603 0.006000 0.025365 0.005414 
0.000237 0.000600 0.000144 0.000490 0.996812 0.000702 0.000203 0.000676 0.000135 0.000254 0.000621 0.000153 0.000513 0.996650 0.000755 0.000211 0.000702 0.000142 0.003145 0.020732 0.003052 0.021028 0.904177 0.021874 0.003120 0.019785 0.003086 0.003435 0.022053 0.003365 0.022442 0.897099 0.023514 0.003438 0.021235 0.003420 
0.000137 0.000500 0.000108 0.000736 0.997117 0.000363 0.000157 0.000755 0.000128 0.000144 0.000513 0.000111 0.000771 0.996990 0.000390 0.000165 0.000778 0.000138 0.003070 0.020998 0.002893 0.018007 0.911406 0.018066 0.002962 0.019969 0.002628 0.003346 0.022281 0.003203 0.019211 0.905101 0.019442 0.003235 0.021269 0.002912 
0.000115 0.000692 0.000147 0.000608 0.997181 0.000419 0.000084 0.000660 0.000094 0.000117 0.000716 0.000153 0.000641 0.997058 0.000439 0.000087 0.000692 0.000097 0.003437 0.022730 0.002871 0.017721 0.908629 0.017878 0.003039 0.020928 0.002767 0.003769 0.024164 0.003161 0.018959 0.902007 0.019163 0.003348 0.022358 0.003070 
0.000118 0.000590 0.000055 0.000385 0.997586 0.000456 0.000079 0.000645 0.000086 0.000123 0.000606 0.000061 0.000403 0.997486 0.000481 0.000082 0.000669 0.000091 0.002760 0.018580 0.002375 0.016724 0.919123 0.017683 0.002705 0.017448 0.002603 0.003015 0.019734 0.002634 0.017878 0.913123 0.019099 0.002980 0.018652 0.002887 
0.000121 0.000649 0.000019 0.000427 0.997644 0.000325 0.000102 0.000668 0.000046 0.000127 0.000672 0.000020 0.000451 0.997540 0.000347 0.000106 0.000690 0.000047 0.002802 0.020874 0.002635 0.016875 0.916385 0.016411 0.002802 0.019027 0.002189 0.003073 0.022225 0.002906 0.017953 0.910414 0.017647 0.003084 0.020292 0.002407 
0.000148 0.000798 0.000080 0.000525 0.997183 0.000411 0.000160 0.000650 0.000046 0.000156 0.000824 0.000086 0.000543 0.997079 0.000427 0.000164 0.000669 0.000050 0.003900 0.023832 0.003603 0.016785 0.906301 0.017162 0.003352 0.021803 0.003261 0.004237 0.025276 0.003968 0.017813 0.899803 0.018379 0.003718 0.023217 0.003589 
0.000107 0.000871 0.000147 0.000536 0.996944 0.000482 0.000107 0.000657 0.000147 0.000112 0.000901 0.000153 0.000551 0.996836 0.000500 0.000113 0.000676 0.000158 0.004289 0.028867 0.003672 0.018668 0.892881 0.017918 0.003846 0.025986 0.003873 0.004730 0.030560 0.004016 0.019790 0.885727 0.019076 0.004219 0.027606 0.004275 
0.000120 0.000734 0.000120 0.000547 0.997065 0.000534 0.000080 0.000707 0.000093 0.000125 0.000757 0.000124 0.000567 0.996959 0.000556 0.000083 0.000730 0.000099 0.003962 0.028176 0.003549 0.018050 0.895048 0.017890 0.003855 0.026148 0.003322 0.004339 0.029771 0.003915 0.019177 0.888015 0.019123 0.004251 0.027755 0.003654 
0.000184 0.000894 0.000092 0.000552 0.996687 0.000486 0.000184 0.000841 0.000079 0.000190 0.000917 0.000094 0.000568 0.996582 0.000505 0.000192 0.000871 0.000081 0.004049 0.027383 0.003812 0.018759 0.895754 0.017681 0.003707 0.025411 0.003444 0.004427 0.028946 0.004194 0.019904 0.888807 0.018865 0.004106 0.026999 0.003752 
0.000200 0.000685 0.000086 0.000599 0.997033 0.000542 0.000114 0.000585 0.000157 0.000206 0.000702 0.000088 0.000619 0.996941 0.000561 0.000119 0.000602 0.000163 0.004450 0.027672 0.003323 0.019185 0.895089 0.017616 0.003709 0.024990 0.003965 0.004870 0.029231 0.003671 0.020294 0.888141 0.018762 0.004084 0.026606 0.004342 
0.000000 0.000000 0.000000 0.000000 1.000000 0.000000 0.000000 0.000000 0.000000 0.000000 0.000000 0.000000 0.000000 1.000000 0.000000 0.000000 0.000000 0.000000 0.000000 0.000000 0.000000 0.001434 0.997133 0.001434 0.000000 0.000000 0.000000 0.000000 0.000000 0.000000 0.001523 0.996812 0.001665 0.000000 0.000000 0.000000 
