0.000215 0.000430 0.000000 0.000860 0.997420 0.000430 0.000215 0.000430 0.000000 0.000281 0.000447 0.000000 0.000953 0.997009 0.000456 0.000215 0.000639 0.000000 0.003440 0.008385 0.001720 0.010105 0.958719 0.006450 0.001075 0.007310 0.002795 0.003811 0.009011 0.001864 0.010914 0.955128 0.006857 0.001191 0.008225 0.003000 
0.000306 0.000306 0.000459 0.001681 0.995568 0.000153 0.000306 0.001070 0.000153 0.000312 0.000320 0.000481 0.001709 0.995458 0.000161 0.000306 0.001089 0.000164 0.006419 0.016506 0.009629 0.026746 0.888278 0.018493 0.009934 0.016353 0.007642 0.006859 0.017733 0.010383 0.028419 0.880562 0.019565 0.010589 0.017508 0.008382 
0.000136 0.001907 0.000817 0.002044 0.991962 0.001226 0.000681 0.000681 0.000545 0.000136 0.001992 0.000849 0.002126 0.991577 0.001315 0.000741 0.000698 0.000566 0.008856 0.022207 0.010218 0.025886 0.862262 0.025613 0.013624 0.021117 0.010218 0.009461 0.023587 0.011076 0.027445 0.853122 0.027218 0.014523 0.022435 0.011133 
0.000291 0.000727 0.000436 0.001018 0.995200 0.001309 0.000436 0.000436 0.000145 0.000313 0.000737 0.000452 0.001031 0.994987 0.001428 0.000461 0.000444 0.000148 0.008727 0.018764 0.008727 0.022982 0.889455 0.018327 0.009600 0.017745 0.005673 0.009536 0.019708 0.009325 0.024206 0.882337 0.019752 0.010262 0.018766 0.006107 
0.000699 0.001539 0.000699 0.000699 0.995104 0.000699 0.000280 0.000140 0.000140 0.000711 0.001596 0.000717 0.000717 0.994942 0.000744 0.000284 0.000140 0.000149 0.008674 0.019306 0.009093 0.022664 0.886122 0.018886 0.009653 0.017767 0.007834 0.009516 0.020612 0.009856 0.024074 0.878073 0.020145 0.010439 0.018806 0.008480 
0.000138 0.000828 0.000552 0.000552 0.995999 0.000414 0.000552 0.000690 0.000276 0.000139 0.000857 0.000577 0.000579 0.995824 0.000451 0.000572 0.000722 0.000279 0.006346 0.023314 0.008691 0.019865 0.879156 0.021934 0.011174 0.021796 0.007725 0.006741 0.024447 0.009278 0.020902 0.871481 0.023541 0.012188 0.023120 0.008302 
0.000419 0.001815 0.000140 0.000838 0.994974 0.000698 0.000279 0.000838 0.000000 0.000443 0.001865 0.000164 0.000860 0.994772 0.000717 0.000307 0.000872 0.000000 0.006701 0.020243 0.007539 0.017172 0.896831 0.016334 0.007958 0.020662 0.006561 0.007284 0.021698 0.008147 0.018367 0.889196 0.017517 0.008722 0.021969 0.007100 
0.000638 0.001116 0.000478 0.001116 0.994739 0.000478 0.000638 0.000638 0.000159 0.000667 0.001291 0.000487 0.001141 0.994447 0.000484 0.000660 0.000659 0.000165 0.006537 0.018973 0.008291 0.017698 0.900510 0.015944 0.009247 0.016103 0.006696 0.007041 0.020476 0.008767 0.018963 0.893700 0.017077 0.009679 0.017046 0.007251 
0.000465 0.000465 0.000620 0.002014 0.995507 0.000310 0.000155 0.000155 0.000310 0.000472 0.000475 0.000637 0.002112 0.995304 0.000317 0.000171 0.000162 0.000350 0.007126 0.020139 0.006971 0.019365 0.901936 0.015957 0.006507 0.016421 0.005577 0.007771 0.021375 0.007466 0.020683 0.894617 0.017304 0.007008 0.017610 0.006165 
0.000282 0.000564 0.000141 0.000423 0.997320 0.000564 0.000423 0.000282 0.000000 0.000287 0.000577 0.000144 0.000478 0.997109 0.000605 0.000482 0.000317 0.000000 0.008746 0.021583 0.009874 0.023275 0.874453 0.021018 0.011144 0.021301 0.008605 0.009327 0.022917 0.010561 0.024818 0.865913 0.022330 0.012183 0.022607 0.009343 
0.000281 0.000983 0.000421 0.000983 0.994102 0.000421 0.000843 0.001123 0.000843 0.000287 0.001000 0.000429 0.001004 0.993985 0.000423 0.000858 0.001154 0.000859 0.010954 0.021626 0.009549 0.019801 0.878669 0.018396 0.010954 0.019520 0.010532 0.011567 0.022814 0.010177 0.020850 0.870689 0.019786 0.011907 0.020804 0.011407 
0.000469 0.000312 0.000937 0.000625 0.995315 0.001249 0.000312 0.000469 0.000312 0.000490 0.000320 0.000974 0.000669 0.995115 0.001292 0.000323 0.000485 0.000331 0.008121 0.016867 0.007340 0.015930 0.899578 0.018897 0.010464 0.016555 0.006247 0.008915 0.018057 0.007838 0.017075 0.892173 0.020099 0.011206 0.017744 0.006892 
0.000342 0.001027 0.000342 0.000513 0.997262 0.000171 0.000171 0.000171 0.000000 0.000346 0.001040 0.000356 0.000518 0.997049 0.000173 0.000184 0.000333 0.000000 0.004278 0.014031 0.004449 0.009411 0.938227 0.012320 0.003765 0.010096 0.003422 0.004630 0.014834 0.004839 0.010175 0.933367 0.013264 0.004073 0.010980 0.003838 
0.000000 0.000832 0.000555 0.001110 0.995007 0.001110 0.000555 0.000555 0.000277 0.000000 0.001009 0.000578 0.001188 0.994592 0.001146 0.000634 0.000565 0.000290 0.008877 0.021082 0.008322 0.019972 0.881276 0.022607 0.010957 0.019140 0.007767 0.009684 0.022518 0.009059 0.021322 0.872258 0.024181 0.011928 0.020370 0.008681 
0.000140 0.000841 0.000280 0.001541 0.994676 0.000841 0.000560 0.000841 0.000280 0.000144 0.000856 0.000284 0.001648 0.994294 0.001024 0.000574 0.000892 0.000285 0.007005 0.022976 0.009947 0.020874 0.877977 0.018913 0.009667 0.022135 0.010507 0.007489 0.024352 0.010599 0.022200 0.869154 0.020475 0.010502 0.023864 0.011367 
0.000280 0.001122 0.000561 0.001122 0.994110 0.000841 0.000561 0.001262 0.000140 0.000296 0.001298 0.000600 0.001198 0.993585 0.000860 0.000600 0.001325 0.000239 0.007853 0.019633 0.008835 0.021315 0.885290 0.020895 0.009255 0.019352 0.007573 0.008272 0.020821 0.009382 0.022833 0.877636 0.021943 0.010009 0.020779 0.008326 
0.000130 0.000779 0.000649 0.001038 0.994291 0.001168 0.000519 0.001168 0.000260 0.000131 0.000792 0.000685 0.001177 0.993799 0.001259 0.000526 0.001358 0.000273 0.012456 0.029064 0.011418 0.030362 0.845335 0.026080 0.012456 0.023485 0.009342 0.013353 0.030523 0.012254 0.032067 0.835362 0.027851 0.013174 0.025356 0.010061 
0.000262 0.001047 0.000785 0.001571 0.993979 0.001178 0.000131 0.000916 0.000131 0.000308 0.001092 0.000839 0.001636 0.993684 0.001216 0.000131 0.000959 0.000135 0.012827 0.029058 0.012042 0.028010 0.840183 0.025393 0.013351 0.028796 0.010340 0.013635 0.030559 0.013041 0.029394 0.830863 0.026655 0.014406 0.030423 0.011024 
0.000140 0.000700 0.000420 0.001120 0.997201 0.000000 0.000140 0.000140 0.000140 0.000142 0.000703 0.000426 0.001177 0.997120 0.000000 0.000143 0.000141 0.000148 0.010216 0.019032 0.008676 0.026728 0.878533 0.020151 0.009936 0.020011 0.006717 0.011017 0.019953 0.009217 0.028026 0.870953 0.021322 0.010635 0.021535 0.007341 
0.000140 0.000281 0.000281 0.000281 0.997473 0.000421 0.000421 0.000421 0.000281 0.000146 0.000306 0.000296 0.000281 0.997318 0.000436 0.000446 0.000469 0.000303 0.008563 0.019090 0.008703 0.019231 0.886440 0.020213 0.009826 0.019792 0.008141 0.009197 0.020186 0.009458 0.020271 0.878366 0.021677 0.010807 0.021210 0.008827 
0.000442 0.000147 0.000885 0.000442 0.996903 0.000442 0.000147 0.000147 0.000442 0.000462 0.000150 0.000955 0.000448 0.996644 0.000527 0.000163 0.000148 0.000503 0.009587 0.021976 0.012094 0.025664 0.867257 0.021976 0.010324 0.021681 0.009440 0.010256 0.023083 0.012984 0.027291 0.858188 0.023450 0.011074 0.023278 0.010396 
0.000541 0.000541 0.000406 0.001082 0.995535 0.000541 0.000271 0.001082 0.000000 0.000550 0.000597 0.000421 0.001106 0.995360 0.000557 0.000275 0.001135 0.000000 0.009200 0.022460 0.010283 0.022460 0.878366 0.017860 0.007983 0.023542 0.007847 0.009871 0.023976 0.010970 0.023705 0.869859 0.019326 0.008512 0.025285 0.008497 
0.000138 0.000277 0.000000 0.000415 0.997648 0.000415 0.000277 0.000553 0.000277 0.000139 0.000292 0.000000 0.000449 0.997532 0.000449 0.000280 0.000579 0.000281 0.007748 0.022136 0.009270 0.021721 0.877283 0.021168 0.009685 0.023520 0.007471 0.008405 0.023473 0.010011 0.022625 0.869146 0.022623 0.010323 0.025177 0.008219 
0.000163 0.000652 0.000652 0.000978 0.996252 0.000326 0.000326 0.000326 0.000326 0.000172 0.000675 0.000701 0.001009 0.996117 0.000333 0.000329 0.000333 0.000330 0.005215 0.014179 0.008963 0.016297 0.913787 0.016297 0.007171 0.013038 0.005052 0.005587 0.015266 0.009850 0.017388 0.907587 0.017256 0.007610 0.013974 0.005481 
0.000500 0.001333 0.000167 0.000833 0.995501 0.000833 0.000333 0.000000 0.000500 0.000532 0.001359 0.000171 0.000881 0.995308 0.000901 0.000335 0.000000 0.000512 0.007664 0.018660 0.006664 0.017494 0.902366 0.020493 0.007831 0.014662 0.004165 0.008207 0.019781 0.007090 0.018645 0.895493 0.021935 0.008524 0.015772 0.004553 
