0.005604 0.047287 0.001180 0.048565 0.882619 0.005014 0.001081 0.008356 0.000295 0.005608 0.048037 0.001279 0.049339 0.876649 0.005393 0.001268 0.012119 0.000308 0.007865 0.072159 0.001770 0.064786 0.796893 0.021628 0.002261 0.031164 0.001475 0.008107 0.074022 0.001918 0.066385 0.786302 0.023023 0.002541 0.036157 0.001545 
0.000214 0.013027 0.000214 0.009076 0.969781 0.002563 0.000214 0.004698 0.000214 0.000212 0.015239 0.000245 0.010143 0.961883 0.003339 0.000393 0.008325 0.000221 0.001922 0.032995 0.001495 0.024666 0.895996 0.017085 0.001495 0.022958 0.001388 0.002100 0.036840 0.001774 0.027626 0.880605 0.019396 0.001746 0.028200 0.001713 
0.000000 0.008503 0.000531 0.001063 0.981930 0.001063 0.000106 0.006271 0.000531 0.000000 0.013012 0.000568 0.001262 0.972769 0.001399 0.000109 0.010310 0.000570 0.000744 0.027742 0.001382 0.014562 0.917623 0.013499 0.000957 0.022534 0.000957 0.000840 0.033716 0.001654 0.016300 0.901032 0.015987 0.001022 0.028337 0.001113 
0.000307 0.006848 0.000000 0.001226 0.982931 0.001022 0.000511 0.006848 0.000307 0.000345 0.010026 0.000000 0.001410 0.975227 0.001215 0.000615 0.010777 0.000384 0.001635 0.026472 0.001226 0.010527 0.919563 0.011447 0.001942 0.025859 0.001329 0.001997 0.031476 0.001350 0.012219 0.904725 0.012712 0.002220 0.031634 0.001667 
0.000103 0.019078 0.000103 0.001134 0.971641 0.001341 0.000000 0.006497 0.000103 0.000116 0.032560 0.000106 0.001399 0.953390 0.001747 0.000000 0.010581 0.000102 0.001134 0.041250 0.000928 0.013716 0.899041 0.013819 0.001134 0.028359 0.000619 0.001301 0.056325 0.000934 0.015078 0.874725 0.015365 0.001246 0.034345 0.000681 
0.000202 0.012819 0.000202 0.001514 0.976582 0.001514 0.000404 0.006460 0.000303 0.000208 0.021610 0.000223 0.001646 0.962692 0.002078 0.000466 0.010761 0.000316 0.001514 0.040275 0.001110 0.014131 0.898960 0.013526 0.001615 0.027455 0.001413 0.001681 0.050625 0.001318 0.015444 0.877429 0.015874 0.001974 0.033892 0.001763 
0.000199 0.008538 0.000199 0.000893 0.983620 0.001092 0.000298 0.004964 0.000199 0.000265 0.014185 0.000215 0.001266 0.973298 0.001362 0.000350 0.008816 0.000242 0.001390 0.032066 0.001291 0.015189 0.908468 0.014097 0.001588 0.024422 0.001489 0.001517 0.038914 0.001454 0.016902 0.891733 0.016073 0.001932 0.029705 0.001770 
0.000111 0.017843 0.000443 0.001108 0.974731 0.000665 0.000222 0.004655 0.000222 0.000119 0.032164 0.000477 0.001354 0.956382 0.000701 0.000266 0.008307 0.000229 0.001995 0.054527 0.002882 0.027264 0.842403 0.024715 0.003768 0.039344 0.003103 0.002209 0.069936 0.003219 0.028871 0.817740 0.026224 0.003918 0.044519 0.003363 
0.000000 0.025315 0.000000 0.001223 0.967837 0.000978 0.000122 0.004280 0.000245 0.000000 0.046647 0.000000 0.001346 0.942647 0.001161 0.000178 0.007720 0.000302 0.002813 0.057478 0.002446 0.027394 0.850067 0.022869 0.002201 0.032286 0.002446 0.002966 0.080211 0.002621 0.028563 0.819649 0.024128 0.002490 0.036785 0.002588 
0.000000 0.019282 0.000000 0.000742 0.974785 0.000148 0.000000 0.005043 0.000000 0.000000 0.035798 0.000000 0.000767 0.954058 0.000148 0.000000 0.009229 0.000000 0.002522 0.047019 0.003263 0.023139 0.866657 0.018985 0.002670 0.032928 0.002818 0.002711 0.064206 0.003559 0.024101 0.840393 0.020473 0.002938 0.038655 0.002965 
0.000000 0.012560 0.000000 0.000217 0.983759 0.000217 0.000217 0.003032 0.000000 0.000000 0.022136 0.000000 0.000214 0.971518 0.000267 0.000233 0.005632 0.000000 0.008662 0.047207 0.009095 0.032482 0.831745 0.029233 0.007146 0.030100 0.004331 0.009168 0.058493 0.009771 0.033994 0.811468 0.031198 0.007390 0.033945 0.004572 
0.000000 0.001453 0.000000 0.004360 0.989826 0.002907 0.000000 0.001453 0.000000 0.000000 0.001450 0.000000 0.004711 0.987394 0.003621 0.000000 0.002824 0.000000 0.001453 0.013081 0.000000 0.034884 0.915698 0.023256 0.004360 0.007267 0.000000 0.001612 0.015561 0.000000 0.038096 0.902302 0.029087 0.004363 0.008978 0.000000 
0.000000 0.001110 0.000000 0.001110 0.995560 0.001665 0.000000 0.000555 0.000000 0.000000 0.001278 0.000000 0.001218 0.994348 0.002464 0.000000 0.000692 0.000000 0.001110 0.007769 0.001110 0.019978 0.942286 0.017758 0.000000 0.009434 0.000555 0.001127 0.009306 0.001159 0.021396 0.934501 0.020978 0.000000 0.010902 0.000632 
0.000000 0.001952 0.000000 0.005856 0.989590 0.001301 0.000000 0.000000 0.001301 0.000000 0.002112 0.000000 0.007752 0.987224 0.001597 0.000000 0.000000 0.001316 0.000000 0.007157 0.000000 0.024723 0.945348 0.014314 0.000651 0.006506 0.001301 0.000000 0.008139 0.000000 0.028084 0.938325 0.016567 0.000653 0.006893 0.001338 
0.000000 0.000914 0.000000 0.002742 0.995430 0.000914 0.000000 0.000000 0.000000 0.000000 0.001154 0.000000 0.003195 0.994593 0.001058 0.000000 0.000000 0.000000 0.000000 0.001828 0.000000 0.003656 0.989945 0.003656 0.000000 0.000914 0.000000 0.000000 0.002597 0.000000 0.005607 0.985370 0.005089 0.000000 0.001337 0.000000 
0.000000 0.000000 0.000000 0.000949 0.994307 0.004744 0.000000 0.000000 0.000000 0.000000 0.000000 0.000000 0.001018 0.992503 0.006479 0.000000 0.000000 0.000000 0.000000 0.000949 0.000000 0.001898 0.988615 0.007590 0.000000 0.000949 0.000000 0.000000 0.001048 0.000000 0.002924 0.983379 0.011451 0.000000 0.001198 0.000000 
0.000000 0.000000 0.000000 0.001916 0.994253 0.002874 0.000000 0.000958 0.000000 0.000000 0.000000 0.000000 0.002286 0.992811 0.003676 0.000000 0.001227 0.000000 0.000000 0.000000 0.000000 0.002874 0.990421 0.005747 0.000000 0.000958 0.000000 0.000000 0.000000 0.000000 0.004144 0.985768 0.008674 0.000000 0.001414 0.000000 
0.000000 0.001955 0.000000 0.002933 0.994135 0.000978 0.000000 0.000000 0.000000 0.000000 0.002279 0.000000 0.003631 0.992712 0.001378 0.000000 0.000000 0.000000 0.000000 0.001955 0.000000 0.005865 0.989247 0.002933 0.000000 0.000000 0.000000 0.000000 0.003002 0.000000 0.008127 0.984367 0.004504 0.000000 0.000000 0.000000 
0.000000 0.002941 0.000000 0.000000 0.997059 0.000000 0.000000 0.000000 0.000000 0.000000 0.004295 0.000000 0.000000 0.995705 0.000000 0.000000 0.000000 0.000000 0.000000 0.002941 0.000000 0.002941 0.988235 0.005882 0.000000 0.000000 0.000000 0.000000 0.004942 0.000000 0.003212 0.984557 0.007290 0.000000 0.000000 0.000000 
