0.006201 0.127396 0.002255 0.120068 0.691094 0.017475 0.001691 0.033258 0.000564 0.006135 0.127064 0.002271 0.118546 0.681103 0.017867 0.001684 0.044763 0.000567 0.009019 0.134724 0.003946 0.128523 0.651071 0.027621 0.003946 0.039459 0.001691 0.009134 0.134506 0.004151 0.127415 0.637916 0.029677 0.003921 0.051314 0.001966 
0.006151 0.088544 0.001666 0.064839 0.794593 0.019349 0.000897 0.023450 0.000513 0.006136 0.093519 0.001669 0.064207 0.779863 0.019728 0.000896 0.033440 0.000542 0.009739 0.097899 0.003203 0.075474 0.746156 0.030882 0.002947 0.031907 0.001794 0.009935 0.103175 0.003313 0.075388 0.727661 0.032656 0.003134 0.042693 0.002044 
0.007277 0.080462 0.001756 0.051690 0.817330 0.020575 0.000502 0.020241 0.000167 0.007207 0.086270 0.001775 0.051237 0.802032 0.020911 0.000497 0.029904 0.000167 0.009619 0.092255 0.003597 0.061057 0.769739 0.030027 0.001924 0.029859 0.001924 0.009663 0.098307 0.003704 0.061282 0.751041 0.031353 0.002147 0.040381 0.002122 
0.007629 0.067779 0.001362 0.039510 0.838488 0.021526 0.000613 0.022752 0.000341 0.007529 0.073961 0.001384 0.039201 0.821859 0.021995 0.000619 0.033105 0.000347 0.010218 0.079700 0.003270 0.049523 0.791826 0.029700 0.002725 0.031063 0.001975 0.010361 0.086690 0.003407 0.049805 0.771431 0.030869 0.002918 0.042359 0.002160 
0.004236 0.061656 0.001374 0.032345 0.859915 0.020724 0.000458 0.018720 0.000572 0.004261 0.066858 0.001375 0.032504 0.845898 0.021104 0.000500 0.026842 0.000658 0.006927 0.072991 0.003893 0.042077 0.811369 0.029769 0.002748 0.027994 0.002233 0.007146 0.078859 0.004179 0.042938 0.793548 0.031067 0.002982 0.036840 0.002441 
0.004001 0.061329 0.002316 0.033428 0.855127 0.024953 0.000790 0.017372 0.000684 0.003985 0.066157 0.002334 0.033612 0.842582 0.025611 0.000793 0.024202 0.000725 0.007844 0.072331 0.004422 0.044694 0.803485 0.034007 0.002632 0.027795 0.002790 0.008005 0.077750 0.004600 0.045565 0.787032 0.035529 0.002725 0.035810 0.002985 
0.003347 0.064306 0.002114 0.042694 0.838208 0.028600 0.000998 0.019262 0.000470 0.003320 0.070067 0.002164 0.043013 0.823607 0.029206 0.001093 0.027057 0.000473 0.006284 0.076286 0.004522 0.054440 0.788290 0.037526 0.003406 0.027073 0.002173 0.006403 0.082727 0.004759 0.055254 0.770140 0.039102 0.003602 0.035734 0.002279 
0.004606 0.056287 0.001417 0.042822 0.845515 0.029966 0.001114 0.017666 0.000607 0.004584 0.060927 0.001457 0.042930 0.832138 0.031210 0.001108 0.024913 0.000734 0.007643 0.069042 0.004302 0.053098 0.795556 0.037862 0.002784 0.027131 0.002581 0.007801 0.074377 0.004465 0.053822 0.778735 0.039748 0.002860 0.035302 0.002891 
0.003474 0.049005 0.001211 0.033214 0.865828 0.026740 0.000737 0.019055 0.000737 0.003536 0.053064 0.001222 0.033663 0.852021 0.027499 0.000870 0.027303 0.000821 0.005895 0.064638 0.003316 0.043478 0.810559 0.036899 0.002684 0.028687 0.003843 0.006114 0.069399 0.003471 0.044477 0.793339 0.038256 0.002948 0.037799 0.004196 
0.003523 0.068445 0.000503 0.051334 0.845496 0.011575 0.001007 0.018118 0.000000 0.003515 0.069102 0.000499 0.051370 0.833939 0.012117 0.001001 0.028457 0.000000 0.004026 0.077001 0.001007 0.054353 0.825868 0.014092 0.001007 0.020634 0.002013 0.004063 0.077965 0.001042 0.054454 0.813719 0.014619 0.001000 0.031026 0.002112 
0.001841 0.029887 0.000212 0.036331 0.914377 0.007082 0.000425 0.009773 0.000071 0.001850 0.031705 0.000219 0.037086 0.905241 0.008165 0.000432 0.015231 0.000071 0.006303 0.048796 0.004674 0.053045 0.832578 0.024292 0.003683 0.023371 0.003258 0.006481 0.051500 0.005045 0.054349 0.819416 0.026163 0.003873 0.029622 0.003552 
0.001380 0.023194 0.000460 0.021661 0.936896 0.006364 0.000460 0.009546 0.000038 0.001414 0.026913 0.000474 0.022219 0.926810 0.006925 0.000476 0.014730 0.000039 0.008971 0.046849 0.006939 0.046082 0.818778 0.031360 0.007361 0.027795 0.005866 0.009329 0.051558 0.007370 0.047330 0.803430 0.033101 0.007802 0.033915 0.006165 
0.000817 0.023429 0.000484 0.015226 0.945907 0.005842 0.000484 0.007416 0.000394 0.000817 0.027719 0.000503 0.015526 0.935995 0.006356 0.000559 0.012109 0.000416 0.005933 0.041682 0.005146 0.033448 0.857035 0.023066 0.005933 0.022127 0.005630 0.006299 0.046881 0.005496 0.034620 0.841481 0.024732 0.006321 0.028133 0.006036 
0.001408 0.032289 0.000739 0.021444 0.928239 0.006866 0.000317 0.008486 0.000211 0.001413 0.036399 0.000780 0.021748 0.917972 0.007414 0.000319 0.013717 0.000238 0.006901 0.051690 0.006620 0.038697 0.839120 0.022500 0.005669 0.024331 0.004472 0.007207 0.056702 0.007087 0.039740 0.823616 0.024073 0.005912 0.030854 0.004808 
0.002619 0.033360 0.000646 0.025396 0.920834 0.007497 0.000179 0.009255 0.000215 0.002613 0.037259 0.000653 0.025847 0.910402 0.008088 0.000180 0.014714 0.000245 0.008143 0.054774 0.005990 0.043152 0.828216 0.024249 0.005596 0.024787 0.005094 0.008458 0.059610 0.006278 0.044435 0.812356 0.026354 0.005869 0.031212 0.005428 
0.005742 0.041054 0.000861 0.037321 0.896218 0.004665 0.000789 0.012704 0.000646 0.005724 0.046585 0.000906 0.037730 0.882241 0.005158 0.000811 0.020162 0.000684 0.018948 0.074284 0.013278 0.070767 0.707888 0.047657 0.012991 0.041628 0.012560 0.019414 0.080322 0.013818 0.072009 0.688330 0.049377 0.013481 0.049999 0.013250 
0.005010 0.042876 0.000442 0.069103 0.857227 0.007956 0.000589 0.016797 0.000000 0.004927 0.049066 0.000505 0.069629 0.840614 0.008196 0.000783 0.026279 0.000000 0.014587 0.065419 0.007956 0.093267 0.720937 0.042876 0.009430 0.037572 0.007956 0.015212 0.071662 0.008294 0.093981 0.700407 0.044451 0.009987 0.047720 0.008287 
0.002082 0.072023 0.000833 0.053289 0.848043 0.004163 0.000833 0.018318 0.000416 0.002028 0.092801 0.000895 0.051971 0.819754 0.004113 0.000813 0.027175 0.000451 0.004163 0.084929 0.005412 0.069109 0.791007 0.016236 0.002498 0.023730 0.002914 0.004165 0.105878 0.005727 0.068345 0.760660 0.016821 0.002493 0.032799 0.003112 
0.000867 0.014298 0.000867 0.002383 0.968804 0.001516 0.000650 0.010182 0.000433 0.000941 0.025715 0.000948 0.002561 0.948327 0.001759 0.000678 0.018605 0.000466 0.004116 0.039428 0.001300 0.027080 0.858969 0.027730 0.002166 0.034879 0.004333 0.004479 0.052018 0.001355 0.028329 0.832433 0.029298 0.002289 0.045300 0.004499 
0.001006 0.021525 0.000201 0.000805 0.960772 0.000805 0.001609 0.011467 0.001811 0.001041 0.037099 0.000201 0.001159 0.934530 0.000854 0.001874 0.021103 0.002139 0.004023 0.038825 0.001408 0.029773 0.859787 0.032589 0.002414 0.027359 0.003822 0.004382 0.055146 0.001524 0.030938 0.829164 0.033963 0.002603 0.037834 0.004446 
0.000214 0.012208 0.000214 0.001071 0.973228 0.000428 0.000214 0.012208 0.000214 0.000224 0.022672 0.000228 0.001080 0.951941 0.000619 0.000259 0.022712 0.000265 0.002784 0.033412 0.002784 0.024631 0.877276 0.025487 0.003427 0.028272 0.001928 0.002964 0.044698 0.002929 0.025744 0.851088 0.026909 0.004070 0.039530 0.002068 
0.000414 0.022755 0.000000 0.004137 0.960695 0.000414 0.000414 0.010757 0.000414 0.000439 0.042330 0.000000 0.004410 0.931264 0.000781 0.000432 0.019938 0.000406 0.007034 0.043442 0.004551 0.030203 0.845263 0.023169 0.005792 0.035168 0.005379 0.007476 0.063430 0.004681 0.031153 0.810061 0.024733 0.006424 0.046248 0.005794 
0.005464 0.052823 0.001821 0.027322 0.867031 0.009107 0.001821 0.034608 0.000000 0.005397 0.052446 0.001841 0.027659 0.856289 0.012532 0.001799 0.042037 0.000000 0.009107 0.049180 0.010929 0.043716 0.823315 0.014572 0.005464 0.043716 0.000000 0.009089 0.048737 0.011123 0.044030 0.811653 0.018007 0.005936 0.051425 0.000000 
0.001842 0.025369 0.000660 0.012066 0.941429 0.007201 0.000687 0.010417 0.000330 0.001907 0.028925 0.000695 0.012472 0.931400 0.007675 0.000700 0.015882 0.000345 0.007998 0.046588 0.006596 0.034412 0.836984 0.026908 0.006459 0.029134 0.004920 0.008380 0.050837 0.006874 0.035633 0.822467 0.028289 0.006733 0.035562 0.005225 
0.000582 0.006958 0.000319 0.006473 0.973441 0.004463 0.000624 0.006654 0.000485 0.000610 0.008839 0.000348 0.006804 0.967278 0.004917 0.000676 0.010006 0.000522 0.008497 0.029137 0.007568 0.036082 0.845485 0.032464 0.007125 0.026850 0.006792 0.009140 0.032234 0.008128 0.037894 0.831745 0.034387 0.007640 0.031528 0.007305 
0.000306 0.004781 0.000306 0.004031 0.980653 0.003238 0.000403 0.006157 0.000125 0.000331 0.006389 0.000317 0.004362 0.974868 0.003540 0.000451 0.009611 0.000132 0.006699 0.023767 0.006060 0.030730 0.866767 0.028965 0.007200 0.024017 0.005796 0.007267 0.026693 0.006578 0.032627 0.852962 0.030849 0.007809 0.028918 0.006296 
0.000391 0.003570 0.000178 0.003463 0.984692 0.002220 0.000284 0.004919 0.000284 0.000406 0.004735 0.000193 0.003828 0.980465 0.002477 0.000314 0.007241 0.000342 0.007139 0.020956 0.006233 0.030137 0.874567 0.027243 0.006695 0.021151 0.005878 0.007712 0.023343 0.006767 0.031951 0.862706 0.029016 0.007255 0.024811 0.006439 
0.000497 0.012548 0.000226 0.007718 0.965290 0.004739 0.000226 0.008756 0.000000 0.000508 0.015649 0.000242 0.008255 0.956963 0.005491 0.000233 0.012659 0.000000 0.002753 0.021304 0.001399 0.016791 0.925434 0.012006 0.001760 0.016836 0.001715 0.002900 0.025127 0.001566 0.018191 0.913384 0.013527 0.001955 0.021437 0.001912 
0.000603 0.012909 0.000121 0.006515 0.966783 0.003257 0.000161 0.009531 0.000121 0.000630 0.016304 0.000135 0.006936 0.957214 0.003608 0.000171 0.014872 0.000130 0.002252 0.020147 0.001247 0.016448 0.929666 0.011300 0.001327 0.016367 0.001247 0.002409 0.024067 0.001413 0.017655 0.916432 0.012591 0.001428 0.022659 0.001346 
0.000546 0.017856 0.000126 0.009957 0.954079 0.004748 0.000294 0.012184 0.000210 0.000557 0.021720 0.000133 0.010371 0.943002 0.005189 0.000310 0.018497 0.000221 0.002227 0.027309 0.002437 0.022099 0.909335 0.014453 0.002269 0.018276 0.001597 0.002378 0.031858 0.002639 0.023297 0.894638 0.015918 0.002415 0.025113 0.001742 
0.000965 0.044498 0.000965 0.024421 0.894788 0.007625 0.000676 0.025965 0.000097 0.000974 0.049244 0.001001 0.024919 0.876865 0.008487 0.000790 0.037620 0.000100 0.002799 0.053764 0.002510 0.033108 0.851737 0.017568 0.002510 0.034170 0.001834 0.002940 0.058970 0.002676 0.034082 0.830916 0.019234 0.002723 0.046527 0.001931 
0.003486 0.150494 0.002905 0.064497 0.758280 0.002905 0.001162 0.016270 0.000000 0.003441 0.155251 0.002875 0.064297 0.744684 0.003429 0.001160 0.024863 0.000000 0.004648 0.151656 0.004067 0.066241 0.747821 0.003486 0.001162 0.019756 0.001162 0.004648 0.156288 0.004086 0.065983 0.733924 0.004013 0.001160 0.028632 0.001266 
0.005112 0.043673 0.000757 0.037804 0.889050 0.008268 0.001073 0.013948 0.000316 0.005078 0.047518 0.000757 0.037671 0.877291 0.008736 0.001100 0.021508 0.000340 0.010476 0.064058 0.007889 0.057747 0.790155 0.024487 0.009025 0.030609 0.005554 0.010763 0.068657 0.008293 0.058086 0.773725 0.026071 0.009399 0.039073 0.005935 
0.009265 0.055251 0.001179 0.063842 0.840057 0.010865 0.002527 0.016340 0.000674 0.009213 0.061347 0.001180 0.064027 0.827154 0.011472 0.002575 0.022332 0.000700 0.013055 0.066706 0.004211 0.076308 0.787922 0.018782 0.005475 0.024846 0.002695 0.013090 0.073407 0.004369 0.076895 0.772530 0.019890 0.005564 0.031460 0.002795 
0.000000 0.000000 0.000000 1.000000 0.000000 0.000000 0.000000 0.000000 0.000000 0.000000 0.000000 0.000000 1.000000 0.000000 0.000000 0.000000 0.000000 0.000000 0.000000 0.000000 0.000000 1.000000 0.000000 0.000000 0.000000 0.000000 0.000000 0.000000 0.000000 0.000000 1.000000 0.000000 0.000000 0.000000 0.000000 0.000000 
0.001346 0.034783 0.000354 0.018206 0.916478 0.004321 0.000213 0.024015 0.000283 0.001399 0.036689 0.000439 0.018316 0.904747 0.004454 0.000213 0.033456 0.000286 0.003967 0.050652 0.002763 0.035988 0.842802 0.020544 0.002196 0.038113 0.002975 0.004093 0.052908 0.002967 0.036719 0.828157 0.021613 0.002250 0.048275 0.003018 
0.000219 0.004794 0.000084 0.003258 0.984690 0.001198 0.000051 0.005688 0.000017 0.000227 0.005787 0.000087 0.003437 0.980538 0.001309 0.000051 0.008548 0.000017 0.003764 0.025285 0.003933 0.019648 0.903146 0.015512 0.003376 0.021960 0.003376 0.003921 0.027118 0.004125 0.020459 0.895548 0.016288 0.003545 0.025447 0.003549 
0.000047 0.001259 0.000082 0.000706 0.995506 0.000435 0.000047 0.001906 0.000012 0.000049 0.001644 0.000088 0.000762 0.993711 0.000475 0.000057 0.003203 0.000012 0.004317 0.019233 0.003905 0.015422 0.918398 0.014163 0.003647 0.017163 0.003752 0.004575 0.020476 0.004123 0.016165 0.912677 0.014834 0.003894 0.019286 0.003970 
0.000055 0.000767 0.000077 0.000515 0.997184 0.000219 0.000033 0.001085 0.000066 0.000062 0.001004 0.000086 0.000561 0.996143 0.000249 0.000039 0.001786 0.000070 0.003900 0.016444 0.003736 0.013881 0.928067 0.012971 0.003013 0.014571 0.003418 0.004198 0.017685 0.004032 0.014686 0.922504 0.013653 0.003286 0.016267 0.003689 
0.000093 0.000794 0.000070 0.000327 0.997500 0.000047 0.000047 0.001040 0.000082 0.000100 0.001273 0.000076 0.000403 0.996048 0.000051 0.000049 0.001917 0.000083 0.002231 0.011134 0.001963 0.007652 0.955208 0.006823 0.002033 0.010783 0.002173 0.002424 0.012408 0.002156 0.008288 0.950308 0.007322 0.002232 0.012498 0.002362 
0.000030 0.001624 0.000030 0.000516 0.995857 0.000167 0.000061 0.001715 0.000000 0.000031 0.002539 0.000031 0.000609 0.993584 0.000194 0.000063 0.002950 0.000000 0.011155 0.033920 0.009303 0.030080 0.829337 0.026726 0.013401 0.036348 0.009728 0.011944 0.036505 0.010018 0.031469 0.817677 0.027933 0.014359 0.039644 0.010450 
