0.000072 0.003890 0.000036 0.001585 0.989645 0.000918 0.000108 0.003674 0.000072 0.000080 0.005488 0.000037 0.001746 0.984873 0.001231 0.000166 0.006286 0.000093 0.015361 0.036700 0.012371 0.026166 0.815743 0.024779 0.016603 0.037024 0.015253 0.016229 0.039842 0.013160 0.027586 0.801344 0.026214 0.017814 0.041481 0.016330 
0.000173 0.041818 0.000000 0.016071 0.911526 0.005702 0.000000 0.024711 0.000000 0.000168 0.048377 0.000000 0.016565 0.886100 0.007475 0.000000 0.041315 0.000000 0.006221 0.057716 0.005875 0.031104 0.826680 0.017107 0.006221 0.040435 0.008640 0.006479 0.064312 0.006066 0.031895 0.798465 0.019606 0.006353 0.057888 0.008935 
0.004579 0.044068 0.001635 0.024446 0.895757 0.010220 0.001063 0.017660 0.000572 0.004541 0.048224 0.001855 0.024557 0.880004 0.011138 0.001090 0.027729 0.000862 0.008503 0.062710 0.005478 0.041616 0.813670 0.025345 0.005968 0.032377 0.004333 0.008593 0.067632 0.005902 0.042679 0.793771 0.026972 0.006352 0.043312 0.004786 
0.002365 0.017489 0.000819 0.011849 0.952673 0.004912 0.000728 0.008847 0.000318 0.002430 0.021285 0.000879 0.012219 0.943633 0.005279 0.000798 0.013129 0.000347 0.011007 0.044029 0.008346 0.035705 0.828478 0.026381 0.008255 0.030998 0.006800 0.011461 0.048901 0.008860 0.037082 0.812953 0.028264 0.008713 0.036549 0.007217 
0.001443 0.011956 0.000672 0.008438 0.966266 0.003537 0.000672 0.006581 0.000435 0.001515 0.014020 0.000728 0.008882 0.959905 0.003988 0.000714 0.009786 0.000462 0.009881 0.037014 0.008201 0.030690 0.846725 0.023082 0.007905 0.029011 0.007490 0.010468 0.040442 0.008830 0.032466 0.832300 0.025142 0.008438 0.033856 0.008057 
0.001562 0.012086 0.000883 0.007220 0.966095 0.002874 0.000770 0.007854 0.000656 0.001651 0.014189 0.000941 0.007875 0.959160 0.003350 0.000828 0.011254 0.000752 0.010389 0.041827 0.008193 0.028677 0.844552 0.020076 0.008239 0.031053 0.006994 0.011162 0.045694 0.008809 0.031095 0.828560 0.022001 0.008874 0.036177 0.007629 
0.001000 0.009156 0.000644 0.016400 0.958066 0.006978 0.000778 0.006711 0.000267 0.001055 0.010857 0.000739 0.017953 0.949856 0.008120 0.000837 0.010251 0.000330 0.006822 0.030712 0.006689 0.033223 0.863908 0.023356 0.005756 0.023845 0.005689 0.007352 0.034272 0.007270 0.036076 0.847364 0.025950 0.006145 0.029271 0.006301 
0.000727 0.007130 0.000485 0.013270 0.965946 0.005231 0.000586 0.006342 0.000283 0.000820 0.009090 0.000541 0.014555 0.958244 0.006032 0.000628 0.009776 0.000313 0.006585 0.026762 0.006524 0.029792 0.874248 0.021390 0.005999 0.022925 0.005777 0.007086 0.030110 0.007080 0.032267 0.859269 0.023562 0.006462 0.027890 0.006273 
0.000749 0.005672 0.000409 0.008346 0.974859 0.004616 0.000562 0.004480 0.000307 0.000766 0.006974 0.000444 0.009169 0.969432 0.005259 0.000653 0.006945 0.000356 0.005877 0.024477 0.005689 0.025056 0.889402 0.019146 0.005502 0.019776 0.005076 0.006388 0.027309 0.006190 0.027042 0.876774 0.021032 0.005996 0.023733 0.005534 
0.000592 0.006173 0.000224 0.007501 0.977146 0.003071 0.000384 0.004622 0.000288 0.000613 0.007899 0.000271 0.008203 0.971607 0.003519 0.000449 0.007100 0.000340 0.005949 0.021926 0.004862 0.022278 0.898877 0.016808 0.005613 0.018824 0.004862 0.006352 0.024867 0.005349 0.024079 0.886933 0.018381 0.006060 0.022680 0.005299 
0.002924 0.026956 0.001462 0.023046 0.911059 0.012906 0.001526 0.019104 0.001017 0.003007 0.028235 0.001586 0.024914 0.898661 0.014464 0.001633 0.026320 0.001180 0.013192 0.056009 0.011602 0.048190 0.768270 0.035920 0.012143 0.045615 0.009059 0.013841 0.058713 0.012366 0.051267 0.747888 0.038738 0.012844 0.054488 0.009855 
0.005177 0.029004 0.001474 0.024890 0.903662 0.015188 0.001817 0.018136 0.000651 0.005288 0.030477 0.001675 0.026539 0.892308 0.016740 0.001938 0.024283 0.000753 0.017828 0.067643 0.013885 0.052729 0.732241 0.038227 0.015599 0.050466 0.011382 0.018637 0.070647 0.014808 0.055407 0.712242 0.041101 0.016368 0.058525 0.012265 
0.003490 0.018758 0.001464 0.019693 0.920107 0.015424 0.001589 0.018353 0.001122 0.003656 0.020309 0.001546 0.020929 0.909960 0.017043 0.001711 0.023577 0.001268 0.021282 0.062007 0.018228 0.053563 0.710217 0.048515 0.017917 0.055339 0.012931 0.022534 0.065453 0.019190 0.055932 0.689672 0.051625 0.018992 0.062605 0.013996 
0.001848 0.027256 0.000783 0.024343 0.903944 0.017858 0.001065 0.022150 0.000752 0.001898 0.030912 0.000856 0.025859 0.890555 0.019683 0.001131 0.028277 0.000829 0.007362 0.048936 0.006391 0.043673 0.810552 0.034807 0.006109 0.037720 0.004449 0.007850 0.053819 0.006942 0.046483 0.790030 0.038138 0.006578 0.045270 0.004890 
0.000098 0.010301 0.000000 0.005984 0.964584 0.006181 0.000000 0.012558 0.000294 0.000126 0.013217 0.000000 0.006775 0.955199 0.007542 0.000000 0.016840 0.000301 0.006475 0.031885 0.004905 0.028843 0.857451 0.028451 0.005003 0.031885 0.005102 0.006880 0.036293 0.005305 0.031125 0.840101 0.031649 0.005402 0.037706 0.005539 
0.005584 0.032365 0.001368 0.040342 0.884786 0.013105 0.001709 0.019829 0.000912 0.005557 0.039297 0.001400 0.040497 0.866566 0.013939 0.001745 0.030000 0.000999 0.018689 0.057892 0.009801 0.067123 0.752251 0.033048 0.011852 0.039772 0.009573 0.019062 0.065362 0.010183 0.067773 0.729985 0.034508 0.012214 0.050886 0.010027 
0.003627 0.030873 0.001771 0.026740 0.902446 0.013496 0.001603 0.018305 0.001139 0.003630 0.034028 0.001883 0.027787 0.888962 0.014570 0.001700 0.026118 0.001321 0.018811 0.067398 0.015858 0.060312 0.711641 0.043610 0.017883 0.052594 0.011894 0.019482 0.071858 0.016561 0.062140 0.690682 0.045965 0.018863 0.061768 0.012683 
0.001067 0.021057 0.000927 0.015161 0.932925 0.006121 0.001151 0.020973 0.000618 0.001205 0.022846 0.001046 0.017191 0.920915 0.007381 0.001288 0.027390 0.000738 0.015442 0.058764 0.014151 0.052728 0.749052 0.035208 0.013589 0.050622 0.010444 0.016543 0.062603 0.015214 0.056414 0.726583 0.037874 0.014506 0.059092 0.011172 
0.003303 0.022562 0.001994 0.020380 0.925615 0.008133 0.002026 0.015332 0.000654 0.003410 0.024976 0.002191 0.021574 0.914904 0.009169 0.002114 0.020914 0.000748 0.017887 0.056591 0.016142 0.052976 0.747024 0.037364 0.017233 0.042786 0.011998 0.019071 0.060408 0.017057 0.055540 0.727268 0.039622 0.018182 0.050011 0.012840 
0.003779 0.022832 0.001874 0.021051 0.916919 0.014711 0.002280 0.015429 0.001124 0.003960 0.024416 0.002040 0.022590 0.906304 0.016221 0.002474 0.020780 0.001216 0.023987 0.064559 0.024112 0.066090 0.669426 0.052191 0.026174 0.052222 0.021239 0.025399 0.067655 0.025228 0.068757 0.648870 0.054925 0.027325 0.059117 0.022726 
0.002716 0.023808 0.001385 0.016511 0.926314 0.012863 0.001092 0.014487 0.000826 0.002786 0.025385 0.001535 0.017732 0.916956 0.014148 0.001210 0.019242 0.001005 0.008335 0.043381 0.007323 0.032489 0.836462 0.028654 0.007936 0.030119 0.005299 0.008875 0.046438 0.007904 0.034510 0.820147 0.031252 0.008381 0.036562 0.005930 
0.001093 0.021095 0.000772 0.012445 0.941795 0.007879 0.000900 0.013763 0.000257 0.001117 0.025093 0.000858 0.013053 0.928739 0.008881 0.001008 0.020922 0.000329 0.013538 0.051902 0.010323 0.040100 0.782326 0.033958 0.012316 0.041033 0.014503 0.014360 0.057236 0.011058 0.041971 0.760691 0.036353 0.013029 0.049811 0.015491 
0.004559 0.057244 0.001351 0.032759 0.864911 0.011483 0.001689 0.024992 0.001013 0.004568 0.065664 0.001941 0.033139 0.840414 0.013334 0.001743 0.037998 0.001199 0.010976 0.072779 0.004559 0.050490 0.787234 0.025836 0.005741 0.035799 0.006586 0.011366 0.081954 0.005336 0.051849 0.758097 0.028789 0.005855 0.049814 0.006940 
0.003950 0.031434 0.001057 0.017692 0.929787 0.005119 0.001447 0.008902 0.000612 0.004023 0.033980 0.001131 0.018649 0.921111 0.006062 0.001486 0.012676 0.000882 0.015356 0.069879 0.012407 0.045009 0.753032 0.036887 0.013742 0.040837 0.012852 0.015984 0.073398 0.013025 0.047129 0.737787 0.039045 0.014260 0.045598 0.013774 
0.001172 0.023904 0.000703 0.015701 0.936425 0.011014 0.000803 0.009843 0.000435 0.001254 0.026138 0.000816 0.016784 0.927342 0.012436 0.000848 0.013838 0.000543 0.008504 0.052996 0.008236 0.036023 0.813626 0.029796 0.010378 0.033010 0.007432 0.009217 0.056702 0.008811 0.038182 0.796720 0.032539 0.011087 0.038690 0.008052 
0.001073 0.021754 0.000777 0.015020 0.938291 0.013245 0.000555 0.008990 0.000296 0.001158 0.024463 0.000864 0.016631 0.927815 0.014711 0.000573 0.013449 0.000338 0.003811 0.041583 0.004218 0.027081 0.870255 0.022420 0.003256 0.025009 0.002368 0.004251 0.046154 0.004690 0.029633 0.852596 0.024981 0.003556 0.031443 0.002697 
0.001019 0.019642 0.000573 0.020693 0.930600 0.016172 0.000350 0.010537 0.000414 0.001074 0.021829 0.000653 0.022782 0.919616 0.018034 0.000368 0.015122 0.000523 0.004043 0.036610 0.003056 0.031739 0.873074 0.024354 0.002801 0.021489 0.002833 0.004397 0.040565 0.003312 0.034713 0.855878 0.027244 0.003025 0.027621 0.003246 
0.001983 0.021784 0.000595 0.022861 0.924280 0.016373 0.000708 0.010963 0.000453 0.002071 0.023625 0.000670 0.024777 0.913988 0.018095 0.000798 0.015442 0.000534 0.007224 0.040764 0.003994 0.037166 0.846633 0.027138 0.005071 0.027620 0.004391 0.007690 0.043819 0.004413 0.039938 0.830175 0.030038 0.005470 0.033694 0.004761 
0.003411 0.032882 0.001073 0.032346 0.898019 0.017514 0.000805 0.013452 0.000498 0.003475 0.036416 0.001163 0.034128 0.884925 0.019409 0.000951 0.018940 0.000594 0.009888 0.051470 0.004791 0.046871 0.815199 0.031004 0.005212 0.030046 0.005519 0.010267 0.055711 0.005100 0.049710 0.796838 0.033965 0.005639 0.036878 0.005892 
0.006270 0.045178 0.000996 0.069085 0.842845 0.015235 0.001348 0.018692 0.000352 0.006229 0.048247 0.001043 0.071229 0.828007 0.016999 0.001483 0.026357 0.000406 0.010840 0.061702 0.002871 0.083031 0.779269 0.025782 0.003692 0.029650 0.003164 0.011062 0.065748 0.002984 0.086154 0.759666 0.028359 0.004104 0.038515 0.003408 
0.005426 0.036340 0.001398 0.195182 0.713311 0.028282 0.001891 0.017923 0.000247 0.005497 0.038679 0.001536 0.195721 0.697826 0.031049 0.002096 0.027343 0.000252 0.008797 0.047932 0.002549 0.205295 0.668832 0.031736 0.004604 0.028858 0.001398 0.009156 0.051521 0.002905 0.205757 0.649488 0.034844 0.005032 0.039787 0.001509 
0.001623 0.012019 0.000300 0.178425 0.755529 0.041346 0.000901 0.009736 0.000120 0.001729 0.013951 0.000335 0.181124 0.741479 0.043985 0.001021 0.016253 0.000122 0.004267 0.025781 0.002103 0.187260 0.708113 0.047236 0.003606 0.020252 0.001382 0.004672 0.029216 0.002344 0.189363 0.690046 0.050384 0.004276 0.028213 0.001487 
0.000991 0.010722 0.001036 0.104334 0.825029 0.047662 0.000721 0.009280 0.000225 0.001063 0.011850 0.001157 0.107044 0.811693 0.051043 0.000945 0.014896 0.000308 0.003108 0.026399 0.003198 0.114290 0.773313 0.053924 0.003334 0.020632 0.001802 0.003564 0.028963 0.003585 0.117060 0.755558 0.057571 0.003847 0.027725 0.002126 
0.001374 0.012446 0.000874 0.079129 0.859640 0.036297 0.000708 0.009033 0.000500 0.001409 0.013871 0.000925 0.082164 0.847144 0.039177 0.000899 0.013828 0.000583 0.004329 0.029554 0.003039 0.089660 0.804029 0.042291 0.004496 0.020771 0.001832 0.004805 0.032815 0.003368 0.093172 0.785151 0.045856 0.005157 0.027473 0.002202 
0.000791 0.015443 0.000837 0.067588 0.867569 0.033724 0.000512 0.013211 0.000326 0.000833 0.017205 0.000914 0.069810 0.854622 0.036396 0.000580 0.019196 0.000444 0.002558 0.031166 0.002837 0.078798 0.814587 0.041027 0.003117 0.024328 0.001582 0.002842 0.034426 0.003195 0.081647 0.795987 0.044570 0.003540 0.031855 0.001939 
0.000649 0.018694 0.000510 0.056870 0.876194 0.025837 0.000510 0.020596 0.000139 0.000729 0.022111 0.000552 0.058527 0.859408 0.028376 0.000698 0.029447 0.000152 0.003108 0.034187 0.002690 0.067817 0.821412 0.033723 0.002412 0.032934 0.001716 0.003505 0.039222 0.003026 0.070135 0.798810 0.037155 0.002836 0.043276 0.002035 
0.001412 0.026837 0.000514 0.056457 0.871164 0.020802 0.000984 0.021701 0.000128 0.001449 0.029837 0.000567 0.058193 0.855579 0.022516 0.001181 0.030534 0.000143 0.003467 0.040620 0.002697 0.067714 0.815477 0.030690 0.003724 0.033557 0.002055 0.003774 0.044804 0.003002 0.070019 0.794492 0.033500 0.004252 0.043886 0.002272 
0.003672 0.045679 0.000829 0.070354 0.835446 0.017727 0.001224 0.024794 0.000276 0.003699 0.050407 0.000903 0.071441 0.817672 0.019094 0.001297 0.035174 0.000314 0.006988 0.062932 0.003356 0.082159 0.773224 0.027715 0.004501 0.036756 0.002369 0.007171 0.068441 0.003679 0.083593 0.751602 0.029993 0.004829 0.048081 0.002611 
0.003076 0.054662 0.000791 0.070876 0.824941 0.016566 0.000967 0.027946 0.000176 0.003076 0.059345 0.000838 0.071295 0.807121 0.017555 0.001003 0.039590 0.000178 0.006240 0.072370 0.003691 0.084146 0.764786 0.024255 0.004218 0.037525 0.002768 0.006481 0.077799 0.003935 0.084714 0.743438 0.026134 0.004494 0.050019 0.002987 
0.004494 0.061228 0.000773 0.070265 0.819021 0.014498 0.001015 0.028319 0.000387 0.004565 0.065551 0.000843 0.070624 0.801118 0.015579 0.001061 0.040201 0.000458 0.007974 0.080752 0.004156 0.084860 0.745131 0.026724 0.004929 0.042816 0.002658 0.008157 0.085499 0.004530 0.085627 0.723950 0.028435 0.005194 0.055685 0.002925 
0.003734 0.069703 0.001018 0.076492 0.804866 0.012447 0.001245 0.030325 0.000170 0.003765 0.073579 0.001027 0.076764 0.784794 0.014018 0.001367 0.044511 0.000176 0.007072 0.091938 0.003621 0.093296 0.722885 0.026591 0.004696 0.047921 0.001980 0.007306 0.096089 0.003827 0.093675 0.700663 0.028713 0.004944 0.062691 0.002092 
0.006285 0.064470 0.000608 0.067511 0.818956 0.010644 0.000405 0.030715 0.000405 0.006254 0.068015 0.000618 0.067886 0.798150 0.011466 0.000518 0.046562 0.000532 0.009731 0.088697 0.002331 0.084744 0.731272 0.025139 0.002129 0.054232 0.001723 0.009852 0.092741 0.002454 0.085494 0.708281 0.026293 0.002335 0.070634 0.001915 
