0.001062 0.001960 0.000980 0.002695 0.986442 0.002369 0.001470 0.001878 0.001143 0.001100 0.002030 0.001012 0.002981 0.985429 0.002601 0.001588 0.002050 0.001209 0.012333 0.033486 0.011516 0.045573 0.802025 0.037079 0.014211 0.033322 0.010454 0.013038 0.035545 0.012393 0.048059 0.788690 0.039544 0.015365 0.035989 0.011377 
0.000157 0.001730 0.001573 0.002674 0.987573 0.001258 0.002045 0.002124 0.000865 0.000161 0.001787 0.001664 0.002734 0.986917 0.001319 0.002170 0.002358 0.000890 0.011877 0.036181 0.014158 0.043259 0.797546 0.035630 0.014079 0.036810 0.010461 0.012749 0.038118 0.015223 0.045573 0.784853 0.038037 0.015132 0.039092 0.011224 
0.001122 0.002899 0.000748 0.001964 0.986815 0.002338 0.001309 0.001777 0.001029 0.001173 0.003127 0.000791 0.002016 0.986076 0.002472 0.001366 0.001919 0.001060 0.012250 0.039929 0.012343 0.035066 0.802319 0.035160 0.013185 0.037965 0.011782 0.013143 0.042215 0.013183 0.037018 0.790216 0.037299 0.014144 0.040080 0.012702 
0.000433 0.001298 0.001406 0.002054 0.990809 0.001298 0.000757 0.001298 0.000649 0.000473 0.001431 0.001510 0.002147 0.990095 0.001383 0.000785 0.001508 0.000668 0.006812 0.032980 0.006163 0.022599 0.862024 0.021086 0.006596 0.033196 0.008542 0.007302 0.034810 0.006637 0.023824 0.852534 0.022740 0.007183 0.035579 0.009391 
0.000540 0.003456 0.001080 0.003348 0.985637 0.000972 0.002160 0.002160 0.000648 0.000552 0.003591 0.001174 0.003585 0.984429 0.001135 0.002337 0.002432 0.000764 0.007343 0.029050 0.010367 0.025486 0.855724 0.023758 0.014903 0.026890 0.006479 0.007949 0.030349 0.011274 0.027068 0.845880 0.025206 0.016127 0.029024 0.007123 
0.000345 0.001981 0.002153 0.002239 0.988373 0.001206 0.001981 0.001120 0.000603 0.000352 0.002108 0.002282 0.002359 0.987580 0.001337 0.002087 0.001254 0.000643 0.007924 0.033158 0.012402 0.036173 0.824046 0.036173 0.014814 0.027732 0.007579 0.008698 0.035244 0.013364 0.038380 0.811649 0.038735 0.016004 0.029674 0.008253 
0.001008 0.001473 0.002403 0.002790 0.986280 0.002093 0.002248 0.001318 0.000388 0.001059 0.001505 0.002589 0.002973 0.985375 0.002279 0.002406 0.001409 0.000405 0.011007 0.029920 0.015115 0.044028 0.809937 0.038602 0.013642 0.028370 0.009379 0.011979 0.031483 0.016238 0.046592 0.797371 0.040833 0.014619 0.030526 0.010357 
0.000565 0.002097 0.002985 0.002259 0.985802 0.001694 0.002581 0.001129 0.000887 0.000587 0.002200 0.003124 0.002387 0.985009 0.001787 0.002678 0.001303 0.000925 0.010568 0.033559 0.014601 0.039206 0.809213 0.037189 0.016296 0.029768 0.009600 0.011402 0.035449 0.015734 0.041513 0.796925 0.039741 0.017415 0.031574 0.010247 
0.000575 0.002586 0.001629 0.002874 0.984960 0.002203 0.001916 0.002299 0.000958 0.000584 0.002924 0.001732 0.003073 0.983926 0.002336 0.002003 0.002420 0.001003 0.010442 0.041958 0.014082 0.035348 0.797394 0.030080 0.019159 0.039755 0.011783 0.011053 0.044631 0.015397 0.037305 0.784019 0.032184 0.020433 0.042275 0.012704 
0.000845 0.002535 0.000483 0.001811 0.987565 0.001207 0.001087 0.004467 0.000000 0.000864 0.002665 0.000536 0.001963 0.986505 0.001358 0.001131 0.004979 0.000000 0.017626 0.055898 0.018472 0.033201 0.759025 0.028492 0.019437 0.052034 0.015816 0.018727 0.058352 0.019595 0.035271 0.744964 0.030345 0.020654 0.055126 0.016964 
0.001185 0.003948 0.001053 0.000658 0.986575 0.001448 0.001579 0.002895 0.000658 0.001229 0.004219 0.001129 0.000678 0.985561 0.001531 0.001672 0.003201 0.000780 0.014346 0.051856 0.016715 0.041458 0.754409 0.035799 0.020137 0.048829 0.016452 0.015463 0.054514 0.017644 0.043358 0.740448 0.037786 0.021296 0.051703 0.017788 
0.000606 0.003270 0.000848 0.001817 0.989099 0.001332 0.000484 0.001938 0.000606 0.000650 0.003396 0.000875 0.001909 0.988438 0.001435 0.000503 0.002158 0.000636 0.014535 0.045785 0.016715 0.039850 0.768774 0.037064 0.014656 0.049176 0.013445 0.015794 0.048527 0.017689 0.042052 0.754873 0.039419 0.015564 0.051777 0.014306 
0.001648 0.003205 0.001099 0.002106 0.984527 0.002106 0.001465 0.002747 0.001099 0.001722 0.003300 0.001171 0.002406 0.982965 0.002401 0.001567 0.003328 0.001140 0.019868 0.055576 0.022432 0.044497 0.715620 0.041018 0.022066 0.059513 0.019410 0.021055 0.057792 0.023657 0.046548 0.700726 0.043356 0.023267 0.062988 0.020611 
0.001576 0.002759 0.003389 0.004099 0.976669 0.002995 0.004650 0.002365 0.001498 0.001656 0.002828 0.003549 0.004230 0.975711 0.003113 0.004845 0.002438 0.001630 0.020809 0.042563 0.023804 0.051312 0.733901 0.045243 0.022858 0.042800 0.016710 0.022163 0.044375 0.025109 0.053646 0.720574 0.047412 0.023989 0.044649 0.018082 
0.001581 0.003004 0.001581 0.003004 0.982370 0.002214 0.002135 0.002451 0.001660 0.001626 0.003117 0.001645 0.003215 0.981371 0.002362 0.002210 0.002662 0.001792 0.020318 0.047435 0.018183 0.041110 0.753419 0.041584 0.021267 0.039213 0.017472 0.021513 0.049706 0.019345 0.043251 0.739630 0.043862 0.022474 0.041406 0.018813 
0.001299 0.003208 0.001146 0.002368 0.982736 0.003285 0.001681 0.002674 0.001604 0.001353 0.003304 0.001196 0.002454 0.981850 0.003414 0.001749 0.003013 0.001666 0.019173 0.048048 0.017111 0.050340 0.741273 0.045833 0.018486 0.041555 0.018180 0.020219 0.050144 0.018144 0.052661 0.727966 0.048061 0.019620 0.043786 0.019399 
0.000879 0.001934 0.002901 0.003077 0.983383 0.002813 0.002022 0.002198 0.000791 0.000911 0.001990 0.003089 0.003288 0.982316 0.003050 0.002076 0.002471 0.000809 0.013364 0.039036 0.019079 0.043872 0.771145 0.044224 0.020397 0.036135 0.012748 0.014177 0.040536 0.020374 0.045830 0.759464 0.046325 0.021581 0.038075 0.013638 
0.000558 0.001954 0.001582 0.002513 0.988089 0.001954 0.001117 0.001861 0.000372 0.000586 0.001999 0.001641 0.002591 0.987603 0.002078 0.001166 0.001959 0.000377 0.016378 0.040294 0.022892 0.044296 0.760004 0.042527 0.023544 0.035362 0.014703 0.017530 0.042164 0.024257 0.046258 0.747246 0.044760 0.024806 0.037453 0.015527 
0.000271 0.001219 0.000813 0.002844 0.988623 0.002844 0.001219 0.001761 0.000406 0.000276 0.001251 0.000859 0.003038 0.987635 0.003056 0.001252 0.002213 0.000421 0.010700 0.027631 0.011513 0.039550 0.822972 0.037925 0.015035 0.024380 0.010294 0.011543 0.028731 0.012159 0.041609 0.812005 0.040008 0.016114 0.026766 0.011064 
0.000371 0.001299 0.000278 0.001391 0.992394 0.001948 0.000371 0.001577 0.000371 0.000384 0.001436 0.000289 0.001464 0.991848 0.002096 0.000389 0.001701 0.000393 0.006029 0.019479 0.004545 0.021519 0.901586 0.018366 0.005936 0.016974 0.005565 0.006542 0.020694 0.004900 0.022770 0.895243 0.019511 0.006379 0.017976 0.005985 
0.000682 0.002558 0.001108 0.002813 0.986445 0.003410 0.000767 0.001449 0.000767 0.000706 0.002730 0.001131 0.002898 0.985666 0.003704 0.000814 0.001554 0.000797 0.011765 0.035635 0.010656 0.034868 0.824126 0.027366 0.012788 0.031884 0.010912 0.012549 0.037240 0.011307 0.036410 0.814741 0.028898 0.013580 0.033589 0.011687 
0.001170 0.002262 0.001794 0.004290 0.983544 0.001638 0.002496 0.002340 0.000468 0.001224 0.002317 0.001856 0.004409 0.982961 0.001694 0.002614 0.002446 0.000480 0.018250 0.040399 0.014272 0.046639 0.771876 0.038684 0.019888 0.036656 0.013336 0.019464 0.042041 0.015138 0.048609 0.760209 0.040556 0.021078 0.038788 0.014116 
0.001691 0.002706 0.001268 0.004397 0.980720 0.003636 0.002790 0.001776 0.001015 0.001802 0.002769 0.001324 0.004583 0.979758 0.003899 0.002869 0.001960 0.001035 0.015897 0.042449 0.019026 0.047776 0.754101 0.046169 0.019618 0.039405 0.015559 0.016956 0.044153 0.020071 0.050540 0.740492 0.048998 0.020760 0.041439 0.016591 
0.001288 0.001610 0.002414 0.003300 0.984306 0.002495 0.001932 0.001771 0.000885 0.001354 0.001629 0.002510 0.003604 0.983486 0.002556 0.002014 0.001930 0.000917 0.016821 0.045956 0.018913 0.046841 0.750584 0.041690 0.022455 0.041288 0.015453 0.017670 0.047869 0.019991 0.049313 0.737840 0.043910 0.023758 0.043125 0.016526 
0.001333 0.002667 0.001156 0.002667 0.985865 0.002045 0.001867 0.001600 0.000800 0.001374 0.002892 0.001216 0.002786 0.985066 0.002155 0.001993 0.001678 0.000840 0.016001 0.042670 0.015379 0.046849 0.771535 0.042848 0.013957 0.037070 0.013690 0.017013 0.044860 0.016431 0.049008 0.758539 0.045277 0.015201 0.038919 0.014754 
