0.000198 0.000595 0.000396 0.000396 0.996631 0.000396 0.000198 0.000793 0.000396 0.000205 0.000600 0.000398 0.000466 0.995986 0.000586 0.000204 0.001073 0.000483 0.002973 0.016250 0.001784 0.009116 0.941538 0.007531 0.004954 0.012089 0.003765 0.003274 0.017371 0.001879 0.010200 0.936003 0.008394 0.005460 0.013215 0.004203 
0.000000 0.000178 0.000000 0.001070 0.997861 0.000000 0.000535 0.000000 0.000357 0.000000 0.000198 0.000000 0.001323 0.997530 0.000000 0.000551 0.000000 0.000398 0.003031 0.009449 0.004814 0.010519 0.949724 0.009449 0.003744 0.007488 0.001783 0.003373 0.010033 0.005396 0.011756 0.945018 0.010387 0.004179 0.007938 0.001919 
0.000000 0.000000 0.000200 0.000998 0.997404 0.000799 0.000200 0.000399 0.000000 0.000000 0.000000 0.000212 0.001063 0.997035 0.000903 0.000340 0.000447 0.000000 0.001198 0.006789 0.001997 0.007788 0.966254 0.007388 0.001398 0.006789 0.000399 0.001431 0.007452 0.002395 0.008485 0.962335 0.007932 0.001717 0.007825 0.000429 
0.000198 0.000396 0.000000 0.000198 0.998022 0.000593 0.000000 0.000396 0.000198 0.000219 0.000494 0.000000 0.000247 0.997508 0.000665 0.000000 0.000591 0.000276 0.001187 0.006528 0.000791 0.004352 0.974481 0.005935 0.000198 0.004946 0.001583 0.001345 0.007611 0.000912 0.004813 0.971062 0.006713 0.000217 0.005506 0.001822 
0.000520 0.000000 0.000000 0.000867 0.998093 0.000173 0.000000 0.000000 0.000347 0.000555 0.000000 0.000000 0.000984 0.997830 0.000216 0.000000 0.000000 0.000415 0.002253 0.007974 0.001733 0.011267 0.956838 0.009360 0.001387 0.006760 0.002427 0.002612 0.008609 0.002047 0.012379 0.952168 0.010382 0.001498 0.007481 0.002824 
0.000170 0.000339 0.000000 0.000339 0.998303 0.000509 0.000170 0.000170 0.000000 0.000177 0.000427 0.000000 0.000399 0.998123 0.000524 0.000175 0.000175 0.000000 0.002206 0.009674 0.002037 0.011371 0.951799 0.008826 0.003225 0.009674 0.001188 0.002526 0.010412 0.002142 0.012470 0.946983 0.009878 0.003714 0.010565 0.001310 
0.000285 0.000285 0.000428 0.001426 0.996292 0.000571 0.000285 0.000143 0.000285 0.000308 0.000438 0.000435 0.001640 0.995862 0.000587 0.000295 0.000145 0.000290 0.004850 0.019255 0.006133 0.023820 0.898873 0.017972 0.006561 0.018257 0.004279 0.005208 0.020728 0.006777 0.025555 0.890781 0.019297 0.007202 0.019696 0.004755 
0.000720 0.000576 0.000288 0.000432 0.994669 0.001297 0.000576 0.001297 0.000144 0.000762 0.000713 0.000315 0.000450 0.994018 0.001521 0.000683 0.001375 0.000162 0.005331 0.022478 0.005476 0.015994 0.904323 0.018012 0.004611 0.017723 0.006052 0.005738 0.023822 0.005922 0.017102 0.896978 0.019622 0.005209 0.018912 0.006695 
0.000159 0.001427 0.000000 0.000317 0.996512 0.000793 0.000476 0.000317 0.000000 0.000158 0.001689 0.000000 0.000321 0.996170 0.000843 0.000497 0.000321 0.000000 0.002378 0.013951 0.003012 0.012841 0.937857 0.012207 0.003488 0.012207 0.002061 0.002591 0.015051 0.003333 0.013624 0.932814 0.013292 0.003855 0.013164 0.002277 
0.000148 0.001034 0.000148 0.000591 0.995716 0.000591 0.000739 0.000591 0.000443 0.000164 0.001070 0.000148 0.000628 0.995207 0.000741 0.000797 0.000778 0.000466 0.003693 0.020679 0.004727 0.015657 0.916248 0.013442 0.004284 0.016544 0.004727 0.003950 0.022169 0.005155 0.016848 0.908945 0.014893 0.004823 0.017953 0.005263 
0.000145 0.000726 0.000290 0.001016 0.994773 0.001307 0.000290 0.001162 0.000290 0.000155 0.000866 0.000322 0.001073 0.994242 0.001539 0.000294 0.001206 0.000304 0.003485 0.014956 0.001742 0.015972 0.929432 0.014665 0.003340 0.013213 0.003194 0.003831 0.016132 0.001909 0.017467 0.922892 0.016278 0.003758 0.014211 0.003522 
0.000579 0.000868 0.000000 0.000579 0.997252 0.000434 0.000289 0.000000 0.000000 0.000597 0.001084 0.000000 0.000592 0.996886 0.000542 0.000299 0.000000 0.000000 0.005062 0.016488 0.005351 0.019092 0.913075 0.016778 0.004194 0.016054 0.003905 0.005438 0.018019 0.005973 0.020534 0.905333 0.018507 0.004657 0.017315 0.004224 
0.000309 0.000309 0.000000 0.000463 0.997529 0.000463 0.000154 0.000772 0.000000 0.000314 0.000310 0.000000 0.000468 0.997441 0.000515 0.000155 0.000798 0.000000 0.002471 0.009884 0.001853 0.012819 0.941931 0.014672 0.004015 0.010039 0.002317 0.002774 0.010876 0.001920 0.013734 0.936914 0.015920 0.004457 0.010832 0.002573 
0.000170 0.000170 0.000170 0.000000 0.998983 0.000000 0.000000 0.000509 0.000000 0.000177 0.000173 0.000183 0.000000 0.998794 0.000000 0.000000 0.000674 0.000000 0.001865 0.005934 0.002204 0.007799 0.966090 0.008477 0.001187 0.005426 0.001017 0.002188 0.006372 0.002494 0.008540 0.962548 0.009262 0.001351 0.006091 0.001153 
0.000161 0.000322 0.000000 0.000322 0.998550 0.000645 0.000000 0.000000 0.000000 0.000175 0.000326 0.000000 0.000369 0.998391 0.000739 0.000000 0.000000 0.000000 0.002579 0.008864 0.001450 0.010959 0.956970 0.008380 0.001934 0.007091 0.001773 0.002923 0.009682 0.001627 0.012134 0.951996 0.009434 0.002299 0.007925 0.001981 
0.000176 0.000000 0.000000 0.000353 0.998765 0.000706 0.000000 0.000000 0.000000 0.000193 0.000000 0.000000 0.000525 0.998551 0.000732 0.000000 0.000000 0.000000 0.000706 0.006705 0.001765 0.005823 0.968414 0.007764 0.001588 0.006353 0.000882 0.000814 0.007275 0.002013 0.006311 0.965293 0.008372 0.001896 0.007035 0.000990 
0.000000 0.000000 0.000000 0.000000 1.000000 0.000000 0.000000 0.000000 0.000000 0.000000 0.000000 0.000000 0.000000 1.000000 0.000000 0.000000 0.000000 0.000000 0.000410 0.002048 0.000614 0.002048 0.989556 0.002867 0.000410 0.001843 0.000205 0.000489 0.002242 0.000653 0.002251 0.988375 0.003257 0.000436 0.002069 0.000229 
0.000000 0.000000 0.000000 0.000850 0.998937 0.000000 0.000000 0.000213 0.000000 0.000000 0.000000 0.000000 0.000899 0.998858 0.000000 0.000000 0.000243 0.000000 0.000213 0.002764 0.000213 0.003614 0.986820 0.003614 0.000213 0.002126 0.000425 0.000214 0.003349 0.000232 0.003825 0.985089 0.004108 0.000238 0.002449 0.000496 
0.000000 0.000193 0.000193 0.001161 0.997485 0.000193 0.000774 0.000000 0.000000 0.000000 0.000193 0.000196 0.001213 0.997371 0.000213 0.000814 0.000000 0.000000 0.000967 0.008706 0.002515 0.009480 0.960727 0.007352 0.002902 0.005223 0.002128 0.001110 0.009473 0.002726 0.010347 0.957152 0.008008 0.003120 0.005789 0.002274 
0.000000 0.001058 0.000529 0.001058 0.996297 0.000000 0.000705 0.000000 0.000353 0.000000 0.001319 0.000552 0.001152 0.995856 0.000000 0.000766 0.000000 0.000356 0.002998 0.013754 0.006172 0.010051 0.944807 0.006877 0.003879 0.009346 0.002116 0.003398 0.015440 0.006657 0.011090 0.939312 0.007486 0.004379 0.009950 0.002287 
0.000000 0.000340 0.000509 0.001019 0.996264 0.000679 0.000170 0.000679 0.000340 0.000000 0.000345 0.000541 0.001085 0.995858 0.000724 0.000180 0.000876 0.000392 0.003226 0.019019 0.006962 0.013075 0.919851 0.014264 0.004415 0.015453 0.003736 0.003482 0.020113 0.007537 0.014087 0.913369 0.015576 0.004786 0.016802 0.004248 
0.000000 0.001443 0.000000 0.001443 0.995510 0.000160 0.000481 0.000641 0.000321 0.000000 0.001651 0.000000 0.001548 0.995076 0.000162 0.000486 0.000730 0.000348 0.005613 0.017960 0.005773 0.016357 0.914849 0.010423 0.008339 0.016677 0.004009 0.006109 0.019196 0.006163 0.018010 0.907859 0.011238 0.008992 0.017910 0.004522 
0.000000 0.000362 0.000000 0.000725 0.997644 0.000544 0.000362 0.000000 0.000362 0.000000 0.000371 0.000000 0.000954 0.997287 0.000625 0.000385 0.000000 0.000377 0.002537 0.009242 0.002175 0.010511 0.955600 0.005980 0.001812 0.009424 0.002718 0.002792 0.010039 0.002411 0.011785 0.951022 0.006666 0.002073 0.010210 0.003003 
0.000191 0.000000 0.000191 0.000573 0.998092 0.000191 0.000191 0.000382 0.000191 0.000199 0.000000 0.000195 0.000940 0.997667 0.000207 0.000197 0.000398 0.000196 0.001718 0.005153 0.001336 0.006870 0.969656 0.005344 0.001145 0.006489 0.002290 0.001810 0.005597 0.001600 0.007867 0.966098 0.006032 0.001287 0.007099 0.002610 
0.000185 0.000555 0.000000 0.000185 0.998520 0.000555 0.000000 0.000000 0.000000 0.000187 0.000610 0.000000 0.000185 0.998447 0.000571 0.000000 0.000000 0.000000 0.001480 0.005550 0.001110 0.008511 0.968178 0.007031 0.001665 0.004810 0.001665 0.001736 0.006263 0.001219 0.009331 0.964432 0.007792 0.001989 0.005341 0.001895 
0.000000 0.000497 0.000000 0.000000 0.998840 0.000331 0.000166 0.000166 0.000000 0.000000 0.000511 0.000000 0.000000 0.998811 0.000342 0.000169 0.000167 0.000000 0.002486 0.008618 0.002652 0.010772 0.954756 0.008618 0.001823 0.008784 0.001492 0.002771 0.009408 0.003098 0.011610 0.950351 0.009498 0.001893 0.009694 0.001677 
0.000191 0.001337 0.000000 0.000573 0.996754 0.000382 0.000000 0.000764 0.000000 0.000200 0.001475 0.000000 0.000579 0.996417 0.000391 0.000000 0.000937 0.000000 0.000573 0.007829 0.000573 0.006683 0.974604 0.003628 0.000764 0.005156 0.000191 0.000779 0.008831 0.000670 0.007352 0.971273 0.004208 0.000878 0.005790 0.000220 
0.000000 0.000596 0.000000 0.000199 0.998609 0.000596 0.000000 0.000000 0.000000 0.000000 0.000784 0.000000 0.000248 0.998358 0.000609 0.000000 0.000000 0.000000 0.000398 0.004572 0.000994 0.005565 0.978732 0.003578 0.000596 0.004770 0.000795 0.000496 0.005128 0.001245 0.006163 0.976172 0.003942 0.000617 0.005319 0.000919 
0.000000 0.000184 0.000000 0.000922 0.998156 0.000369 0.000000 0.000184 0.000184 0.000000 0.000229 0.000000 0.001207 0.997805 0.000379 0.000000 0.000194 0.000186 0.001107 0.004426 0.000553 0.007562 0.974733 0.004980 0.001291 0.004426 0.000922 0.001336 0.004864 0.000583 0.008658 0.971744 0.005411 0.001481 0.004864 0.001058 
0.000000 0.000379 0.000190 0.000000 0.998672 0.000000 0.000000 0.000759 0.000000 0.000000 0.000605 0.000217 0.000000 0.998310 0.000000 0.000000 0.000868 0.000000 0.000949 0.004743 0.000569 0.003225 0.981028 0.003794 0.000759 0.004174 0.000759 0.000993 0.005265 0.000783 0.003507 0.978261 0.004541 0.000931 0.004825 0.000894 
0.000000 0.000184 0.000000 0.000367 0.999082 0.000184 0.000000 0.000184 0.000000 0.000000 0.000184 0.000000 0.000418 0.998937 0.000274 0.000000 0.000188 0.000000 0.000367 0.004223 0.000918 0.005325 0.980353 0.004407 0.000918 0.003122 0.000367 0.000389 0.004827 0.001228 0.005989 0.977410 0.005087 0.001069 0.003583 0.000418 
0.000000 0.000000 0.000000 0.000378 0.998865 0.000568 0.000000 0.000000 0.000189 0.000000 0.000000 0.000000 0.000439 0.998613 0.000625 0.000000 0.000000 0.000322 0.000757 0.004920 0.001325 0.004730 0.976159 0.004163 0.001325 0.005487 0.001135 0.000812 0.005579 0.001531 0.005272 0.972962 0.004595 0.001552 0.006248 0.001448 
0.000000 0.000424 0.000000 0.000424 0.998729 0.000000 0.000000 0.000424 0.000000 0.000000 0.000455 0.000000 0.000483 0.998607 0.000000 0.000000 0.000455 0.000000 0.000636 0.002755 0.000424 0.003814 0.986226 0.002755 0.000424 0.002543 0.000424 0.000744 0.003052 0.000494 0.004515 0.984240 0.002929 0.000457 0.002977 0.000591 
0.000000 0.000000 0.000000 0.000444 0.998889 0.000444 0.000000 0.000222 0.000000 0.000000 0.000000 0.000000 0.000709 0.998608 0.000456 0.000000 0.000227 0.000000 0.000667 0.005332 0.000889 0.004666 0.977561 0.003777 0.001333 0.005332 0.000444 0.000719 0.005991 0.001009 0.005420 0.974918 0.004002 0.001509 0.005962 0.000471 
0.000000 0.000902 0.000180 0.000000 0.998197 0.000180 0.000361 0.000000 0.000180 0.000000 0.000923 0.000221 0.000000 0.998099 0.000185 0.000388 0.000000 0.000184 0.002705 0.009196 0.002885 0.011360 0.946989 0.012982 0.003065 0.007212 0.003606 0.002961 0.009917 0.003135 0.012308 0.942271 0.014174 0.003480 0.007810 0.003944 
0.000357 0.000178 0.000000 0.000535 0.997682 0.000713 0.000178 0.000178 0.000178 0.000414 0.000221 0.000000 0.000766 0.997141 0.000883 0.000180 0.000200 0.000195 0.003566 0.011589 0.004814 0.014976 0.942414 0.009627 0.003209 0.008201 0.001605 0.004090 0.012505 0.005282 0.016747 0.936487 0.010742 0.003414 0.008949 0.001783 
0.000000 0.000225 0.000000 0.000225 0.998874 0.000450 0.000000 0.000225 0.000000 0.000000 0.000225 0.000000 0.000281 0.998493 0.000720 0.000000 0.000281 0.000000 0.000676 0.003604 0.000450 0.003153 0.980631 0.004730 0.002252 0.003829 0.000676 0.000720 0.003954 0.000466 0.003589 0.977832 0.005687 0.002535 0.004447 0.000770 
0.000000 0.000000 0.000000 0.001004 0.998494 0.000502 0.000000 0.000000 0.000000 0.000000 0.000000 0.000000 0.001267 0.998046 0.000688 0.000000 0.000000 0.000000 0.000251 0.001757 0.000753 0.002761 0.991215 0.001757 0.000000 0.001004 0.000502 0.000251 0.001947 0.000940 0.003500 0.989228 0.002231 0.000000 0.001087 0.000817 
0.000000 0.000000 0.000000 0.000477 0.998570 0.000238 0.000000 0.000715 0.000000 0.000000 0.000000 0.000000 0.000525 0.998373 0.000262 0.000000 0.000839 0.000000 0.000477 0.000715 0.000477 0.001906 0.992614 0.002144 0.000477 0.001191 0.000000 0.000538 0.000741 0.000559 0.002134 0.991361 0.002531 0.000500 0.001634 0.000000 
0.000000 0.000235 0.000235 0.000706 0.997883 0.000470 0.000000 0.000470 0.000000 0.000000 0.000235 0.000238 0.001209 0.997225 0.000535 0.000000 0.000557 0.000000 0.000235 0.001176 0.000235 0.003058 0.991531 0.002117 0.000000 0.001647 0.000000 0.000235 0.001399 0.000293 0.003865 0.989525 0.002481 0.000000 0.002203 0.000000 
0.000000 0.000000 0.000000 0.000230 0.999539 0.000000 0.000000 0.000230 0.000000 0.000000 0.000000 0.000000 0.000235 0.999316 0.000000 0.000000 0.000449 0.000000 0.000230 0.000461 0.000691 0.001613 0.991477 0.002534 0.000921 0.001843 0.000230 0.000255 0.000525 0.000842 0.001746 0.990628 0.002634 0.000958 0.002168 0.000245 
0.000367 0.000184 0.000551 0.001102 0.996879 0.000184 0.000551 0.000000 0.000184 0.000380 0.000228 0.000565 0.001175 0.996606 0.000229 0.000627 0.000000 0.000189 0.002019 0.010464 0.003305 0.013402 0.940518 0.013035 0.004223 0.011015 0.002019 0.002195 0.011257 0.003508 0.014575 0.935391 0.014175 0.004696 0.011909 0.002295 
0.000000 0.000932 0.000000 0.001087 0.995961 0.000932 0.000155 0.000466 0.000466 0.000000 0.000945 0.000000 0.001209 0.995412 0.001288 0.000157 0.000496 0.000493 0.003417 0.018950 0.006058 0.016931 0.913016 0.016154 0.006058 0.016154 0.003262 0.003789 0.020470 0.006685 0.018554 0.904810 0.018057 0.006558 0.017472 0.003605 
0.000000 0.000376 0.000188 0.000565 0.997553 0.000941 0.000188 0.000188 0.000000 0.000000 0.000444 0.000190 0.000663 0.997133 0.001184 0.000192 0.000194 0.000000 0.001694 0.006964 0.002070 0.009599 0.963109 0.008093 0.003576 0.004517 0.000376 0.001837 0.007938 0.002212 0.010524 0.958896 0.009241 0.003800 0.005036 0.000516 
0.000000 0.000395 0.000198 0.000198 0.998418 0.000593 0.000000 0.000198 0.000000 0.000000 0.000410 0.000212 0.000204 0.998273 0.000681 0.000000 0.000221 0.000000 0.001384 0.006722 0.000989 0.009095 0.964215 0.008106 0.001582 0.006920 0.000989 0.001514 0.007431 0.001139 0.009917 0.960383 0.009242 0.001746 0.007546 0.001081 
0.000000 0.000237 0.000237 0.000475 0.998102 0.000712 0.000237 0.000000 0.000000 0.000000 0.000296 0.000240 0.000518 0.997909 0.000792 0.000244 0.000000 0.000000 0.000712 0.003560 0.000712 0.003085 0.985287 0.004034 0.000237 0.001898 0.000475 0.000866 0.004065 0.000755 0.003330 0.983404 0.004645 0.000312 0.002088 0.000536 
0.000000 0.000000 0.000000 0.000249 0.998755 0.000747 0.000000 0.000249 0.000000 0.000000 0.000000 0.000000 0.000311 0.998591 0.000787 0.000000 0.000311 0.000000 0.000249 0.000747 0.000498 0.002240 0.992283 0.002240 0.000000 0.001743 0.000000 0.000271 0.000820 0.000631 0.002865 0.990633 0.002599 0.000000 0.002181 0.000000 
0.000000 0.000000 0.000000 0.000250 0.999500 0.000250 0.000000 0.000000 0.000000 0.000000 0.000000 0.000000 0.000487 0.999201 0.000312 0.000000 0.000000 0.000000 0.000000 0.001249 0.000000 0.002999 0.993753 0.001000 0.000000 0.000500 0.000500 0.000000 0.001461 0.000000 0.003542 0.992613 0.001282 0.000000 0.000550 0.000553 
0.000000 0.000457 0.000000 0.000000 0.999087 0.000228 0.000228 0.000000 0.000000 0.000000 0.000519 0.000000 0.000000 0.998994 0.000236 0.000251 0.000000 0.000000 0.000685 0.002284 0.000457 0.002969 0.984243 0.004339 0.001827 0.002969 0.000228 0.000785 0.002535 0.000489 0.003291 0.982145 0.004957 0.002053 0.003483 0.000263 
0.000000 0.000213 0.000213 0.000000 0.999149 0.000425 0.000000 0.000000 0.000000 0.000000 0.000218 0.000226 0.000000 0.999095 0.000461 0.000000 0.000000 0.000000 0.000213 0.003615 0.001489 0.004254 0.982135 0.003828 0.001276 0.002552 0.000638 0.000222 0.003820 0.001702 0.004637 0.980412 0.004210 0.001354 0.002719 0.000923 
0.000000 0.000195 0.000000 0.000000 0.999415 0.000195 0.000000 0.000195 0.000000 0.000000 0.000219 0.000000 0.000000 0.999375 0.000205 0.000000 0.000201 0.000000 0.000780 0.004288 0.000974 0.006626 0.976028 0.005262 0.000585 0.004483 0.000974 0.000881 0.004726 0.001086 0.007048 0.973821 0.005761 0.000620 0.004982 0.001076 
0.000000 0.000840 0.000000 0.000504 0.997481 0.000672 0.000168 0.000336 0.000000 0.000000 0.000900 0.000000 0.000551 0.997304 0.000695 0.000172 0.000378 0.000000 0.002183 0.011253 0.002351 0.011589 0.943903 0.010749 0.004871 0.010581 0.002519 0.002318 0.012357 0.002513 0.012637 0.938756 0.011746 0.005233 0.011725 0.002716 
0.000624 0.001249 0.000156 0.000781 0.994692 0.001561 0.000468 0.000468 0.000000 0.000638 0.001313 0.000160 0.000788 0.994343 0.001637 0.000480 0.000640 0.000000 0.004839 0.017952 0.007493 0.016079 0.916485 0.013581 0.005464 0.015454 0.002654 0.005206 0.019482 0.007965 0.017391 0.909434 0.014738 0.005884 0.016954 0.002946 
0.000333 0.001000 0.000333 0.000333 0.995999 0.001000 0.000500 0.000167 0.000333 0.000338 0.001053 0.000363 0.000351 0.995802 0.001071 0.000518 0.000168 0.000336 0.005002 0.015672 0.006335 0.020340 0.912804 0.015005 0.007836 0.013505 0.003501 0.005528 0.016687 0.006760 0.021750 0.905773 0.016310 0.008713 0.014725 0.003755 
0.000177 0.000177 0.000000 0.000530 0.998411 0.000000 0.000000 0.000353 0.000353 0.000189 0.000178 0.000000 0.000605 0.998166 0.000000 0.000000 0.000384 0.000478 0.003001 0.010238 0.004060 0.009356 0.947220 0.009532 0.002824 0.011121 0.002648 0.003415 0.011060 0.004473 0.010113 0.942405 0.010347 0.003141 0.012076 0.002969 
0.000175 0.001225 0.000175 0.000875 0.996499 0.000350 0.000000 0.000700 0.000000 0.000178 0.001259 0.000179 0.000949 0.996184 0.000361 0.000000 0.000890 0.000000 0.003326 0.015403 0.003676 0.011027 0.935761 0.009277 0.006651 0.012253 0.002626 0.003644 0.016554 0.003916 0.012170 0.929951 0.010021 0.007292 0.013538 0.002914 
0.000182 0.000364 0.000000 0.000909 0.998000 0.000182 0.000000 0.000364 0.000000 0.000192 0.000380 0.000000 0.000977 0.997720 0.000194 0.000000 0.000537 0.000000 0.003636 0.015088 0.004908 0.014179 0.930376 0.013452 0.003272 0.010725 0.004363 0.003914 0.015983 0.005362 0.015334 0.924948 0.014630 0.003499 0.011683 0.004648 
0.000000 0.001200 0.000000 0.000600 0.998001 0.000200 0.000000 0.000000 0.000000 0.000000 0.001233 0.000000 0.000723 0.997840 0.000205 0.000000 0.000000 0.000000 0.001999 0.005598 0.001799 0.007197 0.970612 0.006597 0.001599 0.003199 0.001399 0.002132 0.005971 0.001934 0.007755 0.968286 0.007087 0.001846 0.003497 0.001492 
0.000000 0.000579 0.000000 0.001159 0.997682 0.000386 0.000000 0.000193 0.000000 0.000000 0.000608 0.000000 0.001192 0.997584 0.000411 0.000000 0.000206 0.000000 0.001159 0.006761 0.000773 0.008499 0.967549 0.007920 0.001159 0.005022 0.001159 0.001246 0.007393 0.000823 0.009320 0.964230 0.008891 0.001277 0.005574 0.001245 
0.000000 0.000000 0.000000 0.000000 0.999605 0.000395 0.000000 0.000000 0.000000 0.000000 0.000000 0.000000 0.000000 0.999565 0.000435 0.000000 0.000000 0.000000 0.000790 0.004739 0.001382 0.005529 0.977291 0.006319 0.000395 0.002567 0.000987 0.000859 0.005156 0.001469 0.006006 0.975067 0.006923 0.000399 0.002905 0.001217 
0.000144 0.000577 0.000288 0.000577 0.997116 0.000577 0.000144 0.000577 0.000000 0.000152 0.000718 0.000317 0.000644 0.996517 0.000762 0.000152 0.000738 0.000000 0.002595 0.012543 0.004181 0.013408 0.943051 0.011390 0.002595 0.008362 0.001874 0.002806 0.013752 0.004794 0.014658 0.937034 0.012669 0.002943 0.009350 0.001994 
0.000267 0.000801 0.000000 0.000801 0.996529 0.000935 0.000267 0.000267 0.000134 0.000278 0.000855 0.000000 0.001067 0.996133 0.000957 0.000298 0.000273 0.000139 0.005073 0.013752 0.002804 0.014553 0.926435 0.014553 0.005207 0.013752 0.003872 0.005503 0.014726 0.003128 0.015939 0.919856 0.015771 0.005789 0.015022 0.004267 
0.000000 0.000408 0.000544 0.001224 0.995241 0.000680 0.000408 0.000544 0.000952 0.000000 0.000571 0.000562 0.001314 0.994621 0.000750 0.000417 0.000751 0.001014 0.006662 0.023249 0.006934 0.020666 0.889871 0.021482 0.007614 0.017539 0.005982 0.007269 0.024903 0.007432 0.022329 0.881239 0.023187 0.008244 0.018883 0.006513 
0.000114 0.001254 0.000228 0.001824 0.993730 0.001254 0.000114 0.000684 0.000798 0.000117 0.001306 0.000240 0.002029 0.993114 0.001417 0.000151 0.000722 0.000905 0.007410 0.023712 0.006726 0.024168 0.886685 0.021546 0.005814 0.018354 0.005586 0.007959 0.025016 0.007335 0.025939 0.878053 0.023220 0.006333 0.019881 0.006263 
0.000262 0.000392 0.000392 0.000523 0.996992 0.000392 0.000000 0.000785 0.000262 0.000277 0.000393 0.000412 0.000665 0.996690 0.000397 0.000000 0.000889 0.000278 0.004054 0.019485 0.004446 0.019223 0.914084 0.017000 0.005100 0.012946 0.003662 0.004406 0.020871 0.004765 0.020944 0.906641 0.018430 0.005499 0.014402 0.004042 
0.000399 0.000931 0.000266 0.000665 0.995744 0.001197 0.000133 0.000133 0.000532 0.000421 0.001064 0.000280 0.000672 0.995480 0.001246 0.000136 0.000140 0.000562 0.005453 0.016226 0.004921 0.014231 0.921665 0.013566 0.004921 0.013566 0.005453 0.005984 0.017255 0.005491 0.015129 0.915498 0.014630 0.005394 0.014586 0.006033 
0.000000 0.000535 0.000268 0.000535 0.997858 0.000402 0.000134 0.000268 0.000000 0.000000 0.000705 0.000283 0.000669 0.997392 0.000531 0.000134 0.000285 0.000000 0.004150 0.017001 0.005489 0.017001 0.915930 0.014726 0.005489 0.015797 0.004418 0.004570 0.018360 0.005943 0.018247 0.909127 0.015785 0.005963 0.017106 0.004900 
0.000000 0.000308 0.000000 0.001078 0.997998 0.000616 0.000000 0.000000 0.000000 0.000000 0.000320 0.000000 0.001310 0.997715 0.000655 0.000000 0.000000 0.000000 0.002927 0.014171 0.002927 0.011553 0.936845 0.012323 0.004929 0.012323 0.002002 0.003361 0.015012 0.003198 0.013000 0.930674 0.013574 0.005507 0.013436 0.002238 
0.000000 0.000680 0.000000 0.000340 0.997789 0.000170 0.000170 0.000680 0.000170 0.000000 0.000722 0.000000 0.000501 0.997159 0.000331 0.000208 0.000888 0.000190 0.002211 0.008675 0.001871 0.010376 0.955775 0.008505 0.002892 0.007995 0.001701 0.002411 0.009659 0.002034 0.011186 0.951396 0.009420 0.003218 0.008846 0.001830 
0.000000 0.000196 0.000000 0.000000 0.999804 0.000000 0.000000 0.000000 0.000000 0.000000 0.000220 0.000000 0.000000 0.999780 0.000000 0.000000 0.000000 0.000000 0.001371 0.005486 0.000196 0.006270 0.972766 0.005290 0.001176 0.006074 0.001371 0.001572 0.006000 0.000208 0.007156 0.969524 0.005809 0.001359 0.006777 0.001595 
0.000000 0.000540 0.000000 0.000540 0.998921 0.000000 0.000000 0.000000 0.000000 0.000000 0.000634 0.000000 0.000603 0.998763 0.000000 0.000000 0.000000 0.000000 0.002698 0.009534 0.001619 0.013851 0.949811 0.010254 0.001979 0.007915 0.002339 0.003068 0.010391 0.001748 0.015175 0.944806 0.011262 0.002241 0.008823 0.002487 
0.000000 0.000464 0.000155 0.000310 0.998452 0.000464 0.000000 0.000155 0.000000 0.000000 0.000488 0.000165 0.000352 0.998319 0.000483 0.000000 0.000193 0.000000 0.004489 0.012384 0.003870 0.012848 0.933127 0.012693 0.004644 0.012693 0.003251 0.004972 0.013718 0.004200 0.013844 0.927217 0.013739 0.005040 0.013628 0.003643 
0.000317 0.000475 0.000000 0.000158 0.998575 0.000475 0.000000 0.000000 0.000000 0.000326 0.000480 0.000000 0.000198 0.998511 0.000486 0.000000 0.000000 0.000000 0.003008 0.009815 0.001900 0.012189 0.949343 0.009023 0.003799 0.008707 0.002216 0.003310 0.010833 0.002054 0.013239 0.944702 0.009794 0.004188 0.009406 0.002473 
0.000000 0.000000 0.000000 0.000332 0.999169 0.000000 0.000000 0.000498 0.000000 0.000000 0.000000 0.000000 0.000369 0.998946 0.000000 0.000000 0.000685 0.000000 0.001495 0.006645 0.002824 0.006977 0.958472 0.008804 0.003987 0.009302 0.001495 0.001663 0.007241 0.003228 0.007516 0.953935 0.009840 0.004604 0.010336 0.001637 
0.000000 0.000336 0.000000 0.000168 0.998826 0.000168 0.000000 0.000503 0.000000 0.000000 0.000335 0.000000 0.000185 0.998598 0.000173 0.000000 0.000708 0.000000 0.001174 0.008725 0.001678 0.006208 0.965772 0.006711 0.003020 0.005872 0.000839 0.001258 0.009924 0.001886 0.006681 0.962087 0.007358 0.003278 0.006641 0.000885 
0.000000 0.000195 0.000000 0.000584 0.999027 0.000000 0.000000 0.000195 0.000000 0.000000 0.000218 0.000000 0.000588 0.998985 0.000000 0.000000 0.000209 0.000000 0.000195 0.003890 0.000584 0.004474 0.979576 0.005641 0.001167 0.004085 0.000389 0.000227 0.004370 0.000644 0.004769 0.977651 0.006174 0.001242 0.004445 0.000479 
0.000000 0.000185 0.000000 0.000554 0.999076 0.000000 0.000000 0.000000 0.000185 0.000000 0.000190 0.000000 0.000767 0.998729 0.000000 0.000000 0.000000 0.000315 0.000370 0.003142 0.000554 0.004805 0.980410 0.004620 0.001109 0.004066 0.000924 0.000371 0.003494 0.000613 0.005286 0.977900 0.005162 0.001247 0.004734 0.001194 
0.000000 0.001161 0.000166 0.000830 0.997013 0.000498 0.000000 0.000332 0.000000 0.000000 0.001230 0.000185 0.000857 0.996826 0.000561 0.000000 0.000341 0.000000 0.001493 0.008130 0.000996 0.007135 0.967812 0.006969 0.001493 0.004480 0.001493 0.001642 0.008979 0.001168 0.007785 0.964343 0.007791 0.001668 0.004946 0.001678 
0.000000 0.000839 0.000000 0.000839 0.997314 0.001007 0.000000 0.000000 0.000000 0.000000 0.000889 0.000000 0.000901 0.996819 0.001391 0.000000 0.000000 0.000000 0.002182 0.005036 0.000839 0.010240 0.964915 0.008897 0.001679 0.004868 0.001343 0.002395 0.005623 0.000899 0.011251 0.961155 0.009856 0.001945 0.005349 0.001527 
0.000000 0.000808 0.000000 0.000404 0.998586 0.000202 0.000000 0.000000 0.000000 0.000000 0.000912 0.000000 0.000620 0.998254 0.000214 0.000000 0.000000 0.000000 0.000606 0.003232 0.000202 0.002828 0.985861 0.003636 0.001010 0.002222 0.000404 0.000641 0.003750 0.000211 0.003166 0.984497 0.003886 0.001084 0.002334 0.000432 
0.000000 0.000000 0.000183 0.000183 0.999087 0.000000 0.000000 0.000548 0.000000 0.000000 0.000000 0.000189 0.000187 0.998895 0.000000 0.000000 0.000730 0.000000 0.001278 0.005476 0.000913 0.007302 0.969697 0.006024 0.000730 0.007119 0.001460 0.001478 0.005871 0.001064 0.007862 0.966686 0.006647 0.000827 0.007968 0.001596 
0.000000 0.000183 0.000000 0.000366 0.997987 0.000915 0.000000 0.000549 0.000000 0.000000 0.000183 0.000000 0.000367 0.997884 0.000988 0.000000 0.000579 0.000000 0.000366 0.002928 0.001098 0.005306 0.977676 0.006587 0.001281 0.004209 0.000549 0.000394 0.003500 0.001243 0.005819 0.974887 0.007344 0.001525 0.004562 0.000727 
0.000000 0.000430 0.000000 0.000430 0.998282 0.000215 0.000000 0.000644 0.000000 0.000000 0.000454 0.000000 0.000441 0.998219 0.000222 0.000000 0.000665 0.000000 0.000000 0.002363 0.000430 0.004081 0.986254 0.003651 0.000644 0.002363 0.000215 0.000000 0.002625 0.000454 0.004492 0.984625 0.004196 0.000684 0.002694 0.000230 
0.000274 0.000274 0.000000 0.000274 0.998905 0.000000 0.000274 0.000000 0.000000 0.000276 0.000286 0.000000 0.000282 0.998546 0.000000 0.000609 0.000000 0.000000 0.000548 0.003012 0.000548 0.003560 0.983844 0.003286 0.001095 0.003560 0.000548 0.000667 0.003288 0.000626 0.003908 0.981607 0.003606 0.001605 0.003993 0.000698 
