0.000000 0.000000 0.000131 0.000262 0.999345 0.000000 0.000000 0.000262 0.000000 0.000000 0.000000 0.000140 0.000265 0.999313 0.000000 0.000000 0.000283 0.000000 0.000262 0.005630 0.000524 0.010081 0.961901 0.010867 0.000786 0.009296 0.000655 0.000285 0.006012 0.000608 0.010811 0.958805 0.011641 0.000868 0.010141 0.000828 
0.000000 0.000000 0.000000 0.000000 0.999514 0.000243 0.000000 0.000243 0.000000 0.000000 0.000000 0.000000 0.000000 0.999465 0.000265 0.000000 0.000270 0.000000 0.000972 0.008745 0.001093 0.010324 0.956395 0.010689 0.001215 0.009838 0.000729 0.001064 0.009314 0.001205 0.011249 0.952835 0.011440 0.001360 0.010713 0.000819 
0.000000 0.000000 0.000000 0.000000 1.000000 0.000000 0.000000 0.000000 0.000000 0.000000 0.000000 0.000000 0.000000 1.000000 0.000000 0.000000 0.000000 0.000000 0.000503 0.005655 0.000503 0.005906 0.969465 0.010304 0.000377 0.006660 0.000628 0.000562 0.006030 0.000563 0.006286 0.967250 0.011037 0.000385 0.007145 0.000743 
0.000000 0.000000 0.000000 0.000000 1.000000 0.000000 0.000000 0.000000 0.000000 0.000000 0.000000 0.000000 0.000000 1.000000 0.000000 0.000000 0.000000 0.000000 0.000749 0.005865 0.000499 0.006489 0.967557 0.008360 0.000499 0.009234 0.000749 0.000842 0.006283 0.000570 0.007027 0.964893 0.009023 0.000547 0.009971 0.000845 
0.000000 0.000000 0.000000 0.000000 0.999758 0.000000 0.000000 0.000242 0.000000 0.000000 0.000000 0.000000 0.000000 0.999742 0.000000 0.000000 0.000258 0.000000 0.000363 0.005801 0.000846 0.005801 0.968943 0.007734 0.000604 0.009305 0.000604 0.000393 0.006257 0.000937 0.006366 0.966051 0.008389 0.000723 0.010170 0.000714 
0.000000 0.000000 0.000000 0.000240 0.999639 0.000000 0.000000 0.000120 0.000000 0.000000 0.000000 0.000000 0.000245 0.999634 0.000000 0.000000 0.000121 0.000000 0.000721 0.007692 0.000240 0.006731 0.964784 0.009736 0.000962 0.008413 0.000721 0.000784 0.008299 0.000285 0.007259 0.961915 0.010478 0.001136 0.009035 0.000808 
0.000000 0.000361 0.000000 0.000120 0.999518 0.000000 0.000000 0.000000 0.000000 0.000000 0.000368 0.000000 0.000120 0.999512 0.000000 0.000000 0.000000 0.000000 0.000361 0.009395 0.000241 0.005782 0.964828 0.010600 0.000964 0.007227 0.000602 0.000371 0.010033 0.000288 0.006217 0.962108 0.011427 0.001095 0.007766 0.000695 
0.000000 0.000115 0.000115 0.000000 0.999654 0.000000 0.000000 0.000115 0.000000 0.000000 0.000116 0.000133 0.000000 0.999625 0.000000 0.000000 0.000125 0.000000 0.001153 0.010724 0.001499 0.008072 0.959640 0.009456 0.000807 0.007495 0.001153 0.001264 0.011401 0.001744 0.008670 0.956538 0.010299 0.000867 0.007964 0.001254 
0.000000 0.000352 0.000000 0.000117 0.999180 0.000117 0.000000 0.000234 0.000000 0.000000 0.000355 0.000000 0.000134 0.999147 0.000125 0.000000 0.000238 0.000000 0.000820 0.010782 0.000469 0.006211 0.960038 0.009375 0.000938 0.010547 0.000820 0.000927 0.011511 0.000545 0.006723 0.956670 0.010317 0.001083 0.011307 0.000917 
0.000000 0.000000 0.000000 0.000000 0.999765 0.000117 0.000000 0.000117 0.000000 0.000000 0.000000 0.000000 0.000000 0.999731 0.000147 0.000000 0.000123 0.000000 0.000587 0.009503 0.000704 0.007860 0.962576 0.007626 0.000939 0.009620 0.000587 0.000635 0.010179 0.000764 0.008661 0.959499 0.008321 0.001005 0.010265 0.000671 
0.000119 0.000356 0.000000 0.000000 0.999526 0.000000 0.000000 0.000000 0.000000 0.000140 0.000378 0.000000 0.000000 0.999482 0.000000 0.000000 0.000000 0.000000 0.000830 0.008066 0.000474 0.006050 0.965125 0.009609 0.000712 0.008778 0.000356 0.000928 0.008571 0.000530 0.006524 0.962398 0.010393 0.000817 0.009406 0.000433 
0.000000 0.000116 0.000000 0.000000 0.999651 0.000000 0.000000 0.000233 0.000000 0.000000 0.000117 0.000000 0.000000 0.999643 0.000000 0.000000 0.000240 0.000000 0.000582 0.007681 0.000815 0.008146 0.963110 0.007564 0.000698 0.010706 0.000698 0.000652 0.008228 0.000894 0.008879 0.960257 0.008083 0.000748 0.011488 0.000770 
0.000116 0.000000 0.000000 0.000000 0.999884 0.000000 0.000000 0.000000 0.000000 0.000122 0.000000 0.000000 0.000000 0.999878 0.000000 0.000000 0.000000 0.000000 0.000695 0.009498 0.000348 0.007298 0.961080 0.010773 0.001043 0.008572 0.000695 0.000737 0.010126 0.000384 0.008005 0.957550 0.011846 0.001267 0.009265 0.000821 
0.000000 0.000114 0.000000 0.000000 0.999657 0.000000 0.000000 0.000229 0.000000 0.000000 0.000114 0.000000 0.000000 0.999652 0.000000 0.000000 0.000233 0.000000 0.001030 0.010526 0.000801 0.006979 0.955492 0.012471 0.001259 0.010755 0.000686 0.001173 0.011383 0.000925 0.007516 0.951414 0.013857 0.001460 0.011470 0.000801 
0.000000 0.000340 0.000000 0.000000 0.999093 0.000340 0.000000 0.000113 0.000113 0.000000 0.000391 0.000000 0.000000 0.998807 0.000531 0.000000 0.000136 0.000134 0.001814 0.011223 0.000453 0.008502 0.951593 0.012017 0.000794 0.012470 0.001134 0.002007 0.011810 0.000564 0.009098 0.947840 0.013217 0.000904 0.013261 0.001299 
0.000000 0.000111 0.000000 0.000000 0.999666 0.000000 0.000000 0.000223 0.000000 0.000000 0.000120 0.000000 0.000000 0.999640 0.000000 0.000000 0.000240 0.000000 0.001114 0.011026 0.000891 0.009132 0.954338 0.008910 0.001336 0.012362 0.000891 0.001212 0.011785 0.001011 0.009793 0.950879 0.009613 0.001499 0.013207 0.001002 
0.000000 0.000113 0.000000 0.000000 0.999097 0.000113 0.000000 0.000677 0.000000 0.000000 0.000114 0.000000 0.000000 0.999068 0.000121 0.000000 0.000697 0.000000 0.000903 0.012532 0.000452 0.005758 0.961161 0.008016 0.000226 0.010161 0.000790 0.001036 0.013275 0.000490 0.006393 0.958156 0.008673 0.000252 0.010837 0.000889 
0.000000 0.000000 0.000000 0.000000 0.999891 0.000000 0.000000 0.000109 0.000000 0.000000 0.000000 0.000000 0.000000 0.999885 0.000000 0.000000 0.000115 0.000000 0.000764 0.013536 0.001092 0.008296 0.953826 0.007750 0.000327 0.013317 0.001092 0.000792 0.014367 0.001223 0.009136 0.950155 0.008462 0.000378 0.014292 0.001194 
0.000000 0.000112 0.000000 0.000000 0.999776 0.000112 0.000000 0.000000 0.000000 0.000000 0.000113 0.000000 0.000000 0.999771 0.000116 0.000000 0.000000 0.000000 0.001232 0.011421 0.000560 0.010189 0.955436 0.007950 0.000672 0.011421 0.001120 0.001358 0.012005 0.000624 0.010984 0.952067 0.008719 0.000731 0.012273 0.001239 
0.000000 0.000225 0.000000 0.000000 0.999549 0.000000 0.000000 0.000225 0.000000 0.000000 0.000230 0.000000 0.000000 0.999534 0.000000 0.000000 0.000236 0.000000 0.001014 0.011269 0.000451 0.008677 0.959995 0.008452 0.000225 0.009466 0.000451 0.001226 0.012046 0.000506 0.009469 0.956397 0.009342 0.000247 0.010275 0.000492 
0.000000 0.000124 0.000000 0.000248 0.999504 0.000124 0.000000 0.000000 0.000000 0.000000 0.000124 0.000000 0.000396 0.999354 0.000126 0.000000 0.000000 0.000000 0.000248 0.009664 0.000372 0.010408 0.956635 0.009293 0.000248 0.012266 0.000867 0.000276 0.010454 0.000424 0.011417 0.952958 0.010058 0.000278 0.013128 0.001007 
0.000000 0.000000 0.000000 0.000000 1.000000 0.000000 0.000000 0.000000 0.000000 0.000000 0.000000 0.000000 0.000000 1.000000 0.000000 0.000000 0.000000 0.000000 0.001168 0.008675 0.001502 0.007841 0.963130 0.008509 0.000667 0.008175 0.000334 0.001393 0.009287 0.001777 0.008459 0.960087 0.009240 0.000737 0.008662 0.000358 
