0.000185 0.000000 0.000000 0.000371 0.999073 0.000000 0.000000 0.000371 0.000000 0.000202 0.000000 0.000000 0.000373 0.998876 0.000000 0.000000 0.000549 0.000000 0.004820 0.013348 0.005562 0.020022 0.919169 0.018354 0.004264 0.012050 0.002410 0.005183 0.013981 0.005859 0.021203 0.914418 0.019554 0.004491 0.012804 0.002506 
0.000148 0.000297 0.000148 0.000000 0.998665 0.000297 0.000000 0.000297 0.000148 0.000154 0.000322 0.000150 0.000000 0.998601 0.000303 0.000000 0.000316 0.000155 0.006972 0.018098 0.006972 0.019433 0.897196 0.021362 0.005785 0.019878 0.004302 0.007359 0.018734 0.007331 0.020276 0.892162 0.022573 0.006093 0.020784 0.004688 
0.000000 0.000134 0.000000 0.000804 0.998392 0.000268 0.000134 0.000134 0.000134 0.000000 0.000167 0.000000 0.000809 0.998257 0.000284 0.000134 0.000150 0.000199 0.005492 0.018888 0.005090 0.018486 0.911052 0.016477 0.006698 0.013530 0.004287 0.005781 0.019821 0.005400 0.019342 0.906462 0.017313 0.007046 0.014294 0.004542 
0.000000 0.000728 0.000146 0.000582 0.997670 0.000437 0.000146 0.000291 0.000000 0.000000 0.000781 0.000154 0.000591 0.997545 0.000463 0.000155 0.000311 0.000000 0.000582 0.016016 0.002766 0.009173 0.944671 0.009901 0.003640 0.011503 0.001747 0.000619 0.017115 0.002934 0.009824 0.941058 0.010498 0.003924 0.012151 0.001877 
0.000000 0.000138 0.000138 0.000688 0.998210 0.000413 0.000000 0.000138 0.000275 0.000000 0.000151 0.000141 0.000695 0.998129 0.000422 0.000000 0.000146 0.000316 0.008536 0.019964 0.009776 0.027399 0.867823 0.027261 0.010464 0.021203 0.007573 0.008819 0.020844 0.010320 0.028364 0.862029 0.028394 0.011040 0.022147 0.008043 
0.000131 0.001697 0.000000 0.000261 0.996866 0.000392 0.000261 0.000392 0.000000 0.000141 0.001759 0.000000 0.000262 0.996746 0.000408 0.000270 0.000414 0.000000 0.008095 0.023241 0.007312 0.026113 0.874788 0.022980 0.009662 0.022066 0.005745 0.008506 0.024196 0.007609 0.026998 0.869309 0.024125 0.010041 0.023153 0.006062 
0.000136 0.000409 0.000136 0.000136 0.998635 0.000136 0.000000 0.000409 0.000000 0.000146 0.000417 0.000137 0.000155 0.998529 0.000141 0.000000 0.000476 0.000000 0.004094 0.013373 0.003957 0.017194 0.920852 0.019514 0.003275 0.013373 0.004367 0.004432 0.013984 0.004241 0.018140 0.916433 0.020528 0.003481 0.014168 0.004594 
0.000000 0.000118 0.000000 0.000588 0.998825 0.000118 0.000000 0.000353 0.000000 0.000000 0.000124 0.000000 0.000611 0.998663 0.000129 0.000000 0.000472 0.000000 0.007403 0.017156 0.006228 0.018214 0.903878 0.019271 0.006110 0.016216 0.005523 0.007781 0.017981 0.006545 0.019084 0.898979 0.020170 0.006418 0.017238 0.005803 
0.000000 0.000106 0.000000 0.000319 0.999257 0.000106 0.000106 0.000106 0.000000 0.000000 0.000110 0.000000 0.000432 0.999134 0.000109 0.000109 0.000107 0.000000 0.006372 0.021028 0.006372 0.019223 0.901869 0.014975 0.005735 0.016461 0.007965 0.006615 0.021703 0.006643 0.020257 0.897288 0.015682 0.006059 0.017366 0.008387 
0.000183 0.000275 0.000000 0.000733 0.997984 0.000458 0.000092 0.000275 0.000000 0.000184 0.000278 0.000000 0.000741 0.997851 0.000551 0.000092 0.000303 0.000000 0.007147 0.018968 0.005773 0.020801 0.898103 0.018968 0.006414 0.017410 0.006414 0.007512 0.019621 0.006141 0.021676 0.893311 0.019923 0.006745 0.018306 0.006765 
0.000000 0.000590 0.000000 0.001179 0.997444 0.000491 0.000098 0.000197 0.000000 0.000000 0.000619 0.000000 0.001310 0.997255 0.000511 0.000101 0.000203 0.000000 0.004423 0.020346 0.006094 0.019658 0.898467 0.018577 0.008158 0.020248 0.004030 0.004654 0.021336 0.006413 0.020717 0.893635 0.019398 0.008525 0.021049 0.004274 
0.000220 0.000770 0.000110 0.001100 0.997140 0.000330 0.000000 0.000220 0.000110 0.000227 0.000791 0.000112 0.001118 0.997076 0.000339 0.000000 0.000226 0.000110 0.010120 0.026730 0.006820 0.022770 0.879551 0.018590 0.008910 0.018370 0.008140 0.010538 0.027941 0.007347 0.023908 0.873737 0.019413 0.009469 0.019048 0.008598 
0.000228 0.000798 0.000114 0.000798 0.996350 0.000684 0.000000 0.001027 0.000000 0.000285 0.000818 0.000125 0.000808 0.996198 0.000708 0.000000 0.001057 0.000000 0.008441 0.021672 0.007072 0.021216 0.880803 0.019733 0.009011 0.021330 0.010722 0.008893 0.022639 0.007506 0.022228 0.875102 0.020682 0.009523 0.022262 0.011166 
0.000203 0.000304 0.000101 0.000710 0.997770 0.000203 0.000000 0.000710 0.000000 0.000205 0.000407 0.000102 0.000713 0.997636 0.000206 0.000000 0.000731 0.000000 0.012064 0.024838 0.008820 0.027068 0.846817 0.032644 0.010036 0.028386 0.009327 0.012505 0.025630 0.009191 0.028104 0.841004 0.034048 0.010468 0.029423 0.009628 
0.000094 0.000471 0.000000 0.000283 0.998116 0.000377 0.000000 0.000659 0.000000 0.000095 0.000471 0.000000 0.000377 0.997993 0.000390 0.000000 0.000674 0.000000 0.007723 0.021475 0.011114 0.023453 0.861637 0.028162 0.010267 0.024018 0.012150 0.008028 0.022157 0.011585 0.024368 0.856236 0.029312 0.010759 0.024853 0.012701 
0.000098 0.000295 0.000098 0.000492 0.997440 0.001280 0.000000 0.000295 0.000000 0.000114 0.000297 0.000107 0.000602 0.997198 0.001368 0.000000 0.000315 0.000000 0.008467 0.021168 0.006892 0.016934 0.896426 0.016442 0.007876 0.019789 0.006006 0.008931 0.021921 0.007255 0.017837 0.891407 0.017168 0.008290 0.020797 0.006394 
0.000000 0.000108 0.000000 0.000430 0.998709 0.000108 0.000108 0.000538 0.000000 0.000000 0.000134 0.000000 0.000432 0.998621 0.000111 0.000124 0.000577 0.000000 0.004519 0.014418 0.003551 0.016355 0.919841 0.012481 0.005380 0.020013 0.003443 0.004853 0.015086 0.003803 0.017031 0.915462 0.013261 0.005810 0.021008 0.003686 
0.000215 0.000107 0.000107 0.000215 0.998926 0.000215 0.000000 0.000215 0.000000 0.000230 0.000209 0.000114 0.000220 0.998744 0.000222 0.000000 0.000261 0.000000 0.005477 0.018902 0.006551 0.021695 0.896789 0.019654 0.005907 0.019654 0.005370 0.005894 0.019857 0.006883 0.022769 0.891492 0.020717 0.006258 0.020467 0.005662 
0.000000 0.000223 0.000000 0.000223 0.999332 0.000111 0.000000 0.000111 0.000000 0.000000 0.000223 0.000000 0.000225 0.999311 0.000123 0.000000 0.000118 0.000000 0.006014 0.017374 0.003453 0.015258 0.916360 0.014255 0.005903 0.015592 0.005791 0.006211 0.018055 0.003689 0.015896 0.912516 0.014823 0.006259 0.016423 0.006127 
0.000282 0.000094 0.000094 0.000563 0.998497 0.000376 0.000000 0.000000 0.000094 0.000288 0.000094 0.000096 0.000577 0.998450 0.000394 0.000000 0.000000 0.000102 0.011458 0.026578 0.010049 0.025263 0.864951 0.021694 0.008734 0.021319 0.009955 0.012042 0.027493 0.010517 0.026267 0.859447 0.022640 0.009139 0.022014 0.010441 
0.000000 0.000257 0.000000 0.000428 0.998974 0.000171 0.000086 0.000000 0.000086 0.000000 0.000257 0.000000 0.000429 0.998958 0.000175 0.000092 0.000000 0.000088 0.007184 0.020611 0.006072 0.017788 0.895322 0.019157 0.006756 0.020269 0.006842 0.007563 0.021414 0.006355 0.018549 0.890862 0.019907 0.007113 0.021092 0.007145 
0.000000 0.000457 0.000091 0.000366 0.998355 0.000091 0.000366 0.000274 0.000000 0.000000 0.000491 0.000092 0.000383 0.998289 0.000094 0.000372 0.000280 0.000000 0.005666 0.022572 0.005300 0.018916 0.904140 0.013159 0.006031 0.020561 0.003655 0.006089 0.023779 0.005590 0.019760 0.899027 0.013887 0.006437 0.021507 0.003925 
0.000100 0.000100 0.000100 0.000100 0.998995 0.000402 0.000000 0.000201 0.000000 0.000101 0.000103 0.000108 0.000100 0.998940 0.000418 0.000000 0.000230 0.000000 0.006128 0.025015 0.007233 0.017983 0.896926 0.018184 0.005124 0.017983 0.005425 0.006498 0.026052 0.007807 0.018754 0.892230 0.019103 0.005307 0.018543 0.005707 
0.000000 0.000570 0.000190 0.000665 0.997816 0.000570 0.000095 0.000095 0.000000 0.000000 0.000572 0.000203 0.000667 0.997739 0.000620 0.000095 0.000103 0.000000 0.011872 0.019660 0.009593 0.026403 0.871878 0.024789 0.008643 0.019280 0.007883 0.012568 0.020362 0.010063 0.027501 0.866116 0.026054 0.009067 0.020013 0.008256 
0.000000 0.000291 0.000000 0.000872 0.997965 0.000484 0.000000 0.000291 0.000097 0.000000 0.000384 0.000000 0.000898 0.997805 0.000509 0.000000 0.000307 0.000098 0.009108 0.024998 0.010658 0.023157 0.874140 0.020444 0.007945 0.021994 0.007557 0.009599 0.026120 0.011231 0.024095 0.868519 0.021256 0.008393 0.022930 0.007856 
0.000000 0.000396 0.000000 0.000594 0.998118 0.000297 0.000297 0.000297 0.000000 0.000000 0.000412 0.000000 0.000598 0.998070 0.000306 0.000302 0.000313 0.000000 0.008419 0.021197 0.005745 0.029814 0.865689 0.020503 0.012282 0.026050 0.010301 0.008802 0.021961 0.006051 0.031055 0.859850 0.021350 0.012929 0.027096 0.010906 
0.000096 0.000574 0.000096 0.000287 0.998373 0.000191 0.000096 0.000287 0.000000 0.000097 0.000601 0.000104 0.000292 0.998296 0.000220 0.000097 0.000293 0.000000 0.005072 0.016939 0.006221 0.017609 0.901522 0.016557 0.009283 0.020576 0.006221 0.005282 0.017539 0.006601 0.018428 0.896986 0.017306 0.009825 0.021429 0.006603 
0.000114 0.000341 0.000000 0.000114 0.998862 0.000000 0.000000 0.000341 0.000228 0.000120 0.000344 0.000000 0.000116 0.998720 0.000000 0.000000 0.000461 0.000239 0.004552 0.015477 0.002959 0.013543 0.924320 0.014453 0.004438 0.014226 0.006032 0.004776 0.016014 0.003181 0.014182 0.920311 0.015435 0.004739 0.015009 0.006353 
0.000000 0.000124 0.000000 0.000247 0.999259 0.000124 0.000000 0.000247 0.000000 0.000000 0.000124 0.000000 0.000248 0.999226 0.000124 0.000000 0.000278 0.000000 0.006301 0.020262 0.005560 0.018409 0.902150 0.017667 0.005807 0.019026 0.004818 0.006611 0.020980 0.005834 0.019249 0.897585 0.018425 0.006166 0.020091 0.005057 
0.000000 0.000751 0.000000 0.000150 0.998798 0.000301 0.000000 0.000000 0.000000 0.000000 0.000791 0.000000 0.000153 0.998732 0.000324 0.000000 0.000000 0.000000 0.005711 0.018034 0.005561 0.015630 0.907725 0.018335 0.007514 0.016231 0.005260 0.005956 0.018783 0.005853 0.016433 0.903414 0.019263 0.007872 0.016908 0.005516 
0.000000 0.000577 0.000000 0.000433 0.997835 0.000433 0.000000 0.000577 0.000144 0.000000 0.000601 0.000000 0.000436 0.997689 0.000449 0.000000 0.000663 0.000162 0.007651 0.021654 0.006496 0.019056 0.900534 0.017468 0.005053 0.016457 0.005630 0.008123 0.022802 0.006933 0.019875 0.895395 0.018256 0.005367 0.017361 0.005889 
0.000000 0.000463 0.000000 0.000772 0.998302 0.000000 0.000154 0.000309 0.000000 0.000000 0.000463 0.000000 0.000781 0.998280 0.000000 0.000161 0.000314 0.000000 0.006484 0.018681 0.004786 0.020843 0.907828 0.015594 0.005404 0.015439 0.004941 0.006850 0.019245 0.005128 0.021750 0.903725 0.016443 0.005658 0.015998 0.005202 
0.000000 0.000881 0.000000 0.000587 0.997798 0.000147 0.000000 0.000440 0.000147 0.000000 0.000919 0.000000 0.000587 0.997722 0.000150 0.000000 0.000474 0.000148 0.005871 0.015558 0.003669 0.014825 0.926758 0.010715 0.004550 0.014825 0.003229 0.006252 0.016270 0.003917 0.015559 0.922586 0.011638 0.004960 0.015420 0.003399 
0.000000 0.000361 0.000120 0.000481 0.998315 0.000602 0.000000 0.000000 0.000120 0.000000 0.000368 0.000131 0.000487 0.998137 0.000755 0.000000 0.000000 0.000123 0.003971 0.016845 0.003730 0.012393 0.930935 0.011551 0.003850 0.012995 0.003730 0.004256 0.017505 0.003990 0.013104 0.926939 0.012460 0.004184 0.013539 0.004023 
0.000117 0.000233 0.000000 0.000700 0.998366 0.000000 0.000000 0.000467 0.000117 0.000117 0.000233 0.000000 0.000702 0.998355 0.000000 0.000000 0.000476 0.000117 0.006651 0.020070 0.007235 0.021354 0.882847 0.025554 0.006768 0.020887 0.008635 0.006956 0.020856 0.007667 0.022173 0.877852 0.026588 0.007061 0.021725 0.009124 
0.000000 0.000585 0.000351 0.000936 0.997191 0.000585 0.000000 0.000234 0.000117 0.000000 0.000588 0.000362 0.000939 0.997148 0.000597 0.000000 0.000238 0.000128 0.011236 0.025749 0.009363 0.026100 0.853933 0.025866 0.010417 0.027739 0.009597 0.011639 0.026603 0.009825 0.026914 0.848405 0.026886 0.010915 0.028737 0.010077 
0.000273 0.001091 0.000000 0.000409 0.996865 0.000954 0.000000 0.000273 0.000136 0.000277 0.001095 0.000000 0.000412 0.996520 0.001234 0.000000 0.000321 0.000141 0.009678 0.021947 0.006679 0.018675 0.887541 0.016085 0.006952 0.024264 0.008179 0.010112 0.023006 0.006980 0.019444 0.882100 0.016974 0.007281 0.025527 0.008577 
0.000000 0.000431 0.000144 0.000287 0.998708 0.000431 0.000000 0.000000 0.000000 0.000000 0.000449 0.000152 0.000287 0.998672 0.000440 0.000000 0.000000 0.000000 0.003303 0.016513 0.001723 0.013211 0.936387 0.011057 0.002872 0.011631 0.003303 0.003545 0.017489 0.001890 0.013895 0.932625 0.011739 0.003010 0.012240 0.003567 
0.000128 0.000000 0.000000 0.000514 0.998973 0.000257 0.000000 0.000128 0.000000 0.000135 0.000000 0.000000 0.000548 0.998926 0.000260 0.000000 0.000131 0.000000 0.004237 0.013994 0.004237 0.013352 0.922070 0.014893 0.003723 0.017974 0.005521 0.004518 0.014648 0.004490 0.013956 0.918002 0.015714 0.003911 0.018831 0.005931 
0.000000 0.000242 0.000000 0.000362 0.998913 0.000121 0.000000 0.000362 0.000000 0.000000 0.000250 0.000000 0.000480 0.998748 0.000136 0.000000 0.000386 0.000000 0.007127 0.022107 0.003745 0.018483 0.899009 0.017154 0.004832 0.021744 0.005799 0.007499 0.023164 0.004065 0.019452 0.893813 0.017924 0.005145 0.022766 0.006171 
0.000000 0.000000 0.000000 0.000489 0.998899 0.000489 0.000000 0.000122 0.000000 0.000000 0.000000 0.000000 0.000495 0.998876 0.000503 0.000000 0.000126 0.000000 0.005262 0.019457 0.004772 0.017254 0.902594 0.017499 0.006730 0.019946 0.006486 0.005546 0.020277 0.005056 0.018036 0.897580 0.018385 0.007210 0.021044 0.006864 
0.000000 0.000490 0.000000 0.000613 0.997427 0.000858 0.000000 0.000490 0.000123 0.000000 0.000497 0.000000 0.000733 0.997071 0.000939 0.000000 0.000624 0.000136 0.006739 0.017767 0.005269 0.017400 0.905649 0.017400 0.005882 0.016910 0.006984 0.007072 0.018491 0.005651 0.018187 0.900626 0.018514 0.006320 0.017812 0.007328 
0.000265 0.000663 0.000133 0.000133 0.998143 0.000530 0.000133 0.000000 0.000000 0.000277 0.000675 0.000135 0.000135 0.998098 0.000543 0.000138 0.000000 0.000000 0.007293 0.017504 0.005570 0.017637 0.913805 0.012200 0.005172 0.016841 0.003978 0.007917 0.018106 0.005868 0.018622 0.909569 0.012724 0.005488 0.017510 0.004195 
0.000137 0.000274 0.000137 0.000549 0.997531 0.001234 0.000000 0.000137 0.000000 0.000139 0.000274 0.000138 0.000685 0.997341 0.001281 0.000000 0.000141 0.000000 0.003155 0.013441 0.002743 0.013167 0.938554 0.014264 0.002194 0.009738 0.002743 0.003474 0.014154 0.002903 0.013953 0.935298 0.014906 0.002320 0.010076 0.002915 
0.000168 0.000503 0.000335 0.000503 0.996982 0.001006 0.000000 0.000503 0.000000 0.000177 0.000510 0.000373 0.000674 0.996635 0.001082 0.000000 0.000551 0.000000 0.002012 0.009725 0.002683 0.012408 0.946009 0.012240 0.003186 0.009390 0.002347 0.002145 0.010128 0.002900 0.013348 0.942544 0.013068 0.003367 0.010000 0.002500 
0.000000 0.000203 0.000000 0.000609 0.997970 0.000609 0.000609 0.000000 0.000000 0.000000 0.000231 0.000000 0.000682 0.997763 0.000651 0.000673 0.000000 0.000000 0.002233 0.008727 0.002233 0.008524 0.956769 0.008321 0.003856 0.007307 0.002030 0.002481 0.009032 0.002416 0.009147 0.953803 0.008990 0.004362 0.007604 0.002166 
0.000000 0.000201 0.000000 0.001003 0.996992 0.000201 0.001404 0.000201 0.000000 0.000000 0.000207 0.000000 0.001112 0.996652 0.000223 0.001601 0.000205 0.000000 0.002406 0.007219 0.003409 0.009425 0.954281 0.007018 0.007018 0.006016 0.003208 0.002517 0.007692 0.003618 0.010011 0.951093 0.007547 0.007959 0.006258 0.003305 
0.000202 0.000807 0.000000 0.000202 0.998183 0.000000 0.000000 0.000404 0.000202 0.000214 0.000811 0.000000 0.000202 0.998156 0.000000 0.000000 0.000406 0.000211 0.005450 0.010900 0.005450 0.011910 0.934800 0.010295 0.007671 0.008882 0.004643 0.005794 0.011472 0.005753 0.012503 0.931560 0.010676 0.008024 0.009315 0.004903 
0.000000 0.000706 0.000000 0.000471 0.998353 0.000235 0.000000 0.000235 0.000000 0.000000 0.000823 0.000000 0.000494 0.998159 0.000284 0.000000 0.000240 0.000000 0.001882 0.008235 0.003294 0.013176 0.946118 0.014588 0.003059 0.006118 0.003529 0.002033 0.008921 0.003468 0.014005 0.942105 0.015999 0.003248 0.006461 0.003759 
0.000000 0.000000 0.000375 0.000375 0.998500 0.000375 0.000375 0.000000 0.000000 0.000000 0.000000 0.000436 0.000396 0.998378 0.000383 0.000408 0.000000 0.000000 0.007123 0.016682 0.006373 0.017432 0.907779 0.016682 0.008435 0.012746 0.006748 0.007514 0.017202 0.006723 0.018226 0.903340 0.017437 0.008951 0.013363 0.007244 
0.000000 0.000000 0.000000 0.000000 0.997696 0.002304 0.000000 0.000000 0.000000 0.000000 0.000000 0.000000 0.000000 0.997660 0.002340 0.000000 0.000000 0.000000 0.004608 0.013825 0.002304 0.020737 0.905530 0.027650 0.004608 0.013825 0.006912 0.004808 0.014134 0.002554 0.021678 0.900069 0.030048 0.005114 0.014352 0.007243 
