0.000216 0.004531 0.000485 0.003182 0.987270 0.002265 0.000270 0.001564 0.000216 0.000221 0.004838 0.000517 0.003307 0.986592 0.002352 0.000274 0.001649 0.000249 0.008145 0.027294 0.005987 0.015858 0.897837 0.012730 0.006203 0.019419 0.006527 0.008495 0.028610 0.006310 0.016449 0.892751 0.013492 0.006479 0.020588 0.006826 
0.000222 0.004785 0.000133 0.003633 0.985822 0.002703 0.000089 0.002481 0.000133 0.000224 0.004951 0.000144 0.003735 0.985252 0.002785 0.000092 0.002680 0.000136 0.007133 0.025521 0.006868 0.016526 0.900133 0.012051 0.006336 0.019451 0.005981 0.007437 0.026699 0.007267 0.017398 0.895101 0.012703 0.006609 0.020516 0.006269 
0.000622 0.003211 0.000259 0.003574 0.988865 0.002123 0.000207 0.001036 0.000104 0.000630 0.003341 0.000292 0.003736 0.988350 0.002223 0.000226 0.001083 0.000120 0.007872 0.021753 0.006008 0.017609 0.906256 0.011342 0.006681 0.016832 0.005645 0.008149 0.022776 0.006351 0.018355 0.901772 0.011935 0.007046 0.017751 0.005864 
0.000452 0.004624 0.000151 0.003920 0.986781 0.002563 0.000151 0.001206 0.000151 0.000464 0.004928 0.000164 0.004109 0.985972 0.002713 0.000164 0.001332 0.000155 0.007589 0.025281 0.005780 0.017390 0.902996 0.013420 0.006283 0.017189 0.004071 0.007951 0.026475 0.006077 0.018177 0.898094 0.014174 0.006618 0.018182 0.004252 
0.000832 0.004731 0.000052 0.004367 0.985288 0.002807 0.000260 0.001664 0.000000 0.000861 0.004921 0.000052 0.004522 0.984612 0.002963 0.000267 0.001801 0.000000 0.006810 0.024225 0.004835 0.015648 0.908765 0.012269 0.005666 0.016480 0.005303 0.007096 0.025256 0.005119 0.016313 0.904313 0.012912 0.005961 0.017483 0.005548 
0.000702 0.004665 0.000100 0.003812 0.986307 0.002107 0.000150 0.002107 0.000050 0.000718 0.004794 0.000102 0.004035 0.985641 0.002286 0.000151 0.002219 0.000054 0.005768 0.019712 0.004464 0.014847 0.922606 0.009380 0.004414 0.014897 0.003912 0.006073 0.020679 0.004683 0.015650 0.918273 0.010004 0.004659 0.015855 0.004125 
0.000384 0.005757 0.000192 0.004078 0.984888 0.002207 0.000240 0.002207 0.000048 0.000391 0.005914 0.000199 0.004205 0.984366 0.002323 0.000250 0.002302 0.000051 0.005421 0.022835 0.004893 0.013480 0.919981 0.009691 0.004509 0.015064 0.004126 0.005670 0.023918 0.005178 0.013922 0.915692 0.010265 0.004768 0.016248 0.004340 
0.000553 0.004774 0.000452 0.003769 0.985176 0.003568 0.000151 0.001457 0.000101 0.000578 0.004931 0.000477 0.003934 0.984547 0.003768 0.000153 0.001506 0.000106 0.005628 0.025226 0.004824 0.014824 0.914422 0.011759 0.004372 0.014523 0.004422 0.005859 0.026458 0.005126 0.015593 0.909990 0.012398 0.004576 0.015403 0.004596 
0.000054 0.004234 0.000163 0.003365 0.987298 0.002985 0.000000 0.001683 0.000217 0.000054 0.004332 0.000173 0.003503 0.986807 0.003142 0.000000 0.001753 0.000236 0.005591 0.019378 0.003800 0.013733 0.923574 0.009173 0.004180 0.015958 0.004614 0.005835 0.020345 0.004025 0.014297 0.919461 0.009723 0.004413 0.017052 0.004849 
0.000592 0.003551 0.000059 0.003078 0.988872 0.002072 0.000118 0.001598 0.000059 0.000605 0.003684 0.000061 0.003196 0.988377 0.002210 0.000127 0.001667 0.000072 0.007280 0.020420 0.004380 0.015271 0.916898 0.010891 0.004439 0.016514 0.003906 0.007554 0.021623 0.004569 0.016088 0.912256 0.011650 0.004704 0.017388 0.004168 
0.000483 0.003914 0.000000 0.003325 0.988847 0.001930 0.000322 0.001126 0.000054 0.000484 0.004058 0.000000 0.003500 0.988302 0.002055 0.000366 0.001177 0.000056 0.007185 0.021717 0.004987 0.016033 0.911631 0.010403 0.005738 0.017695 0.004612 0.007415 0.022818 0.005265 0.016937 0.906754 0.011119 0.006129 0.018717 0.004846 
0.000649 0.003137 0.000108 0.003570 0.988803 0.002326 0.000000 0.001352 0.000054 0.000685 0.003302 0.000113 0.003706 0.988200 0.002525 0.000000 0.001414 0.000055 0.006924 0.020447 0.004057 0.014172 0.918646 0.011251 0.004273 0.015795 0.004436 0.007233 0.021382 0.004254 0.014867 0.914317 0.012014 0.004538 0.016766 0.004630 
0.000431 0.002912 0.000054 0.003882 0.988246 0.003127 0.000324 0.000971 0.000054 0.000450 0.003023 0.000057 0.004074 0.987640 0.003287 0.000360 0.001038 0.000070 0.006578 0.021567 0.003828 0.014072 0.917129 0.011592 0.005877 0.015366 0.003990 0.006893 0.022607 0.004122 0.014778 0.912751 0.012241 0.006188 0.016275 0.004146 
0.000272 0.002580 0.000136 0.002716 0.990699 0.002037 0.000068 0.001290 0.000204 0.000280 0.002760 0.000136 0.002847 0.990074 0.002168 0.000069 0.001453 0.000213 0.008622 0.022267 0.005431 0.015139 0.911270 0.010591 0.006314 0.015750 0.004616 0.008946 0.023326 0.005760 0.015723 0.906944 0.011134 0.006668 0.016733 0.004766 
0.000886 0.004706 0.000221 0.004872 0.985217 0.002325 0.000277 0.001384 0.000111 0.000909 0.004894 0.000224 0.005129 0.984399 0.002468 0.000302 0.001547 0.000128 0.007530 0.024805 0.005426 0.015614 0.911522 0.010022 0.005426 0.014340 0.005315 0.007862 0.026125 0.005770 0.016350 0.906657 0.010539 0.005672 0.015454 0.005570 
0.000648 0.004479 0.000216 0.004803 0.984621 0.003184 0.000324 0.001565 0.000162 0.000654 0.004558 0.000221 0.005056 0.983911 0.003427 0.000336 0.001654 0.000183 0.005720 0.025685 0.004479 0.016998 0.910047 0.011116 0.004910 0.016296 0.004749 0.006015 0.026980 0.004647 0.017844 0.905221 0.011837 0.005154 0.017309 0.004993 
0.000218 0.003378 0.000272 0.004249 0.986653 0.002942 0.000163 0.001907 0.000218 0.000288 0.003489 0.000291 0.004388 0.985787 0.003301 0.000178 0.002033 0.000245 0.002887 0.020211 0.003813 0.013674 0.926455 0.010078 0.003541 0.016452 0.002887 0.003122 0.021371 0.004063 0.014281 0.921742 0.010978 0.003717 0.017545 0.003181 
0.000317 0.004759 0.000211 0.003595 0.986464 0.001903 0.000370 0.002168 0.000211 0.000327 0.004957 0.000217 0.003780 0.985775 0.002063 0.000393 0.002258 0.000230 0.003120 0.021520 0.002802 0.012954 0.933802 0.007032 0.002749 0.014276 0.001745 0.003381 0.022930 0.003023 0.013788 0.929256 0.007586 0.002894 0.015249 0.001892 
0.000373 0.006650 0.000062 0.004040 0.986078 0.001429 0.000186 0.000994 0.000186 0.000386 0.006828 0.000063 0.004238 0.985369 0.001589 0.000197 0.001119 0.000211 0.003418 0.021069 0.002424 0.012057 0.936979 0.006091 0.002424 0.013424 0.002113 0.003633 0.022059 0.002594 0.012810 0.932865 0.006554 0.002563 0.014572 0.002350 
0.000844 0.006386 0.000158 0.005647 0.982002 0.002956 0.000106 0.001689 0.000211 0.000864 0.006577 0.000160 0.005771 0.981426 0.003098 0.000110 0.001770 0.000224 0.005595 0.021692 0.003958 0.018948 0.914446 0.010292 0.003800 0.017786 0.003483 0.005789 0.022760 0.004102 0.019608 0.910337 0.010795 0.003972 0.018956 0.003682 
0.000272 0.005760 0.000272 0.005760 0.981200 0.003532 0.000380 0.002445 0.000380 0.000279 0.005949 0.000282 0.005888 0.980517 0.003735 0.000394 0.002555 0.000401 0.004782 0.020267 0.003804 0.017877 0.918768 0.010922 0.003097 0.016301 0.004184 0.005061 0.021071 0.004001 0.018563 0.914628 0.011596 0.003233 0.017360 0.004487 
0.000295 0.006423 0.000236 0.006953 0.980436 0.003300 0.000118 0.002062 0.000177 0.000309 0.006600 0.000244 0.007317 0.979601 0.003454 0.000119 0.002161 0.000196 0.005952 0.022157 0.004891 0.018268 0.913907 0.009900 0.004773 0.016205 0.003948 0.006273 0.023065 0.005164 0.019150 0.909573 0.010475 0.005025 0.017092 0.004183 
0.000160 0.006301 0.000399 0.004706 0.984366 0.002074 0.000000 0.001914 0.000080 0.000185 0.006402 0.000417 0.004895 0.983723 0.002272 0.000000 0.002008 0.000098 0.004626 0.021696 0.005105 0.013560 0.924304 0.009970 0.003350 0.013400 0.003988 0.004853 0.022567 0.005352 0.014245 0.920558 0.010573 0.003538 0.014153 0.004160 
