0.000000 0.000000 0.000000 0.008511 0.991489 0.000000 0.000000 0.000000 0.000000 0.000000 0.000000 0.000000 0.008595 0.991405 0.000000 0.000000 0.000000 0.000000 0.000000 0.021277 0.004255 0.012766 0.927660 0.008511 0.004255 0.017021 0.004255 0.000000 0.022108 0.004470 0.013289 0.923992 0.009556 0.004270 0.017919 0.004395 
0.000000 0.000000 0.000000 0.000000 0.996258 0.001871 0.000000 0.001871 0.000000 0.000000 0.000000 0.000000 0.000000 0.996133 0.001928 0.000000 0.001939 0.000000 0.000935 0.004677 0.000935 0.013096 0.949486 0.015903 0.003742 0.007484 0.003742 0.001224 0.004729 0.000978 0.014288 0.945082 0.017585 0.004046 0.008064 0.004005 
0.000959 0.000000 0.000000 0.000959 0.996165 0.000959 0.000000 0.000959 0.000000 0.000967 0.000000 0.000000 0.000989 0.996110 0.000968 0.000000 0.000966 0.000000 0.009588 0.010547 0.001918 0.010547 0.944391 0.010547 0.002876 0.009588 0.000000 0.010723 0.011390 0.002095 0.011080 0.939623 0.011398 0.003149 0.010541 0.000000 
0.000951 0.001901 0.000000 0.001901 0.985741 0.002852 0.001901 0.003802 0.000951 0.000957 0.001966 0.000000 0.002002 0.985017 0.002971 0.002066 0.003939 0.001083 0.004753 0.021863 0.007605 0.017110 0.916350 0.010456 0.004753 0.015209 0.001901 0.004927 0.023865 0.008268 0.017998 0.908983 0.011700 0.005706 0.016227 0.002327 
0.000000 0.000000 0.000000 0.000000 1.000000 0.000000 0.000000 0.000000 0.000000 0.000000 0.000000 0.000000 0.000000 1.000000 0.000000 0.000000 0.000000 0.000000 0.003295 0.014827 0.001647 0.006590 0.943987 0.008237 0.001647 0.014827 0.004942 0.003314 0.015704 0.001694 0.006999 0.940893 0.008546 0.001661 0.015996 0.005194 
0.000896 0.001792 0.000000 0.000000 0.994624 0.001792 0.000000 0.000896 0.000000 0.000957 0.001965 0.000000 0.000000 0.994208 0.001950 0.000000 0.000921 0.000000 0.000896 0.020609 0.000896 0.014337 0.932796 0.011649 0.002688 0.013441 0.002688 0.001314 0.022432 0.000932 0.015789 0.926901 0.012375 0.002719 0.014625 0.002913 
0.000000 0.000000 0.000000 0.000957 0.996172 0.000957 0.000000 0.001914 0.000000 0.000000 0.000000 0.000000 0.001062 0.995923 0.000979 0.000000 0.002036 0.000000 0.002871 0.007656 0.003828 0.016268 0.933014 0.016268 0.004785 0.012440 0.002871 0.003073 0.008151 0.004062 0.018049 0.927727 0.017443 0.004923 0.013385 0.003187 
0.000000 0.000000 0.000000 0.000000 1.000000 0.000000 0.000000 0.000000 0.000000 0.000000 0.000000 0.000000 0.000000 1.000000 0.000000 0.000000 0.000000 0.000000 0.002773 0.009242 0.004621 0.011091 0.947320 0.007394 0.001848 0.012015 0.003697 0.003128 0.010280 0.004975 0.011797 0.942525 0.007767 0.001996 0.013441 0.004092 
0.000000 0.000000 0.000000 0.002404 0.996394 0.001202 0.000000 0.000000 0.000000 0.000000 0.000000 0.000000 0.002563 0.996123 0.001314 0.000000 0.000000 0.000000 0.001202 0.007212 0.000000 0.015625 0.950721 0.008413 0.001202 0.012019 0.003606 0.001220 0.007436 0.000000 0.016951 0.947383 0.008985 0.001279 0.012980 0.003766 
0.000000 0.001342 0.000000 0.000000 0.998658 0.000000 0.000000 0.000000 0.000000 0.000000 0.001509 0.000000 0.000000 0.998491 0.000000 0.000000 0.000000 0.000000 0.002685 0.004027 0.000000 0.014765 0.959732 0.008054 0.000000 0.005369 0.005369 0.003079 0.004687 0.000000 0.016206 0.955105 0.008835 0.000000 0.005989 0.006099 
0.001795 0.001795 0.001795 0.001795 0.983842 0.000000 0.000000 0.005386 0.003591 0.001797 0.001899 0.001881 0.002404 0.982298 0.000000 0.000000 0.005632 0.004089 0.005386 0.016158 0.003591 0.007181 0.928187 0.008977 0.001795 0.019749 0.008977 0.005797 0.017536 0.004321 0.008156 0.920477 0.009280 0.001870 0.021563 0.011000 
0.001079 0.001079 0.003236 0.001079 0.991370 0.000000 0.000000 0.002157 0.000000 0.001321 0.001103 0.003759 0.001135 0.990407 0.000000 0.000000 0.002275 0.000000 0.003236 0.021575 0.006472 0.017260 0.914779 0.009709 0.006472 0.015102 0.005394 0.003866 0.023231 0.007421 0.018803 0.908015 0.010189 0.006642 0.016228 0.005606 
0.000000 0.004848 0.002424 0.001212 0.979394 0.002424 0.001212 0.006061 0.002424 0.000000 0.005258 0.002605 0.001228 0.977151 0.002548 0.001416 0.006494 0.003301 0.004848 0.023030 0.006061 0.010909 0.907879 0.010909 0.010909 0.016970 0.008485 0.005135 0.025163 0.007048 0.011513 0.898058 0.012239 0.012632 0.018157 0.010056 
0.000000 0.000000 0.000000 0.002519 0.996222 0.000000 0.000000 0.001259 0.000000 0.000000 0.000000 0.000000 0.002526 0.996191 0.000000 0.000000 0.001283 0.000000 0.005038 0.017632 0.001259 0.008816 0.929471 0.017632 0.002519 0.012594 0.005038 0.005441 0.018714 0.001283 0.009442 0.924698 0.018455 0.002640 0.013531 0.005796 
0.000000 0.000000 0.000000 0.000000 0.997802 0.000000 0.000000 0.000000 0.002198 0.000000 0.000000 0.000000 0.000000 0.997740 0.000000 0.000000 0.000000 0.002260 0.000000 0.002198 0.000000 0.004396 0.978022 0.006593 0.004396 0.002198 0.002198 0.000000 0.002377 0.000000 0.005019 0.975492 0.007319 0.004589 0.002514 0.002689 
0.000000 0.000000 0.000000 0.001927 0.996146 0.001927 0.000000 0.000000 0.000000 0.000000 0.000000 0.000000 0.002125 0.995930 0.001945 0.000000 0.000000 0.000000 0.005780 0.001927 0.005780 0.009634 0.946050 0.005780 0.001927 0.019268 0.003854 0.006055 0.002004 0.006005 0.010806 0.942792 0.006024 0.002004 0.020404 0.003905 
0.000000 0.000000 0.000000 0.000000 0.993576 0.000000 0.000000 0.004283 0.002141 0.000000 0.000000 0.000000 0.000000 0.993254 0.000000 0.000000 0.004523 0.002223 0.000000 0.006424 0.000000 0.008565 0.955032 0.006424 0.000000 0.017131 0.006424 0.000000 0.007260 0.000000 0.009015 0.949881 0.006655 0.000000 0.019950 0.007239 
0.000000 0.002288 0.001144 0.000000 0.993135 0.001144 0.000000 0.002288 0.000000 0.000000 0.002340 0.001507 0.000000 0.992605 0.001169 0.000000 0.002379 0.000000 0.006865 0.011442 0.005721 0.014874 0.924485 0.014874 0.005721 0.012586 0.003432 0.007203 0.012505 0.006689 0.015429 0.919255 0.015657 0.005997 0.013756 0.003509 
0.000000 0.000000 0.000000 0.002278 0.996583 0.001139 0.000000 0.000000 0.000000 0.000000 0.000000 0.000000 0.002298 0.996521 0.001181 0.000000 0.000000 0.000000 0.003417 0.007973 0.005695 0.010251 0.944191 0.007973 0.002278 0.015945 0.002278 0.003636 0.008352 0.006164 0.011030 0.939703 0.008823 0.002622 0.017228 0.002442 
0.000000 0.000000 0.002747 0.000000 0.995879 0.000000 0.000000 0.001374 0.000000 0.000000 0.000000 0.002836 0.000000 0.995710 0.000000 0.000000 0.001454 0.000000 0.000000 0.004121 0.006868 0.005495 0.960165 0.009615 0.000000 0.005495 0.008242 0.000000 0.004393 0.007426 0.006117 0.957018 0.010169 0.000000 0.006143 0.008734 
0.001203 0.001203 0.000000 0.002407 0.995187 0.000000 0.000000 0.000000 0.000000 0.001387 0.001298 0.000000 0.002491 0.994825 0.000000 0.000000 0.000000 0.000000 0.003610 0.007220 0.001203 0.012034 0.951865 0.006017 0.003610 0.012034 0.002407 0.004446 0.007984 0.001257 0.012916 0.947794 0.006134 0.003809 0.012964 0.002697 
0.000000 0.003610 0.000000 0.000000 0.995187 0.001203 0.000000 0.000000 0.000000 0.000000 0.003753 0.000000 0.000000 0.994958 0.001289 0.000000 0.000000 0.000000 0.004813 0.024067 0.007220 0.018051 0.915764 0.012034 0.006017 0.010830 0.001203 0.005262 0.025322 0.007632 0.018454 0.910826 0.013029 0.007038 0.011217 0.001219 
0.000000 0.000000 0.000000 0.001795 0.996409 0.000000 0.000000 0.001795 0.000000 0.000000 0.000000 0.000000 0.001837 0.996297 0.000000 0.000000 0.001866 0.000000 0.001795 0.003591 0.001795 0.007181 0.965889 0.005386 0.001795 0.010772 0.001795 0.001821 0.003923 0.001798 0.008420 0.962149 0.005874 0.002071 0.011974 0.001971 
0.000000 0.002793 0.000000 0.000931 0.994413 0.001862 0.000000 0.000000 0.000000 0.000000 0.002860 0.000000 0.000995 0.994207 0.001938 0.000000 0.000000 0.000000 0.003724 0.013035 0.004655 0.014898 0.926443 0.025140 0.002793 0.007449 0.001862 0.004017 0.014736 0.005258 0.015776 0.920455 0.026590 0.003155 0.007824 0.002187 
0.001233 0.002466 0.000000 0.000000 0.992602 0.000000 0.000000 0.003699 0.000000 0.001464 0.002701 0.000000 0.000000 0.991875 0.000000 0.000000 0.003961 0.000000 0.008631 0.016030 0.003699 0.001233 0.938348 0.006165 0.002466 0.017263 0.006165 0.009605 0.017683 0.003883 0.001306 0.932754 0.006457 0.002593 0.018931 0.006788 
