0.001877 0.004991 0.000214 0.001901 0.982723 0.000832 0.000309 0.006108 0.001046 0.001974 0.005077 0.000227 0.001932 0.982140 0.000850 0.000356 0.006303 0.001140 0.020509 0.037002 0.003897 0.010742 0.865111 0.008199 0.004682 0.034602 0.015257 0.023449 0.040642 0.004293 0.011453 0.850605 0.008890 0.005167 0.037917 0.017584 
0.001826 0.004970 0.000127 0.001911 0.984347 0.000382 0.000127 0.005522 0.000786 0.001950 0.005077 0.000138 0.001947 0.983809 0.000401 0.000146 0.005680 0.000852 0.018350 0.038038 0.003526 0.012000 0.867134 0.008432 0.004120 0.034448 0.013953 0.020963 0.041878 0.003899 0.012857 0.852830 0.009158 0.004476 0.037820 0.016118 
0.002185 0.005009 0.000206 0.001876 0.983324 0.000680 0.000082 0.005545 0.001092 0.002321 0.005117 0.000214 0.001936 0.982717 0.000708 0.000086 0.005700 0.001202 0.019582 0.039783 0.003525 0.011811 0.863645 0.008925 0.003855 0.035125 0.013749 0.022458 0.043985 0.003804 0.012535 0.849131 0.009606 0.004152 0.038510 0.015819 
0.002004 0.005364 0.000236 0.001218 0.984084 0.000472 0.000118 0.005541 0.000963 0.002124 0.005478 0.000257 0.001242 0.983467 0.000496 0.000131 0.005753 0.001053 0.018529 0.041067 0.003164 0.010886 0.862257 0.008233 0.003615 0.039122 0.013126 0.021267 0.045402 0.003439 0.011608 0.847031 0.008943 0.003904 0.043225 0.015181 
0.001796 0.004753 0.000356 0.001553 0.985012 0.000374 0.000262 0.005015 0.000879 0.001918 0.004902 0.000371 0.001574 0.984423 0.000407 0.000281 0.005168 0.000956 0.016429 0.039408 0.002863 0.010123 0.866675 0.009263 0.004079 0.037799 0.013361 0.018660 0.043593 0.003090 0.010752 0.852422 0.010029 0.004429 0.041780 0.015244 
0.001675 0.004257 0.000227 0.001535 0.987140 0.000366 0.000105 0.003821 0.000872 0.001796 0.004390 0.000235 0.001565 0.986583 0.000417 0.000108 0.003968 0.000939 0.016123 0.042313 0.003193 0.010452 0.866867 0.007957 0.003996 0.037235 0.011865 0.018308 0.046855 0.003474 0.011084 0.852340 0.008675 0.004349 0.041283 0.013633 
0.001561 0.003541 0.000193 0.001529 0.988831 0.000435 0.000193 0.002929 0.000789 0.001693 0.003676 0.000207 0.001544 0.988238 0.000468 0.000211 0.003077 0.000886 0.013712 0.042505 0.003653 0.010719 0.867673 0.008449 0.004329 0.037902 0.011057 0.015658 0.046924 0.004036 0.011447 0.853169 0.009188 0.004830 0.042129 0.012618 
0.001033 0.003444 0.000270 0.002815 0.988950 0.000419 0.000299 0.002246 0.000524 0.001109 0.003588 0.000283 0.002870 0.988448 0.000434 0.000333 0.002362 0.000573 0.013191 0.042479 0.004687 0.010781 0.867457 0.007876 0.004986 0.039050 0.009493 0.015005 0.047060 0.005250 0.011413 0.853098 0.008456 0.005550 0.043405 0.010762 
0.001182 0.004023 0.000366 0.002673 0.988352 0.000436 0.000281 0.002096 0.000591 0.001270 0.004183 0.000386 0.002701 0.987811 0.000459 0.000306 0.002222 0.000662 0.012492 0.042372 0.005655 0.010987 0.868608 0.007625 0.006710 0.037125 0.008427 0.014103 0.046891 0.006312 0.011591 0.854573 0.008251 0.007471 0.041189 0.009616 
0.001210 0.003472 0.000452 0.002940 0.988760 0.000319 0.000479 0.001743 0.000625 0.001285 0.003608 0.000484 0.002976 0.988253 0.000330 0.000518 0.001853 0.000692 0.011320 0.041567 0.006877 0.010668 0.869445 0.006624 0.008034 0.037324 0.008141 0.012833 0.046015 0.007779 0.011285 0.855004 0.007128 0.009159 0.041424 0.009371 
0.001173 0.003391 0.000516 0.002695 0.989376 0.000425 0.000400 0.001650 0.000374 0.001238 0.003500 0.000549 0.002725 0.988954 0.000444 0.000429 0.001765 0.000395 0.010225 0.041143 0.007156 0.010392 0.869414 0.007311 0.008471 0.037611 0.008278 0.011553 0.045336 0.008104 0.010920 0.855568 0.007822 0.009531 0.041836 0.009331 
0.001136 0.003282 0.000417 0.002449 0.989421 0.000480 0.000757 0.001654 0.000404 0.001199 0.003416 0.000448 0.002480 0.988938 0.000493 0.000818 0.001772 0.000436 0.010339 0.039828 0.008344 0.009998 0.871680 0.006779 0.009544 0.036243 0.007246 0.011623 0.044034 0.009377 0.010496 0.857894 0.007310 0.010819 0.040228 0.008219 
0.001494 0.003372 0.000593 0.001655 0.989552 0.000222 0.000889 0.001877 0.000346 0.001576 0.003529 0.000641 0.001671 0.988988 0.000229 0.000982 0.002011 0.000373 0.009337 0.036210 0.007941 0.009263 0.881192 0.007225 0.008843 0.034049 0.005940 0.010578 0.040072 0.008976 0.009816 0.868220 0.007776 0.010021 0.037797 0.006745 
0.001350 0.003453 0.000766 0.002128 0.989141 0.000292 0.000839 0.001715 0.000316 0.001417 0.003640 0.000843 0.002152 0.988528 0.000307 0.000924 0.001846 0.000343 0.008159 0.036443 0.008244 0.010239 0.881490 0.007904 0.009120 0.033063 0.005338 0.009118 0.040446 0.009503 0.010965 0.867761 0.008617 0.010530 0.036979 0.006081 
0.001023 0.003689 0.001119 0.002178 0.987742 0.000321 0.001202 0.002261 0.000464 0.001097 0.003880 0.001211 0.002192 0.987070 0.000337 0.001309 0.002400 0.000503 0.008224 0.037750 0.008676 0.013222 0.872374 0.009271 0.010639 0.034691 0.005153 0.009224 0.041638 0.009932 0.014060 0.858511 0.010112 0.012174 0.038490 0.005860 
0.001355 0.004879 0.001663 0.001101 0.983589 0.000485 0.001729 0.004417 0.000782 0.001464 0.005185 0.001838 0.001149 0.982320 0.000516 0.001921 0.004746 0.000862 0.008382 0.041424 0.011455 0.012072 0.862047 0.010353 0.011961 0.036336 0.005970 0.009504 0.045775 0.013080 0.013078 0.846495 0.011257 0.013763 0.040287 0.006762 
0.001018 0.006315 0.001579 0.000758 0.981751 0.000675 0.002192 0.005121 0.000592 0.001113 0.006725 0.001733 0.000799 0.980294 0.000714 0.002439 0.005522 0.000661 0.006928 0.040352 0.010262 0.013087 0.863643 0.010948 0.011851 0.037808 0.005121 0.007805 0.044531 0.011615 0.014088 0.848818 0.011908 0.013559 0.041906 0.005770 
0.000658 0.004357 0.001595 0.002074 0.983219 0.002253 0.001486 0.003988 0.000369 0.000731 0.004693 0.001772 0.002229 0.981777 0.002423 0.001659 0.004310 0.000406 0.003171 0.031757 0.008196 0.021078 0.879863 0.019084 0.007229 0.027449 0.002174 0.003573 0.034824 0.009329 0.022924 0.867689 0.020873 0.008202 0.030148 0.002439 
0.000265 0.001984 0.000661 0.002249 0.991004 0.002249 0.000661 0.000926 0.000000 0.000290 0.002149 0.000728 0.002442 0.990279 0.002387 0.000731 0.000995 0.000000 0.003440 0.019447 0.003572 0.021961 0.893372 0.041540 0.002117 0.013229 0.001323 0.003753 0.021573 0.004192 0.024755 0.881394 0.045933 0.002413 0.014577 0.001411 
