0.000000 0.000000 0.000000 0.000000 1.000000 0.000000 0.000000 0.000000 0.000000 0.000000 0.000000 0.000000 0.000000 1.000000 0.000000 0.000000 0.000000 0.000000 0.000000 0.000000 0.000000 0.000000 1.000000 0.000000 0.000000 0.000000 0.000000 0.000000 0.000000 0.000000 0.000000 1.000000 0.000000 0.000000 0.000000 0.000000 
0.000000 0.000000 0.000000 0.000000 1.000000 0.000000 0.000000 0.000000 0.000000 0.000000 0.000000 0.000000 0.000000 1.000000 0.000000 0.000000 0.000000 0.000000 0.000000 0.000000 0.000000 0.000000 1.000000 0.000000 0.000000 0.000000 0.000000 0.000000 0.000000 0.000000 0.000000 1.000000 0.000000 0.000000 0.000000 0.000000 
0.000000 0.044444 0.000000 0.155556 0.777778 0.000000 0.022222 0.000000 0.000000 0.000000 0.044882 0.000000 0.155452 0.777259 0.000000 0.022407 0.000000 0.000000 0.000000 0.044444 0.000000 0.155556 0.777778 0.000000 0.022222 0.000000 0.000000 0.000000 0.044882 0.000000 0.155452 0.777259 0.000000 0.022407 0.000000 0.000000 
0.002463 0.009852 0.000000 0.041872 0.911330 0.009852 0.002463 0.022167 0.000000 0.003014 0.009837 0.000000 0.042018 0.909890 0.009940 0.002459 0.022843 0.000000 0.004926 0.012315 0.000000 0.056650 0.869458 0.019704 0.002463 0.032020 0.002463 0.005857 0.012278 0.000000 0.057009 0.866806 0.019869 0.002456 0.032951 0.002775 
0.000000 0.004253 0.000532 0.008506 0.980330 0.001063 0.000000 0.004785 0.000532 0.000000 0.004272 0.000545 0.008565 0.979958 0.001078 0.000000 0.005040 0.000543 0.004253 0.017544 0.006380 0.032430 0.892079 0.014886 0.007443 0.021797 0.003190 0.004529 0.017895 0.006641 0.034262 0.887348 0.015484 0.007892 0.022547 0.003402 
0.000291 0.000291 0.000000 0.001164 0.996798 0.000291 0.000291 0.000873 0.000000 0.000291 0.000291 0.000000 0.001164 0.996751 0.000294 0.000295 0.000914 0.000000 0.002911 0.010189 0.002038 0.016594 0.938865 0.014556 0.002620 0.009025 0.003202 0.003160 0.010866 0.002202 0.017337 0.935056 0.015283 0.002748 0.009772 0.003576 
0.000478 0.001434 0.000000 0.000478 0.997132 0.000478 0.000000 0.000000 0.000000 0.000517 0.001445 0.000000 0.000517 0.997029 0.000493 0.000000 0.000000 0.000000 0.004780 0.005258 0.001912 0.016252 0.946463 0.015296 0.002390 0.004780 0.002868 0.005051 0.005419 0.001989 0.017221 0.942785 0.016303 0.002542 0.005462 0.003228 
0.000688 0.002754 0.000688 0.000344 0.994836 0.000688 0.000000 0.000000 0.000000 0.000729 0.002796 0.000757 0.000344 0.994665 0.000709 0.000000 0.000000 0.000000 0.002065 0.012392 0.002065 0.019277 0.940792 0.012392 0.001721 0.007229 0.002065 0.002421 0.013045 0.002398 0.020638 0.936363 0.013143 0.001885 0.007815 0.002292 
0.000577 0.000577 0.000000 0.001154 0.997115 0.000577 0.000000 0.000000 0.000000 0.000597 0.000620 0.000000 0.001305 0.996884 0.000595 0.000000 0.000000 0.000000 0.002885 0.008656 0.002308 0.013849 0.950375 0.012118 0.002308 0.005193 0.002308 0.003475 0.008822 0.002563 0.015146 0.946547 0.012784 0.002459 0.005676 0.002529 
0.000000 0.001376 0.000459 0.000917 0.995415 0.001834 0.000000 0.000000 0.000000 0.000000 0.001392 0.000526 0.000944 0.995223 0.001915 0.000000 0.000000 0.000000 0.005044 0.002293 0.001376 0.014214 0.954149 0.014672 0.003210 0.002293 0.002751 0.005462 0.002311 0.001590 0.015004 0.951021 0.015683 0.003496 0.002359 0.003074 
0.000359 0.002153 0.000359 0.000718 0.996053 0.000000 0.000000 0.000359 0.000000 0.000373 0.002272 0.000379 0.000738 0.995842 0.000000 0.000000 0.000396 0.000000 0.011841 0.020811 0.005382 0.045928 0.850377 0.033369 0.007176 0.021887 0.003229 0.012601 0.021800 0.005764 0.047573 0.843611 0.034611 0.007603 0.023010 0.003426 
0.001814 0.011487 0.000605 0.013301 0.969166 0.003023 0.000000 0.000605 0.000000 0.001976 0.011587 0.000614 0.013450 0.968610 0.003148 0.000000 0.000616 0.000000 0.018138 0.046554 0.012092 0.067110 0.747884 0.041717 0.018138 0.036880 0.011487 0.018792 0.047604 0.012313 0.068403 0.740337 0.042908 0.018871 0.038769 0.012003 
0.000000 0.006098 0.000000 0.015679 0.970383 0.006098 0.000871 0.000871 0.000000 0.000000 0.006107 0.000000 0.015811 0.969270 0.006599 0.000915 0.001298 0.000000 0.007840 0.038328 0.015679 0.048780 0.804007 0.033972 0.007840 0.033101 0.010453 0.007978 0.039207 0.016419 0.050045 0.797274 0.035659 0.008010 0.034581 0.010827 
0.000305 0.002443 0.000000 0.002749 0.992975 0.000305 0.000305 0.000916 0.000000 0.000311 0.002443 0.000000 0.002822 0.992794 0.000312 0.000318 0.001000 0.000000 0.014356 0.026573 0.017104 0.037263 0.827123 0.029627 0.014356 0.021991 0.011607 0.015027 0.027230 0.018048 0.038311 0.820701 0.030631 0.014889 0.023102 0.012060 
0.000000 0.001283 0.000000 0.001283 0.994869 0.001283 0.000000 0.001283 0.000000 0.000000 0.001282 0.000000 0.001431 0.994504 0.001477 0.000000 0.001306 0.000000 0.002566 0.008339 0.000000 0.025016 0.940346 0.013470 0.001283 0.006414 0.002566 0.002700 0.008886 0.000000 0.027276 0.934725 0.015156 0.001359 0.006752 0.003145 
0.000000 0.003792 0.000000 0.000000 0.996208 0.000000 0.000000 0.000000 0.000000 0.000000 0.003906 0.000000 0.000000 0.996094 0.000000 0.000000 0.000000 0.000000 0.003792 0.009209 0.002709 0.017876 0.924702 0.026544 0.003250 0.009209 0.002709 0.004353 0.009756 0.002895 0.018902 0.919296 0.028308 0.003632 0.009925 0.002933 
0.000000 0.003940 0.000281 0.001126 0.990994 0.001689 0.000000 0.001970 0.000000 0.000000 0.003975 0.000284 0.001144 0.990853 0.001726 0.000000 0.002019 0.000000 0.008162 0.024768 0.006473 0.032930 0.870250 0.024768 0.006192 0.020546 0.005910 0.008553 0.025601 0.006867 0.034399 0.864408 0.025881 0.006485 0.021524 0.006282 
0.000000 0.009346 0.000000 0.010784 0.948958 0.005751 0.001438 0.022286 0.001438 0.000000 0.010225 0.000000 0.010816 0.947016 0.005892 0.001665 0.022883 0.001503 0.002876 0.028756 0.002876 0.033070 0.868440 0.020129 0.002876 0.037383 0.003595 0.002941 0.030732 0.003057 0.033969 0.863182 0.020723 0.003204 0.038463 0.003729 
0.000000 0.026667 0.002222 0.028889 0.893333 0.008889 0.004444 0.035556 0.000000 0.000000 0.026967 0.002302 0.029210 0.891714 0.009111 0.004476 0.036220 0.000000 0.000000 0.037778 0.002222 0.026667 0.860000 0.013333 0.013333 0.044444 0.002222 0.000000 0.038543 0.002297 0.026932 0.856520 0.014352 0.013719 0.045410 0.002227 
0.000000 0.000000 0.000000 0.066667 0.933333 0.000000 0.000000 0.000000 0.000000 0.000000 0.000000 0.000000 0.067230 0.932770 0.000000 0.000000 0.000000 0.000000 0.000000 0.000000 0.000000 0.080000 0.906667 0.013333 0.000000 0.000000 0.000000 0.000000 0.000000 0.000000 0.080541 0.905961 0.013498 0.000000 0.000000 0.000000 
0.000000 0.000000 0.000000 0.055556 0.944444 0.000000 0.000000 0.000000 0.000000 0.000000 0.000000 0.000000 0.055556 0.944444 0.000000 0.000000 0.000000 0.000000 0.000000 0.000000 0.000000 0.055556 0.888889 0.000000 0.000000 0.055556 0.000000 0.000000 0.000000 0.000000 0.055446 0.887129 0.000000 0.000000 0.057426 0.000000 
0.000000 0.000000 0.000000 0.000000 1.000000 0.000000 0.000000 0.000000 0.000000 0.000000 0.000000 0.000000 0.000000 1.000000 0.000000 0.000000 0.000000 0.000000 0.000000 0.000000 0.000000 0.000000 1.000000 0.000000 0.000000 0.000000 0.000000 0.000000 0.000000 0.000000 0.000000 1.000000 0.000000 0.000000 0.000000 0.000000 
0.000000 0.000000 0.000000 0.000000 1.000000 0.000000 0.000000 0.000000 0.000000 0.000000 0.000000 0.000000 0.000000 1.000000 0.000000 0.000000 0.000000 0.000000 0.000000 0.000000 0.000000 0.000000 0.923077 0.000000 0.000000 0.076923 0.000000 0.000000 0.000000 0.000000 0.000000 0.922470 0.000000 0.000000 0.077530 0.000000 
0.000000 0.000000 0.000000 0.000000 1.000000 0.000000 0.000000 0.000000 0.000000 0.000000 0.000000 0.000000 0.000000 1.000000 0.000000 0.000000 0.000000 0.000000 0.000000 0.000000 0.000000 0.000000 0.937500 0.000000 0.000000 0.062500 0.000000 0.000000 0.000000 0.000000 0.000000 0.936585 0.000000 0.000000 0.063415 0.000000 
0.000000 0.000000 0.000000 0.000000 1.000000 0.000000 0.000000 0.000000 0.000000 0.000000 0.000000 0.000000 0.000000 1.000000 0.000000 0.000000 0.000000 0.000000 0.000000 0.000000 0.000000 0.000000 1.000000 0.000000 0.000000 0.000000 0.000000 0.000000 0.000000 0.000000 0.000000 1.000000 0.000000 0.000000 0.000000 0.000000 
