0.000212 0.006349 0.000635 0.004656 0.976720 0.003386 0.000423 0.006561 0.001058 0.000213 0.006691 0.000786 0.004923 0.975363 0.003537 0.000457 0.006900 0.001130 0.004233 0.023704 0.004021 0.030899 0.870899 0.028148 0.006349 0.026243 0.005503 0.004442 0.024686 0.004451 0.033179 0.862808 0.029942 0.006624 0.027878 0.005990 
0.000552 0.006067 0.001287 0.005516 0.975179 0.006067 0.001471 0.003861 0.000000 0.000612 0.006295 0.001426 0.005923 0.973643 0.006333 0.001764 0.004004 0.000000 0.005883 0.028866 0.006067 0.033830 0.856959 0.031991 0.006251 0.026292 0.003861 0.006374 0.030007 0.006559 0.036142 0.847776 0.034610 0.006891 0.027558 0.004084 
0.000726 0.003814 0.001635 0.006720 0.973302 0.007446 0.000545 0.005449 0.000363 0.000753 0.004011 0.001828 0.007065 0.971699 0.007946 0.000625 0.005709 0.000364 0.003996 0.032510 0.008536 0.031420 0.846531 0.035234 0.004541 0.033236 0.003996 0.004150 0.034000 0.009220 0.033445 0.837426 0.037836 0.004931 0.034794 0.004198 
0.000358 0.004838 0.000896 0.006988 0.968464 0.009497 0.001971 0.006630 0.000358 0.000388 0.005061 0.000958 0.007394 0.966500 0.009910 0.002329 0.007068 0.000392 0.005017 0.036015 0.007705 0.037269 0.824583 0.036732 0.009317 0.038344 0.005017 0.005290 0.037251 0.008114 0.039500 0.814760 0.039238 0.010453 0.040116 0.005279 
0.000000 0.001949 0.001417 0.005138 0.979270 0.006556 0.001240 0.004252 0.000177 0.000000 0.001982 0.001715 0.005473 0.977538 0.007073 0.001595 0.004441 0.000184 0.002835 0.031184 0.006733 0.031006 0.850992 0.034904 0.006733 0.031538 0.004075 0.002935 0.032296 0.007545 0.032734 0.842229 0.037614 0.007459 0.032907 0.004280 
0.000184 0.001840 0.001656 0.004969 0.981597 0.004969 0.001472 0.003128 0.000184 0.000226 0.001926 0.001925 0.005414 0.979517 0.005680 0.001758 0.003364 0.000190 0.002760 0.030364 0.005337 0.019875 0.879647 0.029996 0.004785 0.025948 0.001288 0.002979 0.031586 0.005956 0.021457 0.871614 0.032595 0.005385 0.027053 0.001375 
0.000387 0.002325 0.001162 0.005037 0.982371 0.003874 0.001744 0.003100 0.000000 0.000393 0.002438 0.001381 0.005412 0.980705 0.004514 0.001943 0.003213 0.000000 0.001550 0.021891 0.004649 0.019372 0.904494 0.013948 0.004843 0.026540 0.002712 0.001617 0.022668 0.005230 0.020580 0.898584 0.015205 0.005577 0.027709 0.002829 
0.000733 0.002750 0.002200 0.005683 0.982401 0.003300 0.001100 0.001833 0.000000 0.000771 0.002805 0.002612 0.006320 0.980904 0.003426 0.001282 0.001880 0.000000 0.004216 0.026398 0.007883 0.019432 0.882310 0.026398 0.005500 0.023831 0.004033 0.004421 0.027180 0.008662 0.020767 0.876537 0.027671 0.005952 0.024601 0.004209 
0.000180 0.001618 0.001798 0.005394 0.981122 0.005933 0.000539 0.003056 0.000360 0.000182 0.001651 0.001963 0.005911 0.979805 0.006363 0.000573 0.003189 0.000362 0.005574 0.033082 0.008990 0.025530 0.855268 0.031823 0.004315 0.031464 0.003955 0.005683 0.034398 0.009521 0.027177 0.848401 0.033660 0.004527 0.032473 0.004160 
0.000364 0.003817 0.000545 0.005090 0.981276 0.005272 0.000909 0.002363 0.000364 0.000398 0.003930 0.000611 0.005495 0.979922 0.005627 0.001169 0.002478 0.000369 0.004545 0.035448 0.009089 0.032540 0.843847 0.032540 0.003636 0.035085 0.003272 0.004801 0.036512 0.009744 0.034648 0.836382 0.034114 0.004068 0.036350 0.003381 
0.000000 0.004800 0.002215 0.006461 0.970648 0.008676 0.001477 0.005538 0.000185 0.000000 0.005366 0.002370 0.006782 0.968430 0.009130 0.001856 0.005876 0.000190 0.002769 0.044859 0.009599 0.030460 0.825180 0.035813 0.006092 0.042828 0.002400 0.002905 0.046430 0.010393 0.032440 0.816163 0.037905 0.006889 0.044361 0.002514 
0.000373 0.002239 0.001679 0.005970 0.979664 0.004291 0.002799 0.002612 0.000373 0.000376 0.002383 0.002075 0.006530 0.977809 0.004459 0.003230 0.002756 0.000381 0.004664 0.050000 0.008022 0.028545 0.825000 0.035448 0.008022 0.036381 0.003918 0.004932 0.051716 0.008795 0.030442 0.815922 0.037380 0.008915 0.037731 0.004168 
0.000367 0.002937 0.001836 0.005140 0.978341 0.002937 0.001836 0.005874 0.000734 0.000382 0.003008 0.002459 0.005615 0.976408 0.003149 0.002015 0.006107 0.000859 0.004405 0.055066 0.005507 0.026432 0.819750 0.023862 0.008443 0.051395 0.005140 0.004560 0.056500 0.006456 0.028145 0.812046 0.024962 0.009084 0.052745 0.005503 
