0.000000 0.000357 0.000357 0.001427 0.996076 0.000714 0.000357 0.000357 0.000357 0.000000 0.000363 0.000371 0.001434 0.995938 0.000752 0.000421 0.000359 0.000362 0.010703 0.025330 0.013557 0.051017 0.800571 0.048519 0.008919 0.030681 0.010703 0.011063 0.026083 0.014099 0.052524 0.794262 0.049606 0.009234 0.032018 0.011110 
0.000000 0.000582 0.000000 0.000582 0.997964 0.000582 0.000000 0.000291 0.000000 0.000000 0.000657 0.000000 0.000617 0.997772 0.000660 0.000000 0.000295 0.000000 0.011635 0.029959 0.013380 0.042467 0.812391 0.039849 0.013380 0.027632 0.009308 0.012079 0.031002 0.013956 0.043436 0.806350 0.040942 0.014077 0.028420 0.009737 
0.000000 0.000000 0.000000 0.001007 0.997231 0.000504 0.000504 0.000504 0.000252 0.000000 0.000000 0.000000 0.001040 0.996997 0.000576 0.000562 0.000546 0.000280 0.007805 0.016868 0.008056 0.036002 0.864552 0.028197 0.008056 0.022155 0.008308 0.008109 0.017442 0.008456 0.036966 0.859604 0.029111 0.008449 0.023051 0.008813 
0.000905 0.000226 0.000226 0.000905 0.996381 0.000226 0.000226 0.000905 0.000000 0.001059 0.000229 0.000232 0.000995 0.996103 0.000227 0.000242 0.000912 0.000000 0.009048 0.024655 0.011762 0.034381 0.854332 0.028727 0.007464 0.023524 0.006107 0.009644 0.025481 0.012287 0.035888 0.848423 0.029688 0.007873 0.024345 0.006370 
0.000000 0.000204 0.000204 0.000612 0.998163 0.000000 0.000000 0.000816 0.000000 0.000000 0.000204 0.000205 0.000612 0.998128 0.000000 0.000000 0.000851 0.000000 0.009184 0.021837 0.008163 0.038980 0.836122 0.039592 0.008163 0.030204 0.007755 0.009537 0.022690 0.008523 0.040308 0.829976 0.040979 0.008538 0.031222 0.008227 
0.000235 0.000941 0.000471 0.000941 0.997176 0.000235 0.000000 0.000000 0.000000 0.000237 0.001026 0.000476 0.001011 0.997003 0.000248 0.000000 0.000000 0.000000 0.015294 0.036706 0.011765 0.046353 0.798353 0.037412 0.009882 0.033412 0.010824 0.015880 0.037813 0.012186 0.047524 0.791735 0.038417 0.010324 0.034807 0.011315 
0.000000 0.000577 0.000192 0.000769 0.997501 0.000577 0.000192 0.000000 0.000192 0.000000 0.000782 0.000312 0.000815 0.996926 0.000669 0.000248 0.000000 0.000248 0.007303 0.025562 0.009033 0.037478 0.853738 0.029983 0.007880 0.022103 0.006919 0.007618 0.026677 0.009486 0.038465 0.848147 0.031010 0.008285 0.022899 0.007414 
0.000000 0.000452 0.000226 0.000679 0.997059 0.000226 0.000000 0.001357 0.000000 0.000000 0.000464 0.000234 0.000681 0.996856 0.000281 0.000000 0.001484 0.000000 0.018322 0.043203 0.019453 0.045465 0.740330 0.055870 0.019226 0.043881 0.014250 0.019095 0.044512 0.020098 0.046514 0.732638 0.057119 0.019851 0.045347 0.014826 
0.000391 0.000196 0.000000 0.000391 0.997653 0.000196 0.000196 0.000391 0.000587 0.000393 0.000196 0.000000 0.000393 0.997524 0.000207 0.000206 0.000424 0.000656 0.019953 0.039515 0.021322 0.053599 0.742567 0.053599 0.014085 0.039906 0.015454 0.020571 0.040583 0.022197 0.054557 0.734876 0.055314 0.014498 0.041266 0.016137 
0.000000 0.000541 0.000361 0.000721 0.996034 0.001442 0.000180 0.000361 0.000361 0.000000 0.000542 0.000388 0.000732 0.995742 0.001545 0.000182 0.000409 0.000461 0.014602 0.027582 0.013160 0.044889 0.800252 0.040743 0.015143 0.030647 0.012980 0.015083 0.028383 0.013713 0.045756 0.794215 0.041830 0.015699 0.031547 0.013773 
0.000331 0.000661 0.000165 0.000496 0.997024 0.000661 0.000331 0.000165 0.000165 0.000369 0.000739 0.000169 0.000499 0.996763 0.000742 0.000381 0.000169 0.000169 0.012897 0.031911 0.011574 0.045304 0.799107 0.046792 0.012731 0.028935 0.010747 0.013467 0.032937 0.012018 0.046422 0.792211 0.048278 0.013317 0.030161 0.011188 
0.000382 0.000191 0.000000 0.002104 0.995601 0.000765 0.000574 0.000191 0.000191 0.000428 0.000192 0.000000 0.002143 0.995347 0.000795 0.000622 0.000202 0.000270 0.013004 0.033276 0.013196 0.052400 0.782368 0.048575 0.012239 0.033085 0.011857 0.013596 0.034385 0.013601 0.054013 0.774827 0.050013 0.012824 0.034285 0.012456 
0.001071 0.001071 0.000000 0.003426 0.991221 0.001071 0.000428 0.000857 0.000857 0.001108 0.001099 0.000000 0.003520 0.990670 0.001164 0.000445 0.001065 0.000929 0.025910 0.041970 0.019700 0.067452 0.701071 0.057388 0.022056 0.043897 0.020557 0.026661 0.043101 0.020383 0.068855 0.692879 0.058932 0.022590 0.045221 0.021378 
0.000000 0.002323 0.000845 0.001267 0.991765 0.001689 0.000633 0.001478 0.000000 0.000000 0.002348 0.000937 0.001279 0.991484 0.001724 0.000670 0.001559 0.000000 0.015836 0.044975 0.018159 0.054054 0.742610 0.054688 0.014780 0.042441 0.012458 0.016468 0.046219 0.018920 0.055165 0.734688 0.056185 0.015439 0.043942 0.012974 
0.000990 0.002228 0.000248 0.002475 0.990347 0.001238 0.000743 0.001238 0.000495 0.001042 0.002254 0.000255 0.002564 0.989963 0.001271 0.000761 0.001308 0.000581 0.041337 0.053713 0.028218 0.067327 0.643069 0.058168 0.024505 0.057921 0.025743 0.042628 0.054716 0.029115 0.068937 0.634062 0.059431 0.025211 0.059314 0.026587 
0.000429 0.001930 0.000429 0.001501 0.994639 0.000429 0.000000 0.000643 0.000000 0.000489 0.001955 0.000463 0.001523 0.994429 0.000456 0.000000 0.000684 0.000000 0.021231 0.044392 0.021231 0.043963 0.745657 0.049753 0.015870 0.043320 0.014583 0.022002 0.045529 0.022018 0.045007 0.737870 0.051089 0.016428 0.044807 0.015251 
0.000000 0.000607 0.000607 0.001618 0.995147 0.000809 0.000404 0.000809 0.000000 0.000000 0.000608 0.000649 0.001712 0.994922 0.000831 0.000453 0.000825 0.000000 0.022245 0.043276 0.015976 0.048332 0.753893 0.042265 0.017189 0.042669 0.014156 0.023126 0.044510 0.016677 0.049779 0.746124 0.043426 0.017869 0.043826 0.014664 
0.000181 0.000000 0.000000 0.000542 0.997110 0.000542 0.000181 0.001084 0.000361 0.000182 0.000000 0.000000 0.000562 0.997012 0.000551 0.000205 0.001099 0.000389 0.017341 0.037392 0.012464 0.041727 0.794798 0.039740 0.011380 0.033418 0.011741 0.017974 0.038438 0.012956 0.042838 0.788010 0.041372 0.011709 0.034425 0.012278 
0.000228 0.001596 0.000228 0.000456 0.995440 0.000912 0.000228 0.000912 0.000000 0.000228 0.001603 0.000231 0.000561 0.995267 0.000937 0.000236 0.000936 0.000000 0.015732 0.041040 0.015732 0.042180 0.774510 0.040584 0.018924 0.035112 0.016188 0.016394 0.042034 0.016317 0.043163 0.767958 0.041583 0.019634 0.036101 0.016817 
0.000181 0.000906 0.000362 0.001631 0.995470 0.000906 0.000362 0.000181 0.000000 0.000229 0.000936 0.000367 0.001655 0.995282 0.000979 0.000366 0.000187 0.000000 0.017757 0.039681 0.019025 0.042580 0.787099 0.035876 0.014858 0.030078 0.013046 0.018409 0.041002 0.019768 0.043703 0.780544 0.036704 0.015523 0.030869 0.013476 
0.000000 0.000366 0.000000 0.000183 0.998537 0.000366 0.000183 0.000183 0.000183 0.000000 0.000384 0.000000 0.000183 0.998493 0.000371 0.000187 0.000188 0.000194 0.012797 0.039122 0.012980 0.042413 0.791956 0.042230 0.013528 0.034552 0.010420 0.013303 0.040127 0.013476 0.043443 0.785431 0.043446 0.014171 0.035694 0.010908 
0.000000 0.000523 0.000523 0.000697 0.996515 0.000697 0.000348 0.000523 0.000174 0.000000 0.000526 0.000548 0.000748 0.996336 0.000757 0.000351 0.000543 0.000191 0.015856 0.041471 0.013591 0.051228 0.768427 0.040774 0.015508 0.040948 0.012197 0.016225 0.042672 0.013974 0.052500 0.761603 0.042139 0.015976 0.042232 0.012678 
0.000192 0.000192 0.000384 0.002110 0.995588 0.000000 0.000192 0.000959 0.000384 0.000209 0.000192 0.000392 0.002182 0.995457 0.000000 0.000194 0.000976 0.000398 0.017648 0.030501 0.017265 0.037406 0.808939 0.028007 0.012661 0.034721 0.012852 0.018339 0.031435 0.017796 0.038296 0.802867 0.028835 0.013211 0.035740 0.013480 
0.000379 0.002465 0.000000 0.000948 0.992035 0.000759 0.000379 0.001896 0.001138 0.000385 0.002503 0.000000 0.000952 0.991847 0.000765 0.000387 0.001950 0.001212 0.019723 0.049308 0.018965 0.052721 0.721221 0.044756 0.019154 0.055376 0.018775 0.020318 0.050367 0.019669 0.053912 0.713456 0.045917 0.019962 0.056968 0.019430 
0.000211 0.002317 0.000000 0.003370 0.991154 0.001053 0.000211 0.001474 0.000211 0.000212 0.002349 0.000000 0.003385 0.990652 0.001131 0.000468 0.001592 0.000211 0.010531 0.039174 0.006950 0.042123 0.815501 0.030118 0.013901 0.032645 0.009056 0.011002 0.040248 0.007227 0.043350 0.809270 0.031013 0.014573 0.033882 0.009435 
