0.002579 0.002063 0.000516 0.004642 0.980918 0.007220 0.000516 0.000516 0.001031 0.002632 0.002220 0.000612 0.004920 0.979547 0.007846 0.000534 0.000547 0.001142 0.010315 0.023724 0.013925 0.043321 0.817947 0.047447 0.009283 0.026818 0.007220 0.011024 0.025379 0.015037 0.044961 0.807677 0.050549 0.009619 0.027944 0.007810 
0.000000 0.000554 0.000000 0.001108 0.993352 0.003878 0.000000 0.000000 0.001108 0.000000 0.000557 0.000000 0.001220 0.993003 0.004061 0.000000 0.000000 0.001160 0.004432 0.012188 0.008864 0.033795 0.878670 0.032133 0.011634 0.009972 0.008310 0.004626 0.012521 0.009671 0.035113 0.872633 0.033901 0.012343 0.010444 0.008749 
0.000000 0.000000 0.000601 0.001802 0.993994 0.002402 0.000601 0.000000 0.000601 0.000000 0.000000 0.000715 0.001899 0.993486 0.002573 0.000723 0.000000 0.000604 0.004204 0.009610 0.002402 0.016817 0.923123 0.022222 0.003003 0.012613 0.006006 0.004352 0.010479 0.002729 0.017536 0.918078 0.023657 0.003315 0.013392 0.006462 
0.001328 0.000000 0.000000 0.001992 0.992032 0.003984 0.000664 0.000000 0.000000 0.001499 0.000000 0.000000 0.002380 0.990971 0.004378 0.000772 0.000000 0.000000 0.004648 0.003320 0.005312 0.015936 0.930943 0.017264 0.005312 0.011288 0.005976 0.005182 0.003965 0.005617 0.016759 0.925010 0.019396 0.005640 0.012096 0.006335 
0.000000 0.000000 0.000000 0.000000 0.997563 0.000000 0.000000 0.001625 0.000812 0.000000 0.000000 0.000000 0.000000 0.997533 0.000000 0.000000 0.001652 0.000815 0.003249 0.005686 0.004062 0.008936 0.958570 0.008123 0.003249 0.007311 0.000812 0.003415 0.006349 0.004586 0.009394 0.955756 0.008526 0.003399 0.007704 0.000871 
0.000000 0.000000 0.000893 0.000893 0.997321 0.000000 0.000000 0.000893 0.000000 0.000000 0.000000 0.000904 0.000937 0.997169 0.000000 0.000000 0.000991 0.000000 0.001786 0.006250 0.002679 0.006250 0.973214 0.005357 0.000893 0.003571 0.000000 0.001957 0.006518 0.002952 0.006603 0.971320 0.005757 0.000924 0.003970 0.000000 
0.000000 0.001377 0.000689 0.001377 0.993113 0.001377 0.000689 0.000689 0.000689 0.000000 0.002078 0.000840 0.001498 0.991825 0.001524 0.000711 0.000772 0.000752 0.002066 0.008264 0.004821 0.021350 0.927686 0.014463 0.005510 0.011708 0.004132 0.002212 0.009318 0.005331 0.022622 0.922237 0.015395 0.005832 0.012527 0.004526 
0.000522 0.000000 0.001566 0.003132 0.986430 0.006785 0.000522 0.000522 0.000522 0.000539 0.000000 0.001605 0.003279 0.985676 0.007206 0.000524 0.000523 0.000647 0.006263 0.011482 0.012526 0.033925 0.870042 0.036013 0.006263 0.015658 0.007829 0.006431 0.012100 0.013546 0.035150 0.863725 0.037877 0.006562 0.016317 0.008292 
0.000436 0.003050 0.001743 0.003486 0.984749 0.003486 0.001307 0.000436 0.001307 0.000564 0.003759 0.001956 0.003585 0.983181 0.003700 0.001359 0.000437 0.001459 0.009150 0.023965 0.016993 0.038780 0.834858 0.035730 0.013508 0.014815 0.012200 0.009620 0.026254 0.017996 0.040398 0.825457 0.037255 0.014437 0.015178 0.013405 
0.000527 0.001581 0.001054 0.004215 0.987355 0.001581 0.003161 0.000000 0.000527 0.000557 0.001615 0.001193 0.004440 0.986453 0.001649 0.003416 0.000000 0.000677 0.004742 0.017387 0.012645 0.029505 0.883035 0.019494 0.012118 0.015806 0.005269 0.004925 0.018677 0.013329 0.030848 0.876464 0.020683 0.012901 0.016471 0.005701 
0.001870 0.001403 0.003740 0.007013 0.973820 0.007948 0.002338 0.001403 0.000468 0.002048 0.001544 0.004065 0.007298 0.971751 0.008895 0.002466 0.001463 0.000471 0.010285 0.015428 0.014493 0.032258 0.856007 0.035998 0.017298 0.012155 0.006078 0.010990 0.016239 0.015915 0.034022 0.847038 0.038640 0.018206 0.012562 0.006388 
0.000385 0.001540 0.002694 0.003464 0.984604 0.003464 0.001925 0.001155 0.000770 0.000387 0.001644 0.002839 0.003656 0.983768 0.003649 0.002082 0.001181 0.000795 0.008468 0.020015 0.017321 0.039261 0.844111 0.035797 0.013472 0.015781 0.005774 0.009221 0.021304 0.018100 0.041036 0.836080 0.037682 0.014223 0.016273 0.006082 
0.000000 0.001144 0.002287 0.002669 0.983988 0.005719 0.000762 0.000762 0.002669 0.000000 0.001271 0.002474 0.002810 0.982895 0.006081 0.000798 0.000782 0.002888 0.009531 0.019825 0.015631 0.033168 0.854365 0.032024 0.008769 0.015631 0.011056 0.010106 0.020572 0.016682 0.034357 0.846552 0.034273 0.009320 0.016461 0.011677 
0.000452 0.000452 0.001808 0.005877 0.985533 0.003617 0.001808 0.000000 0.000452 0.000514 0.000510 0.001979 0.006303 0.984398 0.003886 0.001884 0.000000 0.000526 0.006781 0.011754 0.008137 0.032550 0.888336 0.025769 0.009042 0.013562 0.004069 0.007276 0.012496 0.008831 0.034355 0.881333 0.027310 0.009926 0.014143 0.004330 
0.000000 0.000894 0.000000 0.006708 0.985242 0.005814 0.000894 0.000000 0.000447 0.000000 0.000911 0.000000 0.007003 0.984429 0.006195 0.000989 0.000000 0.000474 0.008497 0.022809 0.013417 0.030411 0.854651 0.035331 0.014758 0.013417 0.006708 0.009017 0.023625 0.014184 0.031793 0.847181 0.036867 0.015608 0.014533 0.007192 
0.000805 0.000805 0.001610 0.003221 0.984702 0.003623 0.002013 0.002818 0.000403 0.000846 0.000836 0.001813 0.003302 0.983979 0.003863 0.002061 0.002893 0.000406 0.012077 0.021337 0.012077 0.039452 0.834944 0.036232 0.014493 0.020934 0.008454 0.012816 0.021937 0.012981 0.041278 0.826901 0.038029 0.015203 0.021758 0.009097 
0.001079 0.000539 0.001079 0.007551 0.982740 0.004854 0.001079 0.001079 0.000000 0.001185 0.000550 0.001172 0.008084 0.981480 0.005141 0.001262 0.001126 0.000000 0.004315 0.009709 0.004854 0.041532 0.895361 0.027508 0.005394 0.008091 0.003236 0.005048 0.010001 0.005469 0.044149 0.887711 0.029524 0.005926 0.008550 0.003621 
0.000882 0.000000 0.000000 0.001764 0.995591 0.000882 0.000882 0.000000 0.000000 0.000972 0.000000 0.000000 0.002034 0.995095 0.001005 0.000894 0.000000 0.000000 0.002646 0.008818 0.002646 0.014109 0.947972 0.006173 0.003527 0.012346 0.001764 0.002867 0.009301 0.003143 0.015068 0.944286 0.006563 0.004021 0.012850 0.001901 
0.000000 0.000000 0.000847 0.001695 0.994915 0.000847 0.000847 0.000847 0.000000 0.000000 0.000000 0.001033 0.001789 0.994379 0.000950 0.000976 0.000874 0.000000 0.001695 0.013559 0.004237 0.012712 0.941525 0.008475 0.006780 0.009322 0.001695 0.001797 0.014531 0.005016 0.013714 0.935399 0.009520 0.008070 0.010150 0.001803 
0.000000 0.000000 0.000000 0.001676 0.996647 0.000000 0.000838 0.000000 0.000838 0.000000 0.000000 0.000000 0.001717 0.996421 0.000000 0.000979 0.000000 0.000884 0.000000 0.004191 0.003353 0.010059 0.954736 0.009220 0.009220 0.005029 0.004191 0.000000 0.004362 0.003580 0.010559 0.951116 0.009816 0.010339 0.005503 0.004724 
0.000000 0.000000 0.000546 0.003273 0.991271 0.003819 0.000546 0.000000 0.000546 0.000000 0.000000 0.000610 0.003482 0.990705 0.004071 0.000545 0.000000 0.000586 0.002728 0.010366 0.002182 0.030005 0.902891 0.031097 0.006001 0.008183 0.006547 0.002910 0.011618 0.002529 0.031600 0.896424 0.032979 0.006591 0.008442 0.006907 
0.000000 0.001017 0.000000 0.002543 0.989318 0.005595 0.000000 0.000000 0.001526 0.000000 0.001214 0.000000 0.002689 0.988410 0.006113 0.000000 0.000000 0.001575 0.003561 0.018311 0.007121 0.031536 0.871821 0.042218 0.007630 0.010682 0.007121 0.003796 0.019736 0.007769 0.032437 0.864412 0.044795 0.008086 0.011182 0.007786 
0.000000 0.000690 0.000000 0.000690 0.993099 0.002070 0.001380 0.002070 0.000000 0.000000 0.000756 0.000000 0.000732 0.992704 0.002137 0.001527 0.002145 0.000000 0.006211 0.012422 0.006211 0.017253 0.920635 0.012422 0.008282 0.011732 0.004831 0.006506 0.013389 0.006689 0.017886 0.915108 0.013255 0.009803 0.012211 0.005154 
0.000000 0.000000 0.000000 0.000860 0.997420 0.001720 0.000000 0.000000 0.000000 0.000000 0.000000 0.000000 0.000902 0.997288 0.001810 0.000000 0.000000 0.000000 0.004299 0.007739 0.001720 0.013758 0.949269 0.011178 0.002580 0.008598 0.000860 0.004604 0.008141 0.001780 0.014189 0.946920 0.011746 0.002773 0.008929 0.000918 
0.000000 0.000000 0.000000 0.000000 0.997938 0.001031 0.001031 0.000000 0.000000 0.000000 0.000000 0.000000 0.000000 0.997878 0.001044 0.001078 0.000000 0.000000 0.000000 0.004124 0.001031 0.006186 0.974227 0.004124 0.004124 0.005155 0.001031 0.000000 0.004339 0.001147 0.006522 0.972495 0.004316 0.004607 0.005416 0.001157 
0.001406 0.001406 0.000000 0.001406 0.993671 0.002110 0.000000 0.000000 0.000000 0.001520 0.001549 0.000000 0.001420 0.993366 0.002145 0.000000 0.000000 0.000000 0.004219 0.010549 0.005626 0.016174 0.926864 0.020394 0.001406 0.012658 0.002110 0.004591 0.011156 0.006059 0.016777 0.923370 0.021291 0.001473 0.013085 0.002197 
0.000000 0.000000 0.000000 0.005225 0.993468 0.000653 0.000000 0.000653 0.000000 0.000000 0.000000 0.000000 0.005798 0.992789 0.000674 0.000000 0.000739 0.000000 0.007185 0.009798 0.006532 0.024167 0.903984 0.018942 0.007185 0.012410 0.009798 0.007823 0.010348 0.007101 0.025916 0.897548 0.019737 0.007976 0.013018 0.010534 
0.000000 0.000923 0.000923 0.000923 0.996307 0.000923 0.000000 0.000000 0.000000 0.000000 0.001004 0.000987 0.000974 0.996086 0.000950 0.000000 0.000000 0.000000 0.000923 0.005540 0.004617 0.011080 0.962142 0.009234 0.002770 0.003693 0.000000 0.000967 0.005664 0.005494 0.011997 0.958387 0.010376 0.003164 0.003951 0.000000 
0.000000 0.000000 0.000000 0.002068 0.996898 0.000000 0.001034 0.000000 0.000000 0.000000 0.000000 0.000000 0.002282 0.996583 0.000000 0.001135 0.000000 0.000000 0.001034 0.005171 0.002068 0.011375 0.949328 0.008273 0.008273 0.011375 0.003102 0.001033 0.005401 0.002142 0.012328 0.945309 0.008993 0.009366 0.012003 0.003426 
0.000000 0.000584 0.000584 0.003503 0.987157 0.004670 0.001751 0.001168 0.000584 0.000000 0.000598 0.000696 0.003744 0.985652 0.005450 0.002020 0.001256 0.000584 0.004086 0.016929 0.004086 0.023935 0.890251 0.031524 0.010508 0.012259 0.006421 0.004255 0.018114 0.004313 0.025370 0.883226 0.033520 0.011343 0.013090 0.006769 
0.000000 0.000000 0.000652 0.000652 0.996738 0.001305 0.000000 0.000000 0.000652 0.000000 0.000000 0.000762 0.000709 0.996512 0.001360 0.000000 0.000000 0.000658 0.009132 0.013699 0.003262 0.019569 0.909980 0.016960 0.007175 0.016960 0.003262 0.009921 0.014308 0.003609 0.020347 0.905143 0.017755 0.007599 0.017721 0.003598 
0.000000 0.001812 0.000906 0.002717 0.994565 0.000000 0.000000 0.000000 0.000000 0.000000 0.003052 0.001064 0.003066 0.992819 0.000000 0.000000 0.000000 0.000000 0.000906 0.006341 0.001812 0.017210 0.952899 0.009964 0.003623 0.006341 0.000906 0.001009 0.007788 0.002178 0.018103 0.948280 0.010490 0.004350 0.006849 0.000951 
0.000000 0.000761 0.000000 0.000000 0.998478 0.000761 0.000000 0.000000 0.000000 0.000000 0.000764 0.000000 0.000000 0.998451 0.000785 0.000000 0.000000 0.000000 0.003805 0.018265 0.002283 0.013699 0.939878 0.010654 0.004566 0.003805 0.003044 0.003959 0.019393 0.002587 0.014393 0.936062 0.011459 0.004935 0.004050 0.003162 
0.000000 0.002375 0.000000 0.003167 0.991291 0.002375 0.000000 0.000000 0.000792 0.000000 0.004614 0.000000 0.003334 0.988559 0.002559 0.000000 0.000000 0.000934 0.003959 0.009501 0.005542 0.019002 0.934283 0.015044 0.001584 0.005542 0.005542 0.004454 0.012358 0.006037 0.019855 0.927582 0.016366 0.001710 0.005711 0.005927 
0.000000 0.000000 0.000000 0.001250 0.998750 0.000000 0.000000 0.000000 0.000000 0.000000 0.000000 0.000000 0.001252 0.998748 0.000000 0.000000 0.000000 0.000000 0.000000 0.003750 0.000000 0.008750 0.970000 0.008750 0.002500 0.006250 0.000000 0.000000 0.003873 0.000000 0.009485 0.968157 0.009244 0.002723 0.006519 0.000000 
0.000000 0.001340 0.000000 0.000000 0.997319 0.000000 0.000000 0.000000 0.001340 0.000000 0.001673 0.000000 0.000000 0.996924 0.000000 0.000000 0.000000 0.001402 0.004021 0.008043 0.000000 0.004021 0.961126 0.009383 0.004021 0.008043 0.001340 0.004201 0.009648 0.000000 0.004318 0.957403 0.009850 0.004705 0.008384 0.001489 
0.000000 0.003398 0.000485 0.003398 0.982524 0.006796 0.002427 0.000971 0.000000 0.000000 0.003428 0.000490 0.003552 0.981632 0.007267 0.002645 0.000986 0.000000 0.020874 0.026214 0.014563 0.050000 0.805340 0.038835 0.010680 0.023786 0.009709 0.021703 0.027236 0.015202 0.051670 0.796802 0.041159 0.011568 0.024743 0.009918 
0.000992 0.002314 0.000331 0.003636 0.984463 0.004298 0.000331 0.002645 0.000992 0.001037 0.002368 0.000351 0.003833 0.983843 0.004428 0.000334 0.002753 0.001052 0.013223 0.020826 0.009587 0.047273 0.828099 0.043967 0.008926 0.017521 0.010579 0.013803 0.021532 0.010473 0.049055 0.821024 0.045523 0.009196 0.018161 0.011233 
0.000991 0.002312 0.001321 0.004954 0.981506 0.005284 0.000661 0.001321 0.001651 0.001086 0.002713 0.001409 0.005206 0.980158 0.005576 0.000706 0.001365 0.001782 0.010568 0.017834 0.008256 0.037318 0.850066 0.042272 0.004954 0.018494 0.010238 0.011267 0.019189 0.008704 0.038933 0.840837 0.044896 0.005200 0.020048 0.010926 
0.002131 0.002487 0.001066 0.003908 0.982238 0.005684 0.000710 0.001421 0.000355 0.002310 0.002544 0.001124 0.004060 0.981458 0.005922 0.000764 0.001448 0.000371 0.009591 0.018472 0.006394 0.034813 0.871048 0.031616 0.004618 0.014210 0.009236 0.010302 0.019237 0.006859 0.036348 0.864553 0.033035 0.005028 0.014714 0.009924 
0.001812 0.001359 0.000000 0.008609 0.982782 0.003172 0.000000 0.000906 0.001359 0.001964 0.001389 0.000000 0.009373 0.981177 0.003321 0.000000 0.001340 0.001436 0.011781 0.015406 0.009062 0.043045 0.869959 0.029905 0.004984 0.013140 0.002719 0.012949 0.016158 0.009478 0.045878 0.861732 0.031376 0.005347 0.014124 0.002959 
0.000388 0.000388 0.000777 0.005437 0.984466 0.006602 0.000777 0.000777 0.000388 0.000398 0.000579 0.000822 0.005857 0.983330 0.007012 0.000793 0.000818 0.000391 0.013981 0.018641 0.008932 0.043883 0.818252 0.049320 0.016311 0.023689 0.006990 0.014677 0.019497 0.009423 0.045490 0.809942 0.051803 0.017373 0.024450 0.007344 
0.001243 0.002901 0.000829 0.004144 0.980522 0.007460 0.001658 0.000000 0.001243 0.001304 0.002982 0.000860 0.004459 0.979039 0.008068 0.001857 0.000000 0.001430 0.009117 0.021964 0.007874 0.040613 0.847493 0.039370 0.007874 0.014919 0.010775 0.009668 0.022860 0.008499 0.042937 0.838508 0.041593 0.008792 0.015486 0.011657 
0.000516 0.000516 0.003094 0.008252 0.980918 0.005157 0.000000 0.001031 0.000516 0.000534 0.000537 0.003627 0.008604 0.979615 0.005509 0.000000 0.001046 0.000528 0.007736 0.008252 0.017019 0.042290 0.866942 0.036617 0.006704 0.008767 0.005673 0.008194 0.008454 0.018778 0.044532 0.858621 0.038670 0.007373 0.009106 0.006273 
0.000743 0.000000 0.000000 0.000743 0.998513 0.000000 0.000000 0.000000 0.000000 0.000838 0.000000 0.000000 0.000754 0.998408 0.000000 0.000000 0.000000 0.000000 0.002974 0.010409 0.001487 0.014870 0.942007 0.014126 0.003717 0.007435 0.002974 0.003298 0.010802 0.001760 0.015655 0.938343 0.014838 0.004051 0.007940 0.003314 
0.000597 0.002387 0.001193 0.001790 0.986277 0.004773 0.002387 0.000000 0.000597 0.000629 0.002461 0.001198 0.001929 0.984549 0.006101 0.002526 0.000000 0.000607 0.006563 0.009547 0.004773 0.034010 0.902148 0.019690 0.008950 0.008950 0.005370 0.007297 0.010075 0.005110 0.035373 0.894475 0.021757 0.010331 0.009261 0.006320 
0.001215 0.000000 0.003038 0.004253 0.986634 0.002430 0.000000 0.000000 0.002430 0.001255 0.000000 0.003300 0.004365 0.985258 0.003196 0.000000 0.000000 0.002626 0.006683 0.013973 0.011543 0.021871 0.906440 0.018834 0.004860 0.010936 0.004860 0.007054 0.014793 0.012534 0.023365 0.898863 0.020792 0.005346 0.011513 0.005738 
0.000000 0.000605 0.000000 0.000605 0.998185 0.000605 0.000000 0.000000 0.000000 0.000000 0.000611 0.000000 0.000696 0.997516 0.001178 0.000000 0.000000 0.000000 0.001815 0.013914 0.001815 0.018754 0.932849 0.015729 0.006655 0.007260 0.001210 0.001877 0.014890 0.001893 0.019682 0.928277 0.017129 0.007276 0.007668 0.001307 
0.000708 0.000000 0.000708 0.001416 0.987960 0.008499 0.000708 0.000000 0.000000 0.000738 0.000000 0.000841 0.001501 0.986716 0.009445 0.000759 0.000000 0.000000 0.004958 0.004249 0.004249 0.019122 0.934844 0.022663 0.002833 0.005666 0.001416 0.005431 0.004410 0.004747 0.020414 0.929112 0.025400 0.003085 0.005913 0.001487 
0.000000 0.000000 0.000546 0.004910 0.984179 0.004364 0.004364 0.000546 0.001091 0.000000 0.000000 0.000698 0.005140 0.982591 0.004650 0.004868 0.000677 0.001377 0.001637 0.006547 0.003273 0.036007 0.903983 0.029460 0.008183 0.006547 0.004364 0.001831 0.006967 0.003600 0.037895 0.896604 0.031550 0.009644 0.006995 0.004912 
0.000000 0.000750 0.000750 0.001500 0.995499 0.001500 0.000000 0.000000 0.000000 0.000000 0.000811 0.000794 0.001611 0.995127 0.001656 0.000000 0.000000 0.000000 0.002251 0.008252 0.002251 0.013503 0.951238 0.012753 0.003001 0.005251 0.001500 0.002368 0.008866 0.002499 0.014404 0.948414 0.013189 0.003086 0.005434 0.001739 
0.001443 0.000000 0.000000 0.000722 0.997114 0.000722 0.000000 0.000000 0.000000 0.001461 0.000000 0.000000 0.000790 0.996988 0.000761 0.000000 0.000000 0.000000 0.008658 0.012266 0.000722 0.017316 0.932900 0.012987 0.006494 0.007215 0.001443 0.009252 0.012965 0.000736 0.018091 0.928401 0.013837 0.007219 0.007862 0.001636 
0.000000 0.000000 0.000606 0.003636 0.992121 0.002424 0.001212 0.000000 0.000000 0.000000 0.000000 0.000693 0.003882 0.991501 0.002617 0.001307 0.000000 0.000000 0.004242 0.005455 0.007273 0.018182 0.927879 0.019394 0.006061 0.007273 0.004242 0.004535 0.005692 0.007814 0.019549 0.923054 0.020491 0.006730 0.007419 0.004715 
0.000511 0.000511 0.001532 0.003575 0.988764 0.004086 0.001021 0.000000 0.000000 0.000579 0.000523 0.001617 0.003809 0.986759 0.005662 0.001051 0.000000 0.000000 0.004597 0.013790 0.006129 0.028601 0.884576 0.036261 0.013279 0.007661 0.005107 0.004830 0.014796 0.006588 0.030045 0.876712 0.039205 0.014247 0.007877 0.005699 
0.000507 0.002027 0.000000 0.000507 0.992397 0.001521 0.001521 0.000000 0.001521 0.000569 0.002226 0.000000 0.000512 0.990882 0.002494 0.001631 0.000000 0.001686 0.007603 0.011657 0.005068 0.034465 0.884947 0.025849 0.009123 0.014698 0.006589 0.008059 0.012938 0.005233 0.035782 0.877377 0.027928 0.009928 0.015530 0.007225 
0.000000 0.000543 0.002170 0.003798 0.985893 0.005969 0.000000 0.000000 0.001628 0.000000 0.000589 0.002585 0.004008 0.984692 0.006293 0.000000 0.000000 0.001832 0.007054 0.005426 0.013565 0.025502 0.895279 0.029843 0.008139 0.007596 0.007596 0.007427 0.005992 0.014627 0.026500 0.889097 0.031676 0.008574 0.007975 0.008133 
0.000000 0.001517 0.000000 0.002528 0.988878 0.004044 0.001011 0.000506 0.001517 0.000000 0.001545 0.000000 0.002721 0.987627 0.004776 0.001155 0.000544 0.001632 0.004044 0.017695 0.003539 0.031345 0.893327 0.023256 0.008595 0.012133 0.006067 0.004311 0.018923 0.003966 0.032859 0.885217 0.025640 0.009505 0.012931 0.006647 
0.002005 0.000000 0.000000 0.000000 0.997326 0.000668 0.000000 0.000000 0.000000 0.002348 0.000000 0.000000 0.000000 0.996902 0.000750 0.000000 0.000000 0.000000 0.004679 0.003342 0.004011 0.008021 0.956551 0.013369 0.001337 0.006684 0.002005 0.005230 0.003394 0.004493 0.008349 0.953627 0.013983 0.001470 0.007191 0.002264 
0.000529 0.002118 0.000529 0.003176 0.987824 0.003176 0.001588 0.000529 0.000529 0.000530 0.002512 0.000531 0.003296 0.986982 0.003321 0.001753 0.000543 0.000531 0.011117 0.023293 0.012176 0.034939 0.847538 0.029645 0.012176 0.020646 0.008470 0.011398 0.026471 0.012585 0.036465 0.838953 0.031051 0.012943 0.021338 0.008796 
0.000856 0.002140 0.000428 0.006421 0.983305 0.002997 0.000428 0.001712 0.001712 0.000920 0.002204 0.000440 0.006621 0.982739 0.003074 0.000428 0.001810 0.001765 0.021404 0.029966 0.018408 0.045805 0.773545 0.049658 0.018408 0.022688 0.020120 0.022408 0.030586 0.019058 0.047277 0.765877 0.051262 0.018937 0.023554 0.021042 
0.000686 0.001029 0.001029 0.004458 0.983196 0.005830 0.001372 0.001029 0.001372 0.000703 0.001131 0.001076 0.004576 0.982545 0.006042 0.001402 0.001063 0.001460 0.012689 0.027092 0.016118 0.036694 0.810014 0.040466 0.016461 0.029150 0.011317 0.013521 0.028247 0.016795 0.038082 0.801128 0.042113 0.017341 0.030733 0.012041 
0.002179 0.000726 0.002179 0.004357 0.980029 0.007625 0.000363 0.002542 0.000000 0.002244 0.000729 0.002269 0.004516 0.978752 0.008018 0.000384 0.003087 0.000000 0.012346 0.029775 0.018882 0.038489 0.815541 0.047204 0.010893 0.018519 0.008351 0.012823 0.030699 0.019892 0.039792 0.807334 0.049217 0.011558 0.019774 0.008911 
0.000843 0.000843 0.002950 0.006743 0.977665 0.006743 0.001686 0.002528 0.000000 0.000863 0.000913 0.003232 0.007171 0.975617 0.007428 0.001755 0.003021 0.000000 0.012221 0.027813 0.016435 0.044669 0.820902 0.034977 0.012642 0.022756 0.007585 0.012977 0.028676 0.017197 0.047139 0.811421 0.037338 0.013263 0.024043 0.007946 
0.002726 0.000454 0.001817 0.013630 0.971831 0.007269 0.000454 0.000909 0.000909 0.003063 0.000460 0.001952 0.014343 0.969947 0.007811 0.000481 0.000972 0.000973 0.014539 0.019991 0.016356 0.062699 0.795093 0.046797 0.014993 0.022717 0.006815 0.015654 0.020532 0.017173 0.065693 0.785710 0.048791 0.015550 0.023683 0.007215 
0.001914 0.001914 0.002392 0.008134 0.976555 0.006699 0.000478 0.001435 0.000478 0.002084 0.001929 0.002617 0.008636 0.974685 0.007121 0.000484 0.001949 0.000494 0.010048 0.020574 0.013397 0.046411 0.837799 0.038278 0.008134 0.018660 0.006699 0.011052 0.021284 0.014707 0.048257 0.829316 0.040185 0.008437 0.019704 0.007059 
0.001152 0.002880 0.002304 0.009217 0.974654 0.006336 0.000000 0.002880 0.000576 0.001187 0.002902 0.002558 0.009796 0.973212 0.006699 0.000000 0.003054 0.000592 0.010369 0.023041 0.016705 0.048387 0.825461 0.032258 0.006912 0.024770 0.012097 0.010841 0.023739 0.017796 0.050737 0.816924 0.034517 0.007260 0.025608 0.012577 
0.001277 0.000851 0.002554 0.004257 0.981694 0.005109 0.003406 0.000426 0.000426 0.001351 0.000893 0.002883 0.004511 0.980237 0.005477 0.003663 0.000429 0.000555 0.013623 0.015326 0.011920 0.041294 0.828438 0.040443 0.022137 0.019583 0.007237 0.014508 0.015952 0.012707 0.043306 0.819728 0.042244 0.023366 0.020424 0.007766 
0.000926 0.003241 0.001852 0.004167 0.983796 0.003704 0.001389 0.000926 0.000000 0.000995 0.003782 0.002052 0.004639 0.982190 0.003885 0.001520 0.000937 0.000000 0.008333 0.022685 0.015278 0.032870 0.860185 0.032407 0.009722 0.014352 0.004167 0.008931 0.023989 0.016464 0.034349 0.852559 0.033783 0.010512 0.015112 0.004302 
0.000000 0.000932 0.002796 0.003262 0.988816 0.001864 0.000932 0.000466 0.000932 0.000000 0.000965 0.003125 0.003547 0.987392 0.002064 0.001028 0.000906 0.000973 0.005126 0.012582 0.006990 0.022367 0.896552 0.027493 0.007922 0.015377 0.005592 0.005400 0.013021 0.007877 0.023823 0.889732 0.028870 0.008596 0.016667 0.006015 
0.000000 0.000568 0.002841 0.004545 0.984091 0.007955 0.000000 0.000000 0.000000 0.000000 0.000708 0.003280 0.004967 0.982386 0.008659 0.000000 0.000000 0.000000 0.003977 0.011932 0.009659 0.029545 0.891477 0.030114 0.008523 0.010227 0.004545 0.004497 0.012886 0.011029 0.031273 0.883525 0.032150 0.008957 0.010877 0.004807 
0.000609 0.001219 0.000000 0.006703 0.982937 0.004875 0.001828 0.001219 0.000609 0.000673 0.001353 0.000000 0.007066 0.981721 0.005219 0.002041 0.001291 0.000635 0.005484 0.013406 0.007922 0.033516 0.879342 0.030469 0.010969 0.012188 0.006703 0.006156 0.014100 0.008551 0.035502 0.871280 0.032347 0.012043 0.012792 0.007228 
0.000904 0.001356 0.000452 0.003165 0.990506 0.000452 0.001356 0.000000 0.001808 0.000947 0.001437 0.000525 0.003241 0.990020 0.000455 0.001539 0.000000 0.001835 0.013562 0.033002 0.009494 0.055154 0.779385 0.041591 0.014467 0.036166 0.017179 0.014150 0.034066 0.010109 0.056890 0.771077 0.042784 0.015189 0.037714 0.018019 
0.001173 0.000000 0.001760 0.002346 0.990029 0.001760 0.001173 0.001173 0.000587 0.001218 0.000000 0.001931 0.002467 0.989432 0.001846 0.001285 0.001188 0.000633 0.008211 0.014076 0.007625 0.024047 0.907331 0.021114 0.005279 0.009384 0.002933 0.009229 0.014822 0.008577 0.024776 0.901116 0.022221 0.006067 0.009950 0.003240 
0.000000 0.000512 0.001024 0.002048 0.991295 0.004096 0.000000 0.000512 0.000512 0.000000 0.000513 0.001133 0.002152 0.990600 0.004520 0.000000 0.000565 0.000517 0.010241 0.012801 0.007168 0.034818 0.860727 0.032258 0.013825 0.018433 0.009729 0.010655 0.013214 0.007916 0.036467 0.853453 0.034118 0.014406 0.019517 0.010255 
0.000000 0.001580 0.001580 0.003951 0.987357 0.004346 0.000395 0.000000 0.000790 0.000000 0.001605 0.001793 0.004113 0.986251 0.004988 0.000406 0.000000 0.000844 0.005927 0.011458 0.013829 0.039115 0.872382 0.028842 0.011853 0.010273 0.006322 0.006489 0.011898 0.014813 0.040854 0.865368 0.030448 0.012855 0.010641 0.006633 
0.000423 0.000845 0.002959 0.004227 0.985207 0.004649 0.000000 0.000423 0.001268 0.000438 0.000858 0.003203 0.004490 0.984308 0.004971 0.000000 0.000426 0.001306 0.011412 0.020710 0.013525 0.043533 0.833052 0.040152 0.008876 0.017329 0.011412 0.012189 0.021878 0.015048 0.046181 0.823459 0.041737 0.009457 0.017881 0.012170 
0.000492 0.001969 0.000984 0.000492 0.991142 0.003937 0.000492 0.000492 0.000000 0.000508 0.002969 0.000991 0.000531 0.989599 0.004406 0.000496 0.000501 0.000000 0.006890 0.021654 0.011811 0.029035 0.853839 0.032480 0.012795 0.022146 0.009350 0.007117 0.023106 0.012310 0.030423 0.846711 0.034439 0.013177 0.022979 0.009738 
0.001422 0.001897 0.001897 0.002845 0.985301 0.004742 0.000948 0.000000 0.000948 0.001542 0.002475 0.002185 0.002969 0.983937 0.004932 0.000954 0.000000 0.001006 0.014699 0.023708 0.017070 0.042674 0.824561 0.036510 0.010906 0.020389 0.009483 0.015730 0.025132 0.018282 0.044626 0.815469 0.037921 0.011512 0.021226 0.010102 
0.001821 0.000000 0.001365 0.005917 0.982704 0.006827 0.001365 0.000000 0.000000 0.002116 0.000000 0.001568 0.006237 0.981178 0.007445 0.001455 0.000000 0.000000 0.012289 0.009558 0.010924 0.038234 0.870733 0.032317 0.006372 0.014110 0.005462 0.013356 0.009873 0.011737 0.040109 0.862998 0.034214 0.006993 0.014920 0.005800 
0.000000 0.000000 0.000000 0.001389 0.996528 0.002083 0.000000 0.000000 0.000000 0.000000 0.000000 0.000000 0.001494 0.995724 0.002782 0.000000 0.000000 0.000000 0.000694 0.009028 0.002778 0.020833 0.922917 0.021528 0.007639 0.008333 0.006250 0.000700 0.009385 0.002901 0.022005 0.917429 0.023390 0.008591 0.008806 0.006795 
0.000570 0.000000 0.000000 0.001141 0.993155 0.003993 0.001141 0.000000 0.000000 0.000582 0.000000 0.000000 0.001199 0.991732 0.005302 0.001186 0.000000 0.000000 0.006275 0.014832 0.005705 0.023959 0.899601 0.026241 0.007416 0.010268 0.005705 0.006804 0.015350 0.006027 0.025218 0.893162 0.028600 0.007925 0.010737 0.006177 
0.000000 0.000000 0.000000 0.001976 0.995389 0.001318 0.001318 0.000000 0.000000 0.000000 0.000000 0.000000 0.001993 0.995234 0.001405 0.001368 0.000000 0.000000 0.003294 0.005270 0.006588 0.027668 0.915679 0.024374 0.007246 0.006588 0.003294 0.003709 0.005535 0.007102 0.028648 0.910835 0.025554 0.008152 0.006981 0.003484 
0.000000 0.000763 0.000763 0.008397 0.985496 0.003053 0.000000 0.000000 0.001527 0.000000 0.000779 0.000795 0.009264 0.984214 0.003258 0.000000 0.000000 0.001689 0.001527 0.006870 0.003817 0.026718 0.919847 0.026718 0.001527 0.006107 0.006870 0.001733 0.007283 0.004378 0.028824 0.912658 0.028795 0.001574 0.006914 0.007840 
0.000824 0.000000 0.000000 0.002473 0.996702 0.000000 0.000000 0.000000 0.000000 0.000900 0.000000 0.000000 0.002785 0.996315 0.000000 0.000000 0.000000 0.000000 0.004122 0.004122 0.004122 0.014839 0.950536 0.010717 0.004122 0.006595 0.000824 0.004567 0.004336 0.004402 0.015939 0.947084 0.011231 0.004588 0.006979 0.000875 
0.000524 0.000000 0.001571 0.007330 0.978534 0.006283 0.004712 0.000524 0.000524 0.000591 0.000000 0.001682 0.007961 0.976804 0.006766 0.005135 0.000526 0.000534 0.006283 0.005759 0.006806 0.035079 0.893717 0.026702 0.014660 0.006283 0.004712 0.006606 0.006082 0.007570 0.037221 0.885930 0.028796 0.016030 0.006675 0.005089 
0.000000 0.001266 0.000844 0.001266 0.991139 0.002954 0.000422 0.001266 0.000844 0.000000 0.001669 0.000890 0.001312 0.990018 0.003464 0.000422 0.001318 0.000906 0.007173 0.015612 0.008017 0.035021 0.866245 0.035021 0.009705 0.014346 0.008861 0.007490 0.016900 0.008503 0.036339 0.859221 0.036848 0.010308 0.014940 0.009450 
0.001227 0.000818 0.002045 0.005317 0.983231 0.003681 0.001636 0.000818 0.001227 0.001270 0.000834 0.002105 0.005645 0.982427 0.003860 0.001714 0.000827 0.001317 0.008589 0.015133 0.005317 0.045808 0.869939 0.033947 0.007362 0.010225 0.003681 0.009079 0.015702 0.005675 0.047944 0.863462 0.035365 0.007906 0.010973 0.003893 
0.000800 0.000400 0.000000 0.002400 0.990800 0.004000 0.000800 0.000400 0.000400 0.000893 0.000539 0.000000 0.002557 0.989905 0.004437 0.000866 0.000403 0.000400 0.013200 0.024800 0.007200 0.042400 0.840800 0.036000 0.008400 0.018000 0.009200 0.013688 0.026088 0.007780 0.043956 0.832738 0.038175 0.009116 0.018703 0.009756 
0.000000 0.001214 0.001214 0.001619 0.990287 0.002428 0.000809 0.001214 0.001214 0.000000 0.001667 0.001344 0.001851 0.989183 0.002500 0.000871 0.001282 0.001302 0.008499 0.012950 0.011331 0.035208 0.864023 0.029947 0.008094 0.017807 0.012141 0.008959 0.014076 0.012287 0.037019 0.855749 0.031920 0.008577 0.018386 0.013026 
0.000000 0.000000 0.001806 0.002408 0.993377 0.001806 0.000000 0.000602 0.000000 0.000000 0.000000 0.001889 0.002555 0.992936 0.001946 0.000000 0.000673 0.000000 0.003612 0.009031 0.006020 0.015653 0.936183 0.015653 0.004816 0.007827 0.001204 0.003811 0.010038 0.006772 0.016368 0.931537 0.016691 0.005185 0.008259 0.001339 
0.000000 0.000000 0.001759 0.000000 0.995602 0.002639 0.000000 0.000000 0.000000 0.000000 0.000000 0.002096 0.000000 0.995128 0.002776 0.000000 0.000000 0.000000 0.002639 0.003518 0.003518 0.006157 0.970097 0.010554 0.002639 0.000000 0.000880 0.002889 0.003821 0.003819 0.006456 0.967939 0.011214 0.002932 0.000000 0.000930 
0.000000 0.000000 0.000000 0.000000 1.000000 0.000000 0.000000 0.000000 0.000000 0.000000 0.000000 0.000000 0.000000 1.000000 0.000000 0.000000 0.000000 0.000000 0.002401 0.006002 0.001200 0.006002 0.980792 0.001200 0.001200 0.001200 0.000000 0.002470 0.006323 0.001224 0.006450 0.979486 0.001360 0.001420 0.001267 0.000000 
0.000000 0.000804 0.000000 0.000804 0.995981 0.000804 0.000000 0.001608 0.000000 0.000000 0.000816 0.000000 0.000827 0.995907 0.000805 0.000000 0.001645 0.000000 0.002412 0.012058 0.004019 0.015273 0.940514 0.012862 0.001608 0.010450 0.000804 0.002637 0.012865 0.004304 0.016367 0.936437 0.013829 0.001699 0.011019 0.000842 
0.000000 0.000000 0.000704 0.002113 0.993662 0.001408 0.001408 0.000704 0.000000 0.000000 0.000000 0.000705 0.002201 0.993299 0.001440 0.001573 0.000782 0.000000 0.002113 0.003521 0.002817 0.026761 0.926761 0.015493 0.014085 0.005634 0.002817 0.002208 0.003800 0.003151 0.027901 0.921793 0.016545 0.015553 0.006015 0.003033 
0.000000 0.000000 0.000000 0.000712 0.996441 0.000712 0.000712 0.000712 0.000712 0.000000 0.000000 0.000000 0.000718 0.995662 0.001385 0.000781 0.000721 0.000733 0.003559 0.007117 0.004982 0.017794 0.933808 0.014947 0.004982 0.008541 0.004270 0.003644 0.007569 0.005252 0.018806 0.929528 0.016320 0.005447 0.008967 0.004468 
0.000000 0.000555 0.000555 0.001665 0.990011 0.005549 0.001110 0.000555 0.000000 0.000000 0.000560 0.000570 0.001739 0.989712 0.005705 0.001150 0.000564 0.000000 0.007214 0.016093 0.008879 0.027192 0.886238 0.031077 0.004994 0.015538 0.002775 0.007539 0.017148 0.009346 0.028334 0.879955 0.032837 0.005518 0.016336 0.002988 
0.000850 0.001700 0.000000 0.001275 0.991075 0.002550 0.000000 0.001700 0.000850 0.000909 0.001798 0.000000 0.001352 0.990544 0.002741 0.000000 0.001769 0.000887 0.007650 0.022949 0.012325 0.029749 0.849554 0.037399 0.008500 0.020824 0.011050 0.008023 0.023593 0.012921 0.030651 0.843841 0.038768 0.008806 0.021749 0.011648 
0.000902 0.003608 0.000451 0.004511 0.986919 0.002255 0.000902 0.000451 0.000000 0.000967 0.005141 0.000454 0.004694 0.984892 0.002377 0.000960 0.000515 0.000000 0.002706 0.017140 0.007668 0.028868 0.889490 0.028868 0.008570 0.011728 0.004962 0.002961 0.019359 0.008474 0.030008 0.882133 0.030262 0.009306 0.012211 0.005286 
0.000597 0.001790 0.000597 0.001193 0.992840 0.001193 0.000597 0.000000 0.001193 0.000610 0.002358 0.000610 0.001241 0.991990 0.001239 0.000645 0.000000 0.001308 0.003580 0.010143 0.005370 0.023866 0.910501 0.022076 0.008950 0.010143 0.005370 0.003702 0.010980 0.005689 0.025043 0.905624 0.022918 0.009692 0.010597 0.005755 
0.000000 0.002033 0.000000 0.002033 0.992886 0.002033 0.000000 0.001016 0.000000 0.000000 0.002075 0.000000 0.002078 0.992677 0.002113 0.000000 0.001056 0.000000 0.006606 0.019309 0.018293 0.035569 0.853659 0.025407 0.013720 0.022358 0.005081 0.006822 0.019914 0.019518 0.037047 0.846499 0.026783 0.014662 0.023467 0.005288 
0.000000 0.000000 0.000000 0.000873 0.999127 0.000000 0.000000 0.000000 0.000000 0.000000 0.000000 0.000000 0.001090 0.998910 0.000000 0.000000 0.000000 0.000000 0.002618 0.005236 0.002618 0.009599 0.949389 0.015707 0.006981 0.006108 0.001745 0.002799 0.005410 0.002733 0.010601 0.945983 0.016693 0.007550 0.006290 0.001940 
0.000000 0.000000 0.000000 0.000000 1.000000 0.000000 0.000000 0.000000 0.000000 0.000000 0.000000 0.000000 0.000000 1.000000 0.000000 0.000000 0.000000 0.000000 0.000000 0.005168 0.000000 0.011628 0.970284 0.003876 0.003876 0.003876 0.001292 0.000000 0.005468 0.000000 0.012827 0.967755 0.004261 0.004058 0.004281 0.001350 
0.000000 0.000000 0.000000 0.000000 1.000000 0.000000 0.000000 0.000000 0.000000 0.000000 0.000000 0.000000 0.000000 1.000000 0.000000 0.000000 0.000000 0.000000 0.000000 0.003856 0.000000 0.005141 0.978149 0.007712 0.003856 0.001285 0.000000 0.000000 0.003872 0.000000 0.005275 0.977112 0.008018 0.004420 0.001303 0.000000 
0.001140 0.001140 0.000000 0.000000 0.995439 0.002281 0.000000 0.000000 0.000000 0.001309 0.001140 0.000000 0.000000 0.995030 0.002521 0.000000 0.000000 0.000000 0.003421 0.004561 0.001140 0.004561 0.970353 0.006842 0.003421 0.005701 0.000000 0.003673 0.004717 0.001192 0.004793 0.968403 0.007405 0.003506 0.006310 0.000000 
0.000636 0.001272 0.002545 0.000000 0.989822 0.003817 0.001908 0.000000 0.000000 0.000642 0.001307 0.002598 0.000000 0.989531 0.003921 0.002000 0.000000 0.000000 0.008270 0.016539 0.008270 0.024173 0.889949 0.028626 0.007634 0.009542 0.006997 0.008545 0.017449 0.008660 0.024886 0.885265 0.029815 0.008081 0.009849 0.007449 
0.000899 0.001798 0.000449 0.003596 0.987416 0.002697 0.000899 0.001798 0.000449 0.000905 0.001821 0.000469 0.003682 0.987049 0.002735 0.001067 0.001818 0.000454 0.013933 0.028764 0.016629 0.052584 0.791910 0.049888 0.017079 0.022022 0.007191 0.014466 0.029838 0.017405 0.054322 0.784449 0.051352 0.017989 0.022691 0.007490 
0.000000 0.001051 0.000000 0.001576 0.989490 0.006831 0.001051 0.000000 0.000000 0.000000 0.001059 0.000000 0.001678 0.988878 0.007248 0.001137 0.000000 0.000000 0.004729 0.015239 0.010510 0.039411 0.867052 0.032580 0.008408 0.014188 0.007882 0.004909 0.016131 0.011103 0.040731 0.860728 0.034276 0.008781 0.014986 0.008355 
0.000000 0.003874 0.000430 0.001291 0.987947 0.003013 0.000430 0.001291 0.001722 0.000000 0.003948 0.000454 0.001320 0.986975 0.003747 0.000432 0.001315 0.001808 0.008179 0.017219 0.005596 0.037021 0.866121 0.031425 0.005166 0.018511 0.010762 0.008663 0.017854 0.005775 0.038572 0.859867 0.033133 0.005482 0.019183 0.011472 
0.000470 0.001880 0.000940 0.003759 0.987782 0.002820 0.000470 0.000940 0.000940 0.000511 0.002087 0.001078 0.004097 0.986755 0.003087 0.000469 0.000955 0.000961 0.006579 0.007989 0.007049 0.037594 0.892857 0.025376 0.008929 0.007049 0.006579 0.006911 0.008457 0.007766 0.039323 0.887616 0.026346 0.009316 0.007336 0.006930 
0.000000 0.000561 0.001123 0.003930 0.991578 0.002807 0.000000 0.000000 0.000000 0.000000 0.000681 0.001195 0.004203 0.989906 0.004015 0.000000 0.000000 0.000000 0.004492 0.006738 0.005053 0.023582 0.921392 0.025267 0.003369 0.006176 0.003930 0.004715 0.007057 0.005551 0.024866 0.915729 0.027404 0.003658 0.006694 0.004324 
0.000657 0.000000 0.001313 0.002626 0.988838 0.004596 0.000657 0.000000 0.001313 0.000756 0.000000 0.001480 0.002694 0.988173 0.004812 0.000722 0.000000 0.001363 0.003940 0.001970 0.004596 0.029547 0.923178 0.025607 0.001313 0.003940 0.005909 0.004150 0.002220 0.005130 0.030897 0.917907 0.027124 0.001445 0.004490 0.006637 
0.000000 0.000660 0.000000 0.001319 0.988786 0.007916 0.000660 0.000000 0.000660 0.000000 0.000673 0.000000 0.001361 0.987591 0.008980 0.000722 0.000000 0.000674 0.001319 0.002639 0.000660 0.024406 0.929420 0.028364 0.005937 0.000000 0.007256 0.001429 0.002789 0.000702 0.025356 0.923897 0.031544 0.006393 0.000000 0.007891 
0.000561 0.000561 0.001122 0.002804 0.991026 0.003365 0.000561 0.000000 0.000000 0.000643 0.000560 0.001260 0.003110 0.990143 0.003577 0.000708 0.000000 0.000000 0.007852 0.004487 0.005048 0.033651 0.910264 0.026921 0.005048 0.003365 0.003365 0.008804 0.004917 0.005601 0.036107 0.903805 0.028218 0.005429 0.003523 0.003596 
0.001132 0.001698 0.001132 0.002264 0.989247 0.002264 0.000566 0.000566 0.001132 0.001267 0.001882 0.001326 0.002383 0.988395 0.002353 0.000589 0.000597 0.001209 0.006225 0.009055 0.005093 0.037351 0.893605 0.028297 0.007357 0.008489 0.004527 0.006954 0.010014 0.005506 0.038653 0.887686 0.029304 0.008105 0.008973 0.004806 
0.000000 0.000000 0.000000 0.000000 0.996648 0.001117 0.000000 0.001117 0.001117 0.000000 0.000000 0.000000 0.000000 0.996425 0.001200 0.000000 0.001254 0.001121 0.001117 0.006704 0.001117 0.025698 0.928492 0.022346 0.001117 0.006704 0.006704 0.001111 0.006947 0.001264 0.027034 0.923167 0.024617 0.001132 0.007103 0.007624 
