0.000022 0.001296 0.000088 0.000132 0.996220 0.000066 0.000176 0.001890 0.000110 0.000024 0.001332 0.000094 0.000135 0.996107 0.000067 0.000182 0.001944 0.000116 0.012393 0.145051 0.008812 0.013558 0.626439 0.011690 0.009910 0.159840 0.012306 0.012890 0.146946 0.009208 0.014037 0.618983 0.012070 0.010399 0.162605 0.012862 
0.000141 0.001245 0.000201 0.000120 0.995202 0.000080 0.000281 0.002589 0.000141 0.000147 0.001284 0.000210 0.000122 0.995053 0.000081 0.000297 0.002660 0.000146 0.014072 0.145031 0.010237 0.013730 0.615192 0.011623 0.011201 0.166008 0.012907 0.014665 0.146920 0.010720 0.014202 0.607364 0.011989 0.011794 0.168879 0.013466 
0.000079 0.001818 0.000158 0.000040 0.995455 0.000020 0.000158 0.002174 0.000099 0.000081 0.001865 0.000170 0.000042 0.995310 0.000021 0.000170 0.002235 0.000106 0.013278 0.144717 0.009109 0.014187 0.615918 0.011698 0.012982 0.165801 0.012310 0.013810 0.146602 0.009534 0.014683 0.608175 0.012054 0.013642 0.168652 0.012848 
0.000079 0.001669 0.000318 0.000139 0.994694 0.000219 0.000119 0.002544 0.000219 0.000082 0.001708 0.000335 0.000150 0.994524 0.000226 0.000124 0.002622 0.000228 0.013036 0.145466 0.010532 0.014785 0.610898 0.011745 0.012281 0.167465 0.013791 0.013488 0.147256 0.011036 0.015320 0.603124 0.012149 0.012894 0.170313 0.014419 
0.000138 0.001523 0.000297 0.000138 0.994541 0.000218 0.000277 0.002631 0.000237 0.000145 0.001564 0.000303 0.000143 0.994376 0.000223 0.000292 0.002703 0.000251 0.013470 0.142120 0.009692 0.014321 0.613933 0.012264 0.012758 0.168190 0.013253 0.013972 0.143915 0.010114 0.014809 0.606304 0.012646 0.013423 0.170969 0.013847 
0.000236 0.002010 0.000355 0.000296 0.993458 0.000276 0.000315 0.002641 0.000414 0.000248 0.002061 0.000368 0.000312 0.993263 0.000285 0.000337 0.002698 0.000428 0.014878 0.142376 0.010267 0.015528 0.611122 0.013814 0.013183 0.164545 0.014287 0.015471 0.144181 0.010733 0.016046 0.603334 0.014251 0.013817 0.167286 0.014880 
0.000604 0.003077 0.000545 0.000876 0.988920 0.000740 0.000682 0.003836 0.000720 0.000623 0.003136 0.000558 0.000900 0.988664 0.000751 0.000707 0.003919 0.000743 0.018051 0.142929 0.012404 0.020368 0.597071 0.018850 0.016143 0.157145 0.017039 0.018659 0.144565 0.012870 0.020979 0.589385 0.019339 0.016877 0.159628 0.017698 
0.000791 0.005438 0.001331 0.002006 0.980445 0.001793 0.001099 0.005940 0.001157 0.000814 0.005529 0.001370 0.002039 0.980052 0.001827 0.001131 0.006049 0.001189 0.020905 0.136537 0.019092 0.028272 0.573495 0.027037 0.019690 0.153662 0.021310 0.021572 0.137892 0.019687 0.028937 0.566090 0.027650 0.020402 0.155785 0.021985 
0.001075 0.007930 0.001094 0.002976 0.973043 0.003437 0.001306 0.008103 0.001037 0.001100 0.008047 0.001121 0.003022 0.972571 0.003486 0.001339 0.008248 0.001065 0.024346 0.141968 0.021447 0.037460 0.542145 0.034964 0.023079 0.152221 0.022369 0.025037 0.143199 0.022037 0.038214 0.535002 0.035643 0.023740 0.154061 0.023065 
0.001042 0.008876 0.000930 0.003778 0.968980 0.003815 0.001154 0.010346 0.001079 0.001066 0.009013 0.000957 0.003830 0.968466 0.003871 0.001186 0.010501 0.001108 0.026294 0.137907 0.022479 0.041311 0.536594 0.039003 0.023837 0.150449 0.022125 0.027015 0.139015 0.023099 0.042146 0.529444 0.039757 0.024562 0.152193 0.022770 
0.001339 0.009940 0.000624 0.003319 0.968291 0.003063 0.001009 0.011260 0.001155 0.001375 0.010095 0.000639 0.003368 0.967744 0.003112 0.001036 0.011445 0.001187 0.022466 0.142920 0.021292 0.039778 0.534946 0.039448 0.024025 0.153337 0.021787 0.023102 0.144098 0.021892 0.040594 0.527798 0.040211 0.024727 0.155148 0.022430 
0.000921 0.010517 0.000792 0.002984 0.968027 0.002284 0.001068 0.012561 0.000847 0.000940 0.010695 0.000810 0.003029 0.967469 0.002320 0.001095 0.012772 0.000870 0.021402 0.141118 0.018897 0.038567 0.551100 0.034662 0.021807 0.153495 0.018952 0.022025 0.142361 0.019463 0.039434 0.543949 0.035427 0.022500 0.155339 0.019502 
0.000893 0.011312 0.000595 0.001916 0.968930 0.001767 0.000763 0.013191 0.000633 0.000919 0.011508 0.000609 0.001947 0.968380 0.001793 0.000783 0.013416 0.000645 0.018716 0.142791 0.017023 0.035479 0.563479 0.032056 0.019423 0.154772 0.016260 0.019351 0.144202 0.017502 0.036310 0.556329 0.032751 0.020022 0.156731 0.016801 
0.000336 0.011179 0.000448 0.001642 0.969842 0.001680 0.001101 0.013437 0.000336 0.000342 0.011344 0.000460 0.001664 0.969346 0.001704 0.001128 0.013669 0.000343 0.017375 0.143028 0.016292 0.031931 0.576310 0.028889 0.021275 0.150213 0.014687 0.017987 0.144445 0.016758 0.032689 0.569248 0.029555 0.021932 0.152208 0.015178 
0.000410 0.011809 0.000764 0.001732 0.967851 0.001397 0.001080 0.014547 0.000410 0.000422 0.011998 0.000779 0.001757 0.967297 0.001415 0.001110 0.014803 0.000418 0.016671 0.144411 0.017881 0.031889 0.576806 0.027698 0.020545 0.151061 0.013039 0.017261 0.145895 0.018393 0.032685 0.569718 0.028398 0.021203 0.152983 0.013464 
0.000374 0.012366 0.000729 0.001065 0.967086 0.001233 0.000915 0.015934 0.000299 0.000386 0.012582 0.000752 0.001079 0.966464 0.001252 0.000942 0.016237 0.000307 0.014141 0.143946 0.016382 0.029719 0.580267 0.028785 0.020305 0.153379 0.013076 0.014662 0.145450 0.016895 0.030494 0.573090 0.029466 0.020950 0.155440 0.013553 
0.000393 0.011689 0.000562 0.001424 0.968043 0.001330 0.001349 0.014892 0.000318 0.000402 0.011892 0.000576 0.001449 0.967459 0.001347 0.001393 0.015153 0.000327 0.015060 0.145996 0.017683 0.027611 0.578533 0.028847 0.020249 0.153770 0.012251 0.015629 0.147468 0.018231 0.028309 0.571396 0.029476 0.020981 0.155795 0.012714 
0.000483 0.012083 0.000613 0.001245 0.966020 0.001394 0.001376 0.016544 0.000242 0.000492 0.012295 0.000631 0.001265 0.965371 0.001419 0.001418 0.016863 0.000247 0.013737 0.144435 0.015615 0.029259 0.574745 0.027493 0.021842 0.161164 0.011711 0.014250 0.145904 0.016131 0.030025 0.567593 0.028192 0.022575 0.163196 0.012134 
0.000747 0.012551 0.000691 0.001270 0.964849 0.001139 0.001345 0.017108 0.000299 0.000771 0.012774 0.000707 0.001292 0.964152 0.001157 0.001387 0.017453 0.000307 0.014512 0.148559 0.017127 0.026989 0.571823 0.026484 0.020825 0.161708 0.011972 0.015083 0.150079 0.017648 0.027711 0.564659 0.027120 0.021522 0.163752 0.012427 
0.000464 0.012398 0.000594 0.001206 0.964811 0.001114 0.001114 0.017817 0.000483 0.000479 0.012642 0.000606 0.001223 0.964087 0.001132 0.001151 0.018186 0.000495 0.014551 0.148958 0.015646 0.027301 0.564577 0.026503 0.023181 0.167239 0.012045 0.015142 0.150434 0.016124 0.028020 0.557178 0.027224 0.024039 0.169323 0.012516 
0.000634 0.011414 0.000504 0.001026 0.967065 0.000970 0.001529 0.016486 0.000373 0.000654 0.011627 0.000518 0.001041 0.966374 0.000984 0.001583 0.016838 0.000382 0.014025 0.150298 0.014827 0.024431 0.563465 0.024897 0.021802 0.174692 0.011563 0.014631 0.151744 0.015337 0.025077 0.556115 0.025512 0.022684 0.176902 0.011999 
0.000523 0.012910 0.000803 0.001084 0.965791 0.000710 0.001569 0.016142 0.000467 0.000534 0.013194 0.000824 0.001104 0.965030 0.000720 0.001625 0.016487 0.000481 0.013975 0.156360 0.015152 0.023074 0.561150 0.024382 0.020626 0.173137 0.012144 0.014565 0.157997 0.015647 0.023687 0.553701 0.024974 0.021474 0.175312 0.012643 
0.000523 0.011012 0.000691 0.000840 0.969933 0.000728 0.001269 0.014632 0.000373 0.000543 0.011229 0.000705 0.000852 0.969257 0.000738 0.001313 0.014981 0.000383 0.015696 0.157596 0.015286 0.021071 0.563755 0.021837 0.021333 0.171613 0.011814 0.016382 0.159207 0.015865 0.021676 0.556137 0.022363 0.022201 0.173858 0.012312 
0.000543 0.010489 0.000937 0.000524 0.972823 0.000506 0.001199 0.012793 0.000187 0.000562 0.010720 0.000961 0.000533 0.972201 0.000517 0.001236 0.013077 0.000193 0.013767 0.155816 0.016239 0.019910 0.565406 0.021352 0.020247 0.175351 0.011912 0.014363 0.157403 0.016858 0.020447 0.557876 0.021954 0.021106 0.177606 0.012387 
0.000303 0.009057 0.000718 0.000397 0.975194 0.000359 0.001305 0.012403 0.000265 0.000310 0.009250 0.000751 0.000409 0.974629 0.000366 0.001344 0.012665 0.000276 0.014161 0.158669 0.015561 0.019210 0.566723 0.021138 0.020117 0.172679 0.011741 0.014766 0.160319 0.016146 0.019775 0.559205 0.021688 0.021000 0.174878 0.012222 
0.000318 0.010076 0.000636 0.000411 0.973585 0.000299 0.001271 0.013049 0.000355 0.000328 0.010298 0.000652 0.000419 0.972947 0.000305 0.001320 0.013366 0.000365 0.013722 0.158977 0.014638 0.017797 0.565505 0.020040 0.021237 0.176195 0.011890 0.014388 0.160714 0.015237 0.018326 0.557785 0.020599 0.022149 0.178443 0.012358 
0.000651 0.009530 0.000540 0.000409 0.972973 0.000409 0.001284 0.013867 0.000335 0.000679 0.009750 0.000554 0.000414 0.972319 0.000414 0.001330 0.014192 0.000346 0.014984 0.164076 0.013774 0.016510 0.562699 0.019060 0.019879 0.176622 0.012396 0.015687 0.165834 0.014315 0.017037 0.554865 0.019547 0.020785 0.178997 0.012932 
0.000592 0.009600 0.000351 0.000425 0.976546 0.000185 0.000943 0.010913 0.000444 0.000612 0.009800 0.000363 0.000432 0.976005 0.000188 0.000982 0.011161 0.000457 0.015241 0.168929 0.014279 0.016369 0.558394 0.017128 0.018182 0.179010 0.012467 0.015924 0.170815 0.014852 0.016938 0.550470 0.017589 0.019070 0.181348 0.012994 
0.000553 0.009049 0.000627 0.000221 0.977479 0.000184 0.000866 0.010579 0.000442 0.000566 0.009263 0.000652 0.000226 0.976926 0.000187 0.000893 0.010828 0.000460 0.014578 0.162787 0.015223 0.014651 0.556201 0.017342 0.019259 0.186746 0.013214 0.015197 0.164562 0.015883 0.015155 0.548127 0.017821 0.020162 0.189318 0.013775 
0.000445 0.008395 0.000482 0.000130 0.980226 0.000259 0.000890 0.008988 0.000185 0.000461 0.008588 0.000500 0.000131 0.979754 0.000264 0.000918 0.009196 0.000190 0.014566 0.167176 0.014029 0.014992 0.558366 0.017031 0.018217 0.182261 0.013362 0.015240 0.168952 0.014640 0.015519 0.550411 0.017549 0.019075 0.184717 0.013896 
0.000463 0.008495 0.000481 0.000167 0.980141 0.000296 0.001110 0.008551 0.000296 0.000477 0.008672 0.000495 0.000169 0.979676 0.000301 0.001160 0.008745 0.000306 0.014973 0.165738 0.013973 0.014732 0.557791 0.016046 0.018360 0.185597 0.012789 0.015624 0.167680 0.014570 0.015210 0.549721 0.016552 0.019288 0.188075 0.013279 
0.000421 0.007384 0.000385 0.000348 0.981018 0.000238 0.000916 0.009106 0.000183 0.000433 0.007556 0.000394 0.000356 0.980544 0.000243 0.000954 0.009333 0.000187 0.015006 0.163286 0.014291 0.016123 0.553546 0.017516 0.019513 0.187874 0.012844 0.015637 0.165055 0.014925 0.016706 0.545309 0.018023 0.020499 0.190451 0.013396 
0.000332 0.006544 0.000461 0.000184 0.981751 0.000184 0.000940 0.009290 0.000313 0.000344 0.006687 0.000479 0.000186 0.981302 0.000187 0.000966 0.009527 0.000321 0.014691 0.170154 0.014322 0.013825 0.554865 0.016258 0.018672 0.185305 0.011908 0.015325 0.171982 0.014982 0.014327 0.546691 0.016758 0.019605 0.187926 0.012404 
0.000257 0.006785 0.000385 0.000073 0.982524 0.000220 0.000715 0.008766 0.000275 0.000266 0.006941 0.000396 0.000074 0.982068 0.000223 0.000743 0.009004 0.000286 0.014817 0.169317 0.015184 0.015092 0.547982 0.015056 0.018577 0.190552 0.013424 0.015476 0.171193 0.015829 0.015638 0.539639 0.015598 0.019512 0.193130 0.013984 
0.000459 0.006301 0.000331 0.000257 0.983779 0.000184 0.000808 0.007715 0.000165 0.000477 0.006445 0.000340 0.000263 0.983392 0.000186 0.000840 0.007888 0.000169 0.014475 0.165770 0.013594 0.014916 0.553227 0.015137 0.019380 0.189981 0.013520 0.015170 0.167602 0.014181 0.015478 0.544964 0.015629 0.020389 0.192503 0.014084 
0.000237 0.006622 0.000365 0.000146 0.983581 0.000237 0.000894 0.007826 0.000091 0.000243 0.006768 0.000382 0.000147 0.983160 0.000244 0.000937 0.008027 0.000092 0.013409 0.172310 0.013938 0.014339 0.548564 0.013646 0.019448 0.191265 0.013081 0.013984 0.174194 0.014553 0.014900 0.540268 0.014096 0.020470 0.193925 0.013610 
0.000434 0.007016 0.000380 0.000072 0.982009 0.000199 0.000976 0.008553 0.000362 0.000451 0.007190 0.000391 0.000073 0.981525 0.000203 0.001013 0.008780 0.000373 0.015279 0.171308 0.013887 0.015207 0.546525 0.014249 0.017756 0.192210 0.013579 0.015961 0.173225 0.014524 0.015782 0.538007 0.014702 0.018745 0.194871 0.014184 
0.000327 0.007046 0.000490 0.000127 0.983058 0.000073 0.000835 0.007736 0.000309 0.000337 0.007212 0.000512 0.000131 0.982617 0.000074 0.000869 0.007926 0.000322 0.014436 0.173328 0.013819 0.013365 0.545243 0.014527 0.019485 0.193194 0.012602 0.015116 0.175324 0.014447 0.013874 0.536723 0.014970 0.020584 0.195820 0.013141 
0.000383 0.006089 0.000401 0.000055 0.985708 0.000182 0.000401 0.006472 0.000310 0.000396 0.006220 0.000417 0.000056 0.985353 0.000184 0.000421 0.006633 0.000321 0.015642 0.176870 0.013636 0.013272 0.544026 0.012943 0.018230 0.191490 0.013891 0.016373 0.178983 0.014283 0.013781 0.535545 0.013369 0.019176 0.194022 0.014468 
0.000419 0.005575 0.000273 0.000128 0.986883 0.000055 0.000528 0.005903 0.000237 0.000436 0.005696 0.000289 0.000130 0.986552 0.000056 0.000554 0.006045 0.000242 0.015303 0.172472 0.013281 0.013591 0.541647 0.013117 0.018419 0.198324 0.013846 0.016083 0.174396 0.013886 0.014069 0.533074 0.013540 0.019474 0.201006 0.014472 
0.000434 0.006007 0.000344 0.000072 0.985507 0.000072 0.000344 0.007002 0.000217 0.000453 0.006139 0.000358 0.000073 0.985139 0.000074 0.000361 0.007180 0.000221 0.014420 0.172321 0.014674 0.014619 0.542583 0.013081 0.018093 0.196765 0.013443 0.015072 0.174229 0.015389 0.015158 0.534084 0.013510 0.019072 0.199438 0.014049 
0.000191 0.005417 0.000408 0.000136 0.986688 0.000109 0.000735 0.005989 0.000327 0.000197 0.005534 0.000422 0.000141 0.986326 0.000110 0.000764 0.006167 0.000339 0.013938 0.172701 0.014074 0.014755 0.537486 0.013639 0.019029 0.199842 0.014537 0.014537 0.174544 0.014727 0.015278 0.528881 0.014102 0.020114 0.202646 0.015171 
