0.003640 0.006749 0.001479 0.006862 0.971110 0.003715 0.001535 0.002995 0.001915 0.003786 0.006864 0.001559 0.006984 0.970236 0.003817 0.001613 0.003126 0.002014 0.023639 0.029876 0.016170 0.031506 0.816159 0.024928 0.015829 0.024966 0.016928 0.024615 0.030712 0.016790 0.032399 0.809826 0.025748 0.016400 0.025937 0.017572 
0.003285 0.006585 0.002268 0.007471 0.968589 0.004579 0.001933 0.003489 0.001802 0.003434 0.006799 0.002379 0.007658 0.967471 0.004682 0.002017 0.003675 0.001885 0.023024 0.029638 0.017196 0.040292 0.794729 0.034798 0.018460 0.024798 0.017065 0.023861 0.030646 0.017855 0.041656 0.787473 0.035996 0.019137 0.025741 0.017635 
0.002920 0.005780 0.001923 0.006693 0.972014 0.004013 0.001935 0.002956 0.001766 0.003053 0.005915 0.002025 0.006819 0.971007 0.004170 0.002039 0.003098 0.001875 0.020500 0.027012 0.017592 0.039954 0.804749 0.033513 0.017904 0.022843 0.015933 0.021341 0.027955 0.018323 0.041299 0.797241 0.034807 0.018628 0.023796 0.016608 
0.005107 0.010751 0.002759 0.011987 0.952499 0.005877 0.002939 0.005017 0.003064 0.005250 0.010984 0.002893 0.012115 0.951289 0.006037 0.003052 0.005150 0.003228 0.030604 0.045512 0.026824 0.057948 0.700837 0.050099 0.024763 0.037019 0.026394 0.031493 0.046576 0.027644 0.059064 0.693227 0.051390 0.025432 0.038022 0.027150 
0.007904 0.037651 0.001955 0.038586 0.891722 0.007904 0.002975 0.010114 0.001190 0.007913 0.037857 0.002004 0.038662 0.891059 0.008016 0.003015 0.010268 0.001206 0.046320 0.101649 0.034931 0.097314 0.527537 0.060683 0.040116 0.062298 0.029152 0.046652 0.102101 0.035498 0.097737 0.523835 0.061235 0.040624 0.062762 0.029556 
0.002943 0.008219 0.003416 0.013529 0.963980 0.002943 0.001082 0.002384 0.001505 0.003020 0.008337 0.003717 0.013599 0.963022 0.003070 0.001140 0.002481 0.001613 0.018467 0.042447 0.020817 0.041686 0.780072 0.030372 0.016065 0.033721 0.016353 0.019039 0.043496 0.022150 0.042458 0.772827 0.031471 0.016664 0.034822 0.017075 
0.001123 0.006612 0.000421 0.007993 0.978678 0.002668 0.000655 0.001603 0.000246 0.001153 0.006734 0.000441 0.008077 0.978224 0.002760 0.000684 0.001665 0.000262 0.011796 0.039040 0.009397 0.033692 0.833563 0.024541 0.010965 0.029128 0.007876 0.012277 0.040353 0.009822 0.034606 0.827458 0.025486 0.011456 0.030333 0.008211 
0.001835 0.008848 0.000377 0.016656 0.964412 0.003630 0.000755 0.003292 0.000195 0.001863 0.008938 0.000387 0.016797 0.963898 0.003733 0.000773 0.003406 0.000204 0.015211 0.043187 0.010032 0.041418 0.814108 0.024203 0.011620 0.030644 0.009577 0.015756 0.044352 0.010459 0.042329 0.808174 0.025062 0.012073 0.031832 0.009963 
0.002846 0.011958 0.000845 0.010242 0.965492 0.004042 0.000754 0.003418 0.000403 0.002917 0.012112 0.000867 0.010313 0.964912 0.004154 0.000765 0.003540 0.000420 0.018391 0.044750 0.012426 0.035106 0.811212 0.027451 0.012517 0.027984 0.010164 0.019089 0.045964 0.012922 0.035926 0.805238 0.028348 0.012944 0.029026 0.010543 
0.001941 0.014578 0.000581 0.010611 0.963847 0.004208 0.000836 0.003159 0.000241 0.001972 0.014688 0.000603 0.010706 0.963339 0.004326 0.000860 0.003248 0.000258 0.013940 0.040559 0.010058 0.033405 0.834944 0.024140 0.010044 0.024763 0.008146 0.014461 0.041677 0.010480 0.034317 0.829246 0.025095 0.010443 0.025764 0.008517 
0.003324 0.021346 0.000624 0.013060 0.953064 0.002263 0.000874 0.005118 0.000328 0.003360 0.021583 0.000655 0.013183 0.952329 0.002368 0.000899 0.005285 0.000337 0.012639 0.046530 0.010158 0.035062 0.831136 0.022298 0.008801 0.026511 0.006866 0.013203 0.047733 0.010653 0.036004 0.824929 0.023417 0.009190 0.027657 0.007213 
0.005602 0.038554 0.000856 0.023044 0.918891 0.002732 0.001766 0.008196 0.000359 0.005637 0.038907 0.000878 0.023186 0.917895 0.002834 0.001798 0.008462 0.000403 0.022271 0.071257 0.014296 0.059556 0.731254 0.033310 0.017193 0.038775 0.012088 0.023001 0.072325 0.014756 0.060657 0.724440 0.034423 0.017703 0.040039 0.012656 
0.004204 0.025580 0.000709 0.029987 0.928984 0.002887 0.000709 0.006940 0.000000 0.004230 0.025677 0.000725 0.030162 0.928301 0.002976 0.000734 0.007194 0.000000 0.016462 0.055617 0.011346 0.069902 0.755496 0.038041 0.011245 0.032975 0.008915 0.016946 0.056419 0.011786 0.070961 0.749654 0.039220 0.011703 0.034116 0.009195 
0.004964 0.020763 0.000947 0.027716 0.936175 0.003221 0.001080 0.004755 0.000379 0.005033 0.020981 0.001006 0.027876 0.935341 0.003325 0.001097 0.004933 0.000407 0.018509 0.051606 0.011689 0.051852 0.786682 0.025765 0.009624 0.034991 0.009283 0.019121 0.052799 0.012402 0.052939 0.779476 0.026991 0.010077 0.036464 0.009730 
0.003108 0.013379 0.000721 0.014235 0.960493 0.003619 0.000826 0.003258 0.000360 0.003144 0.013530 0.000737 0.014368 0.959804 0.003769 0.000849 0.003418 0.000381 0.012824 0.048186 0.008064 0.033996 0.824419 0.020647 0.008199 0.035888 0.007778 0.013331 0.049468 0.008459 0.034966 0.818217 0.021551 0.008607 0.037275 0.008127 
0.003060 0.015877 0.000663 0.013973 0.956585 0.004131 0.000833 0.004539 0.000340 0.003099 0.016096 0.000689 0.014130 0.955763 0.004282 0.000864 0.004711 0.000366 0.009468 0.041409 0.006969 0.031890 0.853930 0.018920 0.006629 0.025141 0.005644 0.009811 0.042724 0.007326 0.032753 0.848312 0.019786 0.006935 0.026422 0.005931 
0.001317 0.011040 0.000753 0.015515 0.962071 0.003157 0.000836 0.004976 0.000335 0.001360 0.011152 0.000786 0.015703 0.961286 0.003306 0.000882 0.005165 0.000361 0.007653 0.038703 0.006377 0.031301 0.859010 0.018337 0.006231 0.027015 0.005374 0.008055 0.039868 0.006721 0.032149 0.853461 0.019297 0.006479 0.028297 0.005674 
0.001829 0.007363 0.000520 0.011541 0.969918 0.002933 0.001009 0.004509 0.000378 0.001854 0.007456 0.000540 0.011664 0.969280 0.003051 0.001056 0.004704 0.000394 0.008892 0.035711 0.008072 0.029909 0.853183 0.020796 0.007568 0.028853 0.007016 0.009291 0.036759 0.008494 0.030778 0.847578 0.021810 0.007922 0.029987 0.007381 
0.002734 0.009070 0.000678 0.011529 0.967024 0.002734 0.001293 0.004281 0.000657 0.002775 0.009225 0.000700 0.011695 0.966215 0.002825 0.001340 0.004523 0.000700 0.017590 0.046730 0.013436 0.040245 0.784512 0.030666 0.014856 0.039376 0.012588 0.018195 0.047879 0.014015 0.041198 0.777517 0.031813 0.015469 0.040708 0.013207 
0.002191 0.009671 0.000688 0.010341 0.967509 0.003242 0.001358 0.004528 0.000471 0.002238 0.009831 0.000724 0.010448 0.966820 0.003348 0.001403 0.004695 0.000491 0.016010 0.044715 0.013040 0.038503 0.794679 0.029013 0.014941 0.036113 0.012985 0.016523 0.045835 0.013585 0.039393 0.788519 0.029943 0.015497 0.037288 0.013416 
0.001488 0.007880 0.000698 0.007060 0.975433 0.002505 0.001093 0.003143 0.000698 0.001511 0.007982 0.000718 0.007155 0.974870 0.002595 0.001146 0.003280 0.000744 0.012192 0.038839 0.012526 0.030275 0.827139 0.023671 0.013953 0.030776 0.010628 0.012631 0.039851 0.012992 0.031117 0.821515 0.024545 0.014467 0.031804 0.011079 
0.000866 0.004968 0.000737 0.004693 0.983667 0.002224 0.000390 0.002166 0.000289 0.000889 0.005084 0.000770 0.004750 0.983138 0.002327 0.000434 0.002297 0.000311 0.008910 0.028478 0.009488 0.022731 0.874029 0.019149 0.008650 0.022196 0.006369 0.009330 0.029477 0.009910 0.023488 0.868920 0.020000 0.009086 0.023111 0.006679 
0.000499 0.004370 0.000337 0.006056 0.984765 0.001584 0.000440 0.001804 0.000147 0.000514 0.004477 0.000351 0.006128 0.984385 0.001650 0.000464 0.001876 0.000154 0.007713 0.025455 0.007962 0.022229 0.885806 0.017361 0.008519 0.018754 0.006202 0.008040 0.026498 0.008361 0.022950 0.880977 0.018192 0.008888 0.019596 0.006498 
0.001072 0.007769 0.000636 0.007652 0.977596 0.002361 0.000519 0.002177 0.000218 0.001085 0.007917 0.000661 0.007757 0.977044 0.002439 0.000549 0.002319 0.000227 0.007887 0.029353 0.008188 0.022521 0.880628 0.016209 0.008523 0.020696 0.005995 0.008198 0.030264 0.008581 0.023164 0.876211 0.016857 0.008900 0.021589 0.006237 
0.001167 0.007652 0.000692 0.008408 0.975985 0.002529 0.000454 0.002896 0.000216 0.001181 0.007747 0.000722 0.008562 0.975358 0.002632 0.000476 0.003096 0.000225 0.006809 0.028338 0.005771 0.021205 0.894257 0.013683 0.005447 0.019951 0.004539 0.007021 0.029500 0.006100 0.021951 0.889582 0.014407 0.005695 0.020958 0.004787 
0.000868 0.006681 0.000531 0.008732 0.978315 0.002629 0.000289 0.001857 0.000096 0.000874 0.006769 0.000548 0.008872 0.977826 0.002734 0.000298 0.001981 0.000099 0.005572 0.027184 0.004318 0.019514 0.905422 0.012205 0.003956 0.017777 0.004052 0.005785 0.028223 0.004521 0.020131 0.901438 0.012811 0.004153 0.018707 0.004231 
0.001160 0.010684 0.000701 0.007952 0.975853 0.001644 0.000242 0.001692 0.000073 0.001177 0.010767 0.000729 0.008140 0.975304 0.001707 0.000261 0.001823 0.000091 0.004979 0.027676 0.003481 0.017355 0.914677 0.009596 0.003239 0.015904 0.003094 0.005169 0.028647 0.003682 0.018168 0.910588 0.010174 0.003381 0.016931 0.003260 
0.002465 0.014900 0.000466 0.006262 0.970288 0.002221 0.000955 0.002087 0.000355 0.002499 0.015013 0.000492 0.006407 0.969635 0.002298 0.001111 0.002179 0.000365 0.011258 0.033553 0.006973 0.018586 0.877712 0.014412 0.011347 0.018098 0.008061 0.011595 0.034561 0.007358 0.019256 0.872395 0.015162 0.012294 0.018981 0.008397 
0.000889 0.016214 0.000776 0.007852 0.964451 0.006489 0.000624 0.001759 0.000946 0.000911 0.016328 0.000847 0.008062 0.963523 0.006769 0.000668 0.001883 0.001009 0.010935 0.037195 0.009422 0.022457 0.861511 0.018995 0.009781 0.019203 0.010500 0.011334 0.038267 0.010121 0.023245 0.855368 0.019953 0.010429 0.020244 0.011039 
0.003622 0.017814 0.000986 0.015980 0.932665 0.021046 0.002086 0.004792 0.001009 0.003702 0.018031 0.001022 0.016264 0.930984 0.021627 0.002307 0.004986 0.001076 0.015705 0.037828 0.007245 0.034596 0.826058 0.034114 0.013274 0.021940 0.009239 0.016322 0.038996 0.007647 0.035759 0.818636 0.035412 0.014328 0.023180 0.009720 
0.012660 0.026712 0.001393 0.030004 0.882306 0.020762 0.005992 0.019665 0.000506 0.013161 0.027158 0.001410 0.030827 0.878875 0.021351 0.006433 0.020264 0.000521 0.026079 0.043254 0.006035 0.057054 0.774655 0.034815 0.020256 0.032747 0.005106 0.027615 0.044358 0.006289 0.059579 0.764689 0.036196 0.022040 0.033867 0.005365 
0.005882 0.018466 0.002694 0.023953 0.937964 0.004173 0.001380 0.005192 0.000296 0.005985 0.018663 0.002730 0.024057 0.937185 0.004254 0.001420 0.005394 0.000312 0.013045 0.035191 0.011435 0.042945 0.840803 0.020996 0.009595 0.019616 0.006374 0.013652 0.036290 0.011962 0.043871 0.834761 0.022027 0.010021 0.020598 0.006819 
0.002048 0.015813 0.002484 0.029444 0.940776 0.003861 0.000974 0.004264 0.000336 0.002178 0.016119 0.002564 0.029693 0.939614 0.004022 0.001017 0.004407 0.000385 0.018566 0.040255 0.016082 0.057814 0.785295 0.027296 0.017190 0.025046 0.012456 0.019519 0.041638 0.016910 0.059063 0.776337 0.028719 0.018301 0.026420 0.013094 
0.003473 0.020466 0.001042 0.042205 0.919086 0.005579 0.001343 0.006205 0.000602 0.003572 0.020772 0.001097 0.042544 0.917674 0.005796 0.001411 0.006485 0.000648 0.022480 0.057971 0.016715 0.077835 0.716349 0.036857 0.016993 0.040654 0.014145 0.023246 0.059642 0.017586 0.079119 0.707127 0.038271 0.017823 0.042430 0.014755 
0.003020 0.016332 0.000856 0.037444 0.931553 0.004102 0.000981 0.005209 0.000503 0.003084 0.016556 0.000886 0.037687 0.930440 0.004285 0.000998 0.005527 0.000535 0.011752 0.041823 0.009235 0.061325 0.806085 0.024938 0.009286 0.026926 0.008631 0.012337 0.043244 0.009774 0.062495 0.798517 0.026345 0.009793 0.028453 0.009042 
0.006505 0.022915 0.001321 0.042113 0.914943 0.005405 0.000831 0.005527 0.000440 0.006557 0.023200 0.001370 0.042399 0.913852 0.005586 0.000852 0.005713 0.000472 0.023355 0.051113 0.014135 0.070042 0.754928 0.030350 0.014356 0.029934 0.011788 0.024158 0.052419 0.014944 0.071164 0.746731 0.031717 0.015235 0.031182 0.012449 
0.015805 0.029917 0.001181 0.052139 0.888091 0.005300 0.001628 0.005460 0.000479 0.015848 0.030287 0.001201 0.052385 0.886890 0.005448 0.001683 0.005758 0.000499 0.026660 0.060983 0.014432 0.081897 0.734451 0.031577 0.011367 0.028480 0.010153 0.027167 0.062473 0.015208 0.082894 0.727281 0.032737 0.011799 0.029849 0.010593 
0.020338 0.070606 0.002169 0.036821 0.856523 0.004482 0.001398 0.007229 0.000434 0.020385 0.071023 0.002216 0.036963 0.855072 0.004813 0.001453 0.007581 0.000494 0.026748 0.090077 0.008000 0.054750 0.767314 0.018314 0.006988 0.021736 0.006073 0.027054 0.091186 0.008271 0.055881 0.761210 0.019494 0.007224 0.023089 0.006591 
0.010385 0.049674 0.001096 0.022847 0.892113 0.004269 0.002654 0.016270 0.000692 0.010407 0.049926 0.001140 0.022953 0.890822 0.004467 0.002701 0.016840 0.000743 0.018750 0.068597 0.006981 0.042289 0.795419 0.020827 0.009058 0.032654 0.005423 0.019108 0.069429 0.007340 0.043509 0.789166 0.022105 0.009322 0.034282 0.005740 
0.007869 0.061972 0.001066 0.028937 0.869579 0.004427 0.004263 0.021231 0.000656 0.007890 0.062566 0.001129 0.029096 0.867546 0.004624 0.004348 0.022081 0.000720 0.013034 0.078531 0.008853 0.043528 0.779900 0.021149 0.010329 0.037216 0.007460 0.013203 0.079703 0.009259 0.044688 0.773108 0.022550 0.010683 0.038916 0.007890 
0.004705 0.066701 0.000967 0.026294 0.867049 0.006187 0.002384 0.024747 0.000967 0.004720 0.067479 0.000995 0.026490 0.864810 0.006368 0.002444 0.025674 0.001021 0.018625 0.100535 0.015725 0.053619 0.693175 0.032481 0.017207 0.055294 0.013340 0.018975 0.101914 0.016178 0.054440 0.686475 0.033538 0.017613 0.057001 0.013866 
0.002945 0.035833 0.001595 0.028777 0.911646 0.011351 0.000552 0.006933 0.000368 0.002996 0.036157 0.001647 0.028946 0.910273 0.011712 0.000569 0.007314 0.000386 0.007976 0.063075 0.008038 0.042152 0.815622 0.022518 0.005829 0.029636 0.005154 0.008167 0.064753 0.008455 0.042903 0.809141 0.023466 0.006154 0.031420 0.005542 
