0.001079 0.010787 0.001079 0.006203 0.959817 0.004045 0.002427 0.012136 0.002427 0.001192 0.011681 0.001172 0.006502 0.956612 0.004287 0.002742 0.013218 0.002593 0.007551 0.033981 0.005663 0.027778 0.871899 0.015372 0.004854 0.029126 0.003776 0.008150 0.036357 0.006127 0.029376 0.862870 0.016325 0.005472 0.030970 0.004354 
0.000000 0.004349 0.000256 0.002558 0.985418 0.003070 0.000512 0.003581 0.000256 0.000000 0.004589 0.000259 0.002857 0.984366 0.003247 0.000563 0.003839 0.000280 0.004861 0.018931 0.004861 0.016628 0.922742 0.012791 0.002047 0.015093 0.002047 0.005191 0.020359 0.005137 0.017711 0.917667 0.013516 0.002143 0.016132 0.002143 
0.000000 0.006513 0.000752 0.003758 0.972194 0.005261 0.000251 0.008517 0.002756 0.000000 0.006849 0.000813 0.003941 0.970496 0.005584 0.000254 0.009049 0.003015 0.003507 0.028808 0.005010 0.019038 0.894790 0.019790 0.002004 0.022545 0.004509 0.003690 0.030639 0.005374 0.020016 0.887967 0.021197 0.002151 0.024000 0.004965 
0.000765 0.002805 0.000510 0.002805 0.979347 0.002805 0.002040 0.007139 0.001785 0.000787 0.002971 0.000565 0.002986 0.977996 0.002977 0.002161 0.007608 0.001950 0.006629 0.017338 0.005609 0.016318 0.917134 0.013004 0.003825 0.016828 0.003315 0.007151 0.018127 0.005930 0.017306 0.911769 0.013663 0.004178 0.018226 0.003651 
0.000251 0.002011 0.000251 0.001257 0.990447 0.001508 0.000503 0.003771 0.000000 0.000252 0.002168 0.000265 0.001295 0.989949 0.001564 0.000510 0.003997 0.000000 0.002011 0.015586 0.004022 0.014580 0.933132 0.011312 0.001508 0.016843 0.001006 0.002111 0.016654 0.004302 0.015140 0.929447 0.011883 0.001619 0.017787 0.001057 
0.000231 0.011553 0.000462 0.006470 0.950786 0.006470 0.000924 0.022874 0.000231 0.000233 0.012287 0.000505 0.006825 0.947653 0.006848 0.001005 0.024411 0.000233 0.004621 0.038355 0.007625 0.022643 0.854436 0.021257 0.004621 0.045287 0.001155 0.004900 0.040548 0.008160 0.023801 0.845143 0.022750 0.004950 0.048525 0.001223 
0.000000 0.005668 0.000236 0.003543 0.974020 0.002834 0.001653 0.011809 0.000236 0.000000 0.005912 0.000240 0.003715 0.972447 0.003147 0.001738 0.012555 0.000246 0.004251 0.024799 0.005196 0.020784 0.894662 0.012282 0.005196 0.031176 0.001653 0.004587 0.026084 0.005471 0.021957 0.887694 0.013236 0.005607 0.033537 0.001825 
0.000674 0.010552 0.000898 0.006960 0.952627 0.005164 0.002694 0.019982 0.000449 0.000746 0.011182 0.000942 0.007514 0.949195 0.005511 0.002818 0.021561 0.000530 0.004041 0.034351 0.007858 0.029412 0.849573 0.026044 0.008981 0.037270 0.002470 0.004293 0.036178 0.008281 0.030972 0.840183 0.027456 0.009575 0.040351 0.002710 
0.000464 0.002782 0.000232 0.003709 0.984933 0.002782 0.000927 0.004172 0.000000 0.000473 0.002875 0.000244 0.003982 0.984024 0.003049 0.000974 0.004379 0.000000 0.003245 0.014372 0.002550 0.021790 0.915624 0.019008 0.003941 0.017617 0.001854 0.003401 0.015207 0.002672 0.022858 0.910891 0.020005 0.004236 0.018754 0.001975 
0.000901 0.013063 0.001577 0.003153 0.945495 0.008333 0.002703 0.022523 0.002252 0.001018 0.014069 0.001737 0.003341 0.941281 0.008929 0.002904 0.024321 0.002398 0.003604 0.031982 0.005180 0.020270 0.854279 0.031306 0.004955 0.042793 0.005631 0.003887 0.034166 0.005615 0.021055 0.844308 0.033442 0.005357 0.046016 0.006154 
0.000955 0.001671 0.000000 0.001909 0.987351 0.001193 0.000477 0.006205 0.000239 0.001020 0.001724 0.000000 0.002015 0.986582 0.001278 0.000511 0.006614 0.000256 0.004535 0.010501 0.004057 0.010740 0.935322 0.009547 0.004057 0.018138 0.003103 0.004955 0.010965 0.004287 0.011556 0.931310 0.009918 0.004363 0.019449 0.003197 
0.000239 0.001671 0.000478 0.003820 0.985673 0.003343 0.000478 0.004059 0.000239 0.000244 0.001768 0.000506 0.004151 0.984749 0.003499 0.000506 0.004279 0.000298 0.003820 0.015759 0.004537 0.014088 0.930038 0.012894 0.002627 0.014804 0.001433 0.004089 0.016966 0.004896 0.015124 0.925221 0.013678 0.002841 0.015608 0.001578 
0.000470 0.001409 0.000235 0.003288 0.989197 0.001409 0.000235 0.003758 0.000000 0.000523 0.001444 0.000245 0.003442 0.988655 0.001443 0.000266 0.003982 0.000000 0.005402 0.019023 0.004697 0.013621 0.934476 0.007280 0.001879 0.012212 0.001409 0.005849 0.020143 0.005157 0.014388 0.930089 0.007719 0.001994 0.013130 0.001532 
0.000213 0.013839 0.000000 0.004471 0.957207 0.005110 0.001703 0.017245 0.000213 0.000258 0.015046 0.000000 0.004805 0.953745 0.005387 0.001843 0.018683 0.000233 0.007452 0.036832 0.004471 0.020651 0.863530 0.023419 0.004471 0.037897 0.001277 0.008071 0.039546 0.004628 0.021890 0.853729 0.024824 0.004810 0.041086 0.001417 
0.000208 0.009587 0.001042 0.005836 0.961651 0.007712 0.000834 0.012088 0.001042 0.000240 0.010293 0.001179 0.006363 0.958796 0.008202 0.000904 0.012887 0.001136 0.004585 0.031888 0.006253 0.019591 0.873697 0.023968 0.005211 0.031471 0.003335 0.004929 0.034176 0.006785 0.021108 0.864168 0.025954 0.005514 0.033682 0.003684 
0.000431 0.002154 0.001293 0.002585 0.987075 0.001939 0.000431 0.002801 0.001293 0.000541 0.002531 0.001490 0.002772 0.985520 0.002162 0.000459 0.003103 0.001421 0.002154 0.015080 0.006247 0.017234 0.926540 0.014433 0.003016 0.013141 0.002154 0.002372 0.016062 0.006776 0.018184 0.921577 0.015457 0.003211 0.013936 0.002425 
0.000795 0.006562 0.000994 0.005170 0.965798 0.004375 0.002386 0.013323 0.000597 0.000830 0.006849 0.001022 0.005310 0.964072 0.004652 0.002545 0.014080 0.000639 0.005568 0.032611 0.008153 0.024259 0.857228 0.019686 0.009346 0.039372 0.003778 0.005847 0.034192 0.008624 0.025567 0.849615 0.020859 0.009946 0.041490 0.003860 
0.000578 0.006748 0.001735 0.004241 0.965683 0.003856 0.003663 0.012724 0.000771 0.000624 0.007045 0.001937 0.004410 0.963481 0.004148 0.003897 0.013533 0.000924 0.005205 0.028340 0.010989 0.022556 0.855986 0.019665 0.011567 0.041643 0.004049 0.005601 0.029887 0.011617 0.023578 0.847771 0.020843 0.012457 0.043931 0.004315 
0.001474 0.010874 0.002212 0.004055 0.953373 0.005160 0.004423 0.018245 0.000184 0.001583 0.011532 0.002400 0.004339 0.950176 0.005498 0.004948 0.019337 0.000187 0.008109 0.035938 0.010136 0.027276 0.824364 0.023590 0.012532 0.054552 0.003502 0.008818 0.038204 0.010958 0.028810 0.812856 0.025232 0.013730 0.057767 0.003625 
0.000902 0.007399 0.001263 0.001444 0.973470 0.003068 0.002346 0.009565 0.000541 0.000934 0.007855 0.001383 0.001485 0.971773 0.003267 0.002500 0.010257 0.000546 0.003068 0.023822 0.006136 0.017506 0.890092 0.015340 0.008663 0.031583 0.003790 0.003290 0.025294 0.006654 0.018262 0.882862 0.016261 0.009383 0.033878 0.004117 
0.000910 0.004093 0.001137 0.003865 0.976580 0.002501 0.001819 0.008413 0.000682 0.001037 0.004299 0.001234 0.004063 0.974787 0.002647 0.002120 0.009073 0.000740 0.003411 0.023420 0.005912 0.022965 0.887676 0.014779 0.008186 0.030241 0.003411 0.003843 0.024560 0.006386 0.024185 0.880332 0.015610 0.008871 0.032515 0.003697 
