0.003593 0.004448 0.003593 0.007357 0.958084 0.007870 0.004277 0.006672 0.004106 0.003824 0.004622 0.003780 0.007789 0.955719 0.008289 0.004696 0.006957 0.004323 0.035757 0.062104 0.031480 0.057485 0.632506 0.060907 0.026347 0.059538 0.033875 0.036735 0.063365 0.033042 0.059005 0.621505 0.062641 0.027688 0.060844 0.035175 
0.005738 0.006203 0.002326 0.005583 0.959833 0.004808 0.002947 0.007444 0.005118 0.005957 0.006366 0.002433 0.005785 0.958472 0.004950 0.003100 0.007667 0.005268 0.044355 0.071185 0.030087 0.063741 0.580800 0.062345 0.033964 0.070409 0.043114 0.045799 0.072433 0.031146 0.065020 0.571075 0.063581 0.034973 0.071830 0.044144 
0.004219 0.006815 0.003894 0.005355 0.961869 0.004219 0.003083 0.006328 0.004219 0.004357 0.007020 0.004141 0.005434 0.960663 0.004296 0.003182 0.006568 0.004339 0.044459 0.084537 0.037806 0.064417 0.560279 0.060685 0.037969 0.071718 0.038131 0.045728 0.086082 0.038939 0.065546 0.550919 0.061721 0.039000 0.072933 0.039132 
0.004995 0.005776 0.001561 0.005151 0.967062 0.005932 0.001717 0.002966 0.004839 0.005178 0.005853 0.001630 0.005271 0.966144 0.006108 0.001818 0.003010 0.004989 0.053387 0.095692 0.040119 0.068530 0.523259 0.064471 0.035592 0.075398 0.043553 0.054733 0.096906 0.041183 0.069468 0.514605 0.065557 0.036596 0.076329 0.044624 
0.003241 0.005672 0.001620 0.005348 0.969211 0.004375 0.002917 0.003889 0.003727 0.003343 0.005831 0.001672 0.005534 0.968339 0.004471 0.003038 0.003962 0.003810 0.046832 0.082645 0.034516 0.067574 0.571706 0.060444 0.037595 0.065468 0.033220 0.048003 0.084074 0.035515 0.068880 0.562631 0.061520 0.038635 0.066606 0.034136 
0.003068 0.005370 0.001688 0.005677 0.971157 0.004909 0.001994 0.004296 0.001841 0.003187 0.005495 0.001753 0.005840 0.970289 0.005018 0.002125 0.004384 0.001910 0.041884 0.074716 0.033753 0.067199 0.591439 0.061215 0.034980 0.063977 0.030838 0.043043 0.076024 0.034639 0.068539 0.582336 0.062395 0.036197 0.064997 0.031829 
0.000232 0.002089 0.000464 0.001625 0.992110 0.000464 0.000696 0.002089 0.000232 0.000238 0.002099 0.000469 0.001683 0.991949 0.000468 0.000716 0.002145 0.000232 0.025296 0.067069 0.028777 0.055697 0.627988 0.045950 0.045254 0.075888 0.028081 0.026008 0.067929 0.029647 0.056760 0.619984 0.046778 0.046587 0.077208 0.029098 
0.001970 0.001182 0.000394 0.001970 0.990938 0.002364 0.000788 0.000394 0.000000 0.002004 0.001187 0.000399 0.002001 0.990810 0.002397 0.000809 0.000395 0.000000 0.016942 0.040977 0.013790 0.033885 0.800236 0.031127 0.013002 0.035067 0.014972 0.017444 0.041794 0.014124 0.034648 0.795600 0.031877 0.013344 0.035743 0.015425 
0.000980 0.001225 0.000980 0.001225 0.992652 0.001225 0.000980 0.000735 0.000000 0.001024 0.001232 0.001005 0.001245 0.992406 0.001350 0.000999 0.000739 0.000000 0.013715 0.039922 0.011756 0.031105 0.796228 0.027921 0.016654 0.046779 0.015920 0.014251 0.040835 0.012263 0.031846 0.790631 0.028657 0.017286 0.047827 0.016404 
0.000865 0.001081 0.000865 0.001946 0.990703 0.001730 0.000649 0.001297 0.000865 0.000895 0.001098 0.000932 0.001992 0.990390 0.001800 0.000660 0.001334 0.000899 0.016216 0.038919 0.017514 0.030054 0.793514 0.036108 0.017081 0.037405 0.013189 0.016772 0.039766 0.018203 0.030867 0.787269 0.037252 0.017801 0.038383 0.013687 
0.000776 0.003880 0.001164 0.002716 0.986030 0.002522 0.000582 0.001552 0.000776 0.000787 0.003985 0.001196 0.002814 0.985659 0.002566 0.000603 0.001577 0.000812 0.018044 0.045596 0.016104 0.038417 0.771246 0.036865 0.020179 0.042103 0.011447 0.018794 0.046636 0.016771 0.039506 0.764812 0.037695 0.020686 0.043036 0.012064 
0.001363 0.003893 0.001168 0.004088 0.978392 0.004672 0.002336 0.002725 0.001363 0.001379 0.003962 0.001197 0.004177 0.977798 0.004877 0.002451 0.002769 0.001389 0.021997 0.047888 0.021803 0.044189 0.727078 0.042437 0.023360 0.051781 0.019467 0.022730 0.049274 0.022461 0.045246 0.719487 0.043479 0.024215 0.053058 0.020051 
0.000944 0.002454 0.001510 0.002831 0.985277 0.002643 0.000944 0.001699 0.001699 0.000960 0.002500 0.001534 0.002949 0.984877 0.002690 0.001020 0.001739 0.001732 0.020574 0.043035 0.022461 0.044356 0.736504 0.043979 0.023783 0.048320 0.016988 0.021248 0.044079 0.023116 0.045383 0.729505 0.044978 0.024658 0.049395 0.017638 
0.001240 0.005314 0.001594 0.003897 0.974314 0.003897 0.001949 0.005846 0.001949 0.001274 0.005480 0.001653 0.004034 0.973605 0.003970 0.001986 0.006006 0.001992 0.035075 0.066076 0.030115 0.056333 0.610097 0.052613 0.041275 0.071568 0.036847 0.036104 0.067314 0.030904 0.057460 0.601074 0.053560 0.042312 0.073219 0.038052 
0.001801 0.003781 0.002161 0.005762 0.975153 0.004501 0.001620 0.003421 0.001801 0.001862 0.003917 0.002203 0.005873 0.974528 0.004598 0.001648 0.003517 0.001854 0.037450 0.062297 0.032409 0.061397 0.618833 0.050414 0.036550 0.062838 0.037811 0.038391 0.063337 0.033311 0.062462 0.610553 0.051294 0.037637 0.063942 0.039074 
0.002204 0.003606 0.004207 0.005208 0.975761 0.003405 0.002604 0.001603 0.001402 0.002259 0.003678 0.004346 0.005345 0.975195 0.003444 0.002641 0.001637 0.001455 0.028646 0.049880 0.032051 0.054688 0.680689 0.044872 0.034455 0.052284 0.022436 0.029421 0.050801 0.033106 0.055785 0.673161 0.045823 0.035478 0.053362 0.023062 
0.002928 0.002928 0.001577 0.004730 0.979279 0.002928 0.001351 0.002703 0.001577 0.003125 0.002999 0.001628 0.004841 0.978490 0.003016 0.001425 0.002757 0.001720 0.031982 0.045721 0.020045 0.042568 0.725225 0.038514 0.020495 0.045045 0.030405 0.033317 0.046581 0.020681 0.043476 0.718465 0.039301 0.021041 0.045721 0.031417 
0.003944 0.006009 0.002629 0.007324 0.958685 0.006948 0.003380 0.008263 0.002817 0.004078 0.006121 0.002684 0.007470 0.957779 0.007108 0.003465 0.008409 0.002885 0.046385 0.063662 0.034554 0.063662 0.591737 0.057840 0.039249 0.064413 0.038498 0.047597 0.064683 0.035482 0.064759 0.583464 0.059027 0.040285 0.065230 0.039473 
0.004444 0.008395 0.006255 0.008560 0.950288 0.008889 0.004115 0.005597 0.003457 0.004661 0.008594 0.006542 0.008971 0.948597 0.009086 0.004245 0.005730 0.003574 0.043128 0.071276 0.041646 0.065679 0.564280 0.070123 0.044280 0.066667 0.032922 0.044412 0.072255 0.043032 0.066942 0.554836 0.071503 0.045603 0.067669 0.033748 
0.004162 0.009190 0.003121 0.009190 0.946939 0.009017 0.005549 0.007803 0.005029 0.004373 0.009377 0.003301 0.009476 0.945058 0.009401 0.005728 0.008051 0.005236 0.037454 0.060690 0.033293 0.063638 0.590428 0.067626 0.041269 0.067279 0.038321 0.038464 0.061910 0.034260 0.065051 0.580334 0.069365 0.042511 0.068538 0.039568 
0.002908 0.006302 0.005170 0.007271 0.951365 0.008564 0.004039 0.010987 0.003393 0.003112 0.006536 0.005426 0.007584 0.949388 0.008828 0.004228 0.011397 0.003501 0.032315 0.057198 0.030538 0.068993 0.630958 0.060591 0.028114 0.063661 0.027630 0.033630 0.058835 0.031682 0.070542 0.620294 0.061922 0.029080 0.065499 0.028515 
0.004393 0.008786 0.005426 0.007494 0.947028 0.009561 0.005426 0.009819 0.002067 0.004530 0.009004 0.005638 0.007998 0.944481 0.010279 0.005679 0.010195 0.002195 0.034625 0.059690 0.034625 0.073127 0.612920 0.070284 0.029199 0.057106 0.028424 0.035788 0.061138 0.035522 0.075243 0.601752 0.072120 0.030198 0.058654 0.029584 
