0.001466 0.001955 0.000244 0.001222 0.993157 0.000000 0.000244 0.001222 0.000489 0.001554 0.002015 0.000254 0.001297 0.992787 0.000000 0.000270 0.001316 0.000506 0.016618 0.028104 0.010508 0.016862 0.869257 0.017595 0.008309 0.020528 0.012219 0.017327 0.029030 0.011028 0.017779 0.863555 0.018430 0.008660 0.021381 0.012811 
0.001238 0.001238 0.000413 0.000206 0.993395 0.000619 0.000413 0.001651 0.000826 0.001580 0.001277 0.000427 0.000227 0.992738 0.000642 0.000422 0.001766 0.000921 0.010114 0.025387 0.007224 0.016512 0.882559 0.013829 0.008256 0.025593 0.010526 0.010988 0.026395 0.007528 0.017275 0.876401 0.014466 0.008705 0.027055 0.011188 
0.000750 0.000500 0.000000 0.000000 0.996748 0.000250 0.000000 0.001501 0.000250 0.000829 0.000529 0.000000 0.000000 0.996495 0.000268 0.000000 0.001626 0.000252 0.006003 0.021261 0.001751 0.007504 0.933967 0.007504 0.005253 0.012256 0.004502 0.006554 0.022118 0.001939 0.007982 0.930005 0.007991 0.005652 0.012952 0.004807 
0.000906 0.001360 0.000906 0.000000 0.995921 0.000000 0.000453 0.000453 0.000000 0.001006 0.001417 0.000965 0.000000 0.995671 0.000000 0.000461 0.000480 0.000000 0.008611 0.024473 0.006345 0.010197 0.911851 0.010877 0.004985 0.016542 0.006118 0.009169 0.025526 0.006878 0.010743 0.907015 0.011514 0.005261 0.017334 0.006559 
0.001398 0.002563 0.000932 0.000466 0.991146 0.000932 0.000466 0.001631 0.000466 0.001475 0.002695 0.000989 0.000493 0.990724 0.000968 0.000470 0.001709 0.000477 0.018639 0.022600 0.009320 0.012815 0.888630 0.013514 0.006291 0.017008 0.011184 0.019805 0.023440 0.009848 0.013384 0.883077 0.014296 0.006627 0.017821 0.011701 
0.000842 0.001052 0.000210 0.000631 0.994530 0.000210 0.001052 0.001473 0.000000 0.000935 0.001220 0.000219 0.000641 0.994166 0.000215 0.001107 0.001497 0.000000 0.006312 0.025458 0.004839 0.012203 0.891437 0.018515 0.007153 0.026720 0.007364 0.006773 0.026682 0.005262 0.012815 0.885949 0.019377 0.007580 0.027796 0.007767 
0.000210 0.001680 0.000420 0.000420 0.996221 0.000420 0.000000 0.000420 0.000210 0.000215 0.001697 0.000429 0.000426 0.996154 0.000431 0.000000 0.000436 0.000212 0.013227 0.026664 0.013227 0.016376 0.860382 0.019526 0.011127 0.026034 0.013437 0.014002 0.027846 0.013984 0.016935 0.854173 0.020360 0.011623 0.027039 0.014038 
0.000000 0.001974 0.000000 0.000790 0.995064 0.000395 0.000395 0.000790 0.000592 0.000000 0.001984 0.000000 0.000807 0.994801 0.000401 0.000461 0.000880 0.000666 0.015795 0.036525 0.011649 0.024679 0.837117 0.019743 0.012043 0.029220 0.013228 0.016395 0.037743 0.012166 0.025707 0.830342 0.020419 0.012804 0.030528 0.013896 
0.001066 0.000799 0.000000 0.000266 0.996004 0.000266 0.000533 0.000533 0.000533 0.001198 0.000821 0.000000 0.000296 0.995719 0.000273 0.000577 0.000543 0.000572 0.006660 0.018913 0.003996 0.005860 0.932605 0.007725 0.002930 0.015983 0.005328 0.007182 0.019802 0.004280 0.006127 0.928982 0.008082 0.003324 0.016539 0.005682 
0.000814 0.001356 0.001627 0.000814 0.994847 0.000271 0.000000 0.000271 0.000000 0.000973 0.001429 0.001853 0.000841 0.994257 0.000291 0.000000 0.000357 0.000000 0.003526 0.011120 0.003797 0.007052 0.951993 0.007594 0.002712 0.009222 0.002983 0.004039 0.011857 0.004228 0.007510 0.948254 0.008297 0.002906 0.009795 0.003113 
0.000974 0.002191 0.001461 0.000487 0.992697 0.000730 0.000487 0.000487 0.000487 0.001030 0.002331 0.001533 0.000550 0.992291 0.000754 0.000507 0.000494 0.000512 0.012902 0.021665 0.010224 0.015093 0.888997 0.012902 0.007303 0.018500 0.012415 0.013478 0.022586 0.010893 0.015845 0.883399 0.013691 0.007682 0.019255 0.013171 
0.001606 0.001606 0.000602 0.000602 0.992972 0.000402 0.000803 0.001205 0.000201 0.001749 0.002245 0.000668 0.000626 0.991928 0.000413 0.000834 0.001295 0.000242 0.017068 0.029518 0.009036 0.019880 0.848996 0.022088 0.011446 0.028715 0.013253 0.017985 0.031333 0.009586 0.020642 0.841657 0.022995 0.012097 0.029849 0.013855 
0.000223 0.002904 0.000447 0.003575 0.989276 0.000447 0.000670 0.002011 0.000447 0.000235 0.002946 0.000453 0.003602 0.989073 0.000457 0.000685 0.002067 0.000481 0.015192 0.036193 0.009607 0.028597 0.831099 0.021224 0.010277 0.032172 0.015639 0.015795 0.037299 0.010193 0.029551 0.824646 0.022022 0.010846 0.033239 0.016410 
0.000231 0.002082 0.000694 0.001620 0.992827 0.000694 0.000000 0.001388 0.000463 0.000234 0.002119 0.000787 0.001673 0.992534 0.000707 0.000000 0.001422 0.000524 0.013188 0.028690 0.007404 0.014808 0.879454 0.017584 0.004165 0.024294 0.010412 0.013716 0.029900 0.007860 0.015291 0.874359 0.018246 0.004303 0.025293 0.011032 
0.000582 0.001941 0.000388 0.003105 0.989909 0.000776 0.000388 0.002329 0.000582 0.000601 0.001957 0.000408 0.003131 0.989671 0.000799 0.000404 0.002379 0.000650 0.017466 0.031826 0.010479 0.028139 0.819911 0.023093 0.012614 0.038618 0.017854 0.018110 0.033095 0.010949 0.029191 0.812862 0.023876 0.013394 0.039909 0.018614 
0.000187 0.002614 0.000373 0.003922 0.990663 0.001307 0.000373 0.000560 0.000000 0.000189 0.002637 0.000412 0.003972 0.990339 0.001377 0.000445 0.000629 0.000000 0.014379 0.041270 0.008590 0.031746 0.807843 0.029879 0.009897 0.037348 0.019048 0.015100 0.042872 0.009246 0.032774 0.799597 0.031392 0.010421 0.038720 0.019877 
0.000927 0.003707 0.000232 0.003244 0.990037 0.001158 0.000000 0.000463 0.000232 0.000951 0.003720 0.000234 0.003273 0.989684 0.001416 0.000000 0.000474 0.000248 0.013902 0.044022 0.008109 0.026413 0.815107 0.033133 0.007414 0.037766 0.014133 0.014913 0.045303 0.008467 0.027287 0.807824 0.034338 0.007763 0.039216 0.014888 
0.000771 0.004627 0.000257 0.004370 0.986632 0.001799 0.000257 0.001028 0.000257 0.000784 0.004656 0.000264 0.004419 0.986447 0.001839 0.000257 0.001072 0.000262 0.006941 0.022879 0.006170 0.019023 0.899229 0.015167 0.002828 0.020051 0.007712 0.007315 0.023357 0.006398 0.019386 0.895926 0.015712 0.002891 0.020941 0.008075 
0.000424 0.000212 0.000000 0.002333 0.994485 0.001909 0.000000 0.000424 0.000212 0.000435 0.000237 0.000000 0.002385 0.994247 0.002009 0.000000 0.000426 0.000261 0.007637 0.011031 0.002121 0.022062 0.923844 0.019516 0.000849 0.009546 0.003394 0.008423 0.011530 0.002298 0.022874 0.919907 0.020520 0.000874 0.009855 0.003718 
0.000643 0.000429 0.000214 0.001501 0.993566 0.001716 0.000000 0.001287 0.000643 0.000723 0.000458 0.000229 0.001614 0.993085 0.001828 0.000000 0.001339 0.000725 0.005576 0.016942 0.000858 0.013511 0.930517 0.015441 0.000643 0.012867 0.003646 0.006299 0.017923 0.000972 0.014510 0.925133 0.016661 0.000680 0.013782 0.004039 
0.000422 0.001478 0.000211 0.001478 0.993243 0.001689 0.000000 0.001056 0.000422 0.000491 0.001601 0.000252 0.001573 0.992702 0.001801 0.000000 0.001118 0.000464 0.004012 0.012880 0.001056 0.012880 0.938556 0.012247 0.001689 0.013936 0.002745 0.004454 0.013814 0.001108 0.013872 0.933902 0.012994 0.001857 0.014899 0.003101 
0.000469 0.000469 0.000235 0.002111 0.993433 0.002814 0.000000 0.000469 0.000000 0.000515 0.000511 0.000242 0.002260 0.992943 0.003040 0.000000 0.000488 0.000000 0.005629 0.014540 0.000938 0.011257 0.938790 0.015244 0.000000 0.009381 0.004221 0.006283 0.015715 0.001082 0.012323 0.933359 0.016693 0.000000 0.009870 0.004675 
0.000000 0.000000 0.000000 0.000565 0.996612 0.000847 0.000847 0.000847 0.000282 0.000000 0.000000 0.000000 0.000716 0.996194 0.000860 0.001042 0.000874 0.000314 0.000565 0.011011 0.000000 0.006776 0.959627 0.007623 0.001412 0.010446 0.002541 0.000595 0.011848 0.000000 0.007434 0.956188 0.008226 0.001772 0.011161 0.002775 
0.000517 0.000517 0.000000 0.000775 0.995090 0.001809 0.000000 0.000517 0.000775 0.000610 0.000584 0.000000 0.000815 0.994600 0.001996 0.000000 0.000541 0.000854 0.001292 0.008269 0.000258 0.006460 0.957106 0.011886 0.000775 0.010078 0.003876 0.001583 0.008838 0.000301 0.006898 0.953449 0.012950 0.000812 0.010738 0.004431 
0.000249 0.000000 0.000249 0.000996 0.997509 0.000747 0.000000 0.000000 0.000249 0.000319 0.000000 0.000270 0.001071 0.997172 0.000864 0.000000 0.000000 0.000304 0.003736 0.014197 0.000996 0.009963 0.950685 0.006476 0.000498 0.011955 0.001494 0.004222 0.015215 0.001176 0.010745 0.946945 0.006971 0.000517 0.012499 0.001710 
