0.000000 0.000000 0.000000 0.000679 0.997963 0.000000 0.000000 0.001358 0.000000 0.000000 0.000000 0.000000 0.000698 0.997882 0.000000 0.000000 0.001420 0.000000 0.000000 0.001358 0.000679 0.013578 0.975560 0.004752 0.000000 0.002716 0.001358 0.000000 0.001420 0.000704 0.014550 0.973936 0.004896 0.000000 0.003080 0.001412 
0.000602 0.000000 0.000602 0.001805 0.995187 0.001203 0.000000 0.000602 0.000000 0.000643 0.000000 0.000632 0.001886 0.994866 0.001221 0.000000 0.000751 0.000000 0.004212 0.004813 0.005415 0.025271 0.930205 0.014440 0.003610 0.008424 0.003610 0.004425 0.004985 0.005560 0.026490 0.926789 0.014792 0.003895 0.009226 0.003837 
0.003239 0.000925 0.000000 0.000925 0.992133 0.001388 0.000463 0.000463 0.000463 0.003649 0.000999 0.000000 0.000928 0.991574 0.001440 0.000468 0.000464 0.000479 0.007867 0.018510 0.006941 0.026839 0.895419 0.024988 0.004627 0.009718 0.005090 0.008400 0.019249 0.007191 0.027832 0.891032 0.026004 0.004748 0.010176 0.005370 
0.001285 0.000857 0.000428 0.000428 0.994859 0.001285 0.000000 0.000857 0.000000 0.001341 0.000907 0.000487 0.000481 0.994540 0.001367 0.000000 0.000877 0.000000 0.004713 0.017138 0.004713 0.027849 0.887746 0.027421 0.005998 0.019280 0.005141 0.005001 0.017822 0.004964 0.028958 0.882849 0.028267 0.006373 0.020420 0.005346 
0.000953 0.001907 0.000477 0.003813 0.986177 0.006196 0.000000 0.000477 0.000000 0.000994 0.001921 0.000493 0.003919 0.985828 0.006321 0.000000 0.000525 0.000000 0.006196 0.011916 0.006196 0.031459 0.900858 0.022402 0.004766 0.012869 0.003337 0.006493 0.012313 0.006436 0.032342 0.896983 0.023130 0.005004 0.013648 0.003650 
0.001025 0.003586 0.000000 0.000512 0.990779 0.003074 0.000000 0.000512 0.000512 0.001047 0.003747 0.000000 0.000593 0.990237 0.003242 0.000000 0.000578 0.000557 0.007172 0.013320 0.005123 0.030225 0.898566 0.029713 0.004611 0.007172 0.004098 0.007701 0.014124 0.005452 0.031229 0.893683 0.030949 0.004793 0.007829 0.004241 
0.000504 0.000504 0.000504 0.002518 0.992951 0.002014 0.000504 0.000504 0.000000 0.000505 0.000514 0.000552 0.002581 0.992654 0.002174 0.000505 0.000515 0.000000 0.002518 0.010574 0.002518 0.025176 0.930514 0.014602 0.002014 0.008560 0.003525 0.002632 0.011183 0.002713 0.025772 0.926772 0.015372 0.002105 0.009699 0.003752 
0.000000 0.001422 0.000948 0.001422 0.990995 0.001422 0.002370 0.000474 0.000948 0.000000 0.001547 0.000964 0.001423 0.990798 0.001434 0.002405 0.000476 0.000955 0.004265 0.012322 0.004739 0.031280 0.911374 0.018957 0.004265 0.010427 0.002370 0.004493 0.013418 0.005124 0.032005 0.906984 0.019926 0.004499 0.011078 0.002473 
0.000488 0.000976 0.000000 0.002927 0.991220 0.001951 0.000488 0.001463 0.000488 0.000510 0.001037 0.000000 0.003038 0.990746 0.002012 0.000567 0.001583 0.000508 0.003415 0.010732 0.006341 0.031220 0.910244 0.020488 0.006341 0.009756 0.001463 0.003612 0.011207 0.006731 0.032496 0.905995 0.021172 0.006899 0.010181 0.001707 
0.000000 0.001603 0.000000 0.002138 0.993052 0.001069 0.002138 0.000000 0.000000 0.000000 0.002204 0.000000 0.002215 0.992252 0.001135 0.002193 0.000000 0.000000 0.000534 0.006948 0.001603 0.016569 0.956173 0.010155 0.002672 0.004810 0.000534 0.000554 0.008143 0.001699 0.017484 0.952270 0.010486 0.002901 0.005896 0.000566 
0.000000 0.000554 0.000000 0.001109 0.995565 0.001663 0.000554 0.000554 0.000000 0.000000 0.000584 0.000000 0.001150 0.994809 0.001674 0.000705 0.001079 0.000000 0.000000 0.006098 0.000000 0.016075 0.956208 0.010532 0.005543 0.003326 0.002217 0.000000 0.006375 0.000000 0.016945 0.953210 0.011058 0.006050 0.004045 0.002316 
0.000000 0.000000 0.000532 0.002127 0.994684 0.001595 0.000000 0.000532 0.000532 0.000000 0.000000 0.000541 0.002169 0.993951 0.002134 0.000000 0.000663 0.000541 0.003190 0.006911 0.001063 0.033493 0.923977 0.017012 0.002127 0.008506 0.003721 0.003282 0.007463 0.001117 0.035140 0.918808 0.018125 0.002191 0.009885 0.003990 
0.002017 0.001009 0.001513 0.002521 0.987897 0.003530 0.000000 0.001009 0.000504 0.002112 0.001054 0.001537 0.002582 0.987478 0.003691 0.000000 0.001028 0.000519 0.003530 0.007564 0.005043 0.028240 0.913263 0.022189 0.004539 0.011599 0.004034 0.003715 0.007771 0.005426 0.029319 0.909677 0.022777 0.004762 0.012179 0.004374 
0.001616 0.001078 0.000000 0.001616 0.991918 0.002694 0.000000 0.001078 0.000000 0.001645 0.001133 0.000000 0.001718 0.991405 0.003008 0.000000 0.001091 0.000000 0.003233 0.014009 0.003233 0.023707 0.926724 0.015086 0.001616 0.009159 0.003233 0.003670 0.015000 0.003494 0.024529 0.922485 0.016110 0.001694 0.009638 0.003378 
0.000000 0.000560 0.000000 0.000560 0.998320 0.000560 0.000000 0.000000 0.000000 0.000000 0.000586 0.000000 0.000560 0.998272 0.000582 0.000000 0.000000 0.000000 0.001680 0.006159 0.000560 0.023516 0.940649 0.015677 0.001120 0.008399 0.002240 0.001754 0.006514 0.000615 0.024437 0.938075 0.016229 0.001195 0.008794 0.002385 
0.000000 0.001660 0.000000 0.000553 0.997233 0.000553 0.000000 0.000000 0.000000 0.000000 0.001738 0.000000 0.000565 0.997006 0.000691 0.000000 0.000000 0.000000 0.002767 0.008301 0.002214 0.029330 0.930825 0.016602 0.001107 0.006641 0.002214 0.002861 0.008927 0.002364 0.030960 0.926820 0.017693 0.001182 0.006855 0.002338 
0.000000 0.001055 0.000000 0.001055 0.996835 0.000527 0.000000 0.000527 0.000000 0.000000 0.001138 0.000000 0.001105 0.996625 0.000532 0.000000 0.000600 0.000000 0.001582 0.008439 0.000527 0.022679 0.940401 0.015295 0.001582 0.007384 0.002110 0.001629 0.009140 0.000570 0.023297 0.937554 0.016118 0.001628 0.007758 0.002306 
0.000515 0.000515 0.000000 0.001029 0.996397 0.001029 0.000515 0.000000 0.000000 0.000515 0.000531 0.000000 0.001070 0.996254 0.001103 0.000526 0.000000 0.000000 0.001029 0.007205 0.001544 0.024704 0.935666 0.016469 0.001544 0.009779 0.002059 0.001088 0.007648 0.001636 0.025253 0.932397 0.017341 0.001623 0.010877 0.002136 
0.000000 0.001575 0.000525 0.002100 0.993176 0.001575 0.000525 0.000000 0.000525 0.000000 0.001723 0.000566 0.002139 0.992896 0.001615 0.000535 0.000000 0.000527 0.006299 0.019423 0.002625 0.029396 0.899213 0.026247 0.004724 0.008924 0.003150 0.006564 0.020831 0.002744 0.030418 0.894719 0.027020 0.005049 0.009460 0.003196 
0.000000 0.000974 0.000000 0.005358 0.990745 0.001461 0.000000 0.000974 0.000487 0.000000 0.001009 0.000000 0.005519 0.990500 0.001492 0.000000 0.000989 0.000491 0.004384 0.012664 0.001948 0.030200 0.909888 0.020458 0.002923 0.014126 0.003410 0.004490 0.013203 0.002134 0.031276 0.906062 0.021300 0.003066 0.014899 0.003568 
0.000976 0.000000 0.000000 0.000000 0.996098 0.000976 0.000488 0.001463 0.000000 0.001007 0.000000 0.000000 0.000000 0.995491 0.001001 0.000543 0.001958 0.000000 0.001463 0.004878 0.001951 0.022439 0.938537 0.020488 0.000488 0.008293 0.001463 0.001533 0.005334 0.002262 0.023162 0.935096 0.021180 0.000549 0.009351 0.001532 
0.000000 0.001702 0.000000 0.000000 0.997731 0.000567 0.000000 0.000000 0.000000 0.000000 0.001771 0.000000 0.000000 0.997639 0.000589 0.000000 0.000000 0.000000 0.003403 0.007941 0.002836 0.019285 0.935905 0.019285 0.000567 0.010210 0.000567 0.003589 0.008211 0.003057 0.020069 0.933130 0.019938 0.000578 0.010824 0.000604 
0.000484 0.000484 0.000000 0.000967 0.996615 0.001451 0.000000 0.000000 0.000000 0.000493 0.000570 0.000000 0.000979 0.996501 0.001457 0.000000 0.000000 0.000000 0.001934 0.013540 0.000967 0.020793 0.932785 0.016441 0.002418 0.010638 0.000484 0.002039 0.014600 0.001003 0.021984 0.928782 0.017227 0.002597 0.011113 0.000655 
0.000977 0.001465 0.001465 0.000488 0.993652 0.000000 0.000488 0.000977 0.000488 0.001144 0.001493 0.001568 0.000501 0.993286 0.000000 0.000520 0.000997 0.000491 0.004883 0.014160 0.004883 0.023926 0.909668 0.019531 0.005371 0.011719 0.005859 0.005397 0.014784 0.005102 0.024721 0.905667 0.020194 0.005657 0.012251 0.006226 
0.000000 0.000476 0.000953 0.000953 0.994283 0.002859 0.000000 0.000476 0.000000 0.000000 0.000496 0.000963 0.000968 0.994116 0.002965 0.000000 0.000492 0.000000 0.003335 0.012863 0.006193 0.035255 0.889948 0.025727 0.006193 0.015245 0.005241 0.003470 0.013314 0.006551 0.036159 0.886022 0.026650 0.006433 0.015868 0.005533 
