0.000175 0.000350 0.000525 0.007169 0.981290 0.008918 0.000699 0.000525 0.000350 0.000179 0.000391 0.000576 0.007448 0.980135 0.009552 0.000818 0.000542 0.000360 0.008218 0.020808 0.004896 0.071516 0.789649 0.075188 0.005945 0.017311 0.006470 0.008677 0.021661 0.005367 0.074561 0.779942 0.078513 0.006357 0.018087 0.006835 
0.000335 0.000503 0.000503 0.008378 0.980060 0.007038 0.001508 0.001508 0.000168 0.000374 0.000515 0.000542 0.008791 0.979016 0.007389 0.001600 0.001592 0.000181 0.007875 0.022788 0.009048 0.086461 0.752011 0.089645 0.006200 0.021113 0.004859 0.008336 0.023720 0.009732 0.089667 0.741079 0.093440 0.006786 0.022107 0.005133 
0.000309 0.000618 0.000618 0.010513 0.973253 0.012678 0.000773 0.000309 0.000928 0.000369 0.000624 0.000673 0.011043 0.971847 0.013357 0.000801 0.000328 0.000958 0.006648 0.022573 0.008503 0.096166 0.737631 0.100495 0.005257 0.017316 0.005411 0.007028 0.023549 0.009204 0.100126 0.725867 0.104870 0.005731 0.017945 0.005680 
0.000000 0.000835 0.000668 0.010017 0.977963 0.007513 0.000835 0.001669 0.000501 0.000000 0.000859 0.000730 0.010450 0.976838 0.007869 0.000962 0.001762 0.000530 0.006678 0.024708 0.007846 0.077963 0.759432 0.090317 0.006678 0.019533 0.006845 0.006921 0.025729 0.008382 0.081227 0.748730 0.094097 0.007358 0.020393 0.007164 
0.000491 0.000983 0.000000 0.005898 0.984764 0.005406 0.000655 0.001311 0.000491 0.000513 0.001013 0.000000 0.006262 0.984024 0.005654 0.000686 0.001351 0.000497 0.006881 0.019004 0.004096 0.060944 0.821756 0.063073 0.005242 0.014581 0.004423 0.007265 0.019767 0.004292 0.063536 0.814262 0.065502 0.005608 0.015093 0.004675 
0.000356 0.001067 0.000534 0.007828 0.980431 0.007116 0.000890 0.001601 0.000178 0.000409 0.001097 0.000554 0.008283 0.979315 0.007471 0.001033 0.001630 0.000209 0.009963 0.020637 0.004981 0.084149 0.779577 0.073652 0.005693 0.014232 0.007116 0.010661 0.021543 0.005418 0.087357 0.770060 0.076463 0.006228 0.014830 0.007439 
0.000350 0.000350 0.000175 0.009975 0.974624 0.011901 0.001575 0.000875 0.000175 0.000351 0.000371 0.000212 0.010602 0.973003 0.012486 0.001891 0.000905 0.000180 0.006300 0.021526 0.005425 0.084704 0.756738 0.099055 0.008050 0.012601 0.005600 0.006555 0.022445 0.005911 0.088354 0.745309 0.103133 0.009159 0.013192 0.005941 
0.000179 0.000179 0.000718 0.007177 0.980083 0.009869 0.000718 0.000718 0.000359 0.000183 0.000185 0.000838 0.007450 0.979053 0.010416 0.000783 0.000725 0.000366 0.007536 0.023506 0.008075 0.082361 0.763682 0.086309 0.005742 0.016867 0.005921 0.007999 0.024542 0.008807 0.085261 0.753583 0.090005 0.006101 0.017569 0.006134 
0.000000 0.000950 0.000791 0.011079 0.973568 0.010763 0.000791 0.001741 0.000317 0.000000 0.000967 0.000884 0.011508 0.972318 0.011265 0.000909 0.001807 0.000342 0.008389 0.029756 0.007123 0.105097 0.706078 0.113960 0.004590 0.019468 0.005540 0.008711 0.030876 0.007630 0.109340 0.693763 0.118588 0.004999 0.020344 0.005748 
0.000874 0.000349 0.000175 0.006289 0.985674 0.005940 0.000524 0.000000 0.000175 0.000954 0.000356 0.000177 0.006497 0.985019 0.006238 0.000582 0.000000 0.000177 0.008735 0.015898 0.003669 0.080189 0.799092 0.068658 0.006115 0.013802 0.003843 0.009298 0.016758 0.003921 0.083115 0.790237 0.071756 0.006628 0.014215 0.004073 
0.000197 0.000789 0.000000 0.001381 0.995265 0.000986 0.000395 0.000986 0.000000 0.000200 0.000814 0.000000 0.001401 0.995154 0.001011 0.000405 0.001014 0.000000 0.006905 0.013809 0.003946 0.032748 0.898994 0.029197 0.002959 0.008088 0.003354 0.007331 0.014454 0.004189 0.033516 0.895516 0.029851 0.003125 0.008448 0.003572 
0.000191 0.000573 0.000000 0.003249 0.992737 0.001338 0.000573 0.000956 0.000382 0.000194 0.000591 0.000000 0.003346 0.992503 0.001401 0.000607 0.000968 0.000390 0.005543 0.015482 0.003823 0.051032 0.863341 0.041284 0.002867 0.014908 0.001720 0.005900 0.016182 0.004074 0.052860 0.857844 0.042732 0.003032 0.015579 0.001797 
0.000200 0.000998 0.000200 0.002195 0.992816 0.001796 0.000798 0.000998 0.000000 0.000200 0.001012 0.000204 0.002240 0.992690 0.001830 0.000821 0.001001 0.000000 0.005388 0.009978 0.004789 0.037917 0.888046 0.034724 0.003393 0.011974 0.003792 0.005657 0.010382 0.005005 0.038841 0.884199 0.035894 0.003532 0.012456 0.004034 
0.000203 0.000813 0.000000 0.001625 0.994516 0.001016 0.001422 0.000203 0.000203 0.000218 0.000823 0.000000 0.001672 0.994321 0.001030 0.001497 0.000217 0.000222 0.005891 0.012188 0.002844 0.034938 0.892951 0.031891 0.003859 0.011375 0.004063 0.006242 0.012637 0.002967 0.035885 0.889309 0.032794 0.004051 0.011806 0.004309 
0.000000 0.000611 0.000204 0.002241 0.994500 0.002037 0.000000 0.000204 0.000204 0.000000 0.000616 0.000206 0.002279 0.994420 0.002070 0.000000 0.000204 0.000204 0.004889 0.009167 0.003259 0.026686 0.911387 0.028519 0.003056 0.008352 0.004685 0.005116 0.009500 0.003462 0.027345 0.908668 0.029103 0.003191 0.008655 0.004960 
0.000206 0.000413 0.000206 0.000413 0.997730 0.000206 0.000619 0.000206 0.000000 0.000209 0.000419 0.000214 0.000417 0.997645 0.000208 0.000679 0.000210 0.000000 0.003922 0.013416 0.002064 0.027245 0.911868 0.027451 0.001445 0.009907 0.002683 0.004125 0.013931 0.002187 0.027873 0.908924 0.028239 0.001611 0.010309 0.002801 
0.000000 0.000395 0.000000 0.000989 0.996441 0.000791 0.000395 0.000593 0.000395 0.000000 0.000407 0.000000 0.001007 0.996351 0.000796 0.000436 0.000601 0.000401 0.003757 0.011667 0.001780 0.033617 0.898359 0.031639 0.002373 0.012458 0.004350 0.003944 0.012198 0.001944 0.034564 0.894737 0.032498 0.002519 0.012991 0.004603 
0.000589 0.000786 0.000000 0.002749 0.993519 0.001375 0.000196 0.000786 0.000000 0.000610 0.000816 0.000000 0.002853 0.993312 0.001399 0.000201 0.000808 0.000000 0.006284 0.012962 0.003339 0.039474 0.886881 0.032011 0.004124 0.010998 0.003928 0.006617 0.013467 0.003498 0.040411 0.883068 0.032852 0.004383 0.011533 0.004170 
0.000000 0.000387 0.000387 0.001355 0.995161 0.001355 0.000194 0.000968 0.000194 0.000000 0.000410 0.000420 0.001408 0.994929 0.001450 0.000202 0.000980 0.000201 0.003484 0.009679 0.003097 0.042586 0.875919 0.041812 0.003484 0.014131 0.005807 0.003658 0.010156 0.003219 0.043847 0.870989 0.043075 0.003805 0.014968 0.006284 
0.000195 0.000391 0.000586 0.001367 0.994532 0.001367 0.000195 0.000976 0.000391 0.000197 0.000394 0.000591 0.001400 0.994424 0.001393 0.000202 0.000999 0.000399 0.001172 0.008592 0.004101 0.038274 0.886546 0.037883 0.003710 0.014255 0.005468 0.001207 0.008899 0.004339 0.039382 0.882180 0.039106 0.003979 0.014966 0.005942 
0.000407 0.000611 0.000000 0.001221 0.995930 0.001628 0.000000 0.000204 0.000000 0.000419 0.000623 0.000000 0.001260 0.995793 0.001700 0.000000 0.000204 0.000000 0.001425 0.007326 0.002035 0.039276 0.892348 0.036427 0.003460 0.014856 0.002849 0.001515 0.007718 0.002115 0.040378 0.888193 0.037593 0.003704 0.015691 0.003093 
0.000202 0.000202 0.000000 0.000807 0.997782 0.000605 0.000202 0.000202 0.000000 0.000210 0.000210 0.000000 0.000820 0.997727 0.000618 0.000210 0.000206 0.000000 0.002621 0.010284 0.002420 0.028231 0.910667 0.030046 0.003226 0.009478 0.003025 0.002790 0.010744 0.002612 0.028955 0.907099 0.031039 0.003497 0.010096 0.003167 
0.000000 0.000000 0.000208 0.000416 0.997918 0.001041 0.000208 0.000208 0.000000 0.000000 0.000000 0.000219 0.000421 0.997871 0.001057 0.000211 0.000220 0.000000 0.000833 0.007494 0.001873 0.025604 0.916320 0.028726 0.001873 0.013947 0.003331 0.000877 0.007831 0.001966 0.026209 0.913066 0.029530 0.002026 0.014935 0.003560 
0.000000 0.000000 0.000000 0.000000 0.998414 0.001133 0.000227 0.000227 0.000000 0.000000 0.000000 0.000000 0.000000 0.998376 0.001166 0.000231 0.000227 0.000000 0.002493 0.005665 0.000680 0.027419 0.922048 0.026059 0.003172 0.011104 0.001360 0.002669 0.005900 0.000715 0.027998 0.919305 0.026817 0.003398 0.011781 0.001417 
0.000000 0.000436 0.000000 0.000436 0.998693 0.000436 0.000000 0.000000 0.000000 0.000000 0.000469 0.000000 0.000449 0.998625 0.000457 0.000000 0.000000 0.000000 0.001743 0.008934 0.001525 0.035956 0.898889 0.038135 0.001961 0.010460 0.002397 0.001818 0.009447 0.001664 0.037279 0.894753 0.039290 0.002179 0.011062 0.002507 
