0.004626 0.034441 0.001542 0.005655 0.915867 0.005141 0.001542 0.028787 0.002399 0.004971 0.036430 0.001654 0.005825 0.911286 0.005260 0.001688 0.030311 0.002576 0.011138 0.065113 0.007882 0.023818 0.776217 0.020219 0.010281 0.077450 0.007882 0.012006 0.068079 0.008277 0.024741 0.765915 0.021046 0.010773 0.080726 0.008438 
0.003497 0.033139 0.001832 0.004330 0.919734 0.005995 0.002498 0.024979 0.003997 0.003699 0.034991 0.001998 0.004488 0.915326 0.006194 0.002669 0.026249 0.004385 0.011157 0.061948 0.007327 0.021649 0.792173 0.019817 0.008993 0.067111 0.009825 0.011803 0.064762 0.007856 0.022364 0.782603 0.020684 0.009546 0.069759 0.010622 
0.003535 0.038078 0.003374 0.006427 0.897494 0.008837 0.001607 0.038078 0.002571 0.003768 0.040059 0.003583 0.006608 0.892474 0.009081 0.001724 0.040008 0.002695 0.010604 0.067963 0.011568 0.025868 0.747590 0.031973 0.010122 0.082262 0.012050 0.011151 0.070711 0.012219 0.026782 0.737107 0.033235 0.010669 0.085549 0.012575 
0.004133 0.028048 0.003248 0.008562 0.915117 0.010776 0.001919 0.025244 0.002952 0.004295 0.029032 0.003400 0.008877 0.911812 0.011048 0.002001 0.026424 0.003111 0.013877 0.064511 0.009891 0.033215 0.757160 0.031591 0.012991 0.065102 0.011662 0.014479 0.066639 0.010351 0.034438 0.747727 0.032818 0.013517 0.067744 0.012288 
0.005459 0.040277 0.003393 0.009442 0.883446 0.012541 0.003688 0.036884 0.004869 0.005826 0.042106 0.003566 0.009713 0.878821 0.012799 0.003878 0.038218 0.005073 0.019475 0.080997 0.014311 0.037327 0.686191 0.039982 0.016377 0.084686 0.020655 0.020406 0.083810 0.014945 0.038487 0.675477 0.041216 0.017104 0.086981 0.021573 
0.010966 0.051267 0.003987 0.012105 0.861008 0.014526 0.003845 0.037454 0.004842 0.011860 0.053129 0.004237 0.012366 0.855488 0.014890 0.003966 0.038932 0.005132 0.030333 0.095984 0.019225 0.046283 0.640273 0.045001 0.015807 0.087012 0.020080 0.031846 0.098777 0.019989 0.047373 0.629223 0.046271 0.016502 0.089198 0.020821 
0.004427 0.044958 0.003597 0.010928 0.875916 0.009683 0.002767 0.041638 0.006087 0.004673 0.046661 0.003762 0.011162 0.871132 0.009935 0.002993 0.043261 0.006421 0.019920 0.089086 0.016323 0.040393 0.669802 0.035690 0.019366 0.088532 0.020888 0.020703 0.091645 0.017075 0.041401 0.659415 0.036789 0.020109 0.091178 0.021685 
0.007660 0.040966 0.003331 0.012823 0.873938 0.010658 0.003997 0.042465 0.004163 0.008135 0.042661 0.003459 0.013154 0.868456 0.010921 0.004232 0.044547 0.004437 0.021815 0.083430 0.012157 0.042298 0.696753 0.032639 0.018818 0.078102 0.013988 0.022969 0.085824 0.012627 0.043829 0.686066 0.033634 0.019596 0.080881 0.014573 
0.003184 0.041562 0.003519 0.010223 0.886710 0.008882 0.003184 0.039718 0.003017 0.003368 0.043463 0.003678 0.010557 0.881606 0.009103 0.003297 0.041759 0.003169 0.016759 0.077091 0.017932 0.040724 0.698508 0.035864 0.014077 0.083459 0.015586 0.017321 0.079539 0.018638 0.042021 0.688459 0.036847 0.014504 0.086533 0.016137 
0.003393 0.037785 0.002005 0.008174 0.900987 0.006940 0.003393 0.035009 0.002313 0.003595 0.039791 0.002185 0.008556 0.895536 0.007073 0.003666 0.037127 0.002472 0.012338 0.079426 0.010179 0.027144 0.745682 0.031308 0.012184 0.070481 0.011258 0.013058 0.082581 0.010712 0.028320 0.734702 0.032442 0.012867 0.073370 0.011949 
0.003525 0.038780 0.002983 0.008136 0.893424 0.010169 0.005288 0.035661 0.002034 0.003843 0.040684 0.003204 0.008427 0.888262 0.010521 0.005577 0.037339 0.002143 0.011119 0.078508 0.012475 0.030644 0.738983 0.031864 0.010712 0.074847 0.010847 0.011840 0.081402 0.013254 0.031831 0.728125 0.033255 0.011333 0.077450 0.011511 
0.007199 0.043902 0.004517 0.009176 0.880858 0.011152 0.004094 0.034585 0.004517 0.007723 0.045885 0.004724 0.009387 0.875656 0.011418 0.004277 0.036052 0.004878 0.017504 0.086957 0.014540 0.037408 0.692264 0.036420 0.016093 0.081875 0.016940 0.018515 0.089688 0.015343 0.038504 0.681252 0.037739 0.016822 0.084360 0.017777 
0.004899 0.043943 0.003118 0.010392 0.881829 0.007423 0.004008 0.040825 0.003563 0.005260 0.045683 0.003272 0.010706 0.877078 0.007595 0.004291 0.042380 0.003736 0.018409 0.082987 0.014252 0.036966 0.691805 0.032809 0.018260 0.089371 0.015143 0.019271 0.085474 0.014948 0.038267 0.681345 0.033805 0.019204 0.091853 0.015833 
0.004067 0.045716 0.003366 0.012060 0.869023 0.012901 0.005329 0.043332 0.004207 0.004197 0.047390 0.003474 0.012247 0.864621 0.013167 0.005621 0.044948 0.004335 0.022998 0.096901 0.019212 0.045576 0.628664 0.046277 0.023559 0.095218 0.021596 0.023695 0.099779 0.019713 0.046610 0.618152 0.047467 0.024574 0.097946 0.022064 
0.003442 0.021436 0.007041 0.013456 0.912064 0.012674 0.007824 0.019559 0.002504 0.003754 0.022071 0.007335 0.013728 0.909355 0.012891 0.008102 0.020207 0.002557 0.021280 0.075106 0.043029 0.059928 0.608668 0.059615 0.038805 0.070099 0.023471 0.021925 0.076871 0.044594 0.061489 0.598168 0.061059 0.040001 0.071940 0.023954 
0.001835 0.029362 0.011470 0.007952 0.900138 0.007646 0.007494 0.031962 0.002141 0.001897 0.030316 0.012173 0.008081 0.896902 0.007801 0.007775 0.032822 0.002234 0.022786 0.102921 0.052455 0.042361 0.553143 0.045114 0.051690 0.107509 0.022022 0.023226 0.105000 0.054986 0.043017 0.542221 0.046107 0.053063 0.109928 0.022452 
0.001802 0.015107 0.001940 0.002079 0.961746 0.001802 0.001940 0.011642 0.001940 0.001883 0.015492 0.002014 0.002106 0.960711 0.001830 0.002065 0.011898 0.002001 0.027304 0.107692 0.028552 0.036175 0.612474 0.033125 0.032848 0.100069 0.021760 0.028153 0.109626 0.029460 0.036948 0.603521 0.033831 0.034022 0.102000 0.022439 
0.006414 0.013671 0.000506 0.004557 0.959325 0.002532 0.001013 0.009283 0.002700 0.006839 0.014047 0.000535 0.004594 0.958080 0.002560 0.001036 0.009503 0.002807 0.041857 0.103460 0.020253 0.034937 0.627679 0.031392 0.020591 0.078143 0.041688 0.044169 0.106128 0.020705 0.035333 0.618006 0.031712 0.020814 0.079929 0.043204 
0.005654 0.013247 0.001292 0.006785 0.951050 0.006785 0.000646 0.011147 0.003393 0.005854 0.013740 0.001315 0.006910 0.949453 0.006941 0.000661 0.011565 0.003562 0.027464 0.058320 0.016317 0.042326 0.712116 0.044750 0.015832 0.057674 0.025202 0.028521 0.060466 0.016734 0.043345 0.703318 0.045689 0.016242 0.059495 0.026189 
0.001626 0.016423 0.000650 0.005854 0.954146 0.004390 0.001301 0.013821 0.001789 0.001741 0.017212 0.000662 0.005991 0.952254 0.004506 0.001353 0.014421 0.001861 0.011057 0.061626 0.009593 0.035447 0.768618 0.034309 0.007154 0.060000 0.012195 0.011563 0.063896 0.009949 0.036627 0.760569 0.035165 0.007488 0.062016 0.012727 
0.003701 0.019849 0.000841 0.005214 0.947855 0.005046 0.001009 0.014802 0.001682 0.003925 0.020757 0.000893 0.005360 0.945836 0.005147 0.001043 0.015259 0.001781 0.013961 0.069975 0.005719 0.033642 0.764844 0.031119 0.008579 0.060050 0.012111 0.014647 0.072392 0.005942 0.034835 0.756558 0.032225 0.008925 0.061776 0.012700 
