0.000127 0.001645 0.001139 0.000886 0.994054 0.001518 0.000127 0.000506 0.000000 0.000138 0.001775 0.001237 0.001034 0.993442 0.001605 0.000138 0.000631 0.000000 0.004302 0.008856 0.004681 0.019610 0.929150 0.019737 0.002910 0.008097 0.002657 0.004589 0.009616 0.005378 0.020958 0.923898 0.020682 0.003157 0.008813 0.002908 
0.000096 0.001729 0.000288 0.000576 0.995389 0.001153 0.000288 0.000480 0.000000 0.000112 0.001964 0.000333 0.000726 0.994774 0.001226 0.000355 0.000510 0.000000 0.003362 0.011046 0.003650 0.013735 0.945538 0.013255 0.002497 0.005475 0.001441 0.003593 0.012020 0.004035 0.014520 0.941581 0.014151 0.002743 0.005828 0.001529 
0.000098 0.001865 0.000687 0.000884 0.994797 0.001178 0.000098 0.000393 0.000000 0.000101 0.002106 0.000797 0.000964 0.994266 0.001263 0.000101 0.000402 0.000000 0.001865 0.008934 0.004418 0.014824 0.946888 0.015610 0.001669 0.004123 0.001669 0.002005 0.009681 0.004884 0.015603 0.943414 0.016501 0.001825 0.004327 0.001760 
0.000129 0.000900 0.000900 0.000257 0.995371 0.002186 0.000000 0.000257 0.000000 0.000150 0.001054 0.000996 0.000267 0.994796 0.002471 0.000000 0.000267 0.000000 0.003343 0.007072 0.004758 0.011958 0.953710 0.013759 0.001414 0.002957 0.001029 0.003745 0.007788 0.005349 0.012497 0.949773 0.014908 0.001504 0.003305 0.001130 
0.000000 0.000372 0.000124 0.000000 0.997893 0.001116 0.000124 0.000372 0.000000 0.000000 0.000502 0.000135 0.000000 0.997664 0.001180 0.000134 0.000385 0.000000 0.002355 0.007313 0.004090 0.015369 0.949926 0.014750 0.001239 0.004214 0.000744 0.002487 0.008288 0.004619 0.016035 0.946029 0.015802 0.001327 0.004608 0.000804 
0.000128 0.000257 0.000000 0.000642 0.997047 0.001284 0.000257 0.000385 0.000000 0.000149 0.000294 0.000000 0.000655 0.996475 0.001752 0.000279 0.000396 0.000000 0.001540 0.004236 0.001027 0.016175 0.950706 0.016431 0.001669 0.006290 0.001926 0.001711 0.004701 0.001111 0.016882 0.946719 0.018080 0.001902 0.006825 0.002070 
0.000102 0.000407 0.000407 0.000509 0.996745 0.000916 0.000102 0.000814 0.000000 0.000104 0.000439 0.000510 0.000524 0.996488 0.000970 0.000105 0.000859 0.000000 0.002848 0.007630 0.002543 0.014954 0.940997 0.016480 0.003357 0.008342 0.002848 0.003070 0.008061 0.002919 0.015560 0.937040 0.017665 0.003596 0.008998 0.003093 
0.000000 0.001324 0.000662 0.001229 0.994422 0.001229 0.000095 0.000756 0.000284 0.000000 0.001383 0.000708 0.001252 0.994135 0.001318 0.000103 0.000801 0.000299 0.003404 0.010116 0.004160 0.016262 0.930226 0.017491 0.004822 0.010494 0.003025 0.003633 0.010789 0.004414 0.016872 0.926104 0.018489 0.005218 0.011220 0.003260 
0.000118 0.000941 0.000235 0.000824 0.995294 0.001883 0.000471 0.000118 0.000118 0.000120 0.000999 0.000287 0.000896 0.994743 0.002162 0.000520 0.000146 0.000126 0.003295 0.008236 0.002824 0.016473 0.942464 0.014472 0.004236 0.006471 0.001530 0.003525 0.008769 0.003181 0.017354 0.938353 0.015640 0.004591 0.006936 0.001651 
0.000121 0.000484 0.000242 0.001332 0.995398 0.001090 0.000969 0.000242 0.000121 0.000135 0.000487 0.000301 0.001428 0.994918 0.001222 0.001111 0.000265 0.000131 0.002301 0.008356 0.002785 0.015621 0.947445 0.012594 0.003148 0.006055 0.001695 0.002473 0.009111 0.003171 0.016518 0.943429 0.013465 0.003497 0.006512 0.001825 
0.000000 0.001360 0.000320 0.001040 0.995519 0.001120 0.000160 0.000400 0.000080 0.000000 0.001404 0.000411 0.001128 0.995160 0.001218 0.000172 0.000409 0.000097 0.002561 0.011123 0.003841 0.019685 0.928543 0.019525 0.003361 0.009282 0.002080 0.002743 0.011665 0.004299 0.020603 0.924364 0.020565 0.003691 0.009845 0.002226 
0.000000 0.003545 0.000158 0.001182 0.991807 0.001654 0.000000 0.001418 0.000236 0.000000 0.003599 0.000162 0.001228 0.991499 0.001799 0.000000 0.001471 0.000243 0.004490 0.018828 0.005672 0.020955 0.902159 0.021979 0.005672 0.015362 0.004884 0.004781 0.019662 0.006007 0.021624 0.897371 0.023249 0.005925 0.016236 0.005147 
0.000319 0.002235 0.000559 0.002315 0.991379 0.001836 0.000239 0.000958 0.000160 0.000328 0.002331 0.000613 0.002404 0.990992 0.001924 0.000262 0.000980 0.000165 0.006226 0.016284 0.010457 0.024425 0.898787 0.019716 0.007503 0.011654 0.004949 0.006501 0.017147 0.011182 0.025241 0.893890 0.020611 0.007891 0.012289 0.005248 
0.000000 0.002182 0.000115 0.001263 0.995061 0.000574 0.000230 0.000574 0.000000 0.000000 0.002228 0.000121 0.001431 0.994725 0.000654 0.000250 0.000591 0.000000 0.002067 0.007810 0.002527 0.017802 0.947628 0.012289 0.001838 0.006546 0.001493 0.002251 0.008302 0.002707 0.018961 0.944274 0.013032 0.001957 0.006902 0.001613 
0.000267 0.001601 0.000801 0.001735 0.993994 0.000801 0.000267 0.000534 0.000000 0.000325 0.001762 0.000917 0.001871 0.993471 0.000829 0.000277 0.000547 0.000000 0.003203 0.011344 0.004404 0.019351 0.926598 0.015881 0.004671 0.012011 0.002536 0.003428 0.011993 0.004846 0.020402 0.922305 0.016710 0.004975 0.012666 0.002676 
0.000000 0.000659 0.000377 0.001224 0.995198 0.001224 0.000659 0.000659 0.000000 0.000000 0.000706 0.000395 0.001245 0.994889 0.001334 0.000724 0.000707 0.000000 0.003955 0.016478 0.006309 0.021469 0.903955 0.019774 0.006780 0.016384 0.004896 0.004159 0.017450 0.006818 0.022305 0.898607 0.020856 0.007162 0.017405 0.005237 
0.000000 0.001849 0.000440 0.000528 0.995070 0.001144 0.000176 0.000616 0.000176 0.000000 0.002003 0.000539 0.000545 0.994668 0.001239 0.000187 0.000637 0.000182 0.005370 0.014525 0.008363 0.020863 0.908099 0.019718 0.008187 0.009771 0.005106 0.005623 0.015429 0.008872 0.021855 0.903306 0.020628 0.008634 0.010279 0.005375 
0.000000 0.001449 0.000931 0.000621 0.994205 0.001552 0.000207 0.001035 0.000000 0.000000 0.001541 0.001011 0.000660 0.993397 0.001797 0.000283 0.001311 0.000000 0.002173 0.007865 0.005485 0.018628 0.937804 0.015109 0.002691 0.007141 0.003105 0.002334 0.008560 0.006052 0.019348 0.933342 0.016122 0.002974 0.007924 0.003344 
0.000000 0.000617 0.000123 0.000123 0.998148 0.000247 0.000000 0.000741 0.000000 0.000000 0.000625 0.000151 0.000127 0.997923 0.000264 0.000000 0.000909 0.000000 0.001482 0.007039 0.003087 0.014818 0.954310 0.012349 0.001482 0.004446 0.000988 0.001571 0.007553 0.003421 0.015485 0.951316 0.013038 0.001631 0.004934 0.001051 
0.000000 0.000513 0.000000 0.000128 0.999102 0.000000 0.000000 0.000257 0.000000 0.000000 0.000533 0.000000 0.000135 0.999066 0.000000 0.000000 0.000267 0.000000 0.003337 0.005262 0.001412 0.013349 0.955461 0.011038 0.001284 0.006546 0.002310 0.003522 0.005591 0.001575 0.013914 0.952763 0.011578 0.001390 0.007184 0.002484 
0.000000 0.001053 0.000105 0.001368 0.994632 0.001684 0.000842 0.000211 0.000105 0.000000 0.001087 0.000122 0.001493 0.994174 0.001812 0.000989 0.000215 0.000107 0.003684 0.011263 0.004737 0.016421 0.929053 0.014105 0.006421 0.010842 0.003474 0.003927 0.011830 0.005081 0.017290 0.924723 0.014958 0.006970 0.011518 0.003703 
0.000000 0.001039 0.000623 0.001039 0.992935 0.001662 0.000831 0.001766 0.000104 0.000000 0.001062 0.000793 0.001086 0.992158 0.001919 0.000931 0.001940 0.000110 0.005506 0.014130 0.006545 0.018078 0.915429 0.015792 0.006234 0.014857 0.003429 0.005791 0.014707 0.007226 0.019009 0.909954 0.017117 0.006785 0.015783 0.003629 
0.000111 0.002437 0.000111 0.001440 0.992801 0.001108 0.000443 0.001551 0.000000 0.000112 0.002521 0.000113 0.001564 0.992331 0.001233 0.000470 0.001656 0.000000 0.004984 0.017831 0.003101 0.016613 0.928121 0.011740 0.003655 0.011518 0.002437 0.005285 0.018833 0.003401 0.017595 0.923776 0.012479 0.003964 0.012103 0.002566 
0.000000 0.001656 0.000690 0.000690 0.994480 0.001242 0.000966 0.000276 0.000000 0.000000 0.002023 0.000961 0.000761 0.993148 0.001727 0.001099 0.000283 0.000000 0.003174 0.010073 0.002346 0.019042 0.946185 0.010487 0.003174 0.004968 0.000552 0.003420 0.011508 0.002940 0.020032 0.940930 0.011636 0.003611 0.005349 0.000574 
0.000000 0.000205 0.000410 0.000205 0.996921 0.001847 0.000103 0.000205 0.000103 0.000000 0.000256 0.000448 0.000205 0.996514 0.002136 0.000110 0.000226 0.000104 0.003284 0.006773 0.003694 0.017753 0.942740 0.016727 0.000718 0.006157 0.002155 0.003446 0.007347 0.004160 0.018559 0.938736 0.017998 0.000834 0.006587 0.002333 
0.000000 0.000919 0.000251 0.000167 0.997328 0.000752 0.000000 0.000501 0.000084 0.000000 0.001038 0.000299 0.000175 0.996839 0.000873 0.000000 0.000690 0.000086 0.004510 0.009938 0.004343 0.019626 0.928428 0.016202 0.003174 0.009437 0.004343 0.004722 0.010742 0.004749 0.020388 0.924121 0.017135 0.003357 0.010196 0.004590 
0.000092 0.000831 0.000000 0.000462 0.997876 0.000000 0.000000 0.000646 0.000092 0.000132 0.000913 0.000000 0.000543 0.997444 0.000000 0.000000 0.000867 0.000101 0.003232 0.009880 0.002493 0.013112 0.945983 0.012742 0.002124 0.008403 0.002031 0.003489 0.010493 0.002776 0.013745 0.942566 0.013329 0.002249 0.009144 0.002209 
0.000000 0.000332 0.000775 0.000332 0.997013 0.000885 0.000000 0.000664 0.000000 0.000000 0.000336 0.000880 0.000350 0.996627 0.000990 0.000000 0.000818 0.000000 0.003430 0.013830 0.003319 0.016043 0.932728 0.015601 0.002102 0.009737 0.003209 0.003783 0.014960 0.003660 0.016809 0.928004 0.016495 0.002257 0.010476 0.003555 
0.000000 0.000746 0.000533 0.000213 0.997336 0.000852 0.000107 0.000213 0.000000 0.000000 0.000800 0.000596 0.000260 0.997031 0.000978 0.000117 0.000217 0.000000 0.001705 0.009270 0.004156 0.012893 0.944806 0.015344 0.001918 0.007778 0.002131 0.001921 0.010037 0.004619 0.013547 0.940613 0.016480 0.002103 0.008319 0.002360 
0.000000 0.000190 0.000569 0.000758 0.997062 0.000663 0.000474 0.000284 0.000000 0.000000 0.000195 0.000638 0.000831 0.996771 0.000754 0.000512 0.000300 0.000000 0.004170 0.012983 0.004359 0.023029 0.919541 0.017911 0.004833 0.010235 0.002938 0.004492 0.013925 0.004754 0.024044 0.914414 0.018904 0.005360 0.010997 0.003112 
0.000000 0.000752 0.000215 0.000967 0.996024 0.000537 0.000215 0.000752 0.000537 0.000000 0.000861 0.000236 0.000998 0.995379 0.000658 0.000222 0.000969 0.000677 0.005695 0.017945 0.004728 0.021599 0.908016 0.018268 0.005695 0.013110 0.004943 0.005972 0.018898 0.005098 0.022568 0.902894 0.019216 0.006051 0.013911 0.005392 
0.000000 0.000699 0.000000 0.000466 0.997552 0.000466 0.000350 0.000466 0.000000 0.000000 0.000711 0.000000 0.000517 0.997220 0.000511 0.000432 0.000609 0.000000 0.003614 0.008394 0.002215 0.019818 0.927722 0.022966 0.003847 0.009443 0.001982 0.003795 0.008907 0.002335 0.020679 0.923587 0.024028 0.004234 0.010355 0.002080 
0.000000 0.000539 0.000215 0.000108 0.998169 0.000108 0.000431 0.000215 0.000215 0.000000 0.000594 0.000226 0.000123 0.997966 0.000119 0.000500 0.000243 0.000230 0.001616 0.006247 0.000754 0.013249 0.954545 0.011525 0.003770 0.006894 0.001400 0.001753 0.006744 0.000859 0.013919 0.950954 0.012109 0.004288 0.007900 0.001473 
0.000000 0.000359 0.000000 0.000359 0.998445 0.000478 0.000000 0.000359 0.000000 0.000000 0.000366 0.000000 0.000385 0.998342 0.000534 0.000000 0.000372 0.000000 0.001315 0.005501 0.001196 0.013035 0.958144 0.012198 0.001674 0.005740 0.001196 0.001460 0.005824 0.001393 0.013830 0.955239 0.012802 0.001772 0.006366 0.001313 
0.000000 0.000491 0.000123 0.000245 0.998405 0.000491 0.000000 0.000245 0.000000 0.000000 0.000503 0.000155 0.000261 0.998265 0.000565 0.000000 0.000252 0.000000 0.001595 0.006872 0.001595 0.016198 0.948705 0.013744 0.001718 0.006381 0.003191 0.001661 0.007330 0.001762 0.016972 0.945455 0.014386 0.001998 0.006950 0.003485 
0.000000 0.000682 0.000000 0.000273 0.998909 0.000136 0.000000 0.000000 0.000000 0.000000 0.000694 0.000000 0.000289 0.998846 0.000170 0.000000 0.000000 0.000000 0.003001 0.008729 0.002182 0.021277 0.933579 0.015548 0.005183 0.007911 0.002591 0.003190 0.009196 0.002408 0.022045 0.929940 0.016403 0.005628 0.008426 0.002763 
0.000000 0.001226 0.000000 0.000557 0.996657 0.001337 0.000000 0.000223 0.000000 0.000000 0.001299 0.000000 0.000569 0.996286 0.001604 0.000000 0.000242 0.000000 0.001783 0.008470 0.002563 0.016605 0.944389 0.017720 0.001672 0.005461 0.001337 0.001832 0.009084 0.002733 0.017214 0.940577 0.019482 0.001797 0.005883 0.001396 
0.000000 0.001446 0.000000 0.000271 0.997289 0.000633 0.000000 0.000181 0.000181 0.000000 0.001520 0.000000 0.000282 0.997076 0.000738 0.000000 0.000187 0.000196 0.001446 0.007231 0.001808 0.016811 0.946674 0.016269 0.002531 0.006146 0.001085 0.001555 0.007716 0.001892 0.017501 0.943336 0.017582 0.002718 0.006461 0.001239 
0.000000 0.001033 0.000000 0.001033 0.997088 0.000282 0.000000 0.000564 0.000000 0.000000 0.001149 0.000000 0.001064 0.996883 0.000320 0.000000 0.000584 0.000000 0.001691 0.008923 0.001221 0.017188 0.942707 0.015497 0.002348 0.008641 0.001785 0.001863 0.009468 0.001356 0.018002 0.939176 0.016451 0.002528 0.009204 0.001950 
0.000212 0.000741 0.000000 0.000423 0.997883 0.000741 0.000000 0.000000 0.000000 0.000250 0.000996 0.000000 0.000436 0.997456 0.000863 0.000000 0.000000 0.000000 0.002117 0.007728 0.001800 0.015033 0.952255 0.013339 0.001270 0.005293 0.001165 0.002269 0.008460 0.002038 0.015776 0.949046 0.014132 0.001366 0.005620 0.001293 
0.000000 0.001118 0.000000 0.000224 0.997652 0.000671 0.000000 0.000335 0.000000 0.000000 0.001172 0.000000 0.000253 0.997373 0.000740 0.000000 0.000462 0.000000 0.001901 0.007602 0.002907 0.011291 0.957854 0.010173 0.001565 0.005031 0.001677 0.002150 0.008141 0.003166 0.011872 0.954701 0.010857 0.001695 0.005570 0.001847 
0.000000 0.000407 0.000000 0.000136 0.999187 0.000136 0.000000 0.000136 0.000000 0.000000 0.000427 0.000000 0.000135 0.999147 0.000152 0.000000 0.000139 0.000000 0.002439 0.007046 0.002575 0.014499 0.955014 0.011247 0.001491 0.004472 0.001220 0.002746 0.007479 0.002810 0.015085 0.952386 0.011765 0.001597 0.004833 0.001297 
0.000000 0.000277 0.000000 0.000277 0.999030 0.000000 0.000000 0.000416 0.000000 0.000000 0.000280 0.000000 0.000280 0.998972 0.000000 0.000000 0.000467 0.000000 0.002078 0.007202 0.002078 0.014127 0.952216 0.012742 0.001801 0.006094 0.001662 0.002195 0.007681 0.002208 0.014923 0.949108 0.013459 0.001973 0.006581 0.001871 
0.000000 0.000669 0.000223 0.000446 0.997880 0.000446 0.000000 0.000335 0.000000 0.000000 0.000706 0.000236 0.000458 0.997730 0.000515 0.000000 0.000355 0.000000 0.001227 0.006136 0.002343 0.011269 0.953475 0.013946 0.002008 0.007364 0.002231 0.001318 0.006676 0.002695 0.011858 0.949748 0.014921 0.002237 0.008096 0.002451 
0.000000 0.000648 0.000185 0.000185 0.997777 0.000741 0.000093 0.000370 0.000000 0.000000 0.000663 0.000209 0.000189 0.997601 0.000856 0.000096 0.000386 0.000000 0.002686 0.005371 0.001482 0.011576 0.957400 0.011113 0.001945 0.006483 0.001945 0.002910 0.005828 0.001694 0.012060 0.953779 0.012316 0.002152 0.007127 0.002133 
0.000084 0.001421 0.000669 0.001588 0.994066 0.001588 0.000167 0.000418 0.000000 0.000096 0.001561 0.000810 0.001622 0.993581 0.001718 0.000173 0.000439 0.000000 0.004597 0.010950 0.004681 0.018890 0.927198 0.018806 0.003678 0.007773 0.003427 0.004761 0.011570 0.005121 0.019697 0.923185 0.019853 0.003945 0.008219 0.003649 
0.000079 0.001029 0.000554 0.001979 0.992796 0.002296 0.000158 0.000871 0.000237 0.000082 0.001132 0.000625 0.002065 0.992193 0.002489 0.000192 0.000960 0.000261 0.007996 0.016229 0.009025 0.022087 0.894158 0.025174 0.007362 0.012112 0.005858 0.008423 0.017007 0.009755 0.023075 0.888695 0.026421 0.007764 0.012716 0.006143 
0.000000 0.002258 0.000323 0.002096 0.992017 0.002096 0.000403 0.000806 0.000000 0.000000 0.002436 0.000360 0.002195 0.991290 0.002455 0.000419 0.000845 0.000000 0.004677 0.015401 0.004354 0.022577 0.912192 0.020077 0.005483 0.011611 0.003628 0.004891 0.016542 0.004689 0.023502 0.906819 0.021272 0.005919 0.012484 0.003882 
0.000239 0.000955 0.000239 0.002466 0.993318 0.001432 0.000398 0.000875 0.000080 0.000299 0.001136 0.000271 0.002650 0.992677 0.001502 0.000434 0.000922 0.000110 0.005727 0.017420 0.005329 0.024976 0.894528 0.024499 0.007636 0.015431 0.004454 0.006180 0.018416 0.005792 0.026332 0.888358 0.025700 0.008163 0.016279 0.004779 
0.000251 0.002260 0.000419 0.001088 0.992968 0.001339 0.000251 0.001423 0.000000 0.000265 0.002449 0.000448 0.001127 0.992473 0.001421 0.000295 0.001521 0.000000 0.006028 0.016157 0.006028 0.022436 0.899121 0.024278 0.005860 0.015320 0.004772 0.006278 0.017282 0.006494 0.023483 0.893297 0.025585 0.006271 0.016264 0.005046 
0.000000 0.001744 0.000000 0.001744 0.996513 0.000000 0.000000 0.000000 0.000000 0.000000 0.001774 0.000000 0.001927 0.996299 0.000000 0.000000 0.000000 0.000000 0.010462 0.024412 0.005231 0.027027 0.891020 0.020052 0.004359 0.013949 0.003487 0.011104 0.025697 0.005478 0.028256 0.885979 0.021020 0.004501 0.014378 0.003586 
