0.000000 0.000303 0.000076 0.000227 0.998788 0.000303 0.000000 0.000303 0.000000 0.000000 0.000320 0.000076 0.000230 0.998759 0.000303 0.000000 0.000312 0.000000 0.000227 0.002499 0.001439 0.003408 0.986140 0.003863 0.000303 0.001969 0.000151 0.000235 0.002668 0.001559 0.003583 0.985334 0.004080 0.000323 0.002066 0.000152 
0.000057 0.000172 0.000400 0.000172 0.998742 0.000458 0.000000 0.000000 0.000000 0.000059 0.000188 0.000455 0.000182 0.998599 0.000516 0.000000 0.000000 0.000000 0.000915 0.004175 0.001373 0.002860 0.987132 0.002631 0.000000 0.000915 0.000000 0.001028 0.004561 0.001654 0.002998 0.985897 0.002899 0.000000 0.000963 0.000000 
0.000126 0.000587 0.000503 0.000251 0.997108 0.001132 0.000000 0.000293 0.000000 0.000131 0.000632 0.000551 0.000268 0.996788 0.001322 0.000000 0.000309 0.000000 0.001173 0.011441 0.003814 0.003730 0.961487 0.015171 0.000084 0.002598 0.000503 0.001311 0.012248 0.004229 0.003966 0.958377 0.016449 0.000087 0.002804 0.000529 
0.000440 0.005468 0.002391 0.001676 0.981068 0.006677 0.000165 0.001923 0.000192 0.000512 0.005902 0.002617 0.001844 0.979381 0.007291 0.000185 0.002050 0.000219 0.002610 0.040695 0.010661 0.021405 0.865606 0.037123 0.000879 0.019784 0.001237 0.002949 0.043641 0.011894 0.022951 0.854380 0.040623 0.000980 0.021202 0.001379 
0.001172 0.006859 0.002918 0.005961 0.970866 0.005712 0.001596 0.004490 0.000424 0.001346 0.007463 0.003232 0.006512 0.967968 0.006331 0.001791 0.004876 0.000479 0.003766 0.033499 0.011349 0.026240 0.859644 0.032726 0.005488 0.024918 0.002370 0.004315 0.036309 0.012643 0.028586 0.846689 0.035643 0.006236 0.026919 0.002659 
0.000316 0.003913 0.002552 0.004520 0.973290 0.004909 0.004350 0.005468 0.000681 0.000363 0.004238 0.002884 0.004907 0.970473 0.005491 0.004965 0.005892 0.000788 0.001798 0.020585 0.008992 0.025762 0.882710 0.022724 0.012298 0.022602 0.002528 0.002054 0.022204 0.010191 0.027988 0.870718 0.025074 0.014264 0.024626 0.002880 
0.001086 0.001950 0.003481 0.004296 0.983705 0.004543 0.000370 0.000346 0.000222 0.001221 0.002118 0.004039 0.004807 0.981845 0.004943 0.000418 0.000369 0.000240 0.003580 0.015653 0.012468 0.018369 0.910725 0.026689 0.001580 0.009406 0.001531 0.004143 0.017181 0.014502 0.020420 0.901127 0.029072 0.001767 0.010092 0.001696 
0.000564 0.000487 0.001641 0.003204 0.990054 0.002999 0.000410 0.000231 0.000410 0.000617 0.000536 0.001871 0.003550 0.988985 0.003280 0.000452 0.000248 0.000460 0.001487 0.008074 0.005024 0.016072 0.939044 0.020609 0.001743 0.006203 0.001743 0.001737 0.008731 0.005849 0.017752 0.932746 0.022542 0.001973 0.006689 0.001981 
0.000367 0.000472 0.000839 0.002778 0.991246 0.002988 0.000943 0.000157 0.000210 0.000398 0.000509 0.000959 0.003055 0.990325 0.003298 0.001030 0.000177 0.000249 0.002044 0.009540 0.004482 0.012973 0.944989 0.015515 0.003171 0.005268 0.002018 0.002356 0.010291 0.005105 0.014292 0.939409 0.016950 0.003605 0.005706 0.002287 
0.000295 0.000403 0.000671 0.003222 0.990657 0.004215 0.000134 0.000295 0.000107 0.000316 0.000431 0.000755 0.003516 0.989742 0.004642 0.000158 0.000325 0.000115 0.002148 0.008001 0.003598 0.012860 0.945363 0.019975 0.001665 0.005558 0.000832 0.002443 0.008696 0.004023 0.014137 0.939792 0.022014 0.001852 0.006087 0.000955 
0.000128 0.001787 0.000587 0.001404 0.989379 0.003064 0.001634 0.001940 0.000077 0.000148 0.001907 0.000649 0.001542 0.988417 0.003293 0.001869 0.002091 0.000085 0.002094 0.016596 0.003447 0.011056 0.927207 0.020579 0.005796 0.012332 0.000894 0.002310 0.018139 0.003894 0.012109 0.919825 0.022582 0.006649 0.013503 0.000989 
0.000416 0.000781 0.000572 0.003201 0.985688 0.004970 0.002238 0.002056 0.000078 0.000476 0.000872 0.000638 0.003477 0.984170 0.005453 0.002563 0.002260 0.000091 0.002498 0.008874 0.003305 0.018736 0.921440 0.022925 0.007755 0.013505 0.000963 0.002842 0.009676 0.003814 0.020645 0.912550 0.025492 0.009019 0.014873 0.001088 
0.000154 0.000924 0.001156 0.003184 0.982999 0.006189 0.002722 0.002286 0.000385 0.000173 0.001009 0.001331 0.003475 0.981345 0.006658 0.003064 0.002482 0.000463 0.002029 0.010914 0.004622 0.025295 0.899409 0.032563 0.007704 0.015999 0.001464 0.002285 0.011836 0.005241 0.027622 0.888852 0.035977 0.008948 0.017548 0.001691 
0.000314 0.001335 0.000681 0.003246 0.985785 0.005995 0.000759 0.001806 0.000079 0.000344 0.001476 0.000756 0.003518 0.984451 0.006526 0.000866 0.001970 0.000092 0.001649 0.011702 0.003848 0.025656 0.912378 0.026834 0.003770 0.012540 0.001623 0.001850 0.012828 0.004386 0.028169 0.902968 0.029847 0.004278 0.013855 0.001819 
0.000213 0.000770 0.000664 0.003985 0.987488 0.005100 0.000478 0.001036 0.000266 0.000224 0.000838 0.000742 0.004355 0.986414 0.005480 0.000533 0.001129 0.000285 0.001541 0.009005 0.003347 0.023244 0.923733 0.025635 0.003161 0.008474 0.001860 0.001721 0.009769 0.003806 0.025700 0.915773 0.028171 0.003576 0.009324 0.002159 
0.000264 0.001718 0.000766 0.002854 0.986548 0.005153 0.000766 0.001691 0.000238 0.000297 0.001881 0.000927 0.003102 0.985238 0.005580 0.000871 0.001831 0.000272 0.002009 0.014139 0.004070 0.023230 0.914823 0.024684 0.003753 0.012077 0.001216 0.002240 0.015488 0.004708 0.025461 0.905823 0.027339 0.004312 0.013250 0.001380 
0.000349 0.002630 0.002120 0.003543 0.983683 0.004750 0.000966 0.001691 0.000268 0.000405 0.002932 0.002455 0.003903 0.981902 0.005183 0.001098 0.001810 0.000311 0.001637 0.014224 0.005126 0.023590 0.910094 0.028153 0.003086 0.013043 0.001047 0.001950 0.015765 0.006144 0.025999 0.899834 0.031052 0.003636 0.014359 0.001261 
0.000450 0.001069 0.001125 0.004416 0.987062 0.004388 0.000450 0.000900 0.000141 0.000495 0.001180 0.001293 0.004874 0.985670 0.004802 0.000531 0.000982 0.000175 0.001491 0.008016 0.003319 0.024469 0.925749 0.024863 0.002841 0.008044 0.001209 0.001781 0.008807 0.003903 0.027227 0.917184 0.027541 0.003278 0.008885 0.001396 
0.000228 0.000770 0.001141 0.003678 0.987254 0.005019 0.000513 0.001226 0.000171 0.000248 0.000825 0.001279 0.004002 0.986147 0.005464 0.000551 0.001298 0.000185 0.001511 0.008782 0.003678 0.025406 0.921443 0.026119 0.003108 0.008896 0.001055 0.001712 0.009534 0.004158 0.028187 0.912942 0.028984 0.003543 0.009738 0.001203 
0.000149 0.001254 0.001075 0.006212 0.983216 0.005435 0.001015 0.001344 0.000299 0.000159 0.001350 0.001238 0.006872 0.981522 0.005872 0.001189 0.001460 0.000338 0.001015 0.011050 0.003405 0.028461 0.905450 0.031566 0.004748 0.012782 0.001523 0.001152 0.011952 0.003937 0.031692 0.895073 0.034838 0.005571 0.014027 0.001759 
0.000279 0.001490 0.001366 0.004998 0.983020 0.006798 0.001149 0.000652 0.000248 0.000321 0.001570 0.001516 0.005463 0.981434 0.007330 0.001373 0.000692 0.000300 0.001832 0.010213 0.004346 0.024275 0.919197 0.027286 0.003787 0.007512 0.001552 0.002108 0.010979 0.005020 0.026905 0.910209 0.030312 0.004469 0.008180 0.001819 
0.000483 0.001609 0.001802 0.005662 0.981694 0.007174 0.000579 0.000643 0.000354 0.000560 0.001743 0.002096 0.006205 0.979732 0.007842 0.000694 0.000696 0.000432 0.001705 0.009330 0.004247 0.023775 0.924106 0.026735 0.001705 0.006885 0.001512 0.002040 0.010214 0.005036 0.026693 0.914747 0.029771 0.002062 0.007651 0.001788 
0.000462 0.001188 0.001155 0.004554 0.983961 0.007591 0.000264 0.000462 0.000363 0.000523 0.001343 0.001324 0.004985 0.982482 0.008104 0.000305 0.000497 0.000438 0.001452 0.010429 0.003663 0.022574 0.923831 0.028151 0.001980 0.006534 0.001386 0.001720 0.011478 0.004297 0.024947 0.915419 0.030892 0.002363 0.007231 0.001652 
0.000497 0.001523 0.002351 0.006589 0.979076 0.008674 0.000430 0.000530 0.000331 0.000569 0.001763 0.002815 0.007324 0.976638 0.009381 0.000520 0.000582 0.000408 0.002682 0.009502 0.005529 0.026851 0.911734 0.033870 0.001887 0.006589 0.001357 0.003191 0.010569 0.006578 0.030040 0.901095 0.037449 0.002271 0.007206 0.001600 
0.000236 0.001684 0.001314 0.003806 0.985414 0.006265 0.000303 0.000640 0.000337 0.000261 0.001887 0.001510 0.004116 0.984110 0.006662 0.000332 0.000728 0.000394 0.001954 0.008926 0.003638 0.023478 0.923940 0.027723 0.002156 0.006400 0.001785 0.002231 0.009795 0.004318 0.025929 0.915816 0.030347 0.002438 0.007077 0.002048 
0.000286 0.001466 0.001645 0.004184 0.985053 0.005900 0.000286 0.000858 0.000322 0.000324 0.001614 0.001890 0.004506 0.983787 0.006227 0.000311 0.000949 0.000391 0.001824 0.007366 0.003326 0.032505 0.908993 0.037583 0.002253 0.004649 0.001502 0.002150 0.007979 0.003984 0.035672 0.899656 0.041035 0.002633 0.005159 0.001732 
0.000187 0.001159 0.001197 0.004525 0.981489 0.010134 0.000411 0.000187 0.000711 0.000217 0.001307 0.001378 0.004834 0.980055 0.010689 0.000466 0.000210 0.000845 0.001720 0.007741 0.004039 0.029356 0.911185 0.036984 0.002319 0.004450 0.002206 0.002032 0.008533 0.004749 0.032232 0.901987 0.040226 0.002703 0.004906 0.002631 
0.000270 0.001814 0.002855 0.003936 0.980436 0.008721 0.000540 0.000849 0.000579 0.000303 0.001994 0.003260 0.004175 0.978806 0.009233 0.000621 0.000928 0.000681 0.001582 0.008065 0.006135 0.032028 0.905306 0.036890 0.002315 0.005518 0.002161 0.001870 0.008738 0.007227 0.035066 0.895278 0.040420 0.002808 0.006059 0.002535 
0.000200 0.002078 0.002838 0.004996 0.980655 0.008394 0.000360 0.000280 0.000200 0.000216 0.002268 0.003218 0.005289 0.979267 0.008799 0.000396 0.000328 0.000219 0.001439 0.009593 0.006035 0.033694 0.904792 0.036492 0.002478 0.004197 0.001279 0.001656 0.010459 0.007077 0.037063 0.894696 0.039995 0.002965 0.004615 0.001474 
0.000422 0.002659 0.003166 0.006754 0.976065 0.009583 0.000718 0.000380 0.000253 0.000478 0.002862 0.003574 0.007271 0.973989 0.010238 0.000862 0.000429 0.000296 0.001815 0.011187 0.006416 0.032927 0.907045 0.033053 0.002744 0.003968 0.000844 0.002147 0.012010 0.007396 0.036114 0.897146 0.036530 0.003288 0.004327 0.001042 
0.000428 0.002698 0.005482 0.008479 0.967967 0.013019 0.001113 0.000685 0.000128 0.000465 0.002908 0.006111 0.009139 0.965295 0.013910 0.001262 0.000764 0.000147 0.002270 0.012590 0.011049 0.037172 0.887157 0.036572 0.004497 0.007023 0.001670 0.002478 0.013527 0.012685 0.040740 0.875447 0.040459 0.005303 0.007522 0.001840 
0.000343 0.002619 0.004422 0.006568 0.973084 0.010088 0.001417 0.001288 0.000172 0.000382 0.002765 0.004835 0.007088 0.970867 0.010735 0.001670 0.001481 0.000178 0.002790 0.015325 0.009916 0.030736 0.885769 0.032840 0.007555 0.011719 0.003348 0.003048 0.016150 0.011166 0.033758 0.875006 0.035778 0.008879 0.012642 0.003575 
0.000256 0.004060 0.003376 0.005812 0.977348 0.006368 0.001496 0.001026 0.000256 0.000314 0.004255 0.003821 0.006290 0.975259 0.006933 0.001716 0.001117 0.000294 0.003462 0.019232 0.009061 0.028122 0.887597 0.030515 0.005941 0.012480 0.003590 0.003877 0.020256 0.010328 0.030737 0.877554 0.033236 0.006905 0.013232 0.003875 
0.000502 0.002967 0.004890 0.004764 0.975886 0.008526 0.001003 0.001296 0.000167 0.000557 0.003090 0.005339 0.005178 0.974011 0.009044 0.001153 0.001426 0.000203 0.003803 0.019935 0.012036 0.023027 0.893765 0.025577 0.005391 0.013666 0.002800 0.004193 0.021081 0.013332 0.024994 0.884757 0.027797 0.006177 0.014616 0.003053 
0.000252 0.003400 0.004618 0.003232 0.979682 0.006885 0.000966 0.000756 0.000210 0.000275 0.003560 0.005064 0.003502 0.978277 0.007233 0.001066 0.000804 0.000218 0.004366 0.021829 0.011125 0.022249 0.894547 0.021704 0.005457 0.015742 0.002981 0.004622 0.023241 0.012332 0.023974 0.886313 0.023423 0.006163 0.016811 0.003121 
0.000334 0.003045 0.003504 0.003421 0.978516 0.007634 0.001210 0.001877 0.000459 0.000350 0.003189 0.003843 0.003694 0.976658 0.008245 0.001411 0.002097 0.000511 0.004464 0.022986 0.009053 0.021943 0.888282 0.024655 0.005632 0.018648 0.004339 0.004791 0.024197 0.010009 0.023560 0.879672 0.026665 0.006363 0.020043 0.004700 
0.000984 0.005984 0.001353 0.002295 0.982785 0.004017 0.000451 0.001844 0.000287 0.001184 0.006231 0.001580 0.002525 0.981046 0.004654 0.000500 0.001972 0.000308 0.005574 0.030904 0.006558 0.018526 0.886753 0.020166 0.005451 0.021969 0.004099 0.006146 0.032567 0.007228 0.020073 0.878085 0.022034 0.005994 0.023421 0.004453 
0.001478 0.007043 0.000826 0.002609 0.983870 0.002261 0.000348 0.001174 0.000391 0.001733 0.007383 0.000966 0.002851 0.982493 0.002544 0.000374 0.001235 0.000421 0.006174 0.031912 0.005435 0.021869 0.883657 0.019347 0.003826 0.023651 0.004130 0.006907 0.033587 0.006147 0.023593 0.875241 0.020876 0.004147 0.024998 0.004502 
0.001535 0.005307 0.000307 0.003947 0.982896 0.002544 0.000570 0.002324 0.000570 0.001696 0.005535 0.000365 0.004281 0.981381 0.002847 0.000697 0.002556 0.000641 0.005350 0.027848 0.004473 0.022980 0.886019 0.018332 0.003552 0.027015 0.004429 0.005776 0.029351 0.004983 0.024600 0.877431 0.019999 0.003943 0.029137 0.004779 
0.002381 0.004761 0.000485 0.003835 0.984130 0.002116 0.000441 0.001323 0.000529 0.002575 0.004986 0.000583 0.004146 0.982895 0.002334 0.000478 0.001396 0.000606 0.009258 0.030286 0.004100 0.023188 0.883178 0.017060 0.004937 0.023585 0.004408 0.010009 0.031992 0.004614 0.024950 0.874584 0.018539 0.005381 0.025096 0.004835 
0.001512 0.005382 0.000445 0.003869 0.983633 0.002846 0.000222 0.001646 0.000445 0.001647 0.005612 0.000482 0.004126 0.982455 0.003177 0.000243 0.001735 0.000523 0.006582 0.034647 0.003780 0.029354 0.865504 0.022105 0.003603 0.027798 0.006627 0.007257 0.036304 0.004212 0.031670 0.856014 0.023981 0.003846 0.029424 0.007292 
0.001921 0.006243 0.000640 0.003468 0.980899 0.002775 0.000587 0.002614 0.000854 0.002069 0.006503 0.000744 0.003822 0.979340 0.003078 0.000653 0.002841 0.000951 0.008110 0.037029 0.005015 0.021076 0.870825 0.018034 0.004215 0.030093 0.005602 0.008778 0.038935 0.005515 0.022720 0.861414 0.019626 0.004693 0.032178 0.006142 
