0.000000 0.001541 0.000000 0.000000 0.996918 0.001541 0.000000 0.000000 0.000000 0.000000 0.001573 0.000000 0.000000 0.995430 0.002997 0.000000 0.000000 0.000000 0.000000 0.006163 0.000000 0.007704 0.970724 0.009245 0.000000 0.006163 0.000000 0.000000 0.006619 0.000000 0.007897 0.967958 0.011123 0.000000 0.006403 0.000000 
0.000000 0.000000 0.000000 0.000000 1.000000 0.000000 0.000000 0.000000 0.000000 0.000000 0.000000 0.000000 0.000000 1.000000 0.000000 0.000000 0.000000 0.000000 0.001597 0.012780 0.001597 0.014377 0.953674 0.004792 0.001597 0.006390 0.003195 0.001696 0.013371 0.001738 0.014769 0.951854 0.004840 0.001729 0.006584 0.003421 
0.000000 0.001044 0.000000 0.000000 0.998956 0.000000 0.000000 0.000000 0.000000 0.000000 0.001168 0.000000 0.000000 0.998832 0.000000 0.000000 0.000000 0.000000 0.004697 0.014614 0.004697 0.012526 0.934760 0.010438 0.004697 0.010438 0.003132 0.005184 0.014934 0.004859 0.013050 0.931860 0.010982 0.004981 0.010828 0.003321 
0.000000 0.000000 0.000000 0.000000 0.997180 0.002256 0.000000 0.000564 0.000000 0.000000 0.000000 0.000000 0.000000 0.996771 0.002529 0.000000 0.000701 0.000000 0.002256 0.004512 0.001128 0.004512 0.974619 0.007896 0.000564 0.003948 0.000564 0.002545 0.004907 0.001391 0.004763 0.971970 0.008777 0.000672 0.004320 0.000655 
0.000000 0.000000 0.000000 0.000000 0.997479 0.002017 0.000000 0.000504 0.000000 0.000000 0.000000 0.000000 0.000000 0.996000 0.003482 0.000000 0.000518 0.000000 0.002521 0.006051 0.002017 0.009077 0.946546 0.010086 0.002521 0.016641 0.004539 0.002665 0.006432 0.002056 0.009417 0.942022 0.011975 0.002600 0.017837 0.004995 
0.000000 0.000000 0.000000 0.000450 0.998650 0.000450 0.000450 0.000000 0.000000 0.000000 0.000000 0.000000 0.000454 0.998460 0.000634 0.000452 0.000000 0.000000 0.010351 0.022952 0.009001 0.029253 0.873537 0.018902 0.008551 0.020252 0.007201 0.010816 0.023739 0.009431 0.030068 0.869068 0.019737 0.008775 0.020867 0.007497 
0.000000 0.000556 0.000000 0.000000 0.998888 0.000556 0.000000 0.000000 0.000000 0.000000 0.000569 0.000000 0.000000 0.998737 0.000694 0.000000 0.000000 0.000000 0.004449 0.018910 0.005562 0.011123 0.921580 0.017798 0.003337 0.012792 0.004449 0.004542 0.019776 0.005742 0.011590 0.917709 0.019295 0.003405 0.013248 0.004694 
0.000000 0.000000 0.000000 0.000000 1.000000 0.000000 0.000000 0.000000 0.000000 0.000000 0.000000 0.000000 0.000000 1.000000 0.000000 0.000000 0.000000 0.000000 0.002915 0.012148 0.006317 0.015063 0.933431 0.008746 0.004859 0.012148 0.004373 0.003144 0.012866 0.006703 0.015580 0.930295 0.009085 0.005109 0.012538 0.004679 
0.000000 0.000000 0.000000 0.000000 0.999489 0.000511 0.000000 0.000000 0.000000 0.000000 0.000000 0.000000 0.000000 0.999486 0.000514 0.000000 0.000000 0.000000 0.005112 0.014315 0.004601 0.012270 0.934049 0.009202 0.005112 0.010736 0.004601 0.005446 0.014892 0.004907 0.012663 0.930879 0.009780 0.005484 0.011174 0.004774 
0.000000 0.000000 0.000000 0.000000 1.000000 0.000000 0.000000 0.000000 0.000000 0.000000 0.000000 0.000000 0.000000 1.000000 0.000000 0.000000 0.000000 0.000000 0.007532 0.012746 0.003476 0.018540 0.928158 0.007532 0.006373 0.009270 0.006373 0.008033 0.013010 0.003698 0.019099 0.925164 0.007994 0.006722 0.009514 0.006767 
0.000000 0.000000 0.000000 0.000000 0.997137 0.001908 0.000000 0.000954 0.000000 0.000000 0.000000 0.000000 0.000000 0.995601 0.002543 0.000000 0.001856 0.000000 0.002863 0.020992 0.002385 0.015744 0.914122 0.012882 0.006202 0.018607 0.006202 0.002965 0.021640 0.002423 0.016206 0.908544 0.014614 0.006419 0.020608 0.006582 
0.000000 0.000000 0.000000 0.000000 1.000000 0.000000 0.000000 0.000000 0.000000 0.000000 0.000000 0.000000 0.000000 1.000000 0.000000 0.000000 0.000000 0.000000 0.004700 0.011163 0.001763 0.011163 0.945946 0.010576 0.004700 0.007051 0.002938 0.004943 0.011520 0.001862 0.011578 0.944005 0.010859 0.004875 0.007313 0.003045 
0.000000 0.000000 0.000000 0.000000 0.998799 0.000000 0.000000 0.001201 0.000000 0.000000 0.000000 0.000000 0.000000 0.998226 0.000000 0.000000 0.001774 0.000000 0.012014 0.020825 0.009612 0.023628 0.878254 0.017621 0.011213 0.020024 0.006808 0.012560 0.021705 0.010455 0.024240 0.872262 0.018309 0.011860 0.021598 0.007011 
0.000000 0.000000 0.000419 0.000000 0.996226 0.000000 0.000000 0.003354 0.000000 0.000000 0.000000 0.000430 0.000000 0.995912 0.000000 0.000000 0.003658 0.000000 0.005451 0.009224 0.005870 0.012159 0.933753 0.013836 0.003774 0.011321 0.004612 0.005752 0.009638 0.006093 0.012681 0.930567 0.014247 0.004095 0.012151 0.004776 
0.000000 0.000000 0.000000 0.001454 0.996607 0.000000 0.000000 0.001454 0.000485 0.000000 0.000000 0.000000 0.001699 0.996150 0.000000 0.000000 0.001544 0.000607 0.000485 0.006786 0.002424 0.016481 0.957344 0.008725 0.000969 0.005817 0.000969 0.000500 0.007265 0.002654 0.017894 0.954021 0.009157 0.001066 0.006261 0.001181 
0.000000 0.000000 0.000839 0.000000 0.996226 0.002935 0.000000 0.000000 0.000000 0.000000 0.000000 0.001006 0.000000 0.995853 0.003141 0.000000 0.000000 0.000000 0.005870 0.012579 0.004612 0.015933 0.922851 0.017610 0.003354 0.011321 0.005870 0.006034 0.013402 0.004988 0.016562 0.918263 0.018522 0.003602 0.012204 0.006422 
0.000000 0.000000 0.000000 0.000000 0.998194 0.001806 0.000000 0.000000 0.000000 0.000000 0.000000 0.000000 0.000000 0.997919 0.002081 0.000000 0.000000 0.000000 0.007223 0.013093 0.004966 0.016704 0.919187 0.017607 0.003160 0.011287 0.006772 0.007632 0.013409 0.005154 0.017704 0.915448 0.018395 0.003417 0.011692 0.007148 
0.000000 0.000564 0.000000 0.000000 0.999436 0.000000 0.000000 0.000000 0.000000 0.000000 0.000607 0.000000 0.000000 0.999393 0.000000 0.000000 0.000000 0.000000 0.002256 0.005640 0.001128 0.005076 0.967851 0.007896 0.004512 0.004512 0.001128 0.002501 0.005854 0.001232 0.005459 0.965314 0.008445 0.005146 0.004912 0.001138 
0.000000 0.000000 0.000000 0.000000 1.000000 0.000000 0.000000 0.000000 0.000000 0.000000 0.000000 0.000000 0.000000 1.000000 0.000000 0.000000 0.000000 0.000000 0.004946 0.009891 0.000989 0.001978 0.976261 0.002967 0.000989 0.000989 0.000989 0.005424 0.010587 0.001000 0.002131 0.974660 0.003173 0.000992 0.001026 0.001006 
0.000000 0.000000 0.000000 0.000000 0.999190 0.000000 0.000000 0.000000 0.000810 0.000000 0.000000 0.000000 0.000000 0.999042 0.000000 0.000000 0.000000 0.000958 0.002429 0.008097 0.001619 0.005668 0.968421 0.004858 0.001619 0.003239 0.004049 0.002640 0.008421 0.001715 0.005962 0.966340 0.005114 0.001623 0.003551 0.004634 
0.000000 0.000000 0.000000 0.000000 0.996396 0.000000 0.000000 0.003604 0.000000 0.000000 0.000000 0.000000 0.000000 0.995886 0.000000 0.000000 0.004114 0.000000 0.000000 0.000901 0.000901 0.003604 0.974775 0.007207 0.003604 0.005405 0.003604 0.000000 0.001152 0.000983 0.003790 0.969078 0.009534 0.003782 0.007508 0.004172 
0.000000 0.000000 0.000000 0.000000 0.998288 0.000000 0.000000 0.001712 0.000000 0.000000 0.000000 0.000000 0.000000 0.998101 0.000000 0.000000 0.001899 0.000000 0.005708 0.005137 0.003425 0.007420 0.949772 0.007420 0.005137 0.011986 0.003995 0.006037 0.005608 0.003840 0.007949 0.945367 0.007956 0.005706 0.013162 0.004375 
0.000000 0.000000 0.000000 0.000000 1.000000 0.000000 0.000000 0.000000 0.000000 0.000000 0.000000 0.000000 0.000000 1.000000 0.000000 0.000000 0.000000 0.000000 0.001521 0.005323 0.004563 0.006844 0.965779 0.006844 0.001521 0.006844 0.000760 0.001597 0.005505 0.005131 0.007084 0.963441 0.007315 0.001674 0.007490 0.000763 
0.000000 0.000000 0.000000 0.000000 1.000000 0.000000 0.000000 0.000000 0.000000 0.000000 0.000000 0.000000 0.000000 1.000000 0.000000 0.000000 0.000000 0.000000 0.000000 0.004360 0.001453 0.001453 0.988372 0.002907 0.000000 0.001453 0.000000 0.000000 0.004622 0.001745 0.001501 0.987331 0.003297 0.000000 0.001504 0.000000 
0.000000 0.000000 0.000000 0.000000 1.000000 0.000000 0.000000 0.000000 0.000000 0.000000 0.000000 0.000000 0.000000 1.000000 0.000000 0.000000 0.000000 0.000000 0.000000 0.004167 0.001042 0.005208 0.976042 0.009375 0.001042 0.003125 0.000000 0.000000 0.004282 0.001082 0.005444 0.974955 0.009882 0.001081 0.003274 0.000000 
