0.000000 0.000000 0.000000 0.000903 0.991870 0.001807 0.000903 0.000903 0.003613 0.000000 0.000000 0.000000 0.000946 0.991608 0.001824 0.000923 0.000987 0.003713 0.004517 0.018970 0.004517 0.037037 0.869919 0.025294 0.009937 0.018067 0.011743 0.004686 0.019886 0.004866 0.038604 0.864336 0.025988 0.010328 0.018644 0.012661 
0.000887 0.000887 0.000887 0.001775 0.992014 0.000887 0.000887 0.001775 0.000000 0.000908 0.000894 0.000895 0.001797 0.991187 0.000889 0.001266 0.002164 0.000000 0.006211 0.019521 0.001775 0.033718 0.888199 0.015972 0.008873 0.021295 0.004437 0.006609 0.020276 0.001969 0.034806 0.882186 0.016532 0.009806 0.023160 0.004656 
0.000000 0.002408 0.000000 0.004013 0.991974 0.000803 0.000000 0.000803 0.000000 0.000000 0.002444 0.000000 0.004117 0.991827 0.000803 0.000000 0.000809 0.000000 0.006421 0.014446 0.004013 0.026485 0.870787 0.030498 0.011236 0.027287 0.008828 0.006790 0.015177 0.004148 0.027306 0.865471 0.031754 0.011761 0.028408 0.009184 
0.001914 0.000957 0.000000 0.004785 0.987560 0.002871 0.000957 0.000957 0.000000 0.001987 0.000961 0.000000 0.004995 0.986973 0.003033 0.001048 0.001003 0.000000 0.009569 0.022010 0.005742 0.046890 0.847847 0.027751 0.009569 0.017225 0.013397 0.009843 0.022609 0.006016 0.048498 0.842643 0.028148 0.010395 0.018020 0.013826 
0.002051 0.001026 0.000000 0.002051 0.989744 0.002051 0.003077 0.000000 0.000000 0.002128 0.001045 0.000000 0.002112 0.989497 0.002073 0.003146 0.000000 0.000000 0.007179 0.012308 0.003077 0.036923 0.881026 0.025641 0.010256 0.013333 0.010256 0.007448 0.012783 0.003242 0.038312 0.876853 0.026089 0.011015 0.013634 0.010624 
0.000000 0.000805 0.000805 0.004827 0.984714 0.003218 0.000805 0.002414 0.002414 0.000000 0.000900 0.000842 0.004971 0.984256 0.003248 0.000814 0.002463 0.002506 0.006436 0.015286 0.006436 0.034594 0.867257 0.025744 0.008045 0.026549 0.009654 0.006691 0.016231 0.006720 0.035761 0.861529 0.026607 0.008385 0.027670 0.010405 
0.001142 0.000000 0.000571 0.000571 0.990862 0.006282 0.000000 0.000571 0.000000 0.001270 0.000000 0.000653 0.000622 0.990021 0.006801 0.000000 0.000633 0.000000 0.009138 0.014278 0.007995 0.041119 0.857796 0.037122 0.005140 0.023986 0.003427 0.009945 0.015176 0.008718 0.042638 0.848959 0.040090 0.005431 0.025408 0.003635 
0.002367 0.003314 0.004261 0.002841 0.972538 0.010890 0.000947 0.002367 0.000473 0.002756 0.003421 0.004892 0.002972 0.970248 0.011777 0.000979 0.002414 0.000541 0.017045 0.022727 0.017519 0.042140 0.807292 0.052557 0.008996 0.022254 0.009470 0.018534 0.023540 0.020772 0.043902 0.794016 0.056346 0.009352 0.023685 0.009853 
0.001082 0.002706 0.001623 0.002706 0.984307 0.000541 0.001082 0.002165 0.003788 0.001113 0.002745 0.001647 0.002747 0.983742 0.000563 0.001140 0.002215 0.004088 0.009740 0.026515 0.012987 0.027056 0.853355 0.027597 0.008658 0.022727 0.011364 0.010191 0.027025 0.013479 0.027765 0.848241 0.028639 0.009011 0.023647 0.012002 
0.003331 0.007494 0.004996 0.005828 0.963364 0.005828 0.000000 0.004996 0.004163 0.003459 0.007596 0.005179 0.005978 0.962202 0.006034 0.000000 0.005064 0.004489 0.020816 0.039967 0.019983 0.045795 0.752706 0.040799 0.020816 0.030808 0.028310 0.021320 0.041053 0.020823 0.046593 0.745589 0.042012 0.021410 0.031838 0.029362 
0.002239 0.002239 0.003731 0.002985 0.978358 0.001493 0.004478 0.002239 0.002239 0.002269 0.002386 0.003904 0.003070 0.977565 0.001509 0.004601 0.002313 0.002383 0.020149 0.017910 0.014179 0.044030 0.810448 0.035075 0.018657 0.021642 0.017910 0.020983 0.019016 0.014977 0.045482 0.802419 0.035942 0.019945 0.022249 0.018986 
0.003034 0.001214 0.000000 0.001820 0.986044 0.001214 0.001820 0.002427 0.002427 0.003074 0.001253 0.000000 0.001961 0.985395 0.001248 0.002019 0.002543 0.002508 0.015170 0.028519 0.016383 0.025485 0.819782 0.021238 0.015777 0.037015 0.020631 0.015926 0.029657 0.017147 0.026795 0.812313 0.022132 0.016439 0.038146 0.021445 
0.001504 0.000000 0.000000 0.002256 0.987970 0.000752 0.003759 0.001504 0.002256 0.001530 0.000000 0.000000 0.002356 0.987584 0.000782 0.003923 0.001552 0.002273 0.015038 0.021053 0.012782 0.029323 0.841353 0.026316 0.013534 0.026316 0.014286 0.015406 0.021617 0.013411 0.030715 0.834923 0.027707 0.013990 0.027186 0.015045 
0.000875 0.000875 0.002625 0.000875 0.991251 0.000875 0.000000 0.001750 0.000875 0.000876 0.001037 0.002724 0.000879 0.990696 0.000879 0.000000 0.001935 0.000974 0.011374 0.011374 0.004374 0.025372 0.888889 0.026247 0.007874 0.015748 0.008749 0.011754 0.012028 0.004926 0.025958 0.883514 0.027419 0.008335 0.016793 0.009274 
0.000000 0.000576 0.000000 0.001729 0.997118 0.000576 0.000000 0.000000 0.000000 0.000000 0.000578 0.000000 0.001878 0.996935 0.000608 0.000000 0.000000 0.000000 0.002305 0.009222 0.001729 0.024207 0.928530 0.014409 0.002305 0.014409 0.002882 0.002358 0.009522 0.001871 0.025363 0.925072 0.015038 0.002457 0.015271 0.003048 
0.000542 0.002168 0.000542 0.002168 0.989160 0.004336 0.000542 0.000542 0.000000 0.000589 0.002196 0.000581 0.002218 0.988622 0.004636 0.000602 0.000556 0.000000 0.004336 0.015176 0.007046 0.029268 0.881843 0.026016 0.011382 0.017886 0.007046 0.004545 0.015590 0.007638 0.030470 0.875581 0.028055 0.011930 0.018844 0.007346 
0.001795 0.000000 0.000000 0.001795 0.992819 0.000898 0.000000 0.000898 0.001795 0.001833 0.000000 0.000000 0.001890 0.992543 0.001022 0.000000 0.000898 0.001815 0.008977 0.015260 0.005386 0.039497 0.884201 0.019749 0.005386 0.012567 0.008977 0.009190 0.015937 0.005749 0.040732 0.879707 0.020318 0.005864 0.013197 0.009307 
0.001714 0.000000 0.001714 0.005141 0.981148 0.002571 0.002571 0.001714 0.003428 0.001831 0.000000 0.001800 0.005238 0.980613 0.002629 0.002635 0.001731 0.003523 0.011140 0.014567 0.005141 0.036847 0.862896 0.031705 0.006855 0.022279 0.008569 0.012271 0.015091 0.005532 0.037810 0.856724 0.033022 0.007124 0.023273 0.009153 
0.001418 0.000709 0.000000 0.002837 0.992908 0.000709 0.000000 0.000709 0.000709 0.001453 0.000723 0.000000 0.002924 0.992669 0.000719 0.000000 0.000796 0.000717 0.011348 0.018440 0.009220 0.031915 0.868794 0.022695 0.012057 0.019858 0.005674 0.012027 0.019579 0.009906 0.032985 0.862755 0.023281 0.012540 0.021001 0.005926 
0.000651 0.000000 0.000000 0.002604 0.993490 0.001953 0.001302 0.000000 0.000000 0.000665 0.000000 0.000000 0.002628 0.993193 0.002104 0.001410 0.000000 0.000000 0.007161 0.011719 0.005208 0.029297 0.884115 0.022135 0.008464 0.021484 0.010417 0.007730 0.012374 0.005358 0.030113 0.878716 0.022941 0.009004 0.022665 0.011099 
0.002930 0.005861 0.002198 0.005128 0.974359 0.001465 0.001465 0.005128 0.001465 0.003041 0.006045 0.002261 0.005292 0.973367 0.001612 0.001478 0.005304 0.001599 0.014652 0.027106 0.019048 0.030037 0.808791 0.038095 0.016117 0.036630 0.009524 0.015341 0.027652 0.019699 0.031394 0.801822 0.039659 0.016507 0.037911 0.010015 
0.002329 0.003106 0.002329 0.005435 0.975155 0.005435 0.001553 0.003882 0.000776 0.002371 0.003174 0.002440 0.005492 0.974492 0.005656 0.001609 0.003963 0.000802 0.019410 0.039596 0.016304 0.043478 0.785714 0.048913 0.015528 0.017081 0.013975 0.020073 0.040381 0.016935 0.044481 0.779803 0.049974 0.016204 0.017761 0.014386 
0.004534 0.002591 0.000648 0.004534 0.979922 0.001943 0.001943 0.002591 0.001295 0.004738 0.002725 0.000683 0.004617 0.979110 0.002010 0.001984 0.002801 0.001333 0.020725 0.024611 0.012306 0.034974 0.812824 0.033031 0.016839 0.024611 0.020078 0.021608 0.025451 0.012759 0.035792 0.806026 0.034046 0.017683 0.025630 0.021004 
0.002915 0.002187 0.002187 0.005102 0.973032 0.002187 0.002915 0.006560 0.002915 0.002956 0.002321 0.002199 0.005286 0.972076 0.002248 0.003103 0.006817 0.002993 0.020408 0.030612 0.021137 0.043003 0.777697 0.031341 0.022595 0.027697 0.025510 0.021129 0.031835 0.022071 0.044388 0.769303 0.032436 0.023842 0.028520 0.026474 
0.003215 0.002412 0.000000 0.004019 0.982315 0.000804 0.002412 0.003215 0.001608 0.003325 0.002458 0.000000 0.004221 0.981776 0.000808 0.002491 0.003292 0.001629 0.015273 0.038585 0.010450 0.043408 0.786977 0.025723 0.023312 0.035370 0.020900 0.015870 0.040091 0.010747 0.044863 0.779140 0.026683 0.024112 0.036584 0.021910 
