0.000260 0.000729 0.000104 0.000260 0.997450 0.000156 0.000052 0.000989 0.000000 0.000291 0.000779 0.000127 0.000272 0.997224 0.000170 0.000069 0.001068 0.000000 0.001769 0.015143 0.000676 0.005776 0.960296 0.004007 0.001197 0.010251 0.000885 0.002019 0.016228 0.000817 0.006296 0.956789 0.004277 0.001405 0.011150 0.001018 
0.000168 0.001093 0.000126 0.000210 0.996679 0.000336 0.000126 0.001261 0.000000 0.000197 0.001197 0.000137 0.000216 0.996406 0.000349 0.000139 0.001360 0.000000 0.001555 0.019419 0.000883 0.005590 0.949182 0.005170 0.001429 0.016435 0.000336 0.001759 0.020847 0.001016 0.006026 0.945015 0.005565 0.001601 0.017802 0.000370 
0.000402 0.001449 0.000121 0.001086 0.994367 0.001368 0.000121 0.001006 0.000080 0.000457 0.001558 0.000134 0.001119 0.993945 0.001433 0.000142 0.001124 0.000088 0.001609 0.015491 0.001086 0.005955 0.954412 0.005714 0.000925 0.014043 0.000764 0.001864 0.016798 0.001214 0.006470 0.950511 0.006090 0.001074 0.015108 0.000870 
0.000355 0.001866 0.000133 0.000800 0.994268 0.001066 0.000178 0.001155 0.000178 0.000404 0.002027 0.000145 0.000806 0.993858 0.001110 0.000200 0.001252 0.000198 0.001466 0.017329 0.000933 0.006843 0.951346 0.005643 0.001289 0.014396 0.000755 0.001697 0.018721 0.001041 0.007349 0.947102 0.006091 0.001475 0.015635 0.000887 
0.000000 0.001357 0.000175 0.000350 0.997024 0.000131 0.000131 0.000788 0.000044 0.000000 0.001449 0.000219 0.000375 0.996727 0.000149 0.000155 0.000882 0.000044 0.001225 0.017985 0.000788 0.005470 0.957597 0.003545 0.001400 0.011640 0.000350 0.001379 0.019447 0.000939 0.005899 0.953962 0.003769 0.001582 0.012631 0.000390 
0.000206 0.001686 0.000206 0.000987 0.995518 0.000247 0.000288 0.000863 0.000000 0.000238 0.001802 0.000250 0.001003 0.995198 0.000261 0.000310 0.000938 0.000000 0.001727 0.020845 0.000946 0.008182 0.944700 0.005468 0.001233 0.016446 0.000452 0.001961 0.022502 0.001102 0.008815 0.940160 0.005840 0.001426 0.017690 0.000504 
0.000047 0.000949 0.000047 0.000190 0.997012 0.000285 0.000095 0.001328 0.000047 0.000048 0.001007 0.000060 0.000203 0.996789 0.000294 0.000101 0.001447 0.000051 0.001613 0.015415 0.000617 0.006119 0.958545 0.003747 0.001043 0.012142 0.000759 0.001780 0.016666 0.000711 0.006571 0.954885 0.004106 0.001197 0.013251 0.000834 
0.000132 0.000794 0.000132 0.001103 0.996425 0.000132 0.000000 0.001147 0.000132 0.000151 0.000861 0.000157 0.001130 0.996172 0.000148 0.000000 0.001234 0.000147 0.000883 0.011166 0.000794 0.005252 0.967695 0.003001 0.000530 0.010283 0.000397 0.001010 0.012068 0.000896 0.005611 0.965013 0.003220 0.000578 0.011149 0.000456 
0.000087 0.000959 0.000087 0.001614 0.996642 0.000044 0.000000 0.000523 0.000044 0.000099 0.001010 0.000104 0.001641 0.996488 0.000044 0.000000 0.000552 0.000062 0.000872 0.013694 0.000741 0.006018 0.963410 0.003794 0.000567 0.010161 0.000741 0.000983 0.014736 0.000840 0.006369 0.960596 0.004102 0.000612 0.010922 0.000840 
0.000449 0.001707 0.000180 0.000539 0.996002 0.000270 0.000045 0.000809 0.000000 0.000489 0.001866 0.000217 0.000556 0.995674 0.000286 0.000047 0.000865 0.000000 0.001932 0.018642 0.000898 0.007547 0.955168 0.004133 0.000494 0.010691 0.000494 0.002206 0.020171 0.001066 0.008180 0.951298 0.004497 0.000564 0.011481 0.000538 
0.000294 0.001387 0.000126 0.000294 0.996511 0.000042 0.000168 0.001135 0.000042 0.000336 0.001525 0.000131 0.000308 0.996175 0.000043 0.000194 0.001244 0.000044 0.001639 0.016687 0.001345 0.007104 0.953092 0.004287 0.001093 0.014165 0.000588 0.001925 0.017999 0.001512 0.007699 0.949063 0.004658 0.001248 0.015246 0.000650 
0.000168 0.001259 0.000042 0.000378 0.996308 0.000503 0.000336 0.000839 0.000168 0.000174 0.001349 0.000059 0.000401 0.995993 0.000533 0.000388 0.000920 0.000183 0.001384 0.016067 0.000503 0.006712 0.955657 0.005496 0.001133 0.012460 0.000587 0.001581 0.017329 0.000564 0.007333 0.951573 0.005998 0.001352 0.013584 0.000685 
0.000176 0.001671 0.000176 0.000396 0.995866 0.000792 0.000308 0.000616 0.000000 0.000187 0.001847 0.000196 0.000408 0.995494 0.000849 0.000360 0.000660 0.000000 0.001803 0.016404 0.000924 0.006729 0.954174 0.005541 0.001319 0.012446 0.000660 0.002015 0.017806 0.001111 0.007310 0.950111 0.005972 0.001546 0.013410 0.000720 
0.000000 0.000963 0.000092 0.000183 0.997662 0.000367 0.000092 0.000642 0.000000 0.000000 0.001054 0.000111 0.000193 0.997449 0.000395 0.000101 0.000697 0.000000 0.001100 0.012472 0.000459 0.006603 0.963318 0.004310 0.000642 0.010730 0.000367 0.001225 0.013493 0.000530 0.007132 0.960213 0.004722 0.000734 0.011555 0.000396 
0.000456 0.001140 0.000319 0.000274 0.996533 0.000319 0.000091 0.000775 0.000091 0.000511 0.001248 0.000371 0.000285 0.996202 0.000325 0.000104 0.000843 0.000110 0.002691 0.017105 0.001140 0.006432 0.951284 0.005246 0.000912 0.014642 0.000547 0.003122 0.018420 0.001351 0.006977 0.947045 0.005613 0.001075 0.015762 0.000634 
0.000276 0.001333 0.000138 0.000230 0.997151 0.000276 0.000138 0.000414 0.000046 0.000310 0.001437 0.000164 0.000236 0.996892 0.000309 0.000143 0.000454 0.000055 0.001930 0.014061 0.000597 0.005882 0.960759 0.004825 0.000689 0.010798 0.000459 0.002212 0.015197 0.000685 0.006330 0.957415 0.005156 0.000787 0.011690 0.000527 
0.000173 0.000734 0.000043 0.000690 0.997109 0.000086 0.000129 0.000906 0.000129 0.000206 0.000771 0.000044 0.000723 0.996900 0.000089 0.000139 0.000991 0.000137 0.001812 0.013766 0.000820 0.006473 0.958831 0.004574 0.000690 0.012169 0.000863 0.002072 0.014876 0.000908 0.007114 0.955159 0.004879 0.000800 0.013209 0.000984 
0.000043 0.000957 0.000000 0.000957 0.996304 0.000565 0.000217 0.000826 0.000130 0.000044 0.001030 0.000000 0.001000 0.996059 0.000591 0.000258 0.000874 0.000144 0.001913 0.013783 0.000565 0.008261 0.955957 0.005565 0.000783 0.012565 0.000609 0.002103 0.014920 0.000622 0.008973 0.952279 0.005936 0.000945 0.013530 0.000692 
0.000129 0.001376 0.000172 0.000989 0.996131 0.000301 0.000129 0.000731 0.000043 0.000135 0.001482 0.000189 0.001021 0.995883 0.000334 0.000133 0.000780 0.000043 0.001849 0.014402 0.000989 0.006019 0.958600 0.004858 0.000860 0.011822 0.000602 0.002055 0.015747 0.001119 0.006494 0.954999 0.005292 0.000991 0.012650 0.000654 
0.000126 0.000838 0.000126 0.000796 0.997319 0.000168 0.000042 0.000545 0.000042 0.000128 0.000908 0.000153 0.000831 0.997138 0.000171 0.000045 0.000578 0.000048 0.002052 0.016001 0.001047 0.006660 0.957024 0.004691 0.000712 0.011393 0.000419 0.002313 0.017179 0.001211 0.007117 0.953443 0.005062 0.000789 0.012411 0.000475 
0.000121 0.001376 0.000324 0.002469 0.994941 0.000121 0.000040 0.000567 0.000040 0.000144 0.001448 0.000359 0.002520 0.994694 0.000126 0.000045 0.000621 0.000044 0.001659 0.018213 0.001417 0.007123 0.953456 0.004695 0.000486 0.012223 0.000729 0.001885 0.019600 0.001617 0.007509 0.949795 0.005074 0.000556 0.013169 0.000793 
0.000426 0.001364 0.000043 0.001236 0.995865 0.000341 0.000000 0.000597 0.000128 0.000453 0.001447 0.000053 0.001261 0.995609 0.000369 0.000000 0.000665 0.000142 0.002174 0.014407 0.000810 0.006394 0.959507 0.003964 0.000511 0.011040 0.001193 0.002513 0.015610 0.000931 0.006810 0.955988 0.004259 0.000565 0.011974 0.001350 
0.000238 0.001426 0.000317 0.000515 0.995642 0.000475 0.000436 0.000792 0.000158 0.000268 0.001549 0.000365 0.000543 0.995237 0.000530 0.000486 0.000848 0.000176 0.001387 0.016164 0.000832 0.005784 0.952896 0.006695 0.001585 0.013826 0.000832 0.001640 0.017449 0.000987 0.006281 0.948635 0.007257 0.001861 0.014947 0.000943 
0.000384 0.000729 0.000153 0.001074 0.994474 0.002187 0.000345 0.000499 0.000153 0.000425 0.000778 0.000176 0.001085 0.994185 0.002251 0.000394 0.000524 0.000180 0.001880 0.013393 0.000959 0.006869 0.957404 0.007061 0.001036 0.010399 0.000998 0.002119 0.014443 0.001076 0.007326 0.953933 0.007497 0.001245 0.011203 0.001158 
0.000324 0.000971 0.000162 0.000688 0.996358 0.000486 0.000283 0.000607 0.000121 0.000344 0.001040 0.000171 0.000713 0.996140 0.000500 0.000308 0.000656 0.000128 0.002185 0.014526 0.000850 0.007445 0.955410 0.005382 0.001416 0.012098 0.000688 0.002495 0.015662 0.000954 0.008100 0.951616 0.005753 0.001602 0.013052 0.000766 
0.000122 0.000572 0.000204 0.001184 0.997142 0.000163 0.000082 0.000490 0.000041 0.000145 0.000601 0.000246 0.001194 0.996984 0.000169 0.000092 0.000528 0.000041 0.001797 0.013515 0.001062 0.007064 0.959291 0.004410 0.000898 0.011147 0.000817 0.002036 0.014595 0.001218 0.007514 0.955902 0.004768 0.001004 0.012009 0.000955 
0.000121 0.000847 0.000081 0.001048 0.996815 0.000323 0.000040 0.000685 0.000040 0.000124 0.000907 0.000091 0.001063 0.996614 0.000354 0.000050 0.000744 0.000053 0.002339 0.012298 0.000927 0.007339 0.958387 0.005000 0.001089 0.011815 0.000806 0.002544 0.013281 0.001057 0.007836 0.954930 0.005405 0.001203 0.012798 0.000946 
0.000325 0.000732 0.000122 0.001383 0.996788 0.000041 0.000000 0.000569 0.000041 0.000345 0.000778 0.000148 0.001407 0.996642 0.000041 0.000000 0.000597 0.000042 0.002033 0.010938 0.000935 0.007035 0.962713 0.004595 0.000691 0.010613 0.000447 0.002306 0.011816 0.001060 0.007523 0.959531 0.005011 0.000755 0.011480 0.000518 
0.000279 0.000597 0.000159 0.001631 0.996339 0.000318 0.000119 0.000557 0.000000 0.000294 0.000641 0.000194 0.001659 0.996132 0.000350 0.000136 0.000594 0.000000 0.001631 0.012813 0.000995 0.007361 0.961124 0.004218 0.000955 0.010226 0.000676 0.001837 0.013757 0.001145 0.007807 0.957964 0.004602 0.001099 0.011038 0.000751 
0.000077 0.001039 0.000231 0.001694 0.996228 0.000077 0.000115 0.000539 0.000000 0.000080 0.001109 0.000258 0.001728 0.996022 0.000094 0.000130 0.000580 0.000000 0.001771 0.013126 0.000962 0.007545 0.958582 0.005543 0.000770 0.011009 0.000693 0.001969 0.014195 0.001110 0.008056 0.955068 0.006013 0.000906 0.011912 0.000771 
0.000200 0.000599 0.000160 0.000999 0.997003 0.000440 0.000080 0.000520 0.000000 0.000217 0.000622 0.000169 0.001017 0.996870 0.000463 0.000085 0.000557 0.000000 0.002318 0.013469 0.001319 0.008033 0.951920 0.006355 0.001239 0.014508 0.000839 0.002600 0.014479 0.001482 0.008558 0.947903 0.006896 0.001384 0.015778 0.000920 
0.000081 0.000930 0.000202 0.001011 0.996362 0.000283 0.000202 0.000849 0.000081 0.000084 0.001019 0.000252 0.001075 0.995988 0.000344 0.000233 0.000909 0.000096 0.001698 0.012856 0.001213 0.007115 0.957309 0.005458 0.001011 0.012371 0.000970 0.001864 0.013934 0.001445 0.007672 0.953538 0.005977 0.001158 0.013296 0.001117 
0.000150 0.000938 0.000375 0.001313 0.996135 0.000075 0.000188 0.000713 0.000113 0.000169 0.000997 0.000415 0.001333 0.995883 0.000085 0.000225 0.000772 0.000122 0.001951 0.014108 0.001426 0.007617 0.953360 0.005065 0.001351 0.014484 0.000638 0.002200 0.015276 0.001664 0.008169 0.949273 0.005494 0.001510 0.015686 0.000727 
0.000384 0.000422 0.000077 0.001037 0.996735 0.000269 0.000230 0.000730 0.000115 0.000429 0.000449 0.000081 0.001061 0.996493 0.000302 0.000275 0.000789 0.000122 0.002612 0.013366 0.000883 0.007873 0.955179 0.005953 0.001383 0.012098 0.000653 0.002992 0.014388 0.000994 0.008453 0.951322 0.006443 0.001574 0.013096 0.000738 
0.000427 0.001203 0.000233 0.000233 0.996508 0.000194 0.000466 0.000737 0.000000 0.000474 0.001288 0.000288 0.000240 0.996166 0.000207 0.000538 0.000800 0.000000 0.002405 0.017692 0.000737 0.007371 0.950417 0.006790 0.001746 0.011911 0.000931 0.002767 0.019159 0.000889 0.007999 0.945899 0.007334 0.002059 0.012895 0.000999 
0.000195 0.001134 0.000274 0.000235 0.996442 0.000235 0.000469 0.000938 0.000078 0.000228 0.001247 0.000325 0.000242 0.996076 0.000248 0.000545 0.001006 0.000083 0.002776 0.014035 0.001095 0.006725 0.952694 0.006099 0.002228 0.013175 0.001173 0.003163 0.015232 0.001268 0.007241 0.948302 0.006583 0.002596 0.014276 0.001338 
0.000297 0.001893 0.000297 0.000631 0.994469 0.000520 0.000520 0.001262 0.000111 0.000350 0.002095 0.000354 0.000640 0.993927 0.000535 0.000624 0.001350 0.000123 0.002747 0.020119 0.001559 0.005976 0.944061 0.006941 0.002598 0.014699 0.001299 0.003141 0.021857 0.001813 0.006434 0.938858 0.007460 0.003025 0.015947 0.001466 
0.000340 0.000907 0.000264 0.000491 0.995127 0.001511 0.000302 0.000869 0.000189 0.000400 0.000964 0.000294 0.000494 0.994815 0.001555 0.000341 0.000938 0.000199 0.002078 0.013524 0.001284 0.005780 0.952665 0.007858 0.001549 0.013902 0.001360 0.002372 0.014599 0.001468 0.006216 0.948448 0.008439 0.001775 0.015113 0.001572 
0.000393 0.000786 0.000286 0.000858 0.994425 0.001716 0.000536 0.000965 0.000036 0.000447 0.000852 0.000362 0.000878 0.994015 0.001777 0.000602 0.001030 0.000036 0.001966 0.015046 0.001394 0.008435 0.949107 0.007184 0.001716 0.014260 0.000893 0.002249 0.016220 0.001620 0.009031 0.944913 0.007609 0.001988 0.015398 0.000974 
0.000418 0.001253 0.000190 0.000494 0.995215 0.000873 0.000494 0.000911 0.000152 0.000461 0.001377 0.000215 0.000513 0.994766 0.000905 0.000591 0.001007 0.000165 0.002506 0.017430 0.001671 0.006835 0.949381 0.005772 0.002051 0.013177 0.001177 0.002891 0.018888 0.001884 0.007333 0.944698 0.006263 0.002396 0.014287 0.001360 
0.000370 0.001408 0.000519 0.000963 0.994370 0.001408 0.000148 0.000704 0.000111 0.000414 0.001507 0.000550 0.000985 0.994013 0.001466 0.000184 0.000767 0.000113 0.002186 0.016558 0.002297 0.008372 0.944288 0.008705 0.001667 0.014632 0.001296 0.002510 0.017935 0.002624 0.009029 0.939270 0.009378 0.001913 0.015873 0.001469 
0.000547 0.000765 0.000328 0.000820 0.994644 0.001530 0.000383 0.000820 0.000164 0.000627 0.000833 0.000355 0.000838 0.994290 0.001580 0.000426 0.000872 0.000177 0.002897 0.014538 0.002131 0.008963 0.944909 0.008089 0.002131 0.015084 0.001257 0.003278 0.015728 0.002371 0.009633 0.940250 0.008683 0.002458 0.016171 0.001428 
