0.001098 0.012080 0.000486 0.004667 0.975671 0.002957 0.000296 0.002577 0.000169 0.001133 0.012250 0.000512 0.004758 0.975074 0.003085 0.000309 0.002699 0.000180 0.013136 0.039937 0.011573 0.032819 0.821795 0.025533 0.013749 0.029757 0.011700 0.013561 0.040821 0.011946 0.033861 0.815946 0.026533 0.014322 0.030837 0.012174 
0.000530 0.008262 0.000275 0.003454 0.983378 0.002119 0.000314 0.001531 0.000137 0.000532 0.008415 0.000279 0.003523 0.982908 0.002255 0.000321 0.001613 0.000154 0.012814 0.038090 0.010734 0.030221 0.832588 0.024805 0.012795 0.026689 0.011264 0.013257 0.039011 0.011153 0.031175 0.826982 0.025852 0.013289 0.027589 0.011692 
0.000761 0.010574 0.000441 0.003825 0.978231 0.002543 0.000381 0.003024 0.000220 0.000792 0.010722 0.000448 0.003896 0.977730 0.002635 0.000394 0.003154 0.000230 0.013118 0.037791 0.012136 0.031662 0.826928 0.025795 0.013458 0.028218 0.010895 0.013548 0.038589 0.012615 0.032571 0.821562 0.026684 0.013949 0.029170 0.011311 
0.000534 0.007238 0.000376 0.003164 0.984416 0.001899 0.000218 0.001997 0.000158 0.000544 0.007345 0.000395 0.003215 0.984067 0.001973 0.000224 0.002064 0.000173 0.012123 0.034609 0.010264 0.029467 0.838980 0.025907 0.012024 0.026995 0.009631 0.012495 0.035505 0.010699 0.030418 0.833403 0.027040 0.012469 0.027938 0.010033 
0.000679 0.006662 0.000302 0.002766 0.985845 0.002011 0.000151 0.001433 0.000151 0.000689 0.006834 0.000307 0.002854 0.985436 0.002068 0.000153 0.001500 0.000158 0.010006 0.029793 0.008422 0.026650 0.862979 0.020515 0.009981 0.022828 0.008825 0.010389 0.030770 0.008703 0.027722 0.858067 0.021216 0.010321 0.023610 0.009200 
0.000369 0.005436 0.000154 0.001996 0.988483 0.001966 0.000184 0.001321 0.000092 0.000371 0.005505 0.000156 0.002055 0.988167 0.002098 0.000187 0.001366 0.000094 0.010350 0.030713 0.009797 0.026075 0.856235 0.023127 0.011271 0.022328 0.010104 0.010708 0.031734 0.010140 0.027002 0.851139 0.024164 0.011635 0.022968 0.010509 
0.000391 0.004664 0.000098 0.002120 0.990411 0.001239 0.000098 0.000881 0.000098 0.000393 0.004729 0.000099 0.002178 0.990197 0.001282 0.000099 0.000923 0.000099 0.013047 0.032062 0.011155 0.031638 0.834567 0.024952 0.013569 0.027202 0.011807 0.013475 0.032899 0.011517 0.032579 0.829507 0.025811 0.013982 0.028008 0.012222 
0.000125 0.002743 0.000075 0.000923 0.994290 0.000948 0.000025 0.000848 0.000025 0.000128 0.002817 0.000079 0.000956 0.994093 0.001004 0.000025 0.000873 0.000026 0.013066 0.033687 0.012667 0.028975 0.835902 0.025110 0.012493 0.026257 0.011844 0.013529 0.034752 0.013114 0.029859 0.830693 0.025961 0.012888 0.026946 0.012259 
0.000116 0.001582 0.000093 0.000954 0.995696 0.000721 0.000023 0.000768 0.000047 0.000117 0.001625 0.000124 0.000960 0.995515 0.000783 0.000025 0.000803 0.000049 0.012983 0.034808 0.012192 0.028153 0.837083 0.025408 0.012122 0.026548 0.010703 0.013327 0.035867 0.012719 0.028965 0.831837 0.026362 0.012524 0.027322 0.011077 
0.000129 0.001336 0.000065 0.000517 0.996465 0.000604 0.000065 0.000798 0.000022 0.000139 0.001434 0.000065 0.000542 0.996248 0.000640 0.000068 0.000842 0.000022 0.011058 0.029185 0.009032 0.024939 0.860453 0.022159 0.010670 0.023387 0.009118 0.011506 0.030386 0.009389 0.025882 0.855254 0.022921 0.011065 0.024122 0.009474 
0.000121 0.001506 0.000087 0.000848 0.996018 0.000554 0.000156 0.000675 0.000035 0.000130 0.001553 0.000091 0.000883 0.995862 0.000579 0.000170 0.000696 0.000035 0.009730 0.026819 0.009228 0.021278 0.877264 0.018543 0.008362 0.021417 0.007358 0.010119 0.027668 0.009628 0.022027 0.872831 0.019268 0.008688 0.022133 0.007639 
0.000105 0.002954 0.000105 0.001206 0.993532 0.000769 0.000052 0.001206 0.000070 0.000106 0.003011 0.000112 0.001216 0.993365 0.000798 0.000058 0.001261 0.000073 0.009562 0.027621 0.009318 0.020156 0.877961 0.018426 0.008846 0.020104 0.008007 0.009903 0.028376 0.009701 0.020762 0.873913 0.019069 0.009164 0.020790 0.008322 
0.000317 0.002999 0.000212 0.001023 0.993086 0.000882 0.000229 0.001217 0.000035 0.000324 0.003084 0.000216 0.001048 0.992835 0.000953 0.000234 0.001270 0.000037 0.010460 0.029492 0.009525 0.022771 0.874960 0.018044 0.007320 0.020373 0.007055 0.010865 0.030415 0.009928 0.023595 0.870452 0.018779 0.007601 0.021054 0.007311 
0.000448 0.004067 0.000215 0.002831 0.988891 0.001666 0.000197 0.001613 0.000072 0.000453 0.004168 0.000222 0.002865 0.988593 0.001729 0.000209 0.001689 0.000073 0.009084 0.030388 0.008851 0.023830 0.873072 0.019620 0.008188 0.019996 0.006970 0.009430 0.031345 0.009227 0.024567 0.868482 0.020426 0.008501 0.020770 0.007253 
0.000264 0.004039 0.000377 0.002359 0.990092 0.001132 0.000132 0.001529 0.000075 0.000275 0.004119 0.000391 0.002409 0.989815 0.001185 0.000133 0.001590 0.000082 0.008663 0.029065 0.008059 0.024120 0.878400 0.019364 0.007738 0.018024 0.006568 0.009030 0.029860 0.008399 0.025004 0.873913 0.020245 0.008052 0.018644 0.006852 
0.000550 0.005775 0.000481 0.005408 0.983546 0.002040 0.000092 0.001971 0.000138 0.000558 0.005902 0.000493 0.005465 0.983131 0.002140 0.000094 0.002058 0.000159 0.007792 0.026904 0.008135 0.024269 0.886997 0.018288 0.005935 0.015836 0.005844 0.008146 0.027901 0.008470 0.025040 0.882708 0.019141 0.006112 0.016396 0.006087 
0.000383 0.005037 0.000438 0.005831 0.983657 0.002765 0.000192 0.001670 0.000027 0.000386 0.005141 0.000458 0.005912 0.983261 0.002888 0.000194 0.001732 0.000028 0.007474 0.023570 0.006488 0.023351 0.893920 0.017082 0.006871 0.015768 0.005475 0.007905 0.024397 0.006733 0.024169 0.889616 0.017980 0.007121 0.016377 0.005703 
0.001167 0.008108 0.000449 0.005984 0.978936 0.002513 0.000509 0.002035 0.000299 0.001176 0.008262 0.000456 0.006081 0.978433 0.002610 0.000558 0.002119 0.000306 0.011011 0.030190 0.008438 0.028095 0.861648 0.020166 0.010113 0.021722 0.008617 0.011431 0.031311 0.008739 0.029374 0.856131 0.020883 0.010576 0.022617 0.008938 
0.000780 0.007820 0.000449 0.007489 0.978595 0.002221 0.000614 0.001937 0.000095 0.000797 0.008048 0.000462 0.007675 0.977943 0.002326 0.000633 0.002013 0.000102 0.008529 0.027760 0.008174 0.029414 0.871335 0.018475 0.009332 0.019656 0.007324 0.008964 0.028684 0.008517 0.030638 0.866297 0.019214 0.009728 0.020361 0.007598 
0.001284 0.008941 0.000315 0.006639 0.977708 0.002544 0.000315 0.002084 0.000170 0.001309 0.009081 0.000333 0.006721 0.977163 0.002681 0.000330 0.002203 0.000179 0.012357 0.035255 0.010782 0.032444 0.833564 0.024085 0.012091 0.028277 0.011146 0.012784 0.036183 0.011172 0.033373 0.828071 0.024944 0.012565 0.029353 0.011554 
0.000935 0.007481 0.000249 0.004509 0.981817 0.002099 0.000395 0.002390 0.000125 0.000942 0.007628 0.000262 0.004604 0.981358 0.002178 0.000404 0.002496 0.000127 0.014734 0.037219 0.012614 0.035141 0.812909 0.027202 0.015087 0.032003 0.013092 0.015217 0.038238 0.013054 0.036148 0.806836 0.028142 0.015641 0.033152 0.013573 
0.000866 0.006928 0.000366 0.004465 0.983757 0.001713 0.000173 0.001655 0.000077 0.000876 0.007008 0.000373 0.004537 0.983435 0.001767 0.000176 0.001747 0.000081 0.012933 0.035237 0.010893 0.032986 0.826104 0.025538 0.013664 0.029945 0.012702 0.013383 0.036167 0.011319 0.033920 0.820432 0.026428 0.014156 0.031001 0.013194 
0.001522 0.009430 0.000646 0.007470 0.974684 0.003090 0.000346 0.002744 0.000069 0.001536 0.009537 0.000661 0.007595 0.974076 0.003216 0.000369 0.002938 0.000071 0.012750 0.035277 0.009984 0.033525 0.830117 0.025432 0.013511 0.027507 0.011897 0.013142 0.036196 0.010385 0.034594 0.824177 0.026467 0.014033 0.028606 0.012401 
0.002498 0.019862 0.000500 0.011547 0.957778 0.004172 0.000382 0.002968 0.000294 0.002558 0.020141 0.000522 0.011655 0.957017 0.004325 0.000399 0.003081 0.000301 0.012928 0.045366 0.009402 0.037345 0.823353 0.024417 0.010636 0.025651 0.010901 0.013416 0.046396 0.009771 0.038314 0.817869 0.025316 0.011019 0.026614 0.011284 
0.001421 0.012417 0.000637 0.007739 0.970365 0.003429 0.000441 0.003380 0.000171 0.001437 0.012640 0.000681 0.007850 0.969563 0.003577 0.000467 0.003590 0.000196 0.011609 0.036591 0.009968 0.032011 0.841710 0.023463 0.010213 0.024957 0.009478 0.011989 0.037512 0.010384 0.032845 0.836382 0.024503 0.010608 0.025946 0.009832 
0.001406 0.012942 0.000365 0.005859 0.973856 0.002995 0.000339 0.002005 0.000234 0.001469 0.013144 0.000377 0.005957 0.973208 0.003142 0.000344 0.002101 0.000258 0.013593 0.039138 0.009687 0.033383 0.829571 0.024712 0.011874 0.027368 0.010676 0.014065 0.040234 0.010033 0.034322 0.823794 0.025775 0.012332 0.028316 0.011129 
0.000979 0.008814 0.000350 0.004593 0.980391 0.002145 0.000303 0.002192 0.000233 0.000992 0.008946 0.000364 0.004636 0.979940 0.002288 0.000313 0.002279 0.000242 0.013500 0.037866 0.011192 0.033249 0.825452 0.027257 0.012568 0.026977 0.011938 0.013935 0.038737 0.011556 0.034015 0.819998 0.028453 0.012969 0.027915 0.012422 
0.000827 0.005198 0.000218 0.003023 0.987384 0.001675 0.000174 0.001392 0.000109 0.000846 0.005274 0.000224 0.003086 0.987081 0.001761 0.000176 0.001433 0.000119 0.013203 0.032278 0.010353 0.031952 0.837499 0.025579 0.011811 0.026732 0.010593 0.013662 0.033245 0.010738 0.032853 0.832118 0.026481 0.012270 0.027660 0.010974 
0.000530 0.005429 0.000202 0.002601 0.987980 0.001490 0.000177 0.001465 0.000126 0.000555 0.005535 0.000205 0.002637 0.987629 0.001554 0.000184 0.001572 0.000129 0.012070 0.031287 0.010000 0.030530 0.839120 0.026136 0.012121 0.028156 0.010581 0.012437 0.032190 0.010350 0.031474 0.833843 0.026992 0.012567 0.029141 0.011004 
0.000301 0.003224 0.000344 0.002300 0.990931 0.001332 0.000107 0.001418 0.000043 0.000302 0.003294 0.000355 0.002360 0.990697 0.001380 0.000109 0.001459 0.000045 0.012658 0.029981 0.010208 0.032087 0.837761 0.025274 0.012551 0.027509 0.011971 0.013145 0.030896 0.010624 0.033142 0.831973 0.026177 0.013079 0.028474 0.012490 
0.000120 0.002230 0.000144 0.001582 0.994030 0.000791 0.000144 0.000815 0.000144 0.000124 0.002286 0.000147 0.001631 0.993829 0.000845 0.000147 0.000837 0.000153 0.011724 0.032247 0.011149 0.030497 0.840850 0.024455 0.012779 0.024479 0.011820 0.012156 0.033323 0.011533 0.031439 0.835445 0.025276 0.013245 0.025353 0.012230 
0.000432 0.001187 0.000216 0.001403 0.994603 0.001403 0.000108 0.000648 0.000000 0.000441 0.001213 0.000217 0.001470 0.994302 0.001586 0.000112 0.000659 0.000000 0.014465 0.034542 0.013817 0.031196 0.814011 0.030009 0.017919 0.029469 0.014573 0.014934 0.035487 0.014239 0.031957 0.807955 0.031254 0.018515 0.030450 0.015209 
