0.000000 0.000000 0.000000 0.000000 0.997735 0.001133 0.001133 0.000000 0.000000 0.000000 0.000000 0.000000 0.000000 0.997446 0.001407 0.001147 0.000000 0.000000 0.003398 0.018120 0.007928 0.012458 0.921857 0.014723 0.004530 0.011325 0.005663 0.003506 0.018386 0.008541 0.012709 0.919089 0.015420 0.005032 0.011543 0.005774 
0.000603 0.000603 0.001206 0.001206 0.995175 0.000000 0.000000 0.000603 0.000603 0.000637 0.000603 0.001214 0.001233 0.995091 0.000000 0.000000 0.000616 0.000605 0.016285 0.028347 0.023522 0.030157 0.837153 0.022919 0.008444 0.023522 0.009650 0.016976 0.029115 0.024484 0.031449 0.831494 0.023547 0.008738 0.024137 0.010060 
0.000496 0.000000 0.000496 0.000496 0.995538 0.001487 0.000496 0.000496 0.000496 0.000507 0.000000 0.000506 0.000504 0.995400 0.001515 0.000535 0.000532 0.000502 0.010412 0.026772 0.010907 0.029251 0.839861 0.025285 0.013386 0.029747 0.014378 0.010973 0.027394 0.011289 0.030005 0.834593 0.026161 0.013760 0.030817 0.015007 
0.000000 0.000475 0.000000 0.000000 0.998575 0.000475 0.000000 0.000475 0.000000 0.000000 0.000503 0.000000 0.000000 0.998541 0.000480 0.000000 0.000476 0.000000 0.012821 0.029915 0.010921 0.024217 0.850427 0.022792 0.012821 0.028965 0.007123 0.013494 0.030903 0.011292 0.024747 0.844494 0.023764 0.013254 0.030503 0.007550 
0.000000 0.000000 0.000000 0.000919 0.997243 0.000460 0.000919 0.000460 0.000000 0.000000 0.000000 0.000000 0.000945 0.997199 0.000460 0.000933 0.000463 0.000000 0.010570 0.023897 0.011489 0.023438 0.860294 0.023438 0.017923 0.022059 0.006893 0.011050 0.024696 0.011775 0.024254 0.855593 0.024277 0.018560 0.022674 0.007121 
0.000000 0.000430 0.000860 0.000430 0.996989 0.000430 0.000000 0.000860 0.000000 0.000000 0.000433 0.000883 0.000431 0.996944 0.000434 0.000000 0.000875 0.000000 0.010323 0.029247 0.012473 0.026667 0.853763 0.025376 0.010753 0.019785 0.011613 0.010678 0.030196 0.012860 0.027310 0.848605 0.026388 0.011325 0.020556 0.012083 
0.000000 0.000867 0.000433 0.000433 0.997400 0.000000 0.000433 0.000433 0.000000 0.000000 0.000877 0.000451 0.000476 0.997304 0.000000 0.000451 0.000442 0.000000 0.011698 0.029029 0.009099 0.020364 0.873917 0.018198 0.009099 0.021231 0.007366 0.012169 0.029700 0.009428 0.021226 0.869337 0.018907 0.009462 0.022017 0.007754 
0.000644 0.000000 0.000644 0.000000 0.995490 0.000644 0.000644 0.001289 0.000644 0.000654 0.000000 0.000665 0.000000 0.995386 0.000657 0.000648 0.001329 0.000662 0.011598 0.020619 0.015464 0.015464 0.877577 0.018686 0.014820 0.012887 0.012887 0.012282 0.021155 0.016124 0.015951 0.872684 0.019284 0.015526 0.013260 0.013734 
0.000000 0.000575 0.001725 0.000000 0.994250 0.002300 0.000575 0.000575 0.000000 0.000000 0.000582 0.001947 0.000000 0.993840 0.002393 0.000651 0.000587 0.000000 0.006901 0.019551 0.008626 0.032202 0.866015 0.022427 0.012651 0.028177 0.003450 0.007376 0.020778 0.009243 0.033378 0.859757 0.023493 0.013133 0.029277 0.003566 
0.000431 0.000000 0.000431 0.001293 0.995690 0.000431 0.000862 0.000431 0.000431 0.000464 0.000000 0.000435 0.001296 0.995582 0.000440 0.000897 0.000436 0.000450 0.009483 0.023707 0.010776 0.025862 0.852155 0.019828 0.018966 0.028879 0.010345 0.010007 0.024495 0.011088 0.026479 0.846915 0.020498 0.019719 0.030058 0.010740 
0.000000 0.000472 0.000000 0.000000 0.999056 0.000472 0.000000 0.000000 0.000000 0.000000 0.000472 0.000000 0.000000 0.999050 0.000478 0.000000 0.000000 0.000000 0.012742 0.020765 0.009910 0.025484 0.860783 0.023596 0.011326 0.025956 0.009438 0.013324 0.021372 0.010511 0.025976 0.855672 0.024216 0.011676 0.027449 0.009805 
0.000639 0.000000 0.000639 0.001278 0.996805 0.000000 0.000639 0.000000 0.000000 0.000685 0.000000 0.000666 0.001298 0.996698 0.000000 0.000653 0.000000 0.000000 0.008946 0.031310 0.011502 0.031310 0.861981 0.019169 0.010863 0.019169 0.005751 0.009470 0.033054 0.011977 0.032456 0.855719 0.019943 0.011368 0.019799 0.006215 
0.000768 0.000000 0.000000 0.000000 0.997696 0.000000 0.001536 0.000000 0.000000 0.000780 0.000000 0.000000 0.000000 0.997632 0.000000 0.001588 0.000000 0.000000 0.010753 0.015361 0.008449 0.017665 0.892473 0.019201 0.009217 0.019201 0.007680 0.011335 0.016120 0.008879 0.017981 0.887531 0.020205 0.010003 0.019859 0.008087 
0.000889 0.000444 0.000000 0.000889 0.996444 0.000444 0.000444 0.000444 0.000000 0.000934 0.000499 0.000000 0.000910 0.996308 0.000449 0.000448 0.000452 0.000000 0.016000 0.036444 0.013333 0.030667 0.817778 0.033778 0.019111 0.025778 0.007111 0.016641 0.037641 0.013707 0.031478 0.811330 0.035067 0.019738 0.026883 0.007515 
0.000871 0.000000 0.000871 0.001307 0.994771 0.000436 0.000000 0.000871 0.000871 0.000949 0.000000 0.000904 0.001350 0.994379 0.000442 0.000000 0.001074 0.000901 0.015686 0.029630 0.013943 0.024401 0.837037 0.022658 0.009586 0.035294 0.011765 0.016307 0.030846 0.014555 0.025280 0.830837 0.023286 0.009863 0.036696 0.012330 
0.000000 0.000912 0.000456 0.000912 0.996807 0.000456 0.000000 0.000456 0.000000 0.000000 0.000922 0.000461 0.001036 0.996655 0.000466 0.000000 0.000461 0.000000 0.017336 0.026004 0.013230 0.020985 0.851277 0.017792 0.015511 0.028741 0.009124 0.018012 0.026854 0.013642 0.021570 0.845994 0.018476 0.016107 0.029907 0.009437 
0.000000 0.000796 0.000796 0.000398 0.996815 0.000796 0.000000 0.000398 0.000000 0.000000 0.000805 0.001006 0.000398 0.996541 0.000849 0.000000 0.000401 0.000000 0.013535 0.037420 0.011943 0.039411 0.802946 0.028662 0.017118 0.035430 0.013535 0.013900 0.038537 0.012625 0.040586 0.796771 0.029377 0.017612 0.036615 0.013975 
0.000000 0.001121 0.000374 0.000374 0.996262 0.000374 0.000374 0.000748 0.000374 0.000000 0.001275 0.000388 0.000386 0.996011 0.000376 0.000401 0.000789 0.000374 0.020561 0.040000 0.023551 0.033645 0.769346 0.038879 0.025794 0.034766 0.013458 0.021130 0.041345 0.024309 0.034558 0.762668 0.039949 0.026464 0.035795 0.013782 
0.000000 0.000000 0.000000 0.000000 0.997723 0.001821 0.000455 0.000000 0.000000 0.000000 0.000000 0.000000 0.000000 0.997622 0.001919 0.000459 0.000000 0.000000 0.019126 0.025046 0.013206 0.030055 0.824226 0.028689 0.014572 0.032332 0.012750 0.019894 0.025559 0.013627 0.030687 0.818954 0.029350 0.015049 0.033748 0.013131 
0.000000 0.000000 0.000000 0.000000 1.000000 0.000000 0.000000 0.000000 0.000000 0.000000 0.000000 0.000000 0.000000 1.000000 0.000000 0.000000 0.000000 0.000000 0.016393 0.029806 0.011426 0.028813 0.836066 0.032787 0.009439 0.024342 0.010929 0.017019 0.030595 0.011779 0.029458 0.830566 0.033751 0.009882 0.025340 0.011610 
0.000000 0.000868 0.000434 0.000868 0.996528 0.000434 0.000434 0.000434 0.000000 0.000000 0.000902 0.000442 0.000887 0.996405 0.000478 0.000434 0.000453 0.000000 0.015191 0.036892 0.016927 0.043837 0.789931 0.030382 0.021701 0.027344 0.017795 0.015707 0.038237 0.017601 0.045094 0.782887 0.031277 0.022475 0.028219 0.018504 
0.000000 0.000424 0.000000 0.000000 0.998304 0.000000 0.000848 0.000424 0.000000 0.000000 0.000428 0.000000 0.000000 0.998228 0.000000 0.000889 0.000455 0.000000 0.012299 0.025021 0.013571 0.025445 0.844360 0.021628 0.016115 0.027566 0.013995 0.012898 0.025672 0.014104 0.026210 0.838739 0.022367 0.016757 0.028614 0.014639 
0.000000 0.000000 0.000000 0.000453 0.998187 0.000000 0.000000 0.000907 0.000453 0.000000 0.000000 0.000000 0.000462 0.998097 0.000000 0.000000 0.000913 0.000529 0.017226 0.036265 0.012693 0.025839 0.828196 0.024025 0.014506 0.029012 0.012239 0.018022 0.037482 0.013272 0.026484 0.822292 0.024607 0.014944 0.030037 0.012861 
0.000677 0.001353 0.000677 0.000677 0.995264 0.000677 0.000677 0.000000 0.000000 0.000749 0.001387 0.000696 0.000680 0.995130 0.000678 0.000681 0.000000 0.000000 0.013532 0.016915 0.011502 0.016915 0.895129 0.015562 0.010149 0.011502 0.008796 0.014118 0.017744 0.012042 0.017422 0.890994 0.015920 0.010501 0.011994 0.009264 
0.000000 0.000000 0.000000 0.000000 0.997854 0.000715 0.001431 0.000000 0.000000 0.000000 0.000000 0.000000 0.000000 0.997799 0.000736 0.001465 0.000000 0.000000 0.010730 0.027182 0.017883 0.027897 0.849070 0.024320 0.012876 0.020744 0.009299 0.011244 0.028195 0.018506 0.029004 0.843547 0.025133 0.013301 0.021419 0.009650 
