0.000122 0.003403 0.000030 0.002795 0.992556 0.000638 0.000030 0.000425 0.000000 0.000124 0.003483 0.000068 0.002806 0.992337 0.000688 0.000030 0.000464 0.000000 0.004163 0.051562 0.002795 0.040107 0.814384 0.034456 0.002188 0.046974 0.003373 0.004374 0.053693 0.003060 0.041492 0.806327 0.035726 0.002313 0.049427 0.003587 
0.002611 0.046285 0.000000 0.036554 0.904818 0.004747 0.000949 0.004035 0.000000 0.002618 0.046376 0.000000 0.036631 0.904221 0.005085 0.000950 0.004118 0.000000 0.003798 0.062901 0.000237 0.059815 0.823641 0.023024 0.001662 0.023499 0.001424 0.003861 0.063350 0.000238 0.060700 0.819478 0.024604 0.001701 0.024467 0.001602 
0.005177 0.034971 0.000879 0.033506 0.898603 0.015923 0.001563 0.008889 0.000488 0.005271 0.035301 0.000888 0.033664 0.897082 0.016459 0.001593 0.009244 0.000498 0.016704 0.061053 0.011038 0.054117 0.776888 0.032529 0.012015 0.029305 0.006350 0.017159 0.062255 0.011405 0.054695 0.771080 0.033612 0.012464 0.030755 0.006575 
0.002822 0.013529 0.000791 0.015533 0.956038 0.005644 0.001055 0.004299 0.000290 0.002860 0.013677 0.000813 0.015679 0.955344 0.005796 0.001079 0.004454 0.000297 0.023445 0.041589 0.015612 0.039822 0.792611 0.026768 0.018777 0.026688 0.014689 0.024239 0.042549 0.016293 0.040578 0.786043 0.027708 0.019556 0.027715 0.015319 
0.001794 0.009953 0.000713 0.009805 0.970413 0.003465 0.000762 0.002801 0.000295 0.001819 0.010152 0.000734 0.009923 0.969804 0.003552 0.000777 0.002932 0.000308 0.016170 0.036542 0.013246 0.033593 0.825818 0.022707 0.014056 0.026344 0.011525 0.016799 0.037697 0.013909 0.034401 0.819448 0.023681 0.014680 0.027373 0.012013 
0.001722 0.012934 0.000715 0.009944 0.966429 0.003087 0.001105 0.003672 0.000390 0.001738 0.013077 0.000736 0.010053 0.965889 0.003190 0.001131 0.003766 0.000420 0.011342 0.036918 0.008937 0.028403 0.854668 0.018556 0.010172 0.022391 0.008612 0.011717 0.037875 0.009282 0.029149 0.849891 0.019350 0.010479 0.023283 0.008973 
0.001369 0.009509 0.001263 0.010352 0.968700 0.005334 0.000597 0.002597 0.000281 0.001375 0.009620 0.001280 0.010596 0.967837 0.005581 0.000611 0.002806 0.000295 0.006878 0.030950 0.007509 0.026704 0.875746 0.023510 0.005369 0.018177 0.005158 0.007071 0.032032 0.007847 0.027456 0.870748 0.024687 0.005550 0.019164 0.005445 
0.001782 0.008812 0.000795 0.006394 0.975250 0.003881 0.000668 0.002291 0.000127 0.001807 0.008981 0.000813 0.006544 0.974584 0.004045 0.000681 0.002409 0.000136 0.007285 0.026500 0.007762 0.022682 0.885952 0.020615 0.006681 0.017497 0.005026 0.007519 0.027629 0.008097 0.023403 0.881169 0.021580 0.006881 0.018405 0.005318 
0.001020 0.006588 0.000799 0.003528 0.981586 0.003859 0.000331 0.002040 0.000248 0.001031 0.006721 0.000817 0.003594 0.981110 0.004005 0.000337 0.002132 0.000253 0.006230 0.022438 0.005651 0.016595 0.908234 0.016512 0.005237 0.015244 0.003859 0.006467 0.023410 0.005873 0.017233 0.904111 0.017356 0.005487 0.016048 0.004016 
0.000907 0.005591 0.000705 0.002972 0.983680 0.003879 0.000302 0.001889 0.000076 0.000920 0.005624 0.000717 0.003000 0.983227 0.004115 0.000331 0.001980 0.000086 0.006825 0.021358 0.006825 0.015514 0.909054 0.015565 0.005818 0.014482 0.004559 0.007070 0.022147 0.007140 0.015957 0.905120 0.016385 0.006148 0.015280 0.004754 
0.011551 0.044890 0.003461 0.026758 0.895453 0.009943 0.001706 0.005800 0.000439 0.011688 0.045361 0.003621 0.026963 0.893721 0.010238 0.001823 0.006117 0.000468 0.025540 0.077935 0.015109 0.050592 0.744163 0.030755 0.013014 0.033095 0.009797 0.026181 0.079623 0.015667 0.051406 0.737193 0.031729 0.013524 0.034473 0.010203 
0.017833 0.051234 0.002988 0.051186 0.846298 0.020869 0.002072 0.006555 0.000964 0.018023 0.051697 0.003102 0.051508 0.844004 0.021534 0.002140 0.006969 0.001024 0.042221 0.095334 0.021978 0.079574 0.643580 0.043860 0.020580 0.037353 0.015520 0.043144 0.096884 0.022705 0.080186 0.635609 0.045055 0.021279 0.039120 0.016018 
0.018271 0.036105 0.003541 0.049917 0.862488 0.016828 0.003584 0.007300 0.001967 0.018319 0.036470 0.003674 0.050199 0.860405 0.017317 0.003838 0.007711 0.002068 0.040126 0.069062 0.020281 0.077848 0.673617 0.040913 0.022117 0.040301 0.015736 0.040865 0.070521 0.020938 0.078247 0.665906 0.041945 0.023005 0.042239 0.016335 
0.004428 0.020731 0.000403 0.027071 0.932424 0.007095 0.000906 0.006491 0.000453 0.004461 0.021054 0.000433 0.027375 0.930920 0.007415 0.000985 0.006849 0.000510 0.011623 0.037738 0.005585 0.047550 0.837476 0.024957 0.007548 0.021989 0.005535 0.012014 0.038720 0.005950 0.048632 0.831697 0.026086 0.007939 0.023112 0.005851 
0.000493 0.006245 0.000000 0.004273 0.981101 0.002629 0.000000 0.005094 0.000164 0.000550 0.006317 0.000000 0.004327 0.980445 0.002778 0.000000 0.005410 0.000174 0.004601 0.025637 0.003287 0.021200 0.902383 0.022186 0.002958 0.014626 0.003122 0.004818 0.026366 0.003405 0.021833 0.898404 0.023254 0.003039 0.015577 0.003305 
0.006646 0.025027 0.001477 0.065480 0.864610 0.025601 0.001805 0.008780 0.000574 0.006757 0.025113 0.001516 0.065873 0.862987 0.026196 0.001843 0.009085 0.000629 0.023386 0.052679 0.013129 0.092968 0.706326 0.045458 0.019775 0.031919 0.014360 0.023991 0.053394 0.013574 0.093500 0.701200 0.046323 0.020379 0.032772 0.014867 
0.003913 0.036554 0.002090 0.034731 0.890648 0.020545 0.002179 0.008271 0.001067 0.003973 0.036848 0.002140 0.035119 0.888921 0.021055 0.002285 0.008507 0.001152 0.029128 0.069196 0.019211 0.063904 0.691333 0.046382 0.023836 0.038600 0.018411 0.030127 0.070278 0.019904 0.064866 0.683622 0.047484 0.024694 0.039873 0.019150 
0.001101 0.050185 0.001849 0.009245 0.923402 0.006471 0.000924 0.006471 0.000352 0.001122 0.050445 0.001953 0.009569 0.922223 0.006700 0.000951 0.006671 0.000368 0.021527 0.084214 0.019590 0.042569 0.739479 0.031828 0.017389 0.031608 0.011798 0.022414 0.085365 0.020333 0.044036 0.731799 0.032852 0.017977 0.032974 0.012251 
0.003967 0.027276 0.002033 0.027078 0.921742 0.008183 0.001686 0.006943 0.001091 0.003999 0.027404 0.002137 0.027351 0.920580 0.008379 0.001766 0.007215 0.001169 0.030401 0.070175 0.025392 0.069034 0.674172 0.044882 0.024251 0.041708 0.019986 0.031134 0.071062 0.026121 0.069966 0.667641 0.045898 0.024835 0.042821 0.020523 
0.006578 0.032516 0.002819 0.028992 0.906400 0.014284 0.001973 0.005404 0.001034 0.006646 0.032697 0.002901 0.029231 0.905099 0.014640 0.002109 0.005601 0.001075 0.038859 0.083498 0.028757 0.081806 0.597688 0.056997 0.034489 0.052345 0.025562 0.039739 0.084399 0.029356 0.082554 0.590653 0.057971 0.035327 0.053677 0.026324 
0.006622 0.024669 0.001892 0.018520 0.927412 0.012407 0.001346 0.006768 0.000364 0.006655 0.024908 0.001954 0.018763 0.926007 0.012824 0.001448 0.007055 0.000385 0.019611 0.053558 0.016009 0.042388 0.780600 0.034638 0.013244 0.030163 0.009788 0.020127 0.054608 0.016652 0.043168 0.774357 0.035802 0.013698 0.031356 0.010233 
0.003348 0.021868 0.001318 0.012572 0.949783 0.006090 0.000748 0.004096 0.000178 0.003405 0.021994 0.001387 0.012706 0.948927 0.006311 0.000802 0.004282 0.000184 0.017736 0.057874 0.011326 0.043878 0.774770 0.035793 0.010257 0.035188 0.013178 0.018520 0.059315 0.011849 0.044832 0.767107 0.037047 0.010625 0.036863 0.013841 
0.006028 0.042910 0.001292 0.039323 0.884328 0.015069 0.001148 0.009472 0.000431 0.006027 0.043145 0.001350 0.039717 0.882593 0.015454 0.001240 0.009997 0.000478 0.013203 0.067308 0.007032 0.059845 0.784443 0.032865 0.005741 0.025832 0.003731 0.013430 0.068205 0.007407 0.060592 0.779383 0.034077 0.005947 0.027109 0.003849 
0.005539 0.033122 0.001583 0.039001 0.894133 0.020970 0.001696 0.003504 0.000452 0.005559 0.033514 0.001629 0.039462 0.892387 0.021549 0.001713 0.003699 0.000487 0.018822 0.064040 0.016448 0.059066 0.727447 0.047253 0.020687 0.027583 0.018652 0.019171 0.064962 0.017080 0.059767 0.721236 0.048539 0.021364 0.028549 0.019333 
0.002798 0.023070 0.002160 0.030187 0.916458 0.019143 0.001227 0.004074 0.000884 0.002823 0.023232 0.002265 0.030668 0.914604 0.019799 0.001308 0.004350 0.000951 0.013498 0.048299 0.013891 0.047759 0.786629 0.035930 0.015167 0.025328 0.013498 0.013912 0.049362 0.014540 0.048692 0.779279 0.037216 0.015863 0.026853 0.014283 
0.000979 0.018072 0.002108 0.027485 0.935542 0.011295 0.000753 0.001732 0.002033 0.000994 0.018163 0.002193 0.027821 0.934270 0.011584 0.000800 0.001827 0.002348 0.004819 0.034940 0.005798 0.038328 0.870783 0.019277 0.005798 0.016265 0.003991 0.005066 0.035791 0.006106 0.039143 0.866024 0.020055 0.006108 0.017187 0.004518 
0.001433 0.015414 0.001146 0.028593 0.931928 0.015929 0.000516 0.004298 0.000745 0.001453 0.015654 0.001195 0.029061 0.929859 0.016834 0.000537 0.004588 0.000818 0.005444 0.031057 0.003610 0.038162 0.874971 0.023780 0.004641 0.014554 0.003782 0.005702 0.032371 0.003829 0.039100 0.868882 0.025286 0.004966 0.015805 0.004058 
0.002374 0.022043 0.000987 0.030305 0.907945 0.027931 0.001141 0.006998 0.000277 0.002400 0.022322 0.001030 0.031011 0.905157 0.029178 0.001227 0.007383 0.000294 0.008385 0.038660 0.004224 0.042359 0.840614 0.037396 0.004840 0.020008 0.003515 0.008714 0.039991 0.004457 0.043677 0.833256 0.039407 0.005118 0.021642 0.003739 
0.004105 0.036409 0.001477 0.049085 0.870606 0.029350 0.001368 0.007131 0.000468 0.004125 0.036769 0.001556 0.049649 0.868043 0.030456 0.001408 0.007495 0.000500 0.009543 0.050922 0.004934 0.062518 0.802254 0.037813 0.006662 0.020059 0.005294 0.009773 0.052150 0.005178 0.063615 0.795496 0.039569 0.006989 0.021663 0.005567 
0.011102 0.051631 0.001328 0.101349 0.802029 0.020716 0.001753 0.009933 0.000159 0.011187 0.052076 0.001382 0.101973 0.799403 0.021426 0.001801 0.010588 0.000164 0.015882 0.063901 0.003240 0.110485 0.748645 0.028896 0.005524 0.020238 0.003187 0.016145 0.065035 0.003417 0.111500 0.742205 0.030277 0.005806 0.022266 0.003349 
0.008911 0.032248 0.001167 0.242813 0.687175 0.016018 0.001591 0.009547 0.000530 0.008963 0.032443 0.001181 0.243922 0.684300 0.016717 0.001646 0.010235 0.000593 0.013366 0.046674 0.002440 0.247056 0.642304 0.020579 0.005092 0.020579 0.001909 0.013645 0.047942 0.002575 0.247441 0.636294 0.021601 0.005544 0.022948 0.002011 
0.001594 0.013709 0.000531 0.182784 0.775133 0.020404 0.000744 0.004888 0.000213 0.001631 0.013878 0.000557 0.184069 0.771918 0.021565 0.000867 0.005300 0.000215 0.004463 0.029543 0.002657 0.188735 0.725930 0.025292 0.004357 0.017747 0.001275 0.004728 0.031305 0.002818 0.189399 0.718973 0.026728 0.004760 0.019867 0.001421 
0.001045 0.014146 0.000482 0.103520 0.843755 0.031988 0.000804 0.004019 0.000241 0.001071 0.014471 0.000519 0.104352 0.841014 0.033045 0.000847 0.004403 0.000279 0.003376 0.032310 0.002411 0.109388 0.791271 0.037856 0.004260 0.017762 0.001366 0.003481 0.034124 0.002578 0.110126 0.784932 0.039215 0.004463 0.019580 0.001502 
0.001245 0.016703 0.001538 0.056337 0.891136 0.026813 0.001319 0.004176 0.000733 0.001260 0.016867 0.001649 0.056871 0.889248 0.027525 0.001460 0.004327 0.000793 0.003663 0.037070 0.003736 0.063077 0.838168 0.031795 0.004249 0.016557 0.001685 0.003801 0.038640 0.004003 0.063693 0.832592 0.032700 0.004700 0.018054 0.001818 
0.001187 0.022469 0.000964 0.041231 0.911531 0.017575 0.000742 0.004004 0.000297 0.001197 0.022792 0.001059 0.041648 0.909864 0.018109 0.000787 0.004236 0.000309 0.002076 0.038042 0.003115 0.048721 0.868224 0.022618 0.002818 0.013348 0.001038 0.002168 0.039219 0.003372 0.049305 0.863457 0.023493 0.003088 0.014784 0.001113 
0.000972 0.026032 0.000216 0.031216 0.923850 0.011450 0.000324 0.005833 0.000108 0.000990 0.026233 0.000222 0.031615 0.922397 0.011853 0.000390 0.006192 0.000109 0.001836 0.039857 0.001944 0.038777 0.882480 0.016742 0.002592 0.014798 0.000972 0.001974 0.040724 0.002089 0.039452 0.878489 0.017606 0.002810 0.015854 0.001001 
0.003325 0.034954 0.000359 0.072244 0.875101 0.007458 0.000270 0.006290 0.000000 0.003339 0.035312 0.000371 0.072628 0.873836 0.007765 0.000270 0.006480 0.000000 0.005930 0.049870 0.001887 0.079792 0.826399 0.013029 0.002965 0.018780 0.001348 0.006041 0.050838 0.002048 0.080509 0.822316 0.013759 0.003170 0.019912 0.001408 
0.006429 0.052848 0.000772 0.117590 0.801594 0.012987 0.000579 0.007008 0.000193 0.006457 0.053082 0.000797 0.117988 0.799851 0.013760 0.000604 0.007246 0.000215 0.008487 0.071557 0.002957 0.127234 0.742896 0.020638 0.004372 0.020702 0.001157 0.008663 0.072320 0.003198 0.127633 0.738654 0.021979 0.004596 0.021721 0.001235 
0.007568 0.066258 0.000550 0.114903 0.790147 0.009839 0.001445 0.008876 0.000413 0.007632 0.066529 0.000601 0.115221 0.788636 0.010197 0.001454 0.009305 0.000423 0.009770 0.086212 0.001995 0.124742 0.731732 0.019540 0.003303 0.021536 0.001170 0.009924 0.087077 0.002118 0.125264 0.727853 0.020513 0.003435 0.022576 0.001240 
0.011001 0.070826 0.000829 0.117541 0.781043 0.010322 0.001432 0.006781 0.000226 0.011017 0.071128 0.000856 0.117794 0.779850 0.010615 0.001487 0.007024 0.000229 0.014165 0.089135 0.002939 0.134042 0.708032 0.022981 0.004445 0.021851 0.002411 0.014238 0.089953 0.003130 0.134509 0.704462 0.023827 0.004626 0.022756 0.002499 
0.012582 0.089390 0.001315 0.132676 0.743005 0.011362 0.001315 0.007887 0.000469 0.012590 0.089466 0.001326 0.132984 0.741791 0.011910 0.001373 0.008076 0.000483 0.015117 0.107136 0.004319 0.147700 0.677277 0.023474 0.002723 0.020000 0.002254 0.015246 0.107421 0.004459 0.148292 0.673998 0.024636 0.002828 0.020781 0.002340 
0.015512 0.105159 0.001443 0.133478 0.726732 0.009921 0.000722 0.006674 0.000361 0.015527 0.105317 0.001459 0.133823 0.725683 0.010237 0.000725 0.006867 0.000362 0.017496 0.119408 0.003608 0.145382 0.667569 0.020563 0.001804 0.020382 0.003788 0.017523 0.119968 0.003722 0.145661 0.664106 0.021624 0.001854 0.021495 0.004047 
