0.006667 0.076322 0.001609 0.108736 0.791264 0.008276 0.000460 0.005747 0.000920 0.006672 0.076347 0.001674 0.108817 0.790419 0.008722 0.000464 0.005948 0.000936 0.008966 0.092874 0.005517 0.120460 0.721379 0.021609 0.004828 0.021609 0.002759 0.009054 0.093179 0.005776 0.120512 0.718164 0.022832 0.005069 0.022496 0.002918 
0.000685 0.004108 0.001369 0.004451 0.975351 0.003766 0.000342 0.006505 0.003423 0.000691 0.004407 0.001462 0.004496 0.972043 0.004121 0.000345 0.008702 0.003733 0.002739 0.027730 0.003423 0.017117 0.896953 0.017460 0.001369 0.027730 0.005478 0.002983 0.028816 0.003663 0.017655 0.888734 0.018748 0.001425 0.031942 0.006033 
0.001016 0.003049 0.001016 0.002033 0.982385 0.003049 0.001016 0.005420 0.001016 0.001038 0.003644 0.001090 0.002278 0.978180 0.003275 0.001092 0.008344 0.001058 0.003049 0.024729 0.003049 0.012873 0.913279 0.013550 0.000678 0.026423 0.002371 0.003257 0.026417 0.003399 0.014308 0.903885 0.014591 0.000830 0.030698 0.002614 
0.000341 0.002726 0.001363 0.001363 0.981601 0.002726 0.000681 0.008177 0.001022 0.000600 0.002939 0.001524 0.001458 0.977367 0.003120 0.000829 0.011096 0.001067 0.000341 0.022828 0.004089 0.016014 0.908688 0.011925 0.001363 0.030664 0.004089 0.000371 0.024997 0.004501 0.017679 0.898078 0.012718 0.001545 0.035810 0.004301 
0.000000 0.000000 0.001071 0.001428 0.987509 0.002498 0.000714 0.003569 0.003212 0.000000 0.000000 0.001113 0.001479 0.986491 0.002789 0.000783 0.003860 0.003484 0.000357 0.017844 0.004640 0.013919 0.912919 0.013205 0.003569 0.027123 0.006424 0.000463 0.018472 0.004960 0.015009 0.907123 0.014236 0.004041 0.028639 0.007056 
0.000341 0.002048 0.000683 0.002730 0.986007 0.002389 0.001024 0.004096 0.000683 0.000345 0.002225 0.000830 0.002921 0.984780 0.002689 0.001213 0.004252 0.000744 0.000683 0.022867 0.004437 0.013993 0.908874 0.018430 0.003413 0.022867 0.004437 0.000765 0.023447 0.004854 0.015092 0.903644 0.019345 0.003993 0.024147 0.004712 
0.000665 0.004657 0.000998 0.001663 0.982369 0.001663 0.001663 0.003659 0.002661 0.000722 0.005317 0.001084 0.001777 0.980671 0.001827 0.001767 0.003921 0.002913 0.001996 0.023952 0.003327 0.010645 0.923154 0.012309 0.003327 0.017631 0.003659 0.002108 0.026022 0.003726 0.011065 0.917313 0.013157 0.003712 0.018842 0.004055 
0.000313 0.002820 0.001880 0.001566 0.985589 0.003759 0.000313 0.001880 0.001880 0.000413 0.002964 0.002030 0.001669 0.983826 0.004340 0.000339 0.002230 0.002189 0.000627 0.033835 0.007206 0.029135 0.864975 0.027882 0.002820 0.025689 0.007832 0.000758 0.035454 0.007734 0.030009 0.857359 0.030061 0.003111 0.026878 0.008637 
0.000643 0.002252 0.000000 0.001287 0.994532 0.000322 0.000000 0.000322 0.000643 0.001164 0.002608 0.000000 0.001421 0.993459 0.000357 0.000000 0.000341 0.000650 0.002252 0.037954 0.004825 0.025410 0.865873 0.020907 0.001608 0.034738 0.006433 0.002631 0.039430 0.005058 0.026487 0.859770 0.021837 0.001756 0.036156 0.006875 
0.000000 0.001029 0.000000 0.001372 0.997256 0.000000 0.000000 0.000343 0.000000 0.000000 0.001253 0.000000 0.001472 0.996909 0.000000 0.000000 0.000366 0.000000 0.001715 0.032933 0.003087 0.021612 0.884391 0.018525 0.003774 0.029846 0.004117 0.001904 0.034536 0.003144 0.022493 0.879128 0.019274 0.004080 0.031106 0.004334 
0.000000 0.000000 0.000000 0.000839 0.996646 0.002096 0.000000 0.000419 0.000000 0.000000 0.000000 0.000000 0.000910 0.994511 0.003764 0.000000 0.000815 0.000000 0.004612 0.049476 0.004193 0.044864 0.803774 0.046541 0.003354 0.041929 0.001258 0.004790 0.050556 0.004422 0.046639 0.794710 0.050346 0.003482 0.043734 0.001321 
0.000000 0.000000 0.000000 0.003597 0.989209 0.003597 0.000000 0.003597 0.000000 0.000000 0.000000 0.000000 0.003639 0.988339 0.004335 0.000000 0.003687 0.000000 0.000000 0.010791 0.000000 0.021583 0.920863 0.021583 0.000000 0.025180 0.000000 0.000000 0.011296 0.000000 0.022278 0.917194 0.023603 0.000000 0.025629 0.000000 
0.000000 0.000000 0.000000 0.000000 1.000000 0.000000 0.000000 0.000000 0.000000 0.000000 0.000000 0.000000 0.000000 1.000000 0.000000 0.000000 0.000000 0.000000 0.000000 0.000000 0.000000 0.003236 0.995146 0.001618 0.000000 0.000000 0.000000 0.000000 0.000000 0.000000 0.003264 0.995099 0.001637 0.000000 0.000000 0.000000 
0.000000 0.001473 0.000000 0.000000 0.997054 0.000000 0.000000 0.001473 0.000000 0.000000 0.001584 0.000000 0.000000 0.996869 0.000000 0.000000 0.001547 0.000000 0.002946 0.005891 0.000000 0.004418 0.976436 0.002946 0.000000 0.005891 0.001473 0.003029 0.005908 0.000000 0.004422 0.976063 0.002980 0.000000 0.005988 0.001610 
