0.001575 0.085039 0.000000 0.099213 0.661417 0.119685 0.003150 0.028346 0.001575 0.001557 0.087171 0.000000 0.101253 0.654144 0.121651 0.003532 0.029099 0.001593 0.004724 0.096063 0.004724 0.118110 0.603150 0.132283 0.004724 0.034646 0.001575 0.004758 0.097850 0.004999 0.121374 0.591554 0.136121 0.005089 0.036675 0.001580 
0.005395 0.041502 0.001038 0.076779 0.803901 0.047105 0.004150 0.019506 0.000623 0.005494 0.042004 0.001049 0.077330 0.800541 0.048038 0.004274 0.020640 0.000629 0.008508 0.057066 0.004150 0.087985 0.742478 0.059763 0.007055 0.030712 0.002283 0.008715 0.058657 0.004324 0.088991 0.734300 0.062218 0.007442 0.032882 0.002472 
0.005981 0.046875 0.002197 0.057495 0.832886 0.036377 0.002075 0.015137 0.000977 0.006092 0.047205 0.002248 0.057784 0.830563 0.037341 0.002117 0.015651 0.000997 0.009644 0.059814 0.004883 0.068604 0.782104 0.044922 0.004028 0.022705 0.003296 0.009919 0.060843 0.005090 0.069803 0.775393 0.047145 0.004157 0.024212 0.003438 
0.004505 0.061776 0.002666 0.052859 0.826990 0.033186 0.001931 0.015628 0.000460 0.004570 0.062216 0.002749 0.053034 0.824783 0.034014 0.001994 0.016162 0.000477 0.007814 0.073451 0.004872 0.062236 0.776889 0.043206 0.004505 0.024821 0.002206 0.008017 0.074827 0.005061 0.062852 0.770687 0.045225 0.004734 0.026240 0.002358 
0.005923 0.052016 0.002278 0.045334 0.852305 0.027033 0.001367 0.013289 0.000456 0.006003 0.052389 0.002321 0.045513 0.850565 0.027711 0.001412 0.013620 0.000466 0.008581 0.065609 0.005391 0.057787 0.796796 0.035158 0.004708 0.023464 0.002506 0.008768 0.066763 0.005747 0.058676 0.790540 0.036665 0.004988 0.025147 0.002707 
0.006505 0.054015 0.002694 0.040873 0.847746 0.033710 0.001249 0.011894 0.001314 0.006570 0.054356 0.002748 0.041127 0.845752 0.034512 0.001261 0.012319 0.001356 0.010054 0.067354 0.005783 0.052372 0.789460 0.044355 0.004600 0.022013 0.004008 0.010261 0.068217 0.006024 0.053185 0.783826 0.046354 0.004773 0.023191 0.004168 
0.005265 0.063036 0.003750 0.049261 0.829427 0.037649 0.001442 0.009665 0.000505 0.005339 0.063325 0.003793 0.049441 0.827599 0.038488 0.001480 0.010018 0.000517 0.009376 0.078904 0.007212 0.063541 0.764876 0.047097 0.005121 0.020411 0.003462 0.009694 0.079703 0.007441 0.064377 0.759574 0.048654 0.005307 0.021594 0.003655 
0.008637 0.051202 0.003045 0.047971 0.839371 0.038215 0.001491 0.009072 0.000994 0.008723 0.051429 0.003109 0.048219 0.837404 0.039131 0.001528 0.009432 0.001025 0.012738 0.068663 0.007084 0.061642 0.771081 0.048220 0.005592 0.021438 0.003542 0.012981 0.069751 0.007360 0.062307 0.765501 0.049610 0.005780 0.022964 0.003745 
0.004992 0.043677 0.002357 0.038963 0.875277 0.024750 0.001248 0.007903 0.000832 0.005033 0.044087 0.002430 0.039191 0.873620 0.025298 0.001325 0.008144 0.000873 0.010954 0.062119 0.006656 0.056988 0.789517 0.040003 0.006032 0.022601 0.005130 0.011293 0.063170 0.007004 0.057878 0.783709 0.041616 0.006330 0.023606 0.005394 
0.019745 0.053503 0.003185 0.124841 0.770701 0.018471 0.001274 0.007643 0.000637 0.019782 0.053598 0.003206 0.125027 0.769065 0.018958 0.001419 0.008308 0.000637 0.021019 0.073248 0.004459 0.136943 0.705732 0.031210 0.004459 0.021019 0.001911 0.021058 0.073827 0.004472 0.136899 0.702323 0.032536 0.004919 0.021962 0.002003 
0.003002 0.021635 0.000177 0.059873 0.900653 0.009007 0.001413 0.004239 0.000000 0.003017 0.021899 0.000194 0.060053 0.899761 0.009267 0.001445 0.004364 0.000000 0.006976 0.042741 0.003002 0.079212 0.815083 0.027905 0.004327 0.018898 0.001854 0.007131 0.043659 0.003184 0.079963 0.811215 0.028809 0.004501 0.019608 0.001931 
0.001775 0.024850 0.000964 0.034537 0.920631 0.008875 0.002181 0.005883 0.000304 0.001789 0.024981 0.000978 0.034867 0.919533 0.009143 0.002238 0.006145 0.000326 0.009230 0.052287 0.005325 0.062735 0.793792 0.037073 0.007252 0.027183 0.005122 0.009571 0.053495 0.005590 0.063902 0.787826 0.038552 0.007537 0.028196 0.005330 
0.002116 0.020036 0.001411 0.021494 0.938294 0.008607 0.001928 0.005879 0.000235 0.002125 0.020251 0.001431 0.021685 0.937137 0.008927 0.001964 0.006218 0.000260 0.007243 0.037108 0.005550 0.039131 0.852225 0.023469 0.006961 0.022340 0.005973 0.007550 0.038088 0.005799 0.040062 0.846591 0.024638 0.007241 0.023754 0.006277 
0.003448 0.027633 0.002194 0.032438 0.918982 0.008149 0.001410 0.005485 0.000261 0.003515 0.027915 0.002224 0.032733 0.917810 0.008377 0.001436 0.005727 0.000263 0.011440 0.047743 0.008619 0.053280 0.814145 0.026118 0.008149 0.024290 0.006216 0.011778 0.048853 0.008935 0.054245 0.808344 0.027180 0.008415 0.025813 0.006436 
0.003524 0.035617 0.002189 0.035350 0.906605 0.009452 0.001442 0.005500 0.000320 0.003543 0.035758 0.002255 0.035598 0.905287 0.009777 0.001535 0.005906 0.000341 0.011267 0.056282 0.008811 0.051583 0.810007 0.023976 0.008063 0.023175 0.006835 0.011588 0.057276 0.009178 0.052414 0.804714 0.024921 0.008394 0.024361 0.007154 
0.025386 0.048643 0.001520 0.090598 0.819488 0.007601 0.002812 0.003724 0.000228 0.025401 0.048813 0.001535 0.090877 0.818696 0.007764 0.002850 0.003831 0.000231 0.037243 0.089154 0.010641 0.126777 0.617314 0.056168 0.012465 0.042031 0.008209 0.037438 0.090201 0.010942 0.127452 0.611116 0.057974 0.012862 0.043428 0.008588 
0.021482 0.051530 0.001903 0.114208 0.795649 0.009109 0.001088 0.004623 0.000408 0.021483 0.051822 0.001939 0.114377 0.794794 0.009316 0.001135 0.004722 0.000412 0.026513 0.083617 0.010741 0.137865 0.648402 0.048402 0.007206 0.032767 0.004487 0.026542 0.084898 0.011028 0.138136 0.643274 0.050192 0.007575 0.033727 0.004629 
0.022152 0.073418 0.001266 0.074051 0.803797 0.009494 0.002532 0.012025 0.001266 0.022178 0.073430 0.001296 0.074393 0.802368 0.009814 0.002545 0.012694 0.001283 0.024051 0.086076 0.003797 0.090506 0.731646 0.020886 0.002532 0.034810 0.005696 0.024253 0.086149 0.004039 0.091201 0.727636 0.021574 0.002535 0.036642 0.005970 
0.019589 0.011753 0.000979 0.024486 0.897160 0.033301 0.000000 0.006856 0.005877 0.022637 0.013199 0.001022 0.027444 0.885805 0.035393 0.000000 0.008004 0.006496 0.026445 0.032321 0.001959 0.031342 0.809011 0.060725 0.000000 0.027424 0.010774 0.031749 0.035984 0.002204 0.034844 0.788810 0.064392 0.000000 0.029974 0.012042 
0.011129 0.015103 0.005564 0.043720 0.853736 0.042130 0.006359 0.015898 0.006359 0.012410 0.017115 0.006165 0.047718 0.839540 0.045253 0.007415 0.017199 0.007186 0.015898 0.043720 0.011924 0.063593 0.711447 0.079491 0.011924 0.042130 0.019873 0.018836 0.047131 0.012845 0.069168 0.685041 0.085074 0.014372 0.044928 0.022606 
0.002604 0.008681 0.000868 0.012153 0.934896 0.022569 0.000000 0.016493 0.001736 0.002870 0.009803 0.000928 0.013065 0.929885 0.023969 0.000000 0.017692 0.001789 0.011285 0.043403 0.007813 0.042535 0.792535 0.056424 0.002604 0.039931 0.003472 0.012742 0.047762 0.008248 0.044845 0.774913 0.059974 0.002702 0.044919 0.003896 
0.000000 0.000000 0.000000 0.000000 1.000000 0.000000 0.000000 0.000000 0.000000 0.000000 0.000000 0.000000 0.000000 1.000000 0.000000 0.000000 0.000000 0.000000 0.015458 0.024970 0.000000 0.048751 0.831153 0.036861 0.000000 0.039239 0.003567 0.016340 0.026160 0.000000 0.050262 0.822536 0.039654 0.000000 0.041097 0.003952 
0.006826 0.058020 0.003413 0.064846 0.812287 0.023891 0.003413 0.027304 0.000000 0.006746 0.063297 0.003410 0.064408 0.794333 0.033462 0.004096 0.030249 0.000000 0.010239 0.092150 0.003413 0.095563 0.709898 0.044369 0.003413 0.034130 0.006826 0.010083 0.096661 0.003395 0.096318 0.691214 0.055019 0.003784 0.036778 0.006747 
0.001251 0.023991 0.000417 0.017183 0.938586 0.010838 0.000834 0.006577 0.000324 0.001275 0.024386 0.000426 0.017349 0.937407 0.011134 0.000851 0.006833 0.000340 0.007272 0.042194 0.008013 0.033579 0.849474 0.025010 0.008893 0.020240 0.005326 0.007483 0.043246 0.008282 0.034175 0.844989 0.026006 0.009176 0.021157 0.005485 
0.001324 0.007355 0.000254 0.007552 0.973512 0.005917 0.000394 0.003438 0.000254 0.001383 0.007482 0.000260 0.007683 0.972803 0.006110 0.000417 0.003600 0.000261 0.008397 0.020824 0.007411 0.022740 0.894556 0.019528 0.007495 0.014117 0.004931 0.008798 0.021591 0.007706 0.023397 0.890351 0.020343 0.007826 0.014821 0.005168 
0.002415 0.010976 0.000092 0.003944 0.976581 0.001865 0.000550 0.003547 0.000031 0.002507 0.011162 0.000093 0.004091 0.975926 0.001940 0.000578 0.003673 0.000031 0.006573 0.019506 0.003577 0.014492 0.923413 0.012352 0.005534 0.011649 0.002904 0.006923 0.020143 0.003777 0.015071 0.919931 0.012954 0.005850 0.012260 0.003091 
0.000501 0.002671 0.000250 0.002588 0.990818 0.000918 0.000334 0.001753 0.000167 0.000518 0.002701 0.000269 0.002640 0.990495 0.000994 0.000350 0.001834 0.000199 0.004048 0.010184 0.003631 0.015776 0.934265 0.012813 0.005426 0.010309 0.003548 0.004254 0.010513 0.003919 0.016426 0.931002 0.013457 0.005759 0.010882 0.003788 
0.001451 0.012620 0.000145 0.017261 0.961561 0.002901 0.000870 0.002756 0.000435 0.001456 0.012778 0.000148 0.017525 0.960917 0.002991 0.000878 0.002853 0.000454 0.003626 0.024804 0.002176 0.029591 0.911952 0.013345 0.001451 0.012039 0.001015 0.003761 0.025417 0.002303 0.030566 0.908506 0.014242 0.001532 0.012603 0.001069 
0.001446 0.012528 0.000289 0.014359 0.965790 0.003469 0.000578 0.001542 0.000000 0.001459 0.012770 0.000296 0.014566 0.965155 0.003585 0.000590 0.001581 0.000000 0.005011 0.022550 0.000964 0.027850 0.918377 0.014359 0.001927 0.008384 0.000578 0.005243 0.023289 0.000986 0.028616 0.915288 0.015192 0.002023 0.008757 0.000606 
0.002175 0.018617 0.000609 0.020792 0.950587 0.002784 0.000348 0.003828 0.000261 0.002221 0.018852 0.000619 0.020905 0.949848 0.002957 0.000353 0.003978 0.000267 0.004089 0.029665 0.002001 0.032971 0.900130 0.014354 0.002349 0.013571 0.000870 0.004243 0.030467 0.002058 0.033588 0.896707 0.015191 0.002456 0.014363 0.000929 
0.003922 0.061176 0.000392 0.048431 0.873137 0.005294 0.000392 0.006863 0.000392 0.003973 0.061977 0.000395 0.048505 0.871596 0.005540 0.000391 0.007224 0.000398 0.005882 0.072549 0.001569 0.059804 0.820588 0.015686 0.003137 0.020196 0.000588 0.006088 0.073616 0.001675 0.060201 0.816619 0.016449 0.003198 0.021556 0.000598 
0.023055 0.167147 0.002882 0.129683 0.648415 0.014409 0.000000 0.011527 0.002882 0.023054 0.167156 0.002904 0.129761 0.647345 0.014658 0.000000 0.012194 0.002928 0.023055 0.170029 0.002882 0.132565 0.631124 0.023055 0.000000 0.014409 0.002882 0.023037 0.170118 0.002901 0.132632 0.629625 0.023660 0.000000 0.015101 0.002926 
0.009405 0.047420 0.001854 0.053050 0.873766 0.007285 0.001391 0.005497 0.000331 0.009440 0.047646 0.001896 0.053283 0.872935 0.007465 0.001402 0.005598 0.000335 0.024240 0.080734 0.012451 0.081992 0.717730 0.032717 0.013643 0.028148 0.008345 0.024620 0.081575 0.012865 0.082776 0.712504 0.033828 0.013994 0.029225 0.008613 
0.013950 0.045979 0.001851 0.073238 0.844342 0.008968 0.003488 0.007687 0.000498 0.013998 0.046188 0.001878 0.073461 0.843367 0.009181 0.003542 0.007864 0.000521 0.025267 0.066975 0.008399 0.093950 0.737438 0.025125 0.011744 0.025053 0.006050 0.025521 0.067770 0.008580 0.094438 0.733712 0.025922 0.011992 0.025824 0.006241 
0.001188 0.041691 0.000238 0.031476 0.892861 0.010215 0.001069 0.021024 0.000238 0.001188 0.042496 0.000269 0.031916 0.890291 0.010777 0.001148 0.021667 0.000248 0.005226 0.060696 0.004157 0.049531 0.809835 0.024825 0.005345 0.035634 0.004751 0.005385 0.062410 0.004334 0.050991 0.803098 0.026420 0.005552 0.036914 0.004897 
0.000289 0.006369 0.000053 0.007395 0.978605 0.002447 0.000105 0.004684 0.000053 0.000295 0.006524 0.000053 0.007468 0.977978 0.002617 0.000108 0.004899 0.000059 0.008869 0.026238 0.006632 0.022685 0.885023 0.016553 0.007158 0.019027 0.007816 0.009218 0.027133 0.006861 0.023152 0.880946 0.017389 0.007399 0.019831 0.008070 
0.000111 0.001235 0.000055 0.001272 0.995798 0.000516 0.000000 0.000977 0.000037 0.000115 0.001304 0.000057 0.001315 0.995607 0.000535 0.000000 0.001028 0.000039 0.009750 0.020422 0.007373 0.014838 0.905224 0.014598 0.005917 0.014229 0.007649 0.010283 0.021328 0.007733 0.015283 0.901216 0.015119 0.006199 0.014815 0.008025 
0.000185 0.001111 0.000123 0.000576 0.996503 0.000350 0.000123 0.000843 0.000185 0.000199 0.001175 0.000127 0.000602 0.996332 0.000369 0.000129 0.000871 0.000196 0.008639 0.018430 0.006541 0.014728 0.910400 0.013473 0.005163 0.014275 0.008351 0.009142 0.019418 0.006917 0.015232 0.906096 0.013962 0.005425 0.014976 0.008831 
0.000194 0.001493 0.000221 0.000249 0.996902 0.000249 0.000028 0.000581 0.000083 0.000211 0.001577 0.000230 0.000256 0.996747 0.000262 0.000029 0.000603 0.000085 0.003789 0.015543 0.002489 0.013469 0.932546 0.013192 0.001632 0.014132 0.003208 0.004107 0.016485 0.002737 0.014086 0.928610 0.013843 0.001737 0.014875 0.003519 
0.000000 0.000808 0.000076 0.000455 0.998409 0.000101 0.000051 0.000101 0.000000 0.000000 0.000827 0.000079 0.000456 0.998376 0.000105 0.000053 0.000103 0.000000 0.004874 0.047784 0.002854 0.044374 0.803965 0.040687 0.004192 0.047759 0.003511 0.005134 0.049916 0.003103 0.046074 0.795046 0.042240 0.004521 0.050219 0.003747 
