0.000000 0.002221 0.000000 0.002961 0.991858 0.000000 0.000740 0.002221 0.000000 0.000000 0.002321 0.000000 0.003050 0.991557 0.000000 0.000770 0.002302 0.000000 0.005922 0.019245 0.004441 0.012583 0.917098 0.009623 0.008142 0.019985 0.002961 0.006133 0.020961 0.004709 0.013580 0.911966 0.010239 0.008598 0.020683 0.003130 
0.000755 0.000755 0.000000 0.001509 0.993208 0.000755 0.000755 0.002264 0.000000 0.000765 0.000777 0.000000 0.001575 0.992980 0.000835 0.000765 0.002303 0.000000 0.005283 0.015094 0.004528 0.018113 0.924528 0.014340 0.004528 0.012830 0.000755 0.005693 0.015831 0.005164 0.019336 0.919898 0.015121 0.004847 0.013317 0.000792 
0.000936 0.002809 0.000000 0.001873 0.991573 0.002809 0.000000 0.000000 0.000000 0.000987 0.003073 0.000000 0.001938 0.991141 0.002860 0.000000 0.000000 0.000000 0.001873 0.012172 0.000000 0.008427 0.961610 0.006554 0.000936 0.006554 0.001873 0.002068 0.013560 0.000000 0.008708 0.958353 0.006998 0.000985 0.007233 0.002096 
0.000000 0.000846 0.000000 0.000846 0.997462 0.000846 0.000000 0.000000 0.000000 0.000000 0.000865 0.000000 0.000846 0.997369 0.000919 0.000000 0.000000 0.000000 0.001692 0.004230 0.000000 0.005076 0.967851 0.009306 0.000846 0.008460 0.002538 0.001754 0.004385 0.000000 0.005216 0.965989 0.009780 0.000863 0.009130 0.002883 
0.000000 0.001174 0.000000 0.000587 0.997653 0.000000 0.000587 0.000000 0.000000 0.000000 0.001361 0.000000 0.000630 0.997419 0.000000 0.000589 0.000000 0.000000 0.006455 0.008216 0.003521 0.010563 0.942488 0.011150 0.004108 0.011150 0.002347 0.006932 0.009147 0.003781 0.011100 0.938822 0.011592 0.004337 0.011770 0.002518 
0.000000 0.000000 0.000000 0.001138 0.996587 0.001706 0.000569 0.000000 0.000000 0.000000 0.000000 0.000000 0.001280 0.996314 0.001828 0.000578 0.000000 0.000000 0.002844 0.002844 0.004551 0.013652 0.947668 0.016496 0.003982 0.006826 0.001138 0.003200 0.003065 0.004702 0.014367 0.944147 0.017715 0.004484 0.007149 0.001172 
0.000444 0.000888 0.000000 0.000000 0.995118 0.000888 0.001775 0.000888 0.000000 0.000449 0.000909 0.000000 0.000000 0.994608 0.000902 0.002083 0.001050 0.000000 0.005326 0.022636 0.006214 0.020861 0.900577 0.014647 0.007989 0.014203 0.007545 0.005646 0.023897 0.006405 0.021891 0.895266 0.015096 0.008905 0.014968 0.007926 
0.000436 0.001743 0.000000 0.000000 0.995643 0.001307 0.000436 0.000436 0.000000 0.000449 0.001776 0.000000 0.000000 0.995368 0.001328 0.000536 0.000544 0.000000 0.006972 0.018736 0.007407 0.015251 0.894989 0.023529 0.004793 0.018301 0.010022 0.007328 0.019239 0.007646 0.015924 0.890148 0.024463 0.005209 0.019206 0.010839 
0.000000 0.002752 0.000000 0.000000 0.993946 0.001651 0.000550 0.000550 0.000550 0.000000 0.002809 0.000000 0.000000 0.993723 0.001709 0.000617 0.000580 0.000562 0.003302 0.018162 0.002752 0.012108 0.929554 0.013209 0.004953 0.012108 0.003853 0.003600 0.018837 0.002848 0.012639 0.925699 0.013968 0.005295 0.013077 0.004036 
0.000908 0.000000 0.000454 0.000000 0.996367 0.000908 0.000000 0.000454 0.000908 0.000944 0.000000 0.000455 0.000000 0.996138 0.001032 0.000000 0.000485 0.000946 0.004995 0.017257 0.007720 0.013624 0.920073 0.012716 0.004541 0.014078 0.004995 0.005492 0.018524 0.008146 0.014253 0.914949 0.013787 0.004909 0.014723 0.005217 
0.000000 0.001562 0.000000 0.000781 0.995705 0.000781 0.000000 0.000781 0.000390 0.000000 0.001639 0.000000 0.000824 0.995500 0.000836 0.000000 0.000799 0.000402 0.004295 0.019133 0.007809 0.017571 0.917220 0.010933 0.004686 0.013667 0.004686 0.004549 0.019936 0.008126 0.018343 0.913210 0.011659 0.004980 0.014339 0.004858 
0.000448 0.000448 0.000000 0.000000 0.998209 0.000448 0.000000 0.000448 0.000000 0.000450 0.000457 0.000000 0.000000 0.998182 0.000463 0.000000 0.000448 0.000000 0.006717 0.016122 0.004926 0.013435 0.916256 0.016122 0.002687 0.017017 0.006717 0.007375 0.017078 0.005199 0.014109 0.911863 0.016877 0.002776 0.017768 0.006957 
0.000000 0.000000 0.000502 0.000502 0.996989 0.002007 0.000000 0.000000 0.000000 0.000000 0.000000 0.000590 0.000554 0.996684 0.002171 0.000000 0.000000 0.000000 0.003011 0.005018 0.004516 0.022077 0.931761 0.018565 0.002007 0.010035 0.003011 0.003104 0.005360 0.004874 0.022892 0.927952 0.019670 0.002118 0.010880 0.003151 
0.000000 0.000000 0.000000 0.001151 0.998274 0.000575 0.000000 0.000000 0.000000 0.000000 0.000000 0.000000 0.001167 0.998234 0.000599 0.000000 0.000000 0.000000 0.001151 0.006329 0.000000 0.008631 0.952819 0.013809 0.002877 0.010357 0.004028 0.001203 0.006992 0.000000 0.008959 0.950098 0.014413 0.003211 0.010879 0.004245 
0.000000 0.000000 0.000517 0.001034 0.996382 0.000517 0.000000 0.001550 0.000000 0.000000 0.000000 0.000559 0.001152 0.995470 0.000531 0.000000 0.002289 0.000000 0.002067 0.007752 0.005168 0.010853 0.950388 0.009819 0.001034 0.008786 0.004134 0.002262 0.008352 0.005678 0.011507 0.946094 0.010349 0.001129 0.010322 0.004309 
0.000599 0.000000 0.000000 0.000599 0.997004 0.001198 0.000599 0.000000 0.000000 0.000723 0.000000 0.000000 0.000635 0.996577 0.001446 0.000619 0.000000 0.000000 0.004194 0.005392 0.001198 0.011983 0.955063 0.007190 0.001198 0.008388 0.005392 0.004579 0.006083 0.001318 0.012772 0.951504 0.007846 0.001267 0.009007 0.005624 
0.000000 0.000969 0.000000 0.000000 0.999031 0.000000 0.000000 0.000000 0.000000 0.000000 0.000992 0.000000 0.000000 0.999008 0.000000 0.000000 0.000000 0.000000 0.000000 0.003876 0.000969 0.004845 0.978682 0.006783 0.001938 0.001938 0.000969 0.000000 0.004014 0.001138 0.005000 0.977214 0.007347 0.002139 0.002050 0.001099 
0.000000 0.000000 0.000000 0.001176 0.998824 0.000000 0.000000 0.000000 0.000000 0.000000 0.000000 0.000000 0.001176 0.998824 0.000000 0.000000 0.000000 0.000000 0.003529 0.009412 0.000000 0.005882 0.977647 0.001176 0.000000 0.002353 0.000000 0.003954 0.010372 0.000000 0.006025 0.975992 0.001177 0.000000 0.002479 0.000000 
0.000000 0.000000 0.000000 0.000000 0.997479 0.000000 0.000840 0.001681 0.000000 0.000000 0.000000 0.000000 0.000000 0.997402 0.000000 0.000859 0.001739 0.000000 0.000000 0.010924 0.005882 0.010924 0.947899 0.008403 0.003361 0.008403 0.004202 0.000000 0.011650 0.006035 0.011646 0.944696 0.008632 0.003468 0.009244 0.004629 
0.000000 0.000751 0.000000 0.000751 0.998497 0.000000 0.000000 0.000000 0.000000 0.000000 0.000767 0.000000 0.000770 0.998463 0.000000 0.000000 0.000000 0.000000 0.003005 0.014275 0.005259 0.008264 0.944403 0.009016 0.003757 0.008264 0.003757 0.003166 0.015302 0.005474 0.008607 0.941541 0.009353 0.003913 0.008669 0.003975 
0.000491 0.000491 0.000982 0.000491 0.997544 0.000000 0.000000 0.000000 0.000000 0.000500 0.000613 0.001001 0.000493 0.997393 0.000000 0.000000 0.000000 0.000000 0.004420 0.023576 0.005894 0.013752 0.919450 0.010314 0.004912 0.015717 0.001965 0.004818 0.024725 0.006151 0.014259 0.915898 0.010777 0.005111 0.016202 0.002059 
0.000481 0.001444 0.000481 0.000963 0.995185 0.000963 0.000000 0.000481 0.000000 0.000551 0.001463 0.000533 0.001047 0.994917 0.001007 0.000000 0.000482 0.000000 0.005296 0.014444 0.006259 0.013481 0.922966 0.013000 0.004333 0.017333 0.002889 0.005636 0.015288 0.006801 0.014287 0.918535 0.013801 0.004522 0.018049 0.003081 
0.000663 0.000000 0.000000 0.000663 0.997347 0.000663 0.000000 0.000663 0.000000 0.000669 0.000000 0.000000 0.000727 0.997274 0.000666 0.000000 0.000664 0.000000 0.001326 0.005968 0.001326 0.011936 0.956233 0.009284 0.001989 0.007958 0.003979 0.001441 0.006490 0.001461 0.012972 0.953113 0.010023 0.002034 0.008134 0.004334 
0.000000 0.000000 0.000000 0.000000 0.999234 0.000000 0.000000 0.000766 0.000000 0.000000 0.000000 0.000000 0.000000 0.999233 0.000000 0.000000 0.000767 0.000000 0.006891 0.008423 0.003063 0.003828 0.951761 0.012251 0.001531 0.005360 0.006891 0.007541 0.009049 0.003335 0.004025 0.948328 0.012953 0.001598 0.005595 0.007576 
0.000000 0.000000 0.000000 0.000000 0.995129 0.001392 0.000000 0.002784 0.000696 0.000000 0.000000 0.000000 0.000000 0.994210 0.001395 0.000000 0.003685 0.000709 0.001392 0.003479 0.002088 0.012526 0.957550 0.006263 0.002784 0.009047 0.004871 0.001509 0.003590 0.002406 0.012897 0.954243 0.006828 0.003643 0.009529 0.005354 
0.000556 0.000000 0.000556 0.001669 0.994992 0.001113 0.000556 0.000556 0.000000 0.000575 0.000000 0.000593 0.001750 0.994667 0.001130 0.000593 0.000691 0.000000 0.003895 0.010017 0.001113 0.012243 0.950473 0.009460 0.003339 0.007234 0.002226 0.004061 0.010667 0.001371 0.012896 0.946648 0.009909 0.003768 0.008362 0.002318 
0.000000 0.002196 0.000000 0.000732 0.996340 0.000000 0.000732 0.000000 0.000000 0.000000 0.002233 0.000000 0.000752 0.996279 0.000000 0.000736 0.000000 0.000000 0.000000 0.006589 0.002928 0.014641 0.956808 0.008053 0.002196 0.007321 0.001464 0.000000 0.006837 0.003001 0.015507 0.954507 0.008412 0.002551 0.007646 0.001539 
0.000000 0.000952 0.000000 0.000952 0.997143 0.000952 0.000000 0.000000 0.000000 0.000000 0.000974 0.000000 0.001078 0.996607 0.001341 0.000000 0.000000 0.000000 0.000000 0.003810 0.001905 0.004762 0.980952 0.003810 0.002857 0.001905 0.000000 0.000000 0.003947 0.002005 0.005121 0.979726 0.004316 0.002921 0.001964 0.000000 
0.000000 0.000661 0.000000 0.000000 0.998679 0.000661 0.000000 0.000000 0.000000 0.000000 0.000660 0.000000 0.000000 0.998658 0.000681 0.000000 0.000000 0.000000 0.000661 0.011229 0.003303 0.005284 0.961691 0.007926 0.003303 0.004624 0.001982 0.000886 0.011608 0.003792 0.005469 0.959246 0.008400 0.003528 0.005013 0.002057 
0.000000 0.000000 0.000000 0.000655 0.998689 0.000000 0.000000 0.000655 0.000000 0.000000 0.000000 0.000000 0.000663 0.998646 0.000000 0.000000 0.000691 0.000000 0.001311 0.007208 0.000000 0.009174 0.970511 0.007864 0.000655 0.003277 0.000000 0.001472 0.007888 0.000000 0.009723 0.968172 0.008357 0.000722 0.003666 0.000000 
0.000000 0.003283 0.000000 0.000000 0.996060 0.000657 0.000000 0.000000 0.000000 0.000000 0.003727 0.000000 0.000000 0.995550 0.000723 0.000000 0.000000 0.000000 0.000000 0.009849 0.005253 0.002626 0.965857 0.008536 0.001313 0.005253 0.001313 0.000000 0.010875 0.005577 0.002733 0.963141 0.009040 0.001452 0.005780 0.001403 
0.000000 0.000000 0.000000 0.000000 0.997774 0.001484 0.000000 0.000742 0.000000 0.000000 0.000000 0.000000 0.000000 0.997360 0.001826 0.000000 0.000813 0.000000 0.001484 0.004451 0.002967 0.007418 0.966617 0.008160 0.002226 0.006677 0.000000 0.001738 0.004806 0.003387 0.007835 0.963806 0.008505 0.002637 0.007286 0.000000 
0.000000 0.000000 0.000000 0.000000 0.998801 0.000000 0.000000 0.001199 0.000000 0.000000 0.000000 0.000000 0.000000 0.998772 0.000000 0.000000 0.001228 0.000000 0.000000 0.001199 0.002398 0.003597 0.979616 0.008393 0.001199 0.002398 0.001199 0.000000 0.001259 0.002435 0.003749 0.978489 0.008872 0.001230 0.002620 0.001347 
0.000000 0.000000 0.000000 0.001406 0.997187 0.001406 0.000000 0.000000 0.000000 0.000000 0.000000 0.000000 0.001425 0.997013 0.001562 0.000000 0.000000 0.000000 0.001406 0.002813 0.001406 0.008439 0.950774 0.019691 0.002813 0.012658 0.000000 0.001586 0.002850 0.001483 0.009529 0.947692 0.020627 0.002952 0.013282 0.000000 
0.000000 0.000000 0.000000 0.000801 0.996795 0.001603 0.000000 0.000801 0.000000 0.000000 0.000000 0.000000 0.000853 0.996707 0.001628 0.000000 0.000813 0.000000 0.008013 0.008814 0.004006 0.015224 0.939904 0.010417 0.003205 0.007212 0.003205 0.008409 0.009331 0.004273 0.015883 0.936331 0.011257 0.003363 0.007462 0.003691 
0.000000 0.001618 0.000809 0.002427 0.993528 0.001618 0.000000 0.000000 0.000000 0.000000 0.001734 0.000938 0.002498 0.993145 0.001684 0.000000 0.000000 0.000000 0.001618 0.021845 0.004045 0.012136 0.932039 0.014563 0.002427 0.008091 0.003236 0.001689 0.023145 0.004506 0.012899 0.927573 0.015590 0.002775 0.008313 0.003509 
0.000000 0.000000 0.000000 0.000000 1.000000 0.000000 0.000000 0.000000 0.000000 0.000000 0.000000 0.000000 0.000000 1.000000 0.000000 0.000000 0.000000 0.000000 0.004280 0.009986 0.000000 0.008559 0.967190 0.004280 0.001427 0.004280 0.000000 0.004536 0.010612 0.000000 0.009537 0.964690 0.004546 0.001426 0.004654 0.000000 
0.000000 0.000000 0.000000 0.002703 0.997297 0.000000 0.000000 0.000000 0.000000 0.000000 0.000000 0.000000 0.002770 0.997230 0.000000 0.000000 0.000000 0.000000 0.000000 0.002703 0.000000 0.002703 0.994595 0.000000 0.000000 0.000000 0.000000 0.000000 0.002808 0.000000 0.002838 0.994354 0.000000 0.000000 0.000000 0.000000 
0.000000 0.000000 0.000000 0.001931 0.998069 0.000000 0.000000 0.000000 0.000000 0.000000 0.000000 0.000000 0.001978 0.998022 0.000000 0.000000 0.000000 0.000000 0.001931 0.000000 0.001931 0.001931 0.992278 0.001931 0.000000 0.000000 0.000000 0.001939 0.000000 0.002045 0.001978 0.992105 0.001934 0.000000 0.000000 0.000000 
0.000000 0.000000 0.000000 0.003929 0.994106 0.001965 0.000000 0.000000 0.000000 0.000000 0.000000 0.000000 0.004074 0.993486 0.002440 0.000000 0.000000 0.000000 0.000000 0.003929 0.000000 0.007859 0.984283 0.001965 0.000000 0.000000 0.001965 0.000000 0.003949 0.000000 0.008370 0.983146 0.002439 0.000000 0.000000 0.002097 
0.000000 0.000000 0.001709 0.001709 0.994872 0.001709 0.000000 0.000000 0.000000 0.000000 0.000000 0.001856 0.001751 0.994618 0.001776 0.000000 0.000000 0.000000 0.000000 0.000000 0.001709 0.003419 0.982906 0.006838 0.001709 0.001709 0.001709 0.000000 0.000000 0.002013 0.003456 0.981598 0.007549 0.001732 0.001878 0.001773 
0.000000 0.000000 0.000608 0.001216 0.997568 0.000000 0.000000 0.000608 0.000000 0.000000 0.000000 0.000637 0.001288 0.997466 0.000000 0.000000 0.000610 0.000000 0.003647 0.007295 0.006079 0.016413 0.929483 0.014590 0.005471 0.012766 0.004255 0.003836 0.007611 0.006290 0.017285 0.925996 0.015603 0.005694 0.013168 0.004518 
0.000000 0.000000 0.000000 0.000000 0.998488 0.000504 0.000000 0.001008 0.000000 0.000000 0.000000 0.000000 0.000000 0.997872 0.000565 0.000000 0.001562 0.000000 0.004032 0.012097 0.004536 0.016129 0.913306 0.021169 0.007560 0.017137 0.004032 0.004173 0.012391 0.004765 0.016988 0.908709 0.022374 0.008060 0.018161 0.004379 
0.000000 0.000000 0.000749 0.000000 0.997753 0.000749 0.000749 0.000000 0.000000 0.000000 0.000000 0.000814 0.000000 0.997580 0.000788 0.000818 0.000000 0.000000 0.002996 0.008240 0.003745 0.009738 0.952809 0.010487 0.002247 0.008240 0.001498 0.003193 0.008584 0.003948 0.010252 0.949733 0.011083 0.002602 0.008860 0.001745 
0.000000 0.000000 0.000000 0.000000 1.000000 0.000000 0.000000 0.000000 0.000000 0.000000 0.000000 0.000000 0.000000 1.000000 0.000000 0.000000 0.000000 0.000000 0.001745 0.006981 0.001745 0.010471 0.956370 0.009599 0.000000 0.009599 0.003490 0.001751 0.007310 0.001863 0.011090 0.954001 0.010193 0.000000 0.010194 0.003599 
0.000000 0.000000 0.000000 0.000000 0.998706 0.001294 0.000000 0.000000 0.000000 0.000000 0.000000 0.000000 0.000000 0.998674 0.001326 0.000000 0.000000 0.000000 0.002587 0.010349 0.001294 0.005175 0.970246 0.005175 0.000000 0.005175 0.000000 0.002774 0.010853 0.001316 0.005607 0.967944 0.005621 0.000000 0.005886 0.000000 
0.000000 0.004348 0.000000 0.000000 0.989130 0.002174 0.000000 0.002174 0.002174 0.000000 0.004412 0.000000 0.000000 0.988528 0.002223 0.000000 0.002226 0.002611 0.000000 0.006522 0.002174 0.004348 0.973913 0.004348 0.000000 0.006522 0.002174 0.000000 0.006607 0.002316 0.004919 0.971722 0.004484 0.000000 0.007039 0.002914 
0.000000 0.000000 0.000000 0.000000 0.997297 0.002703 0.000000 0.000000 0.000000 0.000000 0.000000 0.000000 0.000000 0.997231 0.002769 0.000000 0.000000 0.000000 0.000000 0.000000 0.000000 0.000000 0.989189 0.008108 0.000000 0.002703 0.000000 0.000000 0.000000 0.000000 0.000000 0.988252 0.008218 0.000000 0.003529 0.000000 
0.000000 0.001395 0.000000 0.000000 0.998605 0.000000 0.000000 0.000000 0.000000 0.000000 0.002713 0.000000 0.000000 0.997287 0.000000 0.000000 0.000000 0.000000 0.001395 0.012552 0.000000 0.006974 0.962343 0.005579 0.002789 0.005579 0.002789 0.001617 0.014744 0.000000 0.007473 0.957984 0.005924 0.003148 0.006065 0.003047 
0.000000 0.000000 0.000000 0.001038 0.996885 0.000000 0.000000 0.001038 0.001038 0.000000 0.000000 0.000000 0.001163 0.996658 0.000000 0.000000 0.001091 0.001088 0.003115 0.003115 0.003115 0.004154 0.967809 0.007269 0.001038 0.004154 0.006231 0.003499 0.003411 0.003512 0.004383 0.965191 0.007773 0.001070 0.004577 0.006584 
0.000000 0.000000 0.000000 0.001969 0.995079 0.001969 0.000000 0.000984 0.000000 0.000000 0.000000 0.000000 0.002075 0.994809 0.002108 0.000000 0.001008 0.000000 0.001969 0.007874 0.000000 0.014764 0.958661 0.008858 0.001969 0.005906 0.000000 0.002203 0.008544 0.000000 0.015446 0.955850 0.009692 0.002088 0.006177 0.000000 
0.000000 0.000599 0.000599 0.000599 0.994608 0.003595 0.000000 0.000000 0.000000 0.000000 0.000616 0.000655 0.000601 0.994346 0.003781 0.000000 0.000000 0.000000 0.002397 0.006591 0.004793 0.017376 0.925105 0.020971 0.005992 0.012582 0.004194 0.002528 0.006781 0.005304 0.018055 0.921643 0.021808 0.006419 0.013075 0.004385 
0.000000 0.001133 0.000000 0.000000 0.996601 0.000567 0.001133 0.000567 0.000000 0.000000 0.001202 0.000000 0.000000 0.996393 0.000575 0.001234 0.000597 0.000000 0.003399 0.011331 0.009065 0.028895 0.904249 0.018130 0.004533 0.014731 0.005666 0.003512 0.011792 0.009605 0.031001 0.898714 0.018938 0.005194 0.015335 0.005908 
0.000000 0.000653 0.000000 0.001306 0.994121 0.001306 0.001306 0.000000 0.001306 0.000000 0.000653 0.000000 0.001391 0.993874 0.001332 0.001365 0.000000 0.001385 0.005225 0.012410 0.005879 0.026127 0.900718 0.018942 0.009798 0.013717 0.007185 0.005386 0.013085 0.005985 0.027017 0.896114 0.019557 0.010649 0.014683 0.007525 
0.000000 0.000000 0.000000 0.000000 1.000000 0.000000 0.000000 0.000000 0.000000 0.000000 0.000000 0.000000 0.000000 1.000000 0.000000 0.000000 0.000000 0.000000 0.001983 0.009253 0.007270 0.014541 0.942498 0.009914 0.001983 0.009914 0.002644 0.002069 0.009650 0.007617 0.015192 0.939708 0.010513 0.002063 0.010437 0.002751 
0.000000 0.000000 0.000000 0.000000 0.999336 0.000664 0.000000 0.000000 0.000000 0.000000 0.000000 0.000000 0.000000 0.999295 0.000705 0.000000 0.000000 0.000000 0.002654 0.010617 0.005309 0.021898 0.919708 0.017253 0.006636 0.013271 0.002654 0.002779 0.011023 0.005820 0.022613 0.915292 0.018764 0.006987 0.013954 0.002768 
0.000000 0.000000 0.000000 0.001455 0.994182 0.000727 0.002909 0.000727 0.000000 0.000000 0.000000 0.000000 0.001555 0.993863 0.000740 0.003110 0.000732 0.000000 0.002909 0.021091 0.007273 0.022545 0.893818 0.021818 0.010909 0.018182 0.001455 0.003084 0.022053 0.007656 0.023512 0.888778 0.022992 0.011880 0.018508 0.001538 
0.000000 0.000000 0.000000 0.000000 0.997621 0.000793 0.001586 0.000000 0.000000 0.000000 0.000000 0.000000 0.000000 0.997502 0.000836 0.001663 0.000000 0.000000 0.000793 0.004758 0.003172 0.012688 0.951626 0.012688 0.005551 0.008723 0.000000 0.000797 0.004877 0.003363 0.013147 0.949115 0.013456 0.006229 0.009016 0.000000 
0.000000 0.000654 0.000000 0.001307 0.996078 0.001307 0.000000 0.000654 0.000000 0.000000 0.000668 0.000000 0.001492 0.995689 0.001339 0.000000 0.000812 0.000000 0.001961 0.006536 0.002614 0.011765 0.960131 0.011765 0.001961 0.002614 0.000654 0.002447 0.006872 0.002837 0.012630 0.956771 0.012765 0.002120 0.002821 0.000738 
0.000000 0.000000 0.000000 0.000000 0.996890 0.002333 0.000000 0.000778 0.000000 0.000000 0.000000 0.000000 0.000000 0.996704 0.002455 0.000000 0.000841 0.000000 0.003110 0.003888 0.000778 0.008554 0.964230 0.012442 0.003110 0.003888 0.000000 0.003885 0.004360 0.000845 0.009358 0.960423 0.013304 0.003521 0.004303 0.000000 
0.000000 0.000407 0.000000 0.000407 0.996743 0.001221 0.000407 0.000000 0.000814 0.000000 0.000425 0.000000 0.000418 0.996580 0.001251 0.000454 0.000000 0.000871 0.004072 0.008550 0.003664 0.014658 0.941368 0.011401 0.003257 0.009365 0.003664 0.004296 0.008906 0.003857 0.015345 0.937853 0.012231 0.003649 0.009754 0.004111 
0.000000 0.001065 0.000710 0.000355 0.994677 0.001419 0.000710 0.001065 0.000000 0.000000 0.001109 0.000832 0.000388 0.993898 0.001912 0.000724 0.001136 0.000000 0.005323 0.009936 0.003903 0.016324 0.934705 0.013485 0.004258 0.008872 0.003194 0.005804 0.010654 0.004275 0.017103 0.930280 0.014719 0.004585 0.009296 0.003284 
0.000323 0.000970 0.000000 0.000323 0.994825 0.001294 0.000970 0.000647 0.000647 0.000331 0.000998 0.000000 0.000342 0.994598 0.001393 0.000998 0.000651 0.000688 0.010996 0.017464 0.006145 0.019405 0.892950 0.016494 0.010026 0.016818 0.009702 0.011603 0.018035 0.006433 0.020389 0.888038 0.017304 0.010579 0.017380 0.010238 
0.000000 0.000855 0.000000 0.000285 0.997150 0.000855 0.000000 0.000855 0.000000 0.000000 0.000877 0.000000 0.000295 0.997005 0.000897 0.000000 0.000925 0.000000 0.009404 0.017669 0.005415 0.015674 0.901681 0.016529 0.007410 0.018524 0.007694 0.009869 0.018198 0.005680 0.016176 0.897563 0.017189 0.007771 0.019338 0.008216 
0.000000 0.000707 0.000000 0.000707 0.996819 0.000707 0.000000 0.000707 0.000353 0.000000 0.000707 0.000000 0.000713 0.996665 0.000757 0.000000 0.000756 0.000403 0.005302 0.017674 0.002828 0.019441 0.923294 0.010958 0.002828 0.014139 0.003535 0.005742 0.018307 0.003061 0.020298 0.919696 0.011494 0.002989 0.014601 0.003813 
0.000000 0.000345 0.000000 0.000345 0.997583 0.000000 0.000345 0.001036 0.000345 0.000000 0.000348 0.000000 0.000391 0.997465 0.000000 0.000390 0.001055 0.000351 0.006561 0.013812 0.006561 0.011395 0.922307 0.017610 0.004834 0.012776 0.004144 0.006887 0.014316 0.006855 0.011966 0.918641 0.018276 0.005173 0.013254 0.004633 
0.000000 0.000000 0.000364 0.000000 0.996356 0.001093 0.000000 0.001822 0.000364 0.000000 0.000000 0.000394 0.000000 0.996084 0.001170 0.000000 0.001979 0.000373 0.004738 0.019315 0.006560 0.021866 0.900510 0.016035 0.006924 0.018586 0.005466 0.004950 0.019974 0.007141 0.022732 0.895600 0.016972 0.007363 0.019376 0.005891 
0.000475 0.001425 0.000000 0.000475 0.995724 0.000000 0.000475 0.001425 0.000000 0.000496 0.001540 0.000000 0.000481 0.995386 0.000000 0.000498 0.001599 0.000000 0.002850 0.012827 0.003800 0.012827 0.932542 0.015677 0.006176 0.010926 0.002375 0.003021 0.013547 0.004075 0.013398 0.928828 0.016466 0.006367 0.011727 0.002571 
0.000566 0.001131 0.001697 0.000566 0.994910 0.001131 0.000000 0.000000 0.000000 0.000652 0.001217 0.001947 0.000569 0.994216 0.001399 0.000000 0.000000 0.000000 0.001697 0.007353 0.006787 0.011312 0.947964 0.010747 0.006222 0.006787 0.001131 0.001998 0.007732 0.007732 0.011640 0.944724 0.011460 0.006542 0.006967 0.001205 
0.000000 0.000000 0.000000 0.000000 0.999231 0.000000 0.000769 0.000000 0.000000 0.000000 0.000000 0.000000 0.000000 0.999224 0.000000 0.000776 0.000000 0.000000 0.000769 0.005385 0.004615 0.011538 0.957692 0.004615 0.004615 0.010000 0.000769 0.000860 0.005716 0.004766 0.012308 0.954591 0.004948 0.005182 0.010765 0.000865 
0.000000 0.000665 0.000665 0.000000 0.996008 0.001331 0.000000 0.000665 0.000665 0.000000 0.000679 0.000703 0.000000 0.995884 0.001375 0.000000 0.000679 0.000680 0.002661 0.011976 0.002661 0.015303 0.934797 0.013307 0.005323 0.012641 0.001331 0.002748 0.012295 0.002814 0.015913 0.931413 0.013971 0.005842 0.013662 0.001342 
0.000000 0.000471 0.000000 0.000000 0.999058 0.000000 0.000471 0.000000 0.000000 0.000000 0.000549 0.000000 0.000000 0.998934 0.000000 0.000517 0.000000 0.000000 0.002355 0.015544 0.007537 0.016957 0.915685 0.018841 0.007537 0.014131 0.001413 0.002433 0.016699 0.007996 0.017711 0.910967 0.020056 0.007984 0.014634 0.001520 
0.000000 0.000488 0.000000 0.000000 0.997073 0.000976 0.000000 0.001463 0.000000 0.000000 0.000609 0.000000 0.000000 0.996799 0.001025 0.000000 0.001567 0.000000 0.003415 0.007805 0.004390 0.014146 0.937561 0.013659 0.003902 0.010244 0.004878 0.003512 0.008667 0.004695 0.014688 0.933496 0.014404 0.004134 0.011235 0.005169 
0.000528 0.001056 0.000000 0.000000 0.997888 0.000528 0.000000 0.000000 0.000000 0.000531 0.001200 0.000000 0.000000 0.997525 0.000744 0.000000 0.000000 0.000000 0.003168 0.007392 0.001584 0.007392 0.968321 0.005280 0.000528 0.006336 0.000000 0.003454 0.008175 0.001907 0.007690 0.966030 0.005541 0.000556 0.006646 0.000000 
0.000000 0.001002 0.000000 0.000501 0.997496 0.000501 0.000000 0.000501 0.000000 0.000000 0.001112 0.000000 0.000514 0.997297 0.000528 0.000000 0.000550 0.000000 0.002003 0.008012 0.004006 0.011517 0.953430 0.007511 0.004006 0.008012 0.001502 0.002098 0.008733 0.004204 0.011943 0.950588 0.007909 0.004266 0.008658 0.001602 
0.000722 0.000000 0.000722 0.000000 0.997834 0.000722 0.000000 0.000000 0.000000 0.000893 0.000000 0.000755 0.000000 0.997578 0.000774 0.000000 0.000000 0.000000 0.000722 0.000000 0.003610 0.009386 0.969675 0.011552 0.001444 0.003610 0.000000 0.000852 0.000000 0.003995 0.010105 0.967499 0.012100 0.001654 0.003796 0.000000 
0.000000 0.000000 0.000000 0.000000 0.999335 0.000665 0.000000 0.000000 0.000000 0.000000 0.000000 0.000000 0.000000 0.999169 0.000831 0.000000 0.000000 0.000000 0.001331 0.006653 0.001331 0.002661 0.975383 0.005988 0.001331 0.003327 0.001996 0.001476 0.007031 0.001373 0.002822 0.973276 0.006894 0.001522 0.003496 0.002110 
0.000000 0.000000 0.000000 0.001410 0.998590 0.000000 0.000000 0.000000 0.000000 0.000000 0.000000 0.000000 0.001429 0.998571 0.000000 0.000000 0.000000 0.000000 0.002820 0.004699 0.001880 0.014568 0.954887 0.007519 0.002350 0.007049 0.004229 0.003153 0.004971 0.002121 0.015203 0.952261 0.007842 0.002525 0.007377 0.004547 
0.000000 0.003302 0.000000 0.000550 0.995597 0.000000 0.000000 0.000550 0.000000 0.000000 0.003378 0.000000 0.000560 0.995508 0.000000 0.000000 0.000555 0.000000 0.000550 0.007155 0.002752 0.010457 0.956522 0.009356 0.006054 0.004953 0.002201 0.000599 0.007520 0.002927 0.010917 0.953831 0.009891 0.006475 0.005510 0.002329 
0.000000 0.000805 0.000000 0.000805 0.996782 0.001609 0.000000 0.000000 0.000000 0.000000 0.000804 0.000000 0.000886 0.996640 0.001669 0.000000 0.000000 0.000000 0.000000 0.007241 0.001609 0.008850 0.965406 0.008850 0.003218 0.004827 0.000000 0.000000 0.007717 0.001713 0.009514 0.963291 0.009241 0.003534 0.004990 0.000000 
0.000000 0.001910 0.000000 0.000637 0.996817 0.000637 0.000000 0.000000 0.000000 0.000000 0.001996 0.000000 0.000641 0.996725 0.000638 0.000000 0.000000 0.000000 0.000637 0.007002 0.000637 0.010185 0.965627 0.006365 0.000637 0.008275 0.000637 0.000637 0.007441 0.000642 0.010777 0.963620 0.006532 0.000745 0.008915 0.000690 
0.000000 0.001222 0.000000 0.000000 0.998778 0.000000 0.000000 0.000000 0.000000 0.000000 0.001522 0.000000 0.000000 0.998478 0.000000 0.000000 0.000000 0.000000 0.000000 0.003054 0.002443 0.006109 0.977398 0.004276 0.002443 0.004276 0.000000 0.000000 0.003832 0.002556 0.006536 0.975630 0.004487 0.002530 0.004430 0.000000 
0.000000 0.000000 0.000000 0.000999 0.999001 0.000000 0.000000 0.000000 0.000000 0.000000 0.000000 0.000000 0.001057 0.998943 0.000000 0.000000 0.000000 0.000000 0.000999 0.007992 0.000999 0.001998 0.978022 0.005994 0.000000 0.002997 0.000999 0.001145 0.008378 0.001081 0.002336 0.976156 0.006273 0.000000 0.003452 0.001179 
0.000000 0.000000 0.000000 0.000000 0.997953 0.000000 0.001024 0.001024 0.000000 0.000000 0.000000 0.000000 0.000000 0.997679 0.000000 0.001265 0.001056 0.000000 0.002047 0.003071 0.002047 0.010235 0.964176 0.008188 0.002047 0.006141 0.002047 0.002147 0.003190 0.002095 0.010737 0.962111 0.008572 0.002390 0.006418 0.002340 
