0.000000 0.000000 0.000000 0.000000 0.999583 0.000417 0.000000 0.000000 0.000000 0.000000 0.000000 0.000000 0.000000 0.999556 0.000444 0.000000 0.000000 0.000000 0.001667 0.005836 0.000834 0.013339 0.952897 0.019175 0.000000 0.005419 0.000834 0.001685 0.006271 0.000872 0.013839 0.950404 0.020422 0.000000 0.005619 0.000887 
0.000000 0.000000 0.000000 0.000000 0.998982 0.000339 0.000000 0.000679 0.000000 0.000000 0.000000 0.000000 0.000000 0.998961 0.000340 0.000000 0.000699 0.000000 0.000339 0.006108 0.000339 0.011198 0.961656 0.013912 0.000000 0.005090 0.001357 0.000345 0.006479 0.000351 0.011660 0.959055 0.015210 0.000000 0.005312 0.001589 
0.000000 0.000813 0.000000 0.000000 0.999187 0.000000 0.000000 0.000000 0.000000 0.000000 0.000963 0.000000 0.000000 0.999037 0.000000 0.000000 0.000000 0.000000 0.001220 0.006913 0.000407 0.010167 0.953640 0.015047 0.000813 0.009760 0.002033 0.001287 0.007686 0.000420 0.010622 0.950135 0.016228 0.000869 0.010315 0.002439 
0.000406 0.000406 0.000000 0.000406 0.998378 0.000000 0.000000 0.000406 0.000000 0.000428 0.000419 0.000000 0.000411 0.998305 0.000000 0.000000 0.000437 0.000000 0.001217 0.008921 0.000811 0.010138 0.956204 0.012976 0.000406 0.008110 0.001217 0.001354 0.009619 0.000941 0.010585 0.953003 0.013903 0.000410 0.008742 0.001445 
0.000000 0.000000 0.000000 0.000000 0.999599 0.000401 0.000000 0.000000 0.000000 0.000000 0.000000 0.000000 0.000000 0.999586 0.000414 0.000000 0.000000 0.000000 0.000801 0.005609 0.000801 0.011619 0.956731 0.014423 0.001202 0.005208 0.003606 0.000858 0.006094 0.000989 0.012093 0.953656 0.015462 0.001342 0.005348 0.004158 
0.000000 0.000363 0.000000 0.000000 0.999275 0.000000 0.000000 0.000363 0.000000 0.000000 0.000430 0.000000 0.000000 0.999182 0.000000 0.000000 0.000388 0.000000 0.001813 0.006164 0.001088 0.010515 0.953952 0.011603 0.002901 0.009065 0.002901 0.001956 0.006535 0.001217 0.010926 0.951128 0.012251 0.003090 0.009585 0.003312 
0.000000 0.000353 0.000353 0.000000 0.999293 0.000000 0.000000 0.000000 0.000000 0.000000 0.000358 0.000490 0.000000 0.999153 0.000000 0.000000 0.000000 0.000000 0.001413 0.009541 0.001413 0.007067 0.965724 0.008127 0.000353 0.005300 0.001060 0.001460 0.010289 0.001782 0.007280 0.963451 0.008545 0.000363 0.005620 0.001211 
0.000000 0.000000 0.000000 0.000000 0.999351 0.000324 0.000324 0.000000 0.000000 0.000000 0.000000 0.000000 0.000000 0.999296 0.000337 0.000367 0.000000 0.000000 0.000324 0.007787 0.001947 0.010707 0.963984 0.007138 0.000973 0.005840 0.001298 0.000330 0.008352 0.002244 0.011087 0.961560 0.007513 0.001184 0.006170 0.001560 
0.000000 0.000307 0.000000 0.000000 0.998466 0.000307 0.000307 0.000613 0.000000 0.000000 0.000318 0.000000 0.000000 0.998294 0.000320 0.000436 0.000631 0.000000 0.002454 0.008589 0.000000 0.009509 0.957362 0.011963 0.000920 0.007362 0.001840 0.002643 0.009238 0.000000 0.010094 0.953771 0.013179 0.001063 0.007857 0.002156 
0.000000 0.000332 0.000000 0.000000 0.999668 0.000000 0.000000 0.000000 0.000000 0.000000 0.000363 0.000000 0.000000 0.999637 0.000000 0.000000 0.000000 0.000000 0.001658 0.007297 0.001327 0.008292 0.967828 0.006302 0.000663 0.005970 0.000663 0.001712 0.007852 0.001579 0.008669 0.965724 0.006670 0.000695 0.006332 0.000767 
0.000000 0.000349 0.000000 0.000000 0.999302 0.000000 0.000000 0.000349 0.000000 0.000000 0.000357 0.000000 0.000000 0.999280 0.000000 0.000000 0.000364 0.000000 0.001047 0.005932 0.000698 0.006281 0.971040 0.007327 0.000349 0.005583 0.001745 0.001281 0.006579 0.000872 0.006622 0.968122 0.007971 0.000376 0.006230 0.001947 
0.000000 0.000332 0.000000 0.000000 0.999336 0.000332 0.000000 0.000000 0.000000 0.000000 0.000404 0.000000 0.000000 0.999240 0.000356 0.000000 0.000000 0.000000 0.001328 0.005974 0.000664 0.007965 0.971457 0.005310 0.000664 0.004647 0.001991 0.001421 0.006433 0.000790 0.008289 0.969508 0.005763 0.000685 0.004914 0.002197 
0.000000 0.000000 0.000000 0.000000 0.999683 0.000000 0.000317 0.000000 0.000000 0.000000 0.000000 0.000000 0.000000 0.999610 0.000000 0.000390 0.000000 0.000000 0.003175 0.008254 0.000000 0.007302 0.965079 0.009206 0.000635 0.004444 0.001905 0.003421 0.008937 0.000000 0.007582 0.962624 0.009820 0.000750 0.004659 0.002207 
0.000319 0.000000 0.000000 0.000000 0.999042 0.000319 0.000000 0.000000 0.000319 0.000324 0.000000 0.000000 0.000000 0.998944 0.000358 0.000000 0.000000 0.000373 0.003194 0.007985 0.000000 0.007985 0.964548 0.009262 0.000319 0.004471 0.002236 0.003435 0.008398 0.000000 0.008425 0.961917 0.010142 0.000329 0.004696 0.002659 
0.000000 0.000595 0.000298 0.000000 0.998511 0.000000 0.000000 0.000595 0.000000 0.000000 0.000712 0.000314 0.000000 0.998373 0.000000 0.000000 0.000601 0.000000 0.003870 0.008931 0.001489 0.015183 0.955046 0.007443 0.000893 0.006252 0.000893 0.004158 0.009411 0.001756 0.015885 0.952098 0.008067 0.000912 0.006635 0.001079 
0.000000 0.000000 0.000000 0.000000 0.999175 0.000550 0.000000 0.000275 0.000000 0.000000 0.000000 0.000000 0.000000 0.999138 0.000567 0.000000 0.000295 0.000000 0.001925 0.010451 0.000275 0.008251 0.961221 0.009351 0.000825 0.006601 0.001100 0.001992 0.010950 0.000352 0.008792 0.958585 0.010272 0.000887 0.006863 0.001306 
0.000000 0.000292 0.000000 0.000000 0.998538 0.000292 0.000000 0.000877 0.000000 0.000000 0.000305 0.000000 0.000000 0.998428 0.000302 0.000000 0.000965 0.000000 0.001754 0.009649 0.000585 0.011988 0.958187 0.008187 0.000000 0.008480 0.001170 0.001890 0.010255 0.000659 0.012639 0.955100 0.008966 0.000000 0.009116 0.001375 
0.000000 0.000000 0.000000 0.000000 0.999711 0.000000 0.000000 0.000289 0.000000 0.000000 0.000000 0.000000 0.000000 0.999710 0.000000 0.000000 0.000290 0.000000 0.001732 0.010678 0.000866 0.011544 0.962193 0.004906 0.000577 0.006926 0.000577 0.001804 0.011372 0.001073 0.012196 0.959624 0.005313 0.000632 0.007312 0.000674 
0.000000 0.000000 0.000000 0.000000 0.999700 0.000000 0.000000 0.000300 0.000000 0.000000 0.000000 0.000000 0.000000 0.999695 0.000000 0.000000 0.000305 0.000000 0.002098 0.007492 0.000899 0.008091 0.965238 0.005394 0.000599 0.008990 0.001199 0.002211 0.007821 0.001018 0.008543 0.962991 0.005985 0.000617 0.009493 0.001320 
0.000000 0.000000 0.000000 0.000000 0.999711 0.000289 0.000000 0.000000 0.000000 0.000000 0.000000 0.000000 0.000000 0.999696 0.000304 0.000000 0.000000 0.000000 0.001154 0.010101 0.000577 0.006926 0.967100 0.006349 0.000289 0.006349 0.001154 0.001242 0.010756 0.000617 0.007292 0.964753 0.006857 0.000309 0.006873 0.001302 
0.000000 0.000299 0.000598 0.000000 0.998804 0.000000 0.000000 0.000299 0.000000 0.000000 0.000322 0.000626 0.000000 0.998711 0.000000 0.000000 0.000341 0.000000 0.001196 0.011364 0.001794 0.012560 0.957536 0.005981 0.000598 0.008672 0.000299 0.001232 0.012190 0.002229 0.013105 0.954063 0.006539 0.000622 0.009690 0.000331 
0.000000 0.000440 0.000000 0.000000 0.999121 0.000440 0.000000 0.000000 0.000000 0.000000 0.000443 0.000000 0.000000 0.999096 0.000461 0.000000 0.000000 0.000000 0.001319 0.014945 0.000000 0.007473 0.962637 0.002637 0.000879 0.009231 0.000879 0.001375 0.016185 0.000000 0.007771 0.959738 0.003177 0.000953 0.009736 0.001065 
