0.28475,0.28041,751.34,0.28534,0.28637,752.35,0.28254,0.27504,159.85,0.25442,0.27852,159.82
0.28645,0.28406,964.87,0.29841,0.29889,962.39,0.30267,0.2968,206.89,0.32587,0.32107,202.92
0.31183,0.31129,697.88,0.31939,0.31704,696.88,0.32777,0.331,137.39,0.34769,0.34015,137.91
0.29424,0.29836,911.88,0.3051,0.30635,912.39,0.31621,0.31487,187.4,0.32531,0.33333,184.42
0.31194,0.31379,782.39,0.31316,0.3128,784.89,0.33128,0.34254,154.91,0.33557,0.32994,154.91
0.32749,0.32395,647.89,0.31293,0.31503,645.87,0.32794,0.32713,120.89,0.33064,0.31715,125.38
0.31968,0.318,684.38,0.30937,0.31099,685.37,0.31918,0.32993,134.38,0.30924,0.32886,135.88
0.33944,0.33986,585.9,0.34086,0.34086,591.9,0.36214,0.3371,95.908,0.35891,0.35326,100.91
0.35009,0.35021,589.91,0.34433,0.34165,587.9,0.36052,0.37071,108.92,0.35435,0.36883,109.92
0.35183,0.34894,500.91,0.35543,0.35442,495.91,0.37183,0.36913,75.913,0.37831,0.38019,73.92
0.35796,0.35572,514.41,0.34407,0.34496,510.9,0.37758,0.37106,78.423,0.37975,0.35885,78.417
0.35206,0.35425,521.91,0.35555,0.35578,523.41,0.35714,0.37233,89.418,0.37793,0.38033,89.928
0.31444,0.31546,629.88,0.32655,0.33032,626.4,0.30959,0.31176,117.38,0.3402,0.34345,117.41
0.30552,0.30744,762.88,0.30594,0.306,761.87,0.30302,0.32131,162.89,0.31151,0.30912,167.38
0.30012,0.30535,819.88,0.29679,0.29247,821.36,0.31727,0.30184,170.39,0.30103,0.30238,172.88
0.28345,0.27966,908.35,0.28908,0.2911,916.37,0.29237,0.2967,199.37,0.28452,0.2948,196.87
0.26258,0.26449,935.33,0.26681,0.26656,935.84,0.28045,0.26679,204.85,0.25451,0.27581,204.85
0.29171,0.28955,905.87,0.29051,0.28996,907.87,0.29967,0.29116,200.88,0.30434,0.2972,198.89
0.30417,0.29905,816.88,0.29733,0.29501,819.37,0.32605,0.30583,169.39,0.29315,0.30906,170.38
0.29636,0.29782,854.88,0.29153,0.29019,857.37,0.31415,0.30875,182.89,0.30443,0.28336,184.87
0.29319,0.2952,886.87,0.27671,0.27787,881.86,0.31074,0.30775,183.89,0.26925,0.2904,185.36
0.29111,0.28646,873.36,0.27861,0.28063,865.36,0.28047,0.3006,180.37,0.27258,0.28972,180.86
0.28292,0.28359,965.36,0.2649,0.26558,956.35,0.30666,0.30448,201.89,0.28236,0.27499,198.86
0.27782,0.27436,984.35,0.2628,0.26466,972.34,0.28564,0.28915,220.37,0.27457,0.27025,219.35
0.28197,0.28245,1004.9,0.27324,0.27555,994.36,0.28345,0.29608,226.38,0.26437,0.28721,224.87
0.27592,0.27915,919.86,0.2687,0.267,927.34,0.27841,0.2914,193.87,0.25866,0.27029,194.84
0.30078,0.30266,771.87,0.28379,0.27807,768.85,0.31055,0.30705,166.89,0.29763,0.30517,165.39
0.29144,0.29343,888.87,0.29747,0.29523,886.38,0.30183,0.30236,194.39,0.30961,0.30988,192.4
0.28804,0.28847,933.87,0.29038,0.2919,929.38,0.30278,0.28354,202.88,0.30679,0.30224,199.89
0.26774,0.27273,1178.4,0.26894,0.26851,1187.9,0.27344,0.28933,246.88,0.29688,0.28475,250.39
0.26025,0.25916,1234.4,0.26053,0.25821,1236.4,0.2827,0.27203,251.88,0.27422,0.28872,251.89
0.2833,0.28128,873.85,0.27842,0.27927,864.84,0.29477,0.29505,188.87,0.28116,0.27409,185.84
0.28628,0.28273,850.85,0.28602,0.28463,846.36,0.28533,0.27454,178.85,0.29693,0.30232,174.38
0.33038,0.32714,587.39,0.32543,0.32513,588.39,0.31621,0.3533,105.89,0.3511,0.32005,104.9
0.36078,0.36237,554.92,0.35845,0.35739,556.42,0.3736,0.37946,93.429,0.38212,0.37866,94.932
0.33866,0.33979,666.9,0.33192,0.33115,668.9,0.35592,0.35432,135.92,0.34685,0.35379,137.42
0.32447,0.32849,609.39,0.32645,0.32633,604.39,0.32805,0.33933,123.89,0.3568,0.33665,124.91
0.35188,0.35057,532.41,0.35494,0.35351,530.41,0.37737,0.35214,83.407,0.36137,0.3847,80.418
0.34757,0.34692,600.41,0.33932,0.33915,597.4,0.37357,0.38338,101.93,0.37003,0.35395,103.42
0.34473,0.34561,557.41,0.35572,0.35672,554.42,0.3656,0.352,93.915,0.37307,0.37173,95.423
0.32837,0.32582,738.4,0.32635,0.32843,742.9,0.34395,0.33307,148.41,0.35138,0.34899,148.92
0.24033,0.24146,1334.9,0.25254,0.25152,1332.9,0.21928,0.21928,179.23,0.22676,0.22271,178.24
0.27551,0.28048,785.84,0.29125,0.2924,780.36,0.28398,0.28695,166.85,0.30394,0.30313,164.38
0.3059,0.30572,872.39,0.30865,0.30966,869.4,0.31007,0.31673,180.4,0.31939,0.31193,178.91
0.33596,0.33744,628.9,0.33128,0.32986,625.9,0.36977,0.35481,102.42,0.35155,0.35808,101.41
0.33359,0.33365,754.91,0.32598,0.32669,755.9,0.36259,0.36419,142.94,0.34605,0.34338,144.42
0.35719,0.35461,622.92,0.3587,0.36017,623.93,0.36961,0.38389,103.43,0.38658,0.3812,105.44
0.34062,0.33962,689.41,0.34482,0.34524,691.92,0.35435,0.34657,129.92,0.36964,0.3691,131.44
0.36874,0.36723,555.43,0.35967,0.36014,554.42,0.38626,0.38678,94.438,0.37704,0.37309,94.43
0.35115,0.35514,572.92,0.36206,0.36188,573.42,0.37057,0.36869,91.423,0.3754,0.38373,93.929
0.33375,0.33208,762.91,0.32804,0.32851,768.91,0.34515,0.34915,152.93,0.34861,0.35235,156.93
0.31922,0.32036,636.89,0.32952,0.32712,635.39,0.36031,0.34937,113.42,0.34773,0.3357,114.9
0.32199,0.32086,708.9,0.32659,0.32398,715.9,0.3237,0.33601,133.4,0.33066,0.3336,137.89
0.32183,0.32432,723.9,0.32103,0.32121,726.4,0.33834,0.34462,126.41,0.34735,0.34271,128.91
0.35291,0.35049,529.91,0.34095,0.3406,533.4,0.36179,0.37696,89.42,0.35691,0.36206,92.409
0.34966,0.3528,525.41,0.34134,0.33737,515.9,0.37049,0.36322,89.919,0.34949,0.36214,88.41
0.37939,0.38003,457.93,0.36159,0.3603,458.42,0.40568,0.39,61.937,0.3927,0.39243,63.431
0.34469,0.34079,684.91,0.33278,0.3355,683.91,0.3576,0.35973,129.43,0.34507,0.34133,130.41
0.29359,0.2997,766.87,0.302,0.29739,765.37,0.31474,0.31847,154.38,0.31554,0.30246,155.38
0.30839,0.30291,792.88,0.30287,0.30323,793.38,0.30752,0.31788,148.88,0.30889,0.32634,148.89
0.32112,0.32267,676.39,0.32362,0.32291,674.89,0.33324,0.34725,118.9,0.35549,0.33599,120.41
0.34473,0.34503,683.42,0.33561,0.33496,683.41,0.37198,0.36366,126.44,0.35722,0.36125,126.93
0.36408,0.36461,511.42,0.34856,0.34862,511.91,0.38649,0.37054,71.422,0.36459,0.37216,74.414
0.33306,0.33496,578.9,0.32125,0.32244,576.88,0.35454,0.34747,96.408,0.33714,0.33116,96.394
0.32444,0.32748,588.39,0.33855,0.33903,585.9,0.31482,0.32938,110.88,0.36496,0.3593,111.42
0.33837,0.33867,640.91,0.31743,0.31838,640.89,0.35297,0.36931,120.43,0.35404,0.34762,120.42
0.33074,0.32511,571.89,0.32926,0.32938,572.89,0.35492,0.33306,93.895,0.34262,0.35601,93.9
0.362,0.36587,534.92,0.36188,0.36141,535.42,0.38433,0.38782,85.936,0.3854,0.39291,85.938
0.38006,0.38176,435.43,0.35862,0.35615,436.91,0.40698,0.41162,53.94,0.39389,0.38762,55.427
0.38924,0.38756,442.94,0.37144,0.36773,441.93,0.40823,0.40743,52.942,0.3902,0.38348,55.426
0.3814,0.38227,458.43,0.36883,0.36901,455.42,0.39513,0.39165,64.931,0.37854,0.38416,64.925
0.38522,0.38377,454.44,0.37373,0.37507,451.43,0.40953,0.40899,53.44,0.39822,0.39391,55.43
0.29956,0.30415,887.39,0.30878,0.31069,884.4,0.31127,0.30753,170.88,0.33582,0.32702,167.91
0.26004,0.26698,1090.8,0.26292,0.25879,1089.3,0.26808,0.25992,224.82,0.27597,0.2621,223.34
0.24947,0.24707,1017.3,0.25053,0.24852,1006.3,0.25427,0.24106,228.79,0.24463,0.25894,221.81
0.22763,0.22801,1193.3,0.22902,0.22695,1189.3,0.22565,0.2317,267.27,0.23583,0.2383,262.8
0.23622,0.23372,1232.3,0.21864,0.21889,1240.3,0.24324,0.25207,276.83,0.23249,0.22339,274.31
0.24855,0.24987,853.78,0.24271,0.24902,852.79,0.24916,0.25725,195.31,0.22712,0.26256,193.3
0.26553,0.25705,863.81,0.25354,0.2575,858.3,0.27144,0.26016,201.82,0.26862,0.24323,196.31
0.27363,0.2717,867.33,0.27776,0.27944,868.34,0.27899,0.26946,206.85,0.26293,0.28307,206.35
0.29182,0.28893,843.36,0.28467,0.28202,843.35,0.31442,0.30702,185.89,0.29002,0.27604,188.35
0.29286,0.29249,856.36,0.27598,0.27041,853.34,0.2957,0.29951,186.37,0.25925,0.27856,184.83
0.27153,0.27344,1068.9,0.27498,0.27227,1056.4,0.28418,0.29438,224.87,0.2941,0.28363,218.37
0.22274,0.22978,1534.8,0.22163,0.2195,1529.8,0.20362,0.19894,236.21,0.18582,0.19457,235.68
0.28022,0.27753,931.35,0.27268,0.26937,932.34,0.28,0.28892,208.36,0.26378,0.27405,208.83
0.2833,0.28263,815.34,0.28741,0.28485,812.85,0.29268,0.30259,162.36,0.29818,0.31305,160.37
0.29216,0.29168,760.85,0.28033,0.28356,759.34,0.30389,0.28174,163.87,0.28957,0.25824,164.84
0.30529,0.30182,709.37,0.30317,0.30548,711.87,0.32471,0.31192,144.89,0.31709,0.31764,145.89
0.32663,0.32789,595.89,0.32789,0.32675,591.39,0.33152,0.3459,103.9,0.33993,0.35241,100.91
0.31382,0.31825,700.88,0.31612,0.3148,702.38,0.33889,0.33297,137.4,0.33405,0.33916,137.4
0.31738,0.32043,743.39,0.30648,0.29905,740.88,0.33921,0.33975,147.41,0.29691,0.30315,146.37
0.30608,0.30233,716.37,0.29686,0.29789,716.87,0.30734,0.31328,155.38,0.32137,0.30329,154.89
0.31059,0.31089,713.88,0.31751,0.31582,713.39,0.31402,0.33433,142.4,0.32891,0.33703,143.4
0.31378,0.31037,739.89,0.31086,0.3132,736.39,0.33552,0.32732,132.89,0.3276,0.34071,130.9
0.33161,0.32941,756.91,0.32215,0.3199,748.9,0.34663,0.33774,146.42,0.3496,0.34367,143.42
0.31622,0.31387,642.88,0.31362,0.31723,640.88,0.30464,0.33907,116.38,0.33251,0.3429,116.9
0.3051,0.29694,612.36,0.31695,0.31441,610.38,0.29682,0.28231,117.34,0.31435,0.31435,113.88
0.31788,0.32122,611.88,0.3092,0.30568,613.87,0.34409,0.32131,116.39,0.30586,0.32158,118.37
0.29433,0.29501,718.36,0.28321,0.28603,718.34,0.3056,0.30995,153.88,0.28358,0.28358,153.85
0.2912,0.29453,547.84,0.31764,0.32188,540.88,0.27233,0.30065,117.35,0.32435,0.32734,111.39
0.33715,0.34135,578.9,0.34206,0.342,574.41,0.32862,0.36065,99.899,0.37293,0.36412,99.424
0.3455,0.34614,645.41,0.33453,0.33512,638.91,0.37053,0.35157,111.42,0.34995,0.36511,111.92
0.33826,0.33797,717.41,0.34136,0.34201,705.92,0.37241,0.35703,133.43,0.36605,0.36525,131.44
0.34669,0.3488,673.92,0.33985,0.33967,661.91,0.36153,0.37796,108.92,0.37419,0.35803,107.92
0.31153,0.31129,709.38,0.30504,0.30534,706.87,0.32892,0.31649,135.39,0.32405,0.32541,134.89
0.29477,0.2958,733.86,0.29793,0.29999,729.37,0.32011,0.30679,149.88,0.31712,0.31522,146.89
0.29815,0.30135,678.87,0.29566,0.29487,678.36,0.28897,0.32211,133.87,0.2925,0.2887,133.36
0.28742,0.2879,903.86,0.28262,0.28003,901.86,0.29973,0.3043,186.88,0.27124,0.28656,188.36
0.29365,0.29564,801.36,0.29244,0.29015,803.36,0.31801,0.28863,157.87,0.30794,0.30658,158.38
0.29281,0.29613,799.36,0.29213,0.29002,793.36,0.28541,0.29909,171.87,0.2897,0.29345,171.36
0.30898,0.30958,776.89,0.30646,0.30652,773.38,0.33244,0.3424,150.91,0.32866,0.32705,151.41
0.30589,0.30734,710.87,0.30925,0.30877,711.38,0.31609,0.33099,139.89,0.29767,0.3188,139.88
0.30653,0.3016,798.87,0.2995,0.29781,791.87,0.32913,0.29265,164.88,0.29694,0.30365,160.88
0.30423,0.30615,807.38,0.29085,0.29037,804.36,0.30376,0.31274,163.88,0.29804,0.29886,163.86
0.31149,0.31722,699.88,0.30327,0.30205,697.37,0.32778,0.33342,146.4,0.31274,0.32724,145.39
0.32905,0.33407,613.39,0.32101,0.32125,614.88,0.3611,0.36943,117.43,0.34659,0.34632,117.41
0.31582,0.31877,722.89,0.31495,0.30858,720.38,0.33993,0.33044,128.39,0.31226,0.33098,130.38
0.2822,0.28486,1028.9,0.28171,0.28105,1035.9,0.3013,0.29293,213.38,0.29617,0.30346,213.89
0.2831,0.28077,1041.9,0.2845,0.28432,1042.9,0.29167,0.28761,229.88,0.30547,0.30276,228.9
0.28941,0.29038,1050.9,0.29014,0.28906,1047.9,0.30741,0.31513,220.9,0.30714,0.29808,222.4
0.26387,0.26466,1235.9,0.26476,0.26616,1237.9,0.28622,0.28486,258.89,0.28296,0.28269,260.39
0.26048,0.25944,1173.4,0.26128,0.26293,1177.4,0.2809,0.27361,255.87,0.27145,0.28332,252.37
0.27617,0.27562,1122.4,0.27363,0.27192,1127.9,0.29415,0.29036,244.39,0.29415,0.29307,242.9
0.27811,0.2796,934.36,0.2829,0.2863,932.37,0.28959,0.29826,199.87,0.30315,0.30315,198.89
0.2427,0.24168,1674.4,0.23105,0.23165,1673.4,0.24468,0.24281,247.3,0.24414,0.23562,247.79
0.29925,0.30084,858.38,0.28572,0.28517,856.86,0.3133,0.31706,189.4,0.30633,0.30472,191.39
0.30297,0.30567,872.88,0.29772,0.29803,876.88,0.3278,0.32563,187.4,0.30604,0.31393,185.9
0.29794,0.29614,910.37,0.30029,0.29987,912.88,0.30825,0.29807,190.38,0.3195,0.32325,191.91
0.29869,0.29923,865.87,0.30046,0.30406,869.87,0.29697,0.30428,177.37,0.32323,0.32079,175.39
0.3073,0.30742,880.88,0.30507,0.30663,876.38,0.32732,0.3257,181.9,0.31519,0.31331,179.89
0.33095,0.33277,790.42,0.32935,0.33006,789.91,0.3551,0.35881,150.43,0.35138,0.35801,150.93
0.31437,0.3149,941.9,0.30957,0.31069,932.9,0.32605,0.33031,183.4,0.32552,0.33005,181.4
0.3049,0.30527,978.89,0.30243,0.30062,977.39,0.31112,0.31838,207.89,0.32483,0.32133,202.91
0.3014,0.30509,970.88,0.29295,0.29065,959.87,0.31182,0.3219,200.89,0.3031,0.30229,196.88
0.30624,0.30379,755.36,0.29102,0.28679,754.35,0.30921,0.29715,163.85,0.27193,0.2818,158.84
0.31475,0.31214,794.39,0.29475,0.29432,800.87,0.33559,0.32069,170.9,0.29307,0.30255,171.37
0.30408,0.30341,779.36,0.29463,0.29225,776.36,0.31338,0.29746,175.87,0.30475,0.30151,172.38
0.30108,0.30445,686.85,0.28186,0.2818,680.34,0.29507,0.30603,142.34,0.28795,0.2874,140.34
0.31668,0.31221,676.38,0.31082,0.3127,662.38,0.30934,0.34058,134.39,0.31233,0.31722,131.38
0.33019,0.32411,594.88,0.30827,0.31381,586.87,0.32962,0.3519,113.39,0.32745,0.29783,107.87
0.32745,0.32859,694.9,0.31981,0.31818,684.89,0.34524,0.33685,133.91,0.3217,0.34497,131.9
0.32833,0.33379,667.4,0.33501,0.33082,668.9,0.35008,0.34657,127.41,0.35927,0.35548,130.42
0.31453,0.31881,924.4,0.31876,0.31591,924.41,0.33564,0.3431,188.92,0.33511,0.3391,187.92
0.32235,0.32211,784.39,0.31106,0.30891,785.88,0.341,0.33018,157.9,0.3364,0.33478,158.9
0.31315,0.31898,730.38,0.30878,0.30212,732.38,0.33913,0.32843,143.39,0.30407,0.29443,140.87
0.32127,0.32109,667.88,0.3103,0.30964,660.88,0.34326,0.33378,130.4,0.3346,0.32323,125.89
0.34131,0.34178,827.43,0.32422,0.32816,827.91,0.36877,0.35313,159.44,0.35578,0.34597,161.93
0.30822,0.30665,820.87,0.30187,0.30544,820.87,0.31833,0.30997,172.88,0.31402,0.31671,173.88
0.30312,0.30494,830.87,0.28797,0.2947,829.35,0.32374,0.31831,175.89,0.28762,0.30391,172.86
0.30877,0.3078,899.38,0.29459,0.29762,896.37,0.32367,0.32259,190.9,0.30417,0.31067,187.89
0.30841,0.30682,856.88,0.30053,0.30614,865.88,0.30845,0.32916,173.9,0.31662,0.31526,179.39
0.30169,0.29904,1070.4,0.2874,0.28945,1075.4,0.31962,0.32861,214.42,0.30463,0.30136,216.9
0.30963,0.30627,857.89,0.2932,0.29534,857.37,0.32782,0.32321,174.91,0.31155,0.30911,175.39
0.32003,0.32142,964.42,0.2969,0.29244,964.38,0.34245,0.34326,195.43,0.30671,0.31619,196.9
0.31227,0.31094,978.41,0.29526,0.29321,983.88,0.32945,0.32675,194.92,0.32214,0.31456,199.4
0.31689,0.31653,888.9,0.30116,0.30068,887.38,0.33768,0.33578,180.92,0.31648,0.31892,178.9
0.30947,0.31123,847.89,0.29971,0.30147,857.37,0.32788,0.3347,169.91,0.32106,0.32706,169.9
0.32044,0.3196,795.9,0.308,0.31094,798.38,0.34104,0.33297,159.42,0.32087,0.33808,160.9
0.35739,0.35863,588.42,0.34809,0.34672,587.41,0.39086,0.38129,89.934,0.36953,0.37992,91.423
0.34902,0.34902,707.42,0.34978,0.34849,709.92,0.36076,0.36502,130.93,0.36395,0.36422,132.43
0.34328,0.34081,807.43,0.33178,0.33137,812.41,0.36981,0.37513,149.94,0.35756,0.35969,152.43
0.34278,0.34218,741.92,0.33538,0.33115,738.4,0.36762,0.36332,145.43,0.34264,0.34989,145.91
0.3492,0.35335,655.42,0.34985,0.34843,655.42,0.35733,0.37668,118.93,0.37346,0.3662,120.93
0.34565,0.34365,703.92,0.34119,0.34137,703.91,0.37152,0.36724,132.94,0.36322,0.35894,134.93
0.36598,0.36539,516.43,0.3679,0.36667,519.93,0.39789,0.37622,78.934,0.37893,0.38218,81.426
0.34051,0.34553,596.91,0.35568,0.3529,600.42,0.37131,0.37319,107.93,0.37426,0.37695,109.43
0.29716,0.29692,1187.9,0.29511,0.29224,1188.9,0.26559,0.26877,109.27,0.2729,0.26304,111.27
0.33643,0.33292,749.91,0.32308,0.32135,746.9,0.34148,0.33006,150.41,0.31864,0.3128,150.89
0.33539,0.33395,725.4,0.31724,0.31753,730.38,0.36004,0.3614,136.93,0.32756,0.33406,142.39
0.31307,0.3096,903.39,0.30486,0.30056,904.38,0.32478,0.32883,173.4,0.32397,0.32451,174.9
0.30263,0.30214,914.38,0.28865,0.29042,908.36,0.32339,0.31959,194.9,0.29571,0.29273,194.87
0.28318,0.28862,973.36,0.27844,0.27826,974.35,0.29864,0.2935,207.88,0.29431,0.29702,205.88
0.27365,0.28096,951.35,0.27269,0.26867,955.84,0.27892,0.28734,203.86,0.26372,0.28381,200.85
0.27838,0.27936,1058.4,0.27271,0.26966,1060.4,0.28702,0.29025,223.88,0.27787,0.28379,224.86
0.27165,0.26776,1106.9,0.26369,0.26162,1109.3,0.28436,0.27811,240.37,0.27132,0.27512,243.36
0.27318,0.2687,922.84,0.27795,0.28026,917.35,0.29131,0.28078,190.85,0.27889,0.30157,186.86
0.26417,0.26853,1007.8,0.25542,0.25675,1008.3,0.26892,0.26946,215.86,0.24703,0.25,218.8
0.29226,0.29328,861.37,0.27802,0.27983,857.35,0.30132,0.30543,166.88,0.26454,0.2736,165.84
0.31879,0.31891,719.89,0.28704,0.28674,718.85,0.33558,0.3469,132.91,0.29946,0.31833,136.87
0.32125,0.31632,623.88,0.30154,0.29943,616.86,0.34174,0.32364,118.89,0.32611,0.30719,116.38
0.34263,0.3421,569.91,0.31226,0.31191,564.38,0.36241,0.3678,93.918,0.32714,0.32418,94.883
0.34967,0.34732,619.42,0.34863,0.34852,619.92,0.37899,0.36573,100.93,0.3706,0.36871,100.42
0.35534,0.35689,523.91,0.34485,0.34247,521.9,0.35861,0.37318,82.914,0.35024,0.35915,81.907
0.38341,0.38225,439.44,0.37286,0.37222,440.93,0.4145,0.41017,49.944,0.39908,0.38447,51.929
0.33217,0.32891,681.9,0.33033,0.33087,682.4,0.34984,0.35653,128.92,0.34475,0.35653,128.42
0.35732,0.35697,521.92,0.34518,0.34571,520.9,0.37062,0.36712,83.917,0.37089,0.37493,83.921
0.32053,0.32119,610.39,0.33654,0.335,608.4,0.35339,0.34218,100.4,0.36214,0.35722,98.915
0.29384,0.30187,521.85,0.33361,0.33014,519.89,0.31182,0.33124,83.366,0.35421,0.35695,83.402
0.3265,0.32745,621.89,0.32477,0.3234,622.89,0.34402,0.35217,106.4,0.35897,0.3481,107.91
0.32318,0.32561,742.4,0.32705,0.32563,742.9,0.34212,0.33916,142.4,0.34481,0.3518,140.92
0.30114,0.3041,862.88,0.31283,0.312,862.89,0.3123,0.32688,167.4,0.33775,0.32688,168.41
0.30718,0.30509,878.39,0.30712,0.30802,879.39,0.33467,0.32208,176.4,0.31431,0.32128,176.39
0.28996,0.28845,971.37,0.28591,0.28423,976.86,0.29324,0.30568,201.37,0.30757,0.29838,204.88
0.28759,0.28571,1055.9,0.28124,0.28094,1056.9,0.29219,0.29656,211.88,0.29492,0.29301,210.88
0.27503,0.27678,856.83,0.28553,0.28771,860.85,0.27639,0.28858,180.35,0.26963,0.29047,177.34
0.29814,0.29856,711.36,0.29744,0.29967,709.36,0.30978,0.30951,148.88,0.30279,0.30924,147.88
0.33068,0.32986,773.91,0.32709,0.32898,775.41,0.35091,0.34052,146.92,0.34984,0.35836,149.43
0.31948,0.32096,792.9,0.30829,0.30907,783.38,0.33638,0.34121,151.91,0.3259,0.331,150.4
0.30935,0.31084,905.89,0.30179,0.30049,900.38,0.32348,0.32966,176.41,0.32429,0.32375,173.9
0.32712,0.32878,780.41,0.31199,0.31056,781.89,0.34574,0.3428,156.43,0.33583,0.33342,156.42
0.34729,0.3496,588.41,0.33448,0.32804,590.9,0.36243,0.36973,94.921,0.35703,0.35622,95.912
0.35694,0.35683,501.92,0.35142,0.34926,503.41,0.4032,0.38774,72.938,0.39425,0.37907,74.431
0.3615,0.3601,494.92,0.35361,0.35489,493.91,0.38207,0.38314,72.928,0.36995,0.3888,72.925
0.38441,0.38574,401.44,0.38297,0.38187,402.43,0.40336,0.39482,48.438,0.41458,0.40123,49.442
0.36967,0.36838,436.92,0.36032,0.36272,439.92,0.3855,0.39995,61.936,0.38309,0.38015,64.927
0.36197,0.36108,491.42,0.3615,0.35741,491.41,0.38482,0.37615,71.921,0.38943,0.39024,71.428
0.36401,0.36348,533.92,0.34093,0.33821,532.4,0.37914,0.37968,82.424,0.36285,0.36257,81.912
0.37039,0.37216,466.92,0.3509,0.3489,469.41,0.38949,0.39166,64.93,0.38191,0.37053,65.918
0.27493,0.27733,1270.9,0.26716,0.26605,1266.4,0.22299,0.23594,128.23,0.23373,0.22678,128.73
0.29821,0.30123,975.39,0.2925,0.29019,976.88,0.31002,0.31876,192.91,0.31108,0.30472,196.39
0.28549,0.28854,1036.4,0.28746,0.28723,1037.4,0.30533,0.30722,211.4,0.30048,0.29779,213.88
0.29423,0.29538,994.38,0.28762,0.289,985.87,0.31971,0.31456,200.91,0.2902,0.28885,200.37
0.27997,0.28027,939.36,0.29063,0.2899,934.87,0.29346,0.28474,205.87,0.29809,0.30191,204.89
0.29867,0.29987,779.36,0.29437,0.28881,779.86,0.29824,0.29131,159.86,0.30197,0.28785,158.86
0.28519,0.28052,782.33,0.27653,0.27671,777.82,0.27973,0.26877,168.81,0.26329,0.26466,165.8
0.26396,0.26042,963.82,0.26586,0.26375,949.33,0.24293,0.26793,226.81,0.25489,0.26902,216.82
0.27229,0.27609,832.32,0.26699,0.26867,827.32,0.2725,0.29039,179.32,0.26663,0.26439,173.81
0.30489,0.30672,727.36,0.29397,0.2955,728.85,0.3125,0.32538,154.38,0.29441,0.26014,152.84
0.30593,0.304,710.36,0.30958,0.31361,708.37,0.31512,0.31485,145.38,0.31351,0.31109,141.38
0.30501,0.30235,727.36,0.29699,0.29892,735.35,0.31149,0.30502,144.86,0.30448,0.29045,149.35
0.30674,0.30783,718.87,0.30954,0.30539,714.37,0.33424,0.3386,144.41,0.3258,0.33016,141.9
0.31251,0.31112,567.87,0.31462,0.30776,565.86,0.30945,0.30673,107.37,0.30456,0.3184,107.36
0.29642,0.29636,598.86,0.29909,0.30103,596.36,0.32164,0.31865,121.89,0.30642,0.28086,123.86
0.30604,0.29872,637.85,0.29313,0.29533,638.35,0.30589,0.31344,137.37,0.29266,0.31021,134.87
0.30125,0.29457,635.84,0.28289,0.28682,620.34,0.25247,0.30351,130.32,0.27333,0.28485,124.84
0.28764,0.29186,698.84,0.29013,0.29508,691.85,0.30606,0.31015,146.37,0.30524,0.29378,144.87
0.28806,0.29364,726.34,0.30853,0.30509,722.37,0.30769,0.28478,156.35,0.33606,0.3317,154.41
0.31157,0.30944,629.36,0.3108,0.30563,619.87,0.31623,0.29262,134.85,0.29723,0.29343,131.36
