-0.0011801,-0.0013127,26346,0.012596,0.011117,26349,-0.0047396,-0.005746,5707.3,0.012693,0.015875,5696.8
-0.0010178,-0.0014291,26466,0.0079376,0.0070782,26493,-0.0049023,-0.0068502,5696.2,0.0020129,0.0046426,5685.3
-0.0010989,-0.0015889,25892,0.011447,0.0090735,25886,-0.0029087,-0.0076476,5598.7,0.013105,0.014151,5588.8
-0.0022281,-0.0028917,26326,0.0092018,0.0073741,26335,-0.0075472,-0.0046519,5710.2,0.00061809,-0.00074821,5696.8
-0.0019725,-0.0026416,26449,0.0096484,0.00728,26454,-0.0075718,-0.0045821,5726.7,0.0020148,0.0026648,5715.7
-0.0013373,-0.0019363,26493,0.0083055,0.0061279,26524,-0.0054337,-0.0041648,5716.7,0.0034164,-0.0072883,5704.8
-0.001061,-0.0017799,26577,0.010304,0.0084492,26570,-0.0076968,-0.0046765,5764.7,0.011269,0.014906,5752.8
-0.0020644,-0.0013926,26201,0.01103,0.0074869,26229,-0.0053296,-0.0046756,5663.2,0.0095148,0.0018637,5650.2
-0.0014979,-0.0017417,26533,0.0075796,0.0053252,26552,-0.0048839,-0.0049162,5761.2,0.0057248,0.0097031,5748.8
-0.0022584,-0.0015614,26398,0.0081509,0.0071452,26423,-0.0039982,-0.0075088,5713.7,0.016578,0.008939,5698.7
-0.00072437,-0.0015671,26565,0.011598,0.009621,26571,-0.0059915,-0.0068707,5712.8,0.0084012,0.011788,5698.3
-0.002505,-0.0019275,26825,0.0078264,0.005206,26859,-0.0034801,-0.0048787,5770.8,0.01301,0.01018,5758.8
-0.0012579,-0.002217,26720,0.011922,0.010123,26719,-0.0078191,-0.007496,5784.2,0.013215,0.014152,5771.8
-0.0019183,-0.0016354,27553,0.0040566,0.0037249,27581,-0.0047279,-0.0046314,5950.3,0.0087161,0.0078477,5937.8
-0.00060524,-0.0018432,27539,0.0097647,0.0079248,27560,-0.0068826,-0.0056662,5964.2,0.0015686,0.0032973,5950.3
-0.0016805,-0.0015513,28417,0.0076185,0.0055451,28436,-0.0051766,-0.0033981,6133.7,0.0061293,0.008924,6119.2
-0.00056086,-0.00081088,28986,0.0072806,0.00575,28998,-0.0057904,-0.0049361,6225.7,0.0095241,0.0056955,6211.7
-0.00043634,-0.0007787,29935,0.0042293,0.0021987,29939,-0.0046357,-0.0039466,6434.3,0.0027877,0.006797,6418.8
-0.00049571,-0.00072347,30066,0.0066862,0.0041285,30067,-0.0044864,-0.0043295,6447.3,0.0041099,0.0011922,6434.8
-0.00045395,-0.00078774,30415,0.0058745,0.0047103,30411,-0.0045011,-0.0055951,6518.3,0.0075644,0.0051575,6506.3
-0.00039162,-0.00088279,30966,0.0063667,0.0047301,30962,-0.0037136,-0.0033422,6658.7,0.0064678,0.0075819,6643.8
-0.0016027,-0.0016425,31257,0.0052669,0.0033698,31255,-0.0016091,-0.0022589,6715.3,0.0035896,0.0069625,6701.3
-0.00060492,-0.00043873,30862,0.0058977,0.0049724,30875,-0.0027684,-0.0030173,6621.3,0.0019597,0.00080876,6607.8
-0.00059348,-0.00094024,30482,0.007106,0.0066652,30476,-0.0029961,-0.0019662,6546.7,0.0079271,0.0080207,6535.3
-0.00017323,-0.00036645,30614,0.0051119,0.0045513,30612,-0.00077916,-0.002244,6593.3,0.0041139,0.0047061,6581.8
-0.00095771,-0.0007367,30130,0.0068105,0.0067433,30124,-0.002974,-0.0030366,6474.3,0.01008,0.0073879,6461.3
-0.000587,0.0002935,30184,0.0081449,0.007202,30188,-0.0043028,-0.0036118,6450.2,0.0081972,0.006407,6436.7
-0.00038676,-0.00030674,30348,0.0071669,0.0058432,30353,-0.0034764,-0.0039148,6488.3,0.0093956,0.0076104,6476.3
-0.00058894,-0.0008834,30243,0.0054496,0.0045782,30271,-0.0024734,-0.0028178,6483.8,0.0081716,0.0070445,6470.8
-0.0014038,-0.001611,30126,0.0063629,0.0051707,30128,-0.0048149,-0.0029702,6473.2,0.0037519,0.0030328,6460.2
-0.00031972,-1.3322e-05,30480,0.0047563,0.0031686,30471,-0.0043554,-0.0029243,6550.7,0.0041065,0.0068442,6537.8
-0.0013401,-0.00074305,30976,0.0039259,0.0037532,30977,-0.0049991,-0.0042539,6633.8,0.0077936,0.0048128,6621.3
-0.0016507,-0.0010849,30745,0.0050473,0.005354,30752,-0.0037404,-0.0030858,6600.2,0.0083848,0.0076367,6587.3
-0.00041141,-0.0011812,31021,0.0040664,0.0018272,31028,-0.0034376,-0.004057,6664.3,0.0046764,0.0077114,6650.8
-0.00049584,-0.0013817,31292,0.0034732,0.0016473,31294,-0.0040253,-0.0037776,6721.8,0.0056663,0.0028486,6707.3
-0.00037122,-0.0010407,31140,0.0045666,0.0032988,31154,-0.0030422,-0.0040666,6678.8,0.0038182,-0.00046564,6665.8
-0.00044996,-0.00023821,31431,0.0035826,0.001437,31433,-0.0022317,-0.0020767,6723.3,0.0035336,0.0054863,6712.3
-0.00041118,-0.00086215,31051,0.0043668,0.0023795,31053,-0.0057829,-0.002736,6662.8,0.0026738,0.0022696,6648.8
-0.00067594,-0.0011199,31135,0.0047553,0.0032763,31159,-0.005634,-0.0030337,6691.8,0.0007739,0.0010835,6678.8
0.0003389,-0.00042528,31022,0.0045085,0.0031433,31019,-0.0056536,-0.0019881,6650.8,-0.00021745,-0.00012425,6637.8
-0.0010172,-0.00025928,30884,0.0031341,0.0016702,30914,-0.0030745,-0.0025466,6641.3,0.0053106,0.0074845,6628.8
7.1658e-05,0.00038435,32679,0.0042197,0.0032414,32680,-0.0020922,-0.0040305,6961.8,0.00043074,0.0040305,6949.9
-5.3105e-05,0.0001394,31009,0.0029093,0.0016008,31029,-0.0021753,-0.0026414,6659.3,-0.0011187,0.00077688,6645.8
0.00078783,0.00030044,30402,0.0050744,0.0036972,30410,-0.0019729,-0.0032882,6512.8,-0.0022861,-0.0016598,6500.3
-0.00046639,-0.0004464,30598,0.0030136,0.0021402,30625,-0.004444,-0.0031699,6581.7,0.0057803,0.006029,6570.7
0.00016694,-0.00096828,30259,0.0053095,0.0038517,30269,-0.0029408,-0.002628,6492.7,0.0068515,0.0042861,6477.3
-0.0004205,-0.00074089,30307,0.0041946,0.0035333,30341,-0.0054732,-0.0026584,6512.7,0.005567,0.008288,6498.8
-0.0001007,-0.00081235,30048,0.0057979,0.0054145,30060,-0.0016023,-0.00053409,6461.8,0.0069431,0.006032,6447.8
0.00020938,4.7279e-05,29337,0.0071561,0.0058169,29356,-0.0005694,-0.0017715,6289.8,0.0081615,0.0096482,6275.3
0.0002839,-6.7594e-05,29282,0.007085,0.0053662,29301,-0.0030739,-0.0019965,6282.3,0.0098238,0.0068133,6267.3
2.6959e-05,-5.3917e-05,29537,0.006461,0.0058129,29561,-0.0027811,-0.003192,6328.3,-0.0043613,-0.0010745,6311.8
-0.0011293,-0.00082503,29267,0.0085715,0.0067827,29279,-0.0029466,-0.0024713,6289.3,0.004911,0.0045308,6275.8
-0.00090666,-0.0014682,29098,0.0074365,0.0057146,29110,-0.0027283,-0.0039338,6239.8,0.0027917,0.005171,6227.8
-0.00061158,-5.4363e-05,28682,0.0056555,0.005322,28716,-0.0038964,-0.002946,6169.7,-0.00060188,-0.0013305,6157.3
-0.00042685,0.00010163,28775,0.0086833,0.0058455,28787,-0.0045348,-0.0024418,6156.2,0.0011416,0.0061521,6141.8
-0.00059552,-0.0010963,29035,0.0063015,0.004716,29051,-0.0056775,-0.0042185,6236.2,0.010055,0.0071682,6221.3
-0.0019064,-0.0010448,28696,0.0085479,0.0070191,28724,-0.0036054,-0.003382,6133.3,-0.0032863,-0.0061579,6121.8
-0.00038055,-0.00012912,28514,0.0093462,0.0077261,28524,-0.0036412,-0.003226,6109.7,0.0059729,0.00057493,6097.8
8.1392e-05,-0.00040018,28723,0.0083571,0.007997,28745,-0.0027965,-0.0051799,6157.2,0.0073726,0.010487,6146.8
-0.00031262,0.00029903,28501,0.0089084,0.0078936,28518,-0.0017825,-0.0028011,6096.7,0.0012732,0.0035332,6085.7
-0.00053637,-0.00088943,28537,0.0077705,0.0070901,28555,-0.0018781,-0.0042338,6123.7,0.0025466,0.0051251,6109.8
-0.00047716,-0.00068166,28241,0.0074233,0.0073209,28250,-0.0029676,-0.0037973,6070.2,0.010403,0.011934,6055.3
-0.0004494,-0.0010282,28349,0.0083922,0.0084058,28359,-0.0056782,-0.0054549,6088.7,0.0006699,-0.0039237,6075.2
-0.00027934,-0.001642,28352,0.0080806,0.0069613,28368,-0.0050181,-0.003176,6115.7,0.006892,0.011211,6101.3
-0.0013816,-0.00090519,28242,0.0083192,0.0080669,28243,-0.0064467,-0.0045318,6055.2,0.0087126,0.00817,6043.2
-0.001112,-0.0011734,28094,0.0092442,0.007987,28116,-0.003027,-0.0047476,6053.2,0.0048114,0.0020393,6042.3
-0.0008943,-0.00027989,28219,0.0077085,0.0068604,28239,-0.0039629,-0.0045382,6049.8,0.0077021,0.0059764,6039.3
-0.0005057,0.00063554,28148,0.0084752,0.0065378,28171,-0.0049467,-0.0066701,6093.7,0.0093828,0.0089041,6082.3
-0.0015167,-0.00099064,28018,0.0088034,0.0061083,28057,-0.0044477,-0.0050237,6033.2,0.015103,0.010943,6022.2
-0.0021355,-0.0010065,28469,0.0091267,0.0070902,28504,-0.0035074,-0.0041451,6113.2,0.0096614,0.0049742,6103.8
-0.0013657,-0.0015023,28220,0.0091149,0.0078284,28239,-0.0032832,-0.0042076,6077.8,-0.0019125,0.0046857,6067.8
-0.0010944,-0.00025991,27989,0.0088899,0.0074311,28015,-0.0049286,-0.0027844,6014.2,0.011201,0.013858,6005.8
-0.0026285,-0.0016454,28013,0.010228,0.0089028,28057,-0.0042138,-0.003703,6018.7,-0.0028092,-0.017078,6010.7
-0.0021122,-0.00019823,27789,0.0095336,0.010581,27804,-0.0054208,-0.0038491,5949.7,0.0058378,0.0068643,5938.2
-0.0010883,-0.0016016,27853,0.0081583,0.0084323,27894,-0.0023308,-0.0029374,6015.7,0.0012133,-0.0011175,6003.7
-0.00086546,-0.00038162,28071,0.0095395,0.0089459,28095,-0.0042896,-0.0065945,6039.2,0.0023689,0.0012805,6024.8
-0.0008057,0.00053258,27869,0.0089063,0.007805,27900,-0.0047103,-0.0050948,5980.7,0.011792,0.0092925,5967.2
-0.001592,-0.0011479,27899,0.0090549,0.0081378,27923,-0.0048715,-0.0060573,5967.7,-0.00041664,0.0023716,5952.3
-0.0021872,-0.0019685,28025,0.0064267,0.0042571,28061,-0.004095,-0.0026873,6016.8,0.0071662,0.0071662,6005.3
-0.0013568,-0.001084,28250,0.009047,0.0087534,28276,-0.0044649,-0.0049432,6061.7,0.0072394,0.00060594,6052.2
-0.0021002,-0.0020252,28303,0.0076635,0.0067961,28318,-0.0064782,-0.0055208,6096.2,0.003255,0.0079142,6085.3
-0.0021278,-0.001081,28087,0.0070348,0.0067745,28115,-0.0039584,-0.0019792,6065.2,0.0088106,0.010439,6056.3
-0.0022237,-0.0021074,28015,0.0077768,0.0070985,28038,-0.0028212,-0.003751,6038.7,0.0087522,0.0041998,6029.8
