0.17207,0.17061,22287,0.18776,0.18592,22365,0.041611,0.041505,4306,0.08715,0.092215,4118.3
0.15906,0.15626,26482,0.17449,0.17339,26582,0.018427,0.01811,5210.1,0.092949,0.11151,4993.4
0.10989,0.10928,39444,0.11767,0.11869,39491,0.0087792,0.0056069,7743.4,0.063815,0.063623,7516.5
0.087534,0.086725,41897,0.089413,0.090722,41792,0.0076198,0.0087257,8214.8,0.032191,0.033812,7970.4
0.09179,0.089219,36966,0.083943,0.086661,36796,0.0097147,0.0097147,7374.9,0.016411,0.014204,7157.9
0.10255,0.10476,23995,0.099457,0.1057,23894,0.010406,0.01086,4798.1,0.0068697,0.00081372,4681.6
0.11515,0.1262,14118,0.12587,0.13464,14126,-0.0022289,0.0025648,2886.3,-0.003435,-0.0076639,2824.3
0.11696,0.13589,10124,0.13613,0.14426,10144,-0.012915,0.003476,2134.2,-0.0014533,-0.0050342,2099.1
0.11649,0.14155,8447.4,0.13935,0.14698,8471.9,-0.042658,0.0067502,1840.1,-0.004121,-0.016809,1794.5
0.12411,0.1494,7802.9,0.14228,0.14823,7851.4,-0.0006475,-0.0099921,1634.2,0.011552,-0.0022662,1577
0.12973,0.15521,7134.9,0.14764,0.15389,7181.4,0.027132,-0.040494,1384.2,0.01291,0.012691,1344.1
0.12914,0.15119,7067.9,0.14185,0.14777,7019.4,0.034019,-0.056659,1504.7,-0.0046783,0.0068297,1464
0.12539,0.14568,8377.4,0.12892,0.13553,8281.8,0.039058,-0.031142,1856.7,0.0065799,0.011257,1811.4
0.12813,0.14066,10276,0.12244,0.13202,10236,0.028877,-0.029678,2147.2,0.0085683,0.011237,2129.1
0.13401,0.14506,12735,0.13167,0.14172,12795,0.029161,-0.010975,2120.9,0.018993,0.026737,2134.9
0.1582,0.16449,16139,0.15817,0.16988,16224,0.048127,0.024963,2706.5,0.056804,0.044483,2709.6
0.19872,0.20188,15834,0.20205,0.21202,16059,0.063078,0.06294,2664.5,0.12668,0.12702,2669.7
0.25298,0.25492,10611,0.25872,0.26413,10702,0.14861,0.1565,1858.8,0.19595,0.1992,1830.5
0.22339,0.22681,13093,0.23492,0.23546,13355,0.073812,0.07365,2333.8,0.14225,0.16556,2297.9
0.18287,0.18482,17680,0.20238,0.20462,17862,0.055268,0.052929,2992,0.122,0.12043,2896.4
0.1544,0.15433,25969,0.17548,0.17575,26017,0.048764,0.049026,4584.8,0.10267,0.10163,4507.4
0.13255,0.13168,31668,0.15384,0.15455,31752,0.021321,0.023475,5779.8,0.054171,0.054063,5763.3
0.12105,0.11945,32820,0.13488,0.13525,32829,0.013466,0.016025,6304.7,0.021555,0.025622,6316.7
0.10451,0.10134,30400,0.11635,0.11726,30401,0.023837,0.02782,6012.2,0.01494,0.023364,6042.7
0.097667,0.093988,28843,0.10469,0.10217,28765,0.018203,0.023109,5759.7,0.013144,0.014046,5743.2
0.10873,0.10716,30646,0.11217,0.10816,30594,0.013219,0.025959,6127.2,0.0149,0.019927,6084.2
0.11585,0.11483,29424,0.13203,0.13225,29483,0.022345,0.014513,5906.1,0.032419,0.037784,5840.7
0.11288,0.11264,28197,0.14121,0.14489,28221,0.0083641,0.0056822,5530.1,0.047154,0.061125,5448.8
0.11014,0.11112,28363,0.13327,0.14104,28379,0.0046764,0.0034162,5555.1,0.0034922,0.040828,5456.2
0.10175,0.10105,34759,0.1181,0.12382,34749,0.00060299,-0.005442,6897.7,0.00058792,0.026969,6794.8
0.12423,0.12004,31819,0.12733,0.13086,31791,0.018696,0.024283,6004.8,0.024438,0.040999,5935.8
0.15487,0.14952,25571,0.15686,0.16115,25646,0.043794,0.045638,4615.2,0.039096,0.065139,4547.3
0.19362,0.18629,18934,0.18584,0.18936,19054,0.06648,0.068933,3421.6,0.062599,0.068654,3335.7
0.23032,0.22643,14956,0.22196,0.22431,15211,0.078272,0.076298,2536.4,0.090593,0.090762,2471.7
0.23423,0.22993,14328,0.22893,0.22871,14562,0.068527,0.071521,2525.9,0.091053,0.056188,2489.6
0.24537,0.24132,13538,0.23484,0.23402,13839,0.10394,0.10408,2351.5,0.10983,0.083958,2345.1
0.32467,0.32451,8119.3,0.3331,0.33485,8302.9,0.23854,0.26891,1444.7,0.30029,0.2795,1444.3
0.34402,0.34517,6385.9,0.35362,0.35386,6419.9,0.25444,0.29459,1296.3,0.31786,0.31623,1254.8
0.32888,0.32817,7926.8,0.32482,0.32381,7918.8,0.26769,0.28242,1562.7,0.27109,0.27481,1550.8
0.31707,0.31528,7993.8,0.30919,0.30856,7998.8,0.24869,0.25432,1577.7,0.24035,0.23586,1531.7
0.29516,0.29336,12621,0.28546,0.28442,12560,0.24723,0.25245,2507.7,0.21308,0.20724,2454.1
0.22599,0.22625,28516,0.21176,0.20984,28520,0.15383,0.15466,3984.5,0.12906,0.12525,3973.5
0.27519,0.27647,12667,0.24854,0.2471,12639,0.21425,0.22084,2476.1,0.14992,0.13901,2478.4
0.23671,0.23878,17392,0.21649,0.21505,17366,0.18238,0.18137,3442.6,0.11393,0.1138,3451.3
0.23288,0.23648,14862,0.21529,0.21468,14853,0.15502,0.16376,3018.5,0.10177,0.10495,3036.2
0.21994,0.22307,11826,0.19836,0.19664,11976,0.10415,0.11337,2404.8,0.06212,0.06536,2450.4
0.2212,0.22076,9941.7,0.19485,0.19343,10067,0.1266,0.11962,1956.4,0.085736,0.085019,1972.1
0.19363,0.19354,14041,0.17446,0.17236,14207,0.1046,0.10747,2788.8,0.06818,0.069912,2795.6
0.18911,0.18864,15626,0.17211,0.16935,15810,0.10958,0.10936,3130.8,0.077663,0.086771,3140.7
0.18641,0.18432,16337,0.16834,0.16546,16473,0.12156,0.11516,3176.8,0.088718,0.089537,3182.7
0.17207,0.17395,17513,0.16104,0.16001,17742,0.099089,0.1035,3440.3,0.086911,0.086569,3453.7
0.17855,0.17893,14836,0.16576,0.16555,15079,0.10717,0.10485,2866.2,0.091272,0.095624,2873.7
0.19716,0.19372,13091,0.18004,0.1793,13147,0.13578,0.12589,2633.9,0.093152,0.092133,2644.7
0.19839,0.19699,15820,0.1819,0.18026,15847,0.14314,0.13113,2998.5,0.10242,0.11197,3006.3
0.19374,0.19346,16436,0.18588,0.18501,16567,0.1347,0.1217,3106.4,0.10963,0.11414,3126.3
0.19257,0.19238,17978,0.18085,0.17915,18114,0.13562,0.11672,3407.9,0.11606,0.11717,3426.9
