0.17453,0.18094,24359,0.16774,0.16354,24479,0.1386,0.13982,5236.9,0.10138,0.10652,5259.7
0.16837,0.17024,24883,0.15394,0.1545,24939,0.14049,0.14057,5192.4,0.086234,0.075426,5202.7
0.098801,0.096487,40346,0.096909,0.096267,40349,0.049496,0.048539,7748,0.044729,0.044622,7756.5
0.071321,0.06897,31545,0.067234,0.067901,31532,0.020345,0.020748,7055.2,0.019123,0.016604,6953.2
0.063443,0.061983,34261,0.056178,0.058585,34241,0.017107,0.018061,7552.8,0.017182,0.017455,7533.8
0.073336,0.071315,32908,0.065308,0.064999,32925,0.018765,0.02301,7167.3,0.02232,0.021105,7222.3
0.070569,0.069525,37166,0.071091,0.065763,37180,0.014874,0.015272,7396.8,0.018581,0.018489,7359.3
0.051177,0.05063,45261,0.050656,0.04746,45261,0.0083079,0.0089188,8846.6,0.0093922,0.0094838,8846.1
0.035169,0.034621,56621,0.036624,0.033098,56611,0.0092798,0.0093091,11262,0.0084614,0.0083592,11204
0.019225,0.018429,60928,0.021249,0.021103,60943,0.009808,0.010116,12523,0.0085306,0.0084718,12580
0.022033,0.017939,47216,0.025776,0.026003,47211,0.0094738,0.0093813,9521.2,0.0084863,0.0093041,9558.2
0.01316,0.0057959,45245,0.017246,0.018645,45273,0.0073985,-4.6434e-05,9162.2,0.0080485,0.0092713,9192.2
0.011297,0.007332,46789,0.014818,0.013592,46818,0.0037458,-0.0013552,9704.1,0.0074459,0.0073241,9740.1
0.012922,0.0097106,47800,0.016171,0.010314,47825,-0.004548,0.003032,10028,0.0051334,0.0057038,10051
0.0099615,0.0052898,49313,0.017812,0.010354,49330,-0.00089545,0.0055342,10495,0.0061507,0.0078095,10503
0.0090492,0.0040619,51669,0.0133,0.0075904,51685,0.0042421,0.0075895,11107,0.0030878,0.0078781,11086
0.0061115,0.002945,53063,0.0091174,0.010448,53040,0.0010448,-0.0043223,11403,0.0085444,-0.0069272,11375
0.0062286,0.0051195,51402,0.0035544,0.0091666,51337,0.0042934,-0.0015323,11071,0.010408,-0.013791,11038
0.010567,0.0094183,51087,0.0041168,0.01361,51069,0.0049774,-0.0041502,10954,0.011275,-0.018661,10921
0.019424,0.017996,50302,0.013839,0.020632,50263,0.0073652,-0.0062062,10575,0.018765,-0.0084656,10514
0.028531,0.027502,50409,0.03036,0.031666,50387,8.7681e-05,0.0063569,10631,0.02154,0.017785,10566
0.039765,0.035635,52076,0.046061,0.044422,52140,0.0035508,0.0064468,10780,0.032321,0.030386,10738
0.062176,0.059724,53362,0.074777,0.073999,53485,0.015511,0.014677,10552,0.059308,0.056996,10481
0.025775,0.025642,79710,0.029666,0.029532,79708,0.01242,0.012302,16471,0.017579,0.01754,16428
0.012859,0.013377,82448,0.015333,0.015325,82437,0.0096425,0.0096948,17146,0.0097862,0.0096295,17131
0.014545,0.010758,69935,0.014194,0.014644,69924,0.0073925,0.0060038,14110,0.0073925,0.0078134,14071
0.025363,0.020804,59131,0.021469,0.025313,59086,0.016932,0.015567,12100,0.0132,0.013665,12064
0.022865,0.018139,56859,0.019499,0.026034,56751,0.0091012,0.0063042,11871,0.005739,0.013666,11769
0.022419,0.01856,51756,0.013553,0.024826,51633,0.0080061,0.011498,10993,0.0013733,0.0086489,10898
0.014887,0.014095,50804,0.0032869,0.020531,50707,0.0010786,0.0062094,10956,-0.00029152,-0.00075795,10885
0.015073,0.016625,45989,-0.00072324,0.020178,45900,-0.0052329,0.0055938,9828,-0.00606,-0.0017894,9765.5
0.052677,0.054672,48096,0.040343,0.058185,48034,-0.0045133,0.0029775,9386.1,-0.0066132,-0.0026641,9339.6
0.077752,0.079651,49538,0.07323,0.081319,49506,0.036656,0.033909,7787.5,0.034713,0.040591,7735.1
0.035702,0.044339,31711,0.02623,0.052934,31666,0.0025206,-0.0065114,6906.2,0.009122,-0.0031057,6874.3
0.049186,0.055181,32352,0.044211,0.063175,32341,0.016817,0.0016593,6890.3,0.019254,0.01604,6865.3
0.049184,0.050041,46046,0.042875,0.051137,46060,0.017264,0.013261,9389,0.01959,0.019531,9418.5
0.026447,0.0258,63727,0.023136,0.024447,63734,0.01153,0.011558,13043,0.01025,0.010433,13081
0.037122,0.039713,51363,0.040318,0.043951,51362,0.017566,0.019036,10307,0.020476,0.017716,10310
0.031957,0.032642,49399,0.036077,0.037719,49366,0.0053155,0.0057324,10158,0.0086954,0.0086656,10125
0.027421,0.026916,52237,0.028183,0.030254,52221,0.0060737,0.0056533,10943,0.00345,0.0045951,10955
0.030371,0.027388,47684,0.024714,0.029101,47670,0.0028306,0.0029186,9967.4,0.0037985,0.0056465,9987.9
0.029596,0.022402,36930,0.021736,0.039146,36890,0.0014593,0.0042396,7582.9,0.001275,-0.0038863,7562.4
0.055337,0.049181,26851,0.062843,0.082345,26929,0.00199,0.0076584,5670.1,0.019056,-0.012347,5688.6
0.077559,0.080628,26061,0.088248,0.10026,26055,-0.013951,0.033339,5367.1,0.047394,-0.025539,5409.7
0.073549,0.076324,24872,0.083463,0.096442,24841,0.027043,-0.0086058,5212.7,0.033864,0.012417,5219.6
0.073749,0.062217,23405,0.057374,0.08581,23370,0.015149,0.014173,4936.1,-0.0094129,-0.0098401,4923.6
0.073635,0.056072,29332,0.038761,0.082424,29393,0.0017098,-0.023483,6278.7,0.04391,0.012286,6271.3
0.082917,0.067722,29674,0.057022,0.088463,29742,-0.0055642,0.010488,6258.7,0.052441,0.02311,6250.3
0.10962,0.095441,21815,0.08072,0.11682,21842,-0.0098802,0.014843,4663.4,0.046837,0.062027,4599.1
0.11936,0.10717,18044,0.11749,0.13433,18052,0.0083003,0.0059979,3740.3,0.013976,0.033729,3694.5
0.10798,0.10322,19848,0.10577,0.12197,19849,0.013021,0.0066742,3902.5,0.016641,0.036559,3883.7
0.094013,0.097078,17471,0.090948,0.11664,17407,0.01091,0.0080991,3486.5,0.0016924,0.052478,3372.7
0.087897,0.098987,16204,0.082806,0.11455,16176,0.0081678,0.0045059,3240.4,-0.061786,0.05389,3110.1
0.084882,0.099479,17202,0.083576,0.11314,17251,0.0063372,0.00097952,3573.4,-0.079015,0.045429,3443.1
0.078931,0.097373,17002,0.095619,0.11388,17230,0.0067772,-0.017969,3560.8,-0.053282,0.057398,3432
0.083809,0.097124,17692,0.099917,0.10266,17827,0.0086273,-0.047755,3567.8,-0.042023,0.055536,3437.5
0.084688,0.092335,18602,0.095683,0.088782,18681,-0.031973,-0.00046842,3701.4,-0.024947,0.045905,3560.6
0.086601,0.090748,23039,0.089575,0.084638,23087,-0.011389,0.0021649,4416.7,0.0083089,0.02976,4311.2
0.052535,0.053536,43243,0.04662,0.045199,43245,0.004277,0.0070125,8439.5,0.0071031,0.0066195,8358.5
0.097436,0.096151,42267,0.084993,0.086868,42277,0.0056234,0.0066113,8178.8,0.0045292,0.0059882,8114.8
0.14623,0.14417,32884,0.14074,0.14288,32975,0.015897,0.016841,5586.4,0.019272,0.020008,5591.4
0.12443,0.12143,37453,0.12544,0.12543,37555,0.016745,0.017446,6646.4,0.012925,0.011833,6703.4
0.1502,0.14859,29015,0.15119,0.15087,29061,0.026187,0.032574,5040.3,0.015345,0.014483,5076.3
0.18113,0.17824,20976,0.18562,0.18551,21041,0.056636,0.061575,3582.7,0.03437,0.032713,3592.6
0.24321,0.23844,12482,0.24204,0.24016,12498,0.14438,0.16271,2261.9,0.13354,0.11284,2255.3
0.10526,0.10295,47671,0.10031,0.10072,47641,0.04887,0.053476,9910.5,0.04371,0.037306,9927
0.10876,0.10855,42083,0.094449,0.094637,41967,0.066116,0.065643,8432.3,0.027744,0.025143,8427.2
0.066364,0.065911,48260,0.071246,0.071125,48346,0.016136,0.022322,9881.5,0.028363,0.025696,9889
0.072117,0.072593,50940,0.073685,0.073196,51027,0.022906,0.027707,10174,0.025563,0.019478,10184
0.13471,0.1314,28886,0.13269,0.13166,28929,0.04072,0.05169,4681,0.035013,0.029512,4726
0.081454,0.079767,51009,0.065345,0.064443,50812,0.047467,0.049028,10641,0.016704,0.015432,10643
0.062235,0.062144,47788,0.066427,0.065204,47750,0.012116,0.010682,9761.5,0.017909,0.018411,9737.5
0.044492,0.042495,64582,0.04856,0.048471,64550,0.0076797,0.0080461,13108,0.02094,0.020461,13048
0.086898,0.087467,55634,0.093771,0.093641,55586,0.016892,0.016221,10397,0.028108,0.028672,10354
0.15324,0.153,33877,0.17857,0.17843,33904,0.027557,0.02745,6191.3,0.10155,0.10435,6098.5
0.14893,0.14941,31819,0.19025,0.18995,31899,0.017138,0.01382,5816.2,0.12108,0.12138,5746
0.17897,0.17923,30066,0.20556,0.20559,30197,0.070107,0.071698,5161.2,0.11409,0.11488,5130.4
0.229,0.22866,21798,0.25099,0.25128,22027,0.14054,0.13818,3719.4,0.18095,0.18592,3711
0.23371,0.23312,18744,0.26171,0.26118,19013,0.12929,0.1279,2795.8,0.18764,0.18556,2807
0.20687,0.20606,30383,0.22153,0.22082,30576,0.13259,0.13329,5227.5,0.16406,0.16394,5229.1
0.1556,0.15525,36834,0.17175,0.17104,36831,0.075881,0.076558,6749.3,0.0711,0.071897,6752.3
0.10871,0.10674,35964,0.12066,0.12002,36056,0.035837,0.034627,7025.9,0.038599,0.039514,7021.9
0.1541,0.15121,22411,0.18339,0.18136,22595,0.039137,0.035727,4473.9,0.11804,0.096304,4388.9
