0.045195,0.045195,983.83,0.039031,0.045155,930.33,-0.036564,-0.052616,230.46,-0.017836,-0.02824,223.22
0.080565,0.075941,779.91,0.073866,0.056674,743.9,0.025857,0.0020337,188.15,-0.065078,-0.03864,185.18
0.079318,0.072545,858.41,0.061069,0.063215,829.38,-0.0060276,-0.0083238,222.04,-0.029277,-0.0531,218.25
0.075522,0.07624,937.92,0.045082,0.050304,879.83,0.015571,-0.0046136,223.07,-0.073241,-0.0025952,218.57
0.054788,0.053858,962.35,0.0454,0.04607,927.84,-0.011034,-0.020906,250.98,0.0241,-0.018002,241.16
0.040796,0.028643,879.26,0.057559,0.057093,895.39,-0.036657,-0.027859,218.87,0.011437,-0.034311,210.94
0.072099,0.072629,848.39,0.07222,0.068682,829.4,-0.0023406,-0.0046811,210.01,-0.037449,-0.017554,202.26
0.074486,0.078131,850.41,0.050695,0.050761,807.83,0.014965,-0.0064554,208.08,-0.032277,0.019073,204.66
0.077314,0.076272,821.38,0.083704,0.075726,815.43,-0.029758,-0.018857,193.95,-0.023866,-0.014437,188.31
0.069745,0.06981,898.4,0.062981,0.06391,850.9,0.00029429,-0.020012,213.05,-0.0067687,-0.019423,204.33
0.071711,0.069408,822.39,0.046972,0.050086,777.33,-0.042363,-0.048703,221.52,-0.010375,-0.057925,216.46
0.099071,0.090047,859.46,0.089564,0.093296,826.97,0.0037185,0.022311,219.64,0.0040046,0.040332,208.56
0.09648,0.093481,860.45,0.10356,0.093836,840.49,0.010345,0.0060345,228.58,0.00086207,-0.0037356,219.49
0.070441,0.063005,872.35,0.069653,0.062484,838.39,0.010127,-0.0054977,217.9,0.0086806,-0.066551,212.17
0.065189,0.061549,896.85,0.070106,0.072995,870.41,-0.0075188,0.022267,221.02,-0.066223,0.013592,215.33
0.079015,0.069283,952.93,0.061434,0.06228,924.41,0.0099602,0.02362,230.66,-0.021912,-0.044394,224.83
0.05201,0.036599,910.3,0.058652,0.057747,904.9,-0.034923,-0.028677,231.89,-0.022714,-0.038898,223.59
0.071652,0.080641,884.38,0.084012,0.090116,866.44,0.024072,0.022042,217.58,0.035963,0.048144,210.18
0.06059,0.05703,846.32,0.06219,0.062842,837.9,-0.019373,-0.0088319,216.91,-0.0076923,0.041026,216.53
0.084691,0.084888,806.42,0.075576,0.07551,797.93,0.019454,0.026713,208.67,0.007259,0.033972,197.13
0.096405,0.089293,730.42,0.071903,0.069511,692.89,0.034071,0.049505,184.19,-0.017764,-0.0017472,179.73
0.067966,0.058973,810.36,0.056994,0.048601,771.87,-0.031376,-0.027058,207.4,-0.029073,-0.03886,199.47
0.09788,0.093392,796.96,0.095598,0.098659,772.98,0.062033,0.067203,206.33,-0.0022975,-0.024698,198.48
0.11517,0.11936,873.54,0.095947,0.094134,846.96,0.04675,0.025941,205.27,-0.053022,0.036773,203.81
0.092719,0.090077,840.45,0.085014,0.080101,791.42,0.06164,0.052466,203.77,0.021502,-0.0063073,200.46
0.069068,0.058731,800.86,0.074028,0.077798,768.41,0.013357,0.018293,207.54,0.032811,-0.0052265,200.57
0.1147,0.11695,827.5,0.092597,0.087955,794.46,0.061143,0.044571,203.74,-0.030571,-0.016857,195.05
0.097472,0.089955,834.46,0.1114,0.10169,800.01,0.039384,0.072489,200.29,0.039098,0.019692,197.53
0.096772,0.10102,855.48,0.068363,0.063595,830.4,0.044526,0.055587,208.8,-0.0025525,-0.032331,205.34
0.11651,0.10558,819.48,0.10439,0.099987,794,0.062683,0.047745,195.77,-0.0061511,-0.00029291,188.48
0.09571,0.091839,807.94,0.088615,0.084135,802.45,0.052784,0.040603,204.23,0.016531,0.047854,199.59
0.1139,0.099753,810.49,0.074359,0.069215,795.91,0.056134,0.055556,198.79,0.011574,-0.0069444,190.82
0.091886,0.088019,884.43,0.080106,0.072108,863.91,0.027582,0.038732,211.67,0.017312,-0.019073,205.81
0.11244,0.10939,837.51,0.10047,0.096251,819.99,0.066972,0.093017,208.83,0.038924,0.014024,201.61
0.11087,0.10646,810.48,0.1054,0.11691,789.52,0.037953,0.062967,198.77,-0.038815,0.03364,191.37
0.077168,0.085475,822.41,0.08972,0.085666,798.45,0.043991,0.012076,210.16,0.0063255,0.022714,205
0.090702,0.091613,985.44,0.086526,0.08259,961.95,0.043692,0.037037,230.61,0.049769,0.0037616,224.47
0.099179,0.09553,869.97,0.090702,0.092913,877.98,0.02556,0.042217,219.7,0.0031591,0.015508,211.5
0.076034,0.071531,952.4,0.085892,0.079003,947.48,-0.0037228,-0.0057274,235.9,0.062428,-0.0057274,230.1
0.084083,0.081474,934.42,0.081853,0.07937,907.44,0.027552,0.053654,214.22,-0.027262,-0.00087007,208.86
0.079359,0.075841,909.39,0.092583,0.088939,896.98,0.004627,-0.0026027,224.42,-0.015905,-0.052342,222.8
0.03326,0.030944,1548.8,0.037445,0.02636,1527.3,-0.0050601,-0.011701,289.39,-0.029412,-0.010436,288.38
0.044289,0.02697,931.29,0.049331,0.049066,913.85,-0.057185,-0.0261,234.44,-0.022581,-0.043988,228.79
0.064679,0.059443,928.85,0.062918,0.069805,909.89,-0.015416,-0.0090169,242.95,0.0049447,-0.004363,238.29
0.061978,0.054207,972.31,0.09188,0.087154,985.5,-0.0076923,-0.0094017,233.87,0.052422,0.034188,231.27
0.075659,0.067115,937.88,0.070597,0.072363,924.92,-0.047564,-0.036103,227.36,-0.019484,0.0063037,224.66
0.061975,0.067091,875.36,0.07468,0.071645,871.43,-0.0094991,-0.034542,225.39,-0.021301,0.013241,222.4
0.083333,0.077423,825.39,0.099788,0.085125,823.48,-0.036088,0,215.38,-0.055588,0.0055297,209.39
0.077043,0.076652,891.38,0.079256,0.083941,894.96,-0.023229,0.0017422,215.93,-0.017422,-0.042393,211.38
0.071345,0.075388,874.88,0.086118,0.088297,866.95,0.011614,-0.0058072,214.93,-0.00029036,-0.020616,208.36
0.048915,0.044247,870.79,0.063482,0.063284,876.4,-0.053499,-0.0052053,224.32,0.0052053,-0.036726,222.94
0.069505,0.06287,867.35,0.056997,0.058586,849.86,-0.0064592,-0.039636,212.93,0.055784,-0.039342,208.43
0.063445,0.064497,881.85,0.067636,0.068233,870.9,0.01508,-0.01715,216.01,0.021585,0.048196,211.45
0.075732,0.071763,887.9,0.074529,0.073483,878.93,-0.017529,0.016954,224.5,-0.045977,-0.017241,217.45
0.086247,0.091967,803.94,0.084109,0.077357,771.93,0.018286,0.028571,200.65,-0.030286,-0.030857,201.08
0.098035,0.092207,791.45,0.078404,0.07663,784.42,0.057849,0.050291,189.76,0.06657,0.0063953,187.55
0.12173,0.11959,772.03,0.093645,0.090733,738.48,0.048675,0.066532,189.34,0.010945,0.031682,185.69
0.083355,0.083945,820.42,0.084563,0.091675,806.47,0.033141,0.028818,215.22,0.055331,0.013545,210.74
0.063827,0.05209,748.84,0.066132,0.064423,746.38,0.0082063,0.0029308,193.54,-0.038101,-0.012016,187.88
0.064253,0.055102,825.82,0.072101,0.065142,826.91,-0.028324,-0.0014451,210.39,-0.027168,-0.0017341,206.36
0.051647,0.044532,877.29,0.072366,0.070444,846.4,-0.02809,-0.021881,211.41,-0.0041396,-0.044648,204.17
0.072708,0.07382,747.36,0.072113,0.070866,759.4,-0.0066474,-0.033237,189.84,-0.042775,-0.038439,181.87
0.045771,0.045574,726.26,0.043085,0.045065,726.81,-0.052708,-0.034071,192.28,-0.0037857,-0.029703,183.75
0.070382,0.067766,861.37,0.052183,0.048347,820.33,-0.0023215,-0.026117,217.51,-0.039466,-0.023506,209.12
0.066881,0.047884,842.84,0.06165,0.050453,809.84,0.015696,-0.024829,214.93,-0.01855,-0.047374,215.18
0.074081,0.080076,909.41,0.075565,0.077004,879.43,0.024518,0.054874,210.74,0.01547,0.018973,207.41
0.07405,0.0724,846.38,0.081894,0.068079,820.91,0.0020185,-0.0034602,227.45,0.0095156,-0.021915,222.8
0.076289,0.07112,901.38,0.085097,0.093771,900.48,0.0011758,-0.015873,207.96,0.038213,0.057613,203.22
0.059164,0.04875,985.34,0.074882,0.077699,972.94,-0.041451,0.0037421,241.92,-0.0037421,-0.028785,235.33
0.080435,0.08545,984.44,0.10613,0.11018,991.54,0.016251,0.035403,235.62,0.044109,0.065583,231.31
0.086803,0.086477,949.43,0.063983,0.069687,924.4,0.021827,0.033889,234.58,-0.0089029,-0.013498,228.84
0.098924,0.101,1054.5,0.079149,0.073894,1040.4,0.057248,0.06599,264.35,0.029047,0.023125,256.13
0.10482,0.098779,999.99,0.083016,0.093188,992.97,0.039701,0.036536,249.78,0.041139,0.030495,243.72
0.059002,0.063622,994.84,0.047755,0.057253,996.35,-0.03679,-0.032445,258.36,-0.016512,-0.014195,250.34
0.064203,0.057225,1008.8,0.061389,0.062926,1001.9,-0.012558,0.0093458,248.49,-0.027453,0.034463,244.11
0.043693,0.041187,1096.8,0.052911,0.047266,1093.4,-0.011209,-0.014159,280.55,0.0073746,0.0091445,276.11
0.048807,0.044401,1092.8,0.055616,0.044072,1092.9,-0.0038123,0.011144,284.11,0.014076,-0.0046921,282.12
0.053433,0.046295,1157.3,0.053022,0.055632,1140.4,-0.029864,-0.0047309,294.98,-0.018037,0.0070964,292.56
0.027532,0.029748,1324.3,0.038404,0.036173,1300.8,-0.0090696,-0.016091,326.53,-0.044178,-0.03189,319.99
0.032111,0.021608,1179.3,0.035844,0.040753,1170.9,-0.013553,-0.027107,300.49,-0.012669,-0.03683,298.42
0.061724,0.065127,974.38,0.071823,0.064688,955.92,-0.015394,-0.0047365,247.58,0.022499,0.015394,245.17
0.077399,0.067179,952.89,0.078102,0.073385,932.96,0.012673,0.0069124,230,0.03629,0.0011521,225.12
0.085317,0.081155,924.9,0.079843,0.081806,908.45,0.020461,0.059366,220.7,0.010375,0.047262,218.57
0.036178,0.0347,1636.8,0.034239,0.026602,1604.8,-0.039809,-0.044586,312.92,-0.045223,-0.015605,312.87
0.062633,0.062168,926.37,0.053209,0.048702,925.37,-0.019276,-0.027453,239.93,-0.0070093,-0.026285,235.37
0.072786,0.063607,938.88,0.057268,0.053023,918.86,-0.014252,0.00058173,225.98,0.016579,0.0034904,226.3
0.080901,0.080372,893.91,0.077383,0.071941,877.43,-0.009901,-0.0017472,216.02,-0.018055,0.0078626,213.33
0.083047,0.069778,862.41,0.069243,0.07197,827.4,-0.030499,0.023167,215.59,0.022581,-0.03871,208.81
0.067024,0.061657,875.85,0.080907,0.077151,862.45,-0.0035315,0.0082401,206.08,-0.0058858,-0.045321,205.36
0.068602,0.061346,815.35,0.081967,0.077406,795.44,0.004965,-0.0037967,214.46,0.0061332,0.0084696,205.47
0.067687,0.067489,844.35,0.059944,0.058683,814.37,-0.023574,0.013679,220.97,0.027066,-0.012515,214.34
0.10502,0.10567,838.48,0.10801,0.11084,827.52,0.04152,0.059064,199.27,0.088304,0.055263,194.32
0.093401,0.086171,782.42,0.10611,0.092314,766.49,0.025785,0.016598,191.14,0.056017,0.044458,186.12
0.074182,0.076888,772.37,0.072325,0.061983,734.36,-0.019129,-0.0038258,190.03,0.014715,-0.066215,180.81
0.071457,0.068737,843.88,0.054621,0.047895,828.34,-0.00058997,-0.015929,218,-0.00058997,-0.024484,215.87
0.055607,0.048722,905.33,0.049835,0.044871,889.84,-0.0011827,-0.0097575,226.06,-0.038143,0.00059137,216.39
0.08645,0.072294,854.39,0.07251,0.074104,834.93,-0.0032145,0.037989,211.63,0.010228,0.01052,207.13
0.094071,0.086465,913.43,0.089769,0.089573,910.49,0.05111,0.042056,216.26,0.070093,0.038843,213.3
0.093442,0.089091,907.95,0.10901,0.10172,899.52,0.034297,0.042234,227.23,0.020692,0.027211,223.08
0.080748,0.068285,828.38,0.087202,0.078613,795.45,-0.0049076,-0.013279,207.52,-0.0034642,0.0089492,199.26
0.082517,0.072398,913.9,0.075374,0.076883,890.93,0.02132,0.026285,221.13,-0.022488,0.032418,213.56
0.041229,0.048411,810.79,0.063395,0.05717,790.86,-0.044352,-0.028977,209.36,-0.01715,-0.042874,202.12
0.081185,0.072201,858.89,0.075989,0.065369,827.41,0.034762,0.02781,210.66,0.00927,0.010139,208.78
0.040503,0.023958,790.72,0.04665,0.039776,767.81,-0.016509,-0.020637,199.3,-0.013856,-0.02329,195.26
0.07527,0.068877,845.37,0.05785,0.044376,828.84,-0.0090485,0.011092,208.49,-0.017805,-0.025102,205.71
0.065234,0.060715,844.38,0.031495,0.028685,809.8,-0.012399,-0.025952,212.52,-0.03489,-0.032872,204.29
0.067795,0.055673,828.85,0.045037,0.046369,794.32,-0.022485,-0.0017751,193.54,0.02929,-0.059467,187.99
0.089416,0.081468,866.42,0.065373,0.060405,844.4,0.023447,0.03898,216.16,-0.0011723,0.014068,210.95
0.065684,0.056516,870.84,0.076199,0.076001,856.44,-0.014393,-0.027922,227.49,-0.0046056,0.0040299,222.37
0.072996,0.068791,853.37,0.0806,0.088103,811.45,0.016413,0.02374,211.57,0.021395,0.0026377,204.56
0.078242,0.08269,995.43,0.09677,0.092881,973.5,0.013326,0.019409,248.14,0.0014484,0.017381,245.01
0.095018,0.092735,913.45,0.083563,0.07449,889.45,0.023907,0.030904,223.64,0.0093294,0.03207,215.64
0.074031,0.073312,952.89,0.082124,0.075454,936.95,0.0037813,0.027341,227.64,0.032577,0.0066899,218.52
0.063695,0.063629,896.36,0.072835,0.069842,876.42,0.0017391,-0.01971,226.43,-0.034493,-0.018551,218.8
0.0792,0.079784,886.41,0.076492,0.078577,862.44,0.017381,0.035632,213.15,-0.00086906,0.050985,205.12
0.088718,0.086354,790.9,0.10403,0.10206,793,-0.010557,0.054839,202.13,0.045161,0.067449,196.8
0.066348,0.054248,860.84,0.054584,0.053517,847.37,0.0050326,-0.018354,218.57,-0.015394,-0.031972,213.48
0.097021,0.087464,853.43,0.071504,0.067127,810.38,0.018026,0.045804,197.16,-0.00059102,0.01773,191.43
0.057051,0.057988,782.81,0.056591,0.043152,766.83,0.0062315,-0.0041543,203.99,-0.01454,-0.019585,197.3
0.0744,0.067312,754.33,0.083411,0.080874,750.43,-0.034138,-0.00029429,194.35,0.031783,-0.029723,188.5
0.074748,0.070316,708.34,0.07335,0.060573,704.37,0.0089286,0.018452,195.07,0.0014881,0.033631,189.32
0.071352,0.073953,855.86,0.059819,0.053615,831.35,0.033077,0.013585,209.09,0.046072,-0.043414,203.02
0.056475,0.044059,833.3,0.046173,0.034714,805.31,-0.033314,-0.017847,200.44,-0.0232,-0.016359,196.73
0.067984,0.073141,912.88,0.074784,0.072962,912.93,0.00087515,0.021587,245.54,-0.02713,0.0070012,238.61
0.047087,0.042178,1527.8,0.043365,0.039393,1522.4,-0.0040207,-0.015508,257.8,-0.021252,-0.0043079,249.35
0.043883,0.033834,1034.8,0.021055,0.027782,991.3,-0.035671,-0.010976,234.56,0.010671,-0.025,230.82
0.063991,0.063991,836.85,0.052681,0.054764,812.87,0.030842,-0.0080071,207.61,-0.0056346,0.017497,199.99
0.052293,0.049611,898.83,0.03652,0.033347,867.82,0.0041469,0.01481,226.66,-0.0020735,0.0059242,221.41
0.064389,0.058973,924.85,0.056072,0.050815,891.36,0.011176,0.0052941,231.13,0.00058824,0.022941,229.82
0.077071,0.075086,896.4,0.087804,0.084201,870.46,0.0044431,-0.014514,221.59,-0.0032583,-0.01718,216.91
0.077169,0.069655,927.89,0.08886,0.08329,913.46,0.0078671,0.02972,222.11,0.029429,0.024184,217.58
0.065092,0.06706,957.88,0.066249,0.06058,938.9,0.01486,0.017191,231.11,-0.00029138,-0.0029138,227.51
0.083279,0.07365,977.41,0.086395,0.088822,949.97,0.0060589,0.022216,233,-0.0046163,0.033756,227.8
0.056787,0.05151,945.33,0.065999,0.061024,926.89,0.0067967,-0.011229,226.45,0.0038416,0.015366,222.86
0.066424,0.058361,930.85,0.05609,0.053419,904.83,0.012972,-0.0041274,225.48,0.0056014,-0.035377,217.91
0.061763,0.058292,1029.9,0.063768,0.061199,988.38,0.015826,-0.0073271,246.99,-0.0058617,0.03898,244.71
0.05715,0.042204,979.83,0.041941,0.043887,913.83,-0.042105,-0.02193,241.42,0.010234,-0.016667,236.98
0.057746,0.05338,909.84,0.056799,0.045611,885.33,-0.016384,-0.018139,222.98,0.013751,0.0087771,219.18
0.044055,0.040539,919.79,0.05904,0.061046,880.89,-0.0020528,-0.0087977,228.5,-0.0049853,0.013783,226.68
0.068716,0.059585,919.86,0.058614,0.061452,889.37,-0.0085445,-0.019741,220.02,0.006482,0.010312,221.02
0.048628,0.046186,1018.3,0.047954,0.046626,998.35,-0.01591,0.00088391,246.48,0.017973,-0.027991,242.35
0.077192,0.072438,905.39,0.068687,0.067165,872.42,-0.002029,0.028696,234.12,-0.090435,0.042029,226.41
0.074067,0.069764,837.38,0.059675,0.04994,800.86,0.0040888,-0.0081776,220.42,0.027161,-0.018107,214.63
0.067413,0.068812,829.37,0.07516,0.070296,804.9,-0.0035778,0.0044723,205.01,0.014013,0.020572,198.67
0.051474,0.049095,832.3,0.057368,0.047818,790.35,0.013848,-0.013848,198.46,0.028285,-0.017384,193.15
0.05722,0.054395,854.32,0.054494,0.055356,811.84,-0.00029155,0.0069971,216.49,0.0093294,-0.00058309,207.24
0.071654,0.07395,876.89,0.059958,0.055187,838.34,0.038237,0.039696,214.12,0.022475,0.0058377,212.06
0.08198,0.077368,915.92,0.073098,0.073554,882.93,0.015515,0.031909,214.62,-0.021956,0.00058548,210.65
0.066776,0.073708,851.38,0.064045,0.055453,817.87,-0.014834,-0.020652,204.37,-0.027341,-0.0061082,198.16
0.090337,0.081654,924.43,0.099507,0.09298,902,0.035445,0.022371,245.61,-0.0020337,0.037188,235
0.084923,0.082587,985.42,0.096959,0.095393,986,0.024235,0.036065,228.16,0.087998,0.058857,225.26
0.047077,0.043481,994.82,0.065108,0.056854,964.37,-0.025434,-0.012717,253.49,-0.039306,0.00057803,248.22
0.05326,0.04726,993.81,0.06336,0.062692,978.39,-0.036939,0.010343,245.95,-0.014775,0.031324,241.25
0.085834,0.082051,921.44,0.067662,0.05142,897.4,0.019175,0.036607,231.73,-0.0023242,-0.02179,221.23
0.087419,0.07871,958.43,0.10259,0.10757,944.54,0.018721,0.035714,235.15,0.053571,0.03053,228.79
0.070395,0.06303,1006.4,0.057238,0.054812,977.37,0.0046083,0.018433,241.12,-0.012097,0.0037442,242.14
0.036512,0.035515,995.3,0.024099,0.020561,937.26,-0.035651,-0.042781,237,-0.026441,0,237.57
0.066408,0.061416,945.36,0.063554,0.054004,913.38,-0.039838,0.021074,240.96,0.0083718,-0.025982,235.18
0.075268,0.074493,996.41,0.091634,0.081064,968.97,0.0308,0.014393,239.59,0.065918,0.032815,229.9
0.055621,0.051747,946.83,0.081432,0.069894,922.93,-0.046172,-0.011981,233.34,-0.034775,0.0070134,224.8
0.066083,0.064472,960.39,0.080339,0.077042,947.47,0.0058207,-0.026484,232.39,0.024156,-0.014261,224.49
0.058545,0.05394,991.36,0.057185,0.050219,970.37,-0.042155,-0.021956,234.95,0.019028,-0.021077,233.67
0.069656,0.070838,941.88,0.087487,0.079905,935.96,-0.013735,-0.0099357,239.5,0.036821,0.023086,236.05
0.058318,0.036697,926.79,0.056615,0.054214,910.87,-0.065359,-0.030006,224.85,-0.0077243,-0.00089127,224.15
0.08107,0.076958,904.4,0.093072,0.08183,893.47,-0.025567,0.013945,216.91,-0.036026,-0.0081348,210.44
0.045388,0.041733,971.29,0.037502,0.031971,943.28,-0.016874,-0.037596,241.95,-0.008881,-0.0044405,238.31
0.028145,0.021655,1494.3,0.050754,0.047404,1479.9,-0.034494,0.020253,280.9,0.0037975,0.00094937,276.41
0.056871,0.056546,1039.9,0.052881,0.046288,1023.4,0.0037813,-0.067481,253.98,-0.012507,-0.019197,251.14
0.065503,0.068522,936.88,0.086836,0.087297,939.48,-0.0049419,0.0026163,230.5,0.01686,0.022965,225.08
0.073096,0.073683,963.9,0.079469,0.08006,943.97,0.027488,0.037326,234.13,0.032118,0.022859,229.52
0.063373,0.058169,1034.3,0.086343,0.080807,1051,-0.0046593,-0.0029121,249.39,0.036109,0.063483,245.31
0.066279,0.07072,1012.9,0.088617,0.084294,1014.5,-0.01349,0.029564,250.95,0.050517,-0.0091848,245.7
0.069844,0.056707,1077.9,0.047632,0.046301,1055.9,0.0017271,-0.023316,273.95,-0.010363,-0.04289,268.04
0.077286,0.066348,1183.9,0.075357,0.07225,1146.4,0.021978,0.038462,276.7,0.0054945,0.0060729,275.81
0.063998,0.050701,1215.4,0.043384,0.038907,1198.9,-0.014252,0.00058173,295.11,0.017743,-0.076789,290.42
0.046215,0.03915,1217.4,0.035058,0.03369,1202.3,-0.048032,-0.059028,304.47,-0.022569,-0.009838,298.92
0.052049,0.049367,991.3,0.043886,0.048616,964.32,0.00153,0.014994,239.59,0.0067319,0.018972,236.99
0.079887,0.080559,904.88,0.076716,0.075435,872.39,0.048164,0.012944,217.54,0.018663,0.037327,212.99
0.068905,0.070665,763.87,0.081282,0.073779,740.93,-0.019321,0.001171,180.99,-0.045082,-0.027225,175.76
0.035877,0.034116,913.79,0.025252,0.025451,852.78,-0.073504,-0.015398,215.89,-0.031377,-0.025567,215.08
0.055736,0.050788,876.32,0.057503,0.05107,872.38,0.0046003,-0.022714,226.82,-0.029902,0.0040253,218.28
0.054975,0.047684,914.83,0.068005,0.067745,874.92,-0.024724,0.013671,210.51,-0.022688,-0.025887,207.76
0.079001,0.072551,867.89,0.068255,0.072065,841.92,-0.0096481,0.010783,209.02,-0.01958,0.0093644,207.94
0.04822,0.04207,981.82,0.042154,0.040313,947.84,-0.039813,-0.01171,229.92,-0.0096604,0.016686,229.05
0.081566,0.077606,953.45,0.066319,0.069471,914.93,0.027621,0.055242,227.79,0.0047914,-0.050733,223.52
0.082022,0.078439,1067.4,0.06726,0.056733,1026.4,0.0090806,0.017877,248.12,-0.037741,-0.032066,244.32
0.068686,0.056752,995.38,0.037549,0.041115,952.33,-0.020103,-0.035325,246.94,-0.023837,-0.035325,242.11
0.073412,0.064734,976.9,0.059156,0.060246,937.39,-0.0074584,0.014056,232.02,-0.024957,-0.045611,228.74
0.061347,0.050494,960.83,0.0673,0.062844,904.91,0.032735,0.019409,229.17,-0.0089803,0.0063731,221.92
0.063009,0.068832,874.36,0.070137,0.066363,844.92,-0.047633,-0.0040416,201.81,0.0017321,-0.047344,195.26
0.072865,0.064181,835.39,0.048012,0.041474,775.83,0.0037313,0.0045924,211.52,-0.066877,-0.042193,209.6
0.051708,0.04113,844.79,0.065327,0.058781,824.89,-0.022543,-0.018786,215.82,-0.0023121,-0.010694,210.75
0.071335,0.071989,822.36,0.093003,0.088934,805.98,-0.016744,0.023383,204.52,0.07246,0.021363,192.77
0.059392,0.059918,892.36,0.046902,0.048826,864.84,-0.017141,0.01627,231.44,-0.036026,0.020337,225.4
0.061272,0.057782,890.36,0.059374,0.061517,869.89,-0.028637,-0.036942,220.74,-0.040664,-0.03236,213.74
0.043636,0.038521,920.83,0.049616,0.05755,908.88,-0.025892,-0.010069,218.34,-0.015247,-0.029344,212.64
0.034666,0.028651,920.78,0.045437,0.040149,888.84,-0.032683,-0.03555,225.91,-0.063073,-0.046158,219.3
0.047647,0.036523,1006.3,0.056943,0.050602,982.39,-0.044674,-0.013459,241.41,-0.011741,-0.036655,234.74
0.062202,0.055685,1042.4,0.056814,0.061343,1017.4,-0.011561,-0.0031792,243.95,0.029191,-0.0063584,240.63
0.078304,0.079475,1009.4,0.06881,0.067897,993.39,0.0074627,-0.0083238,249.4,0.021527,0.027842,244.61
0.06398,0.056915,1092.4,0.056965,0.051051,1061.9,-0.003207,0.0046647,256.55,0.010787,-0.0099125,253.2
0.058482,0.055182,1050.9,0.055732,0.045726,1046.4,-0.023796,0.0034823,265.43,0.024666,-0.026988,255.45
0.03709,0.03234,1115.8,0.048047,0.045182,1128.4,-0.031105,-0.04157,270.84,-0.061047,-0.024128,262.94
0.039751,0.037366,1286.8,0.037849,0.035193,1269.3,-0.026316,-0.017162,305.07,-0.01516,-0.046339,294.96
0.054665,0.041066,1242.3,0.056651,0.042336,1237.3,0.025301,0.0063253,293.16,0.012048,0.020482,275.69
0.057519,0.050173,1457.9,0.047553,0.044841,1438.9,0.011411,0.03003,363.26,0.047447,0.026126,350.8
0.05884,0.05877,1718.5,0.064631,0.05981,1692,0.042352,0.042048,409.43,0.036563,0.040524,389.96
0.054024,0.05113,1995,0.053801,0.044696,1975,0.051382,0.048377,478.44,0.059195,0.060096,459.47
0.012908,0.011035,2679.2,0.010059,0.0073095,2646.2,0.0012232,0.00030581,616.29,0.00030581,0.0021407,604.79
0.012761,0.010382,1775.1,0.025463,0.018897,1745.6,0.00095602,0.0060548,444.04,0.0089229,0.001912,424.55
0.034974,0.032365,1891.1,0.056715,0.049404,1871.6,0.011665,0.009773,450.12,0.025536,0.025221,441.13
0.033688,0.032812,2503.2,0.033139,0.030903,2499.2,-0.0035088,-0.0011696,598.03,0.0032164,0.0049708,605.03
0.04657,0.04629,1654,0.040531,0.038494,1631.5,0.03499,0.03499,368.89,0.027469,0.029431,361.88
0.063273,0.066606,928.31,0.059849,0.050921,891.81,0.02486,0.041641,227.66,0.018645,0.04133,219.98
0.080837,0.082478,808.34,0.086846,0.081956,796.37,0.04674,0.017835,181.13,0.032595,0.017528,179.6
0.067917,0.056313,675.84,0.056112,0.051963,656.83,-0.011008,-0.039397,175.33,-0.0040556,-0.00927,170.55
0.07511,0.076149,637.39,0.082659,0.07607,626.41,-0.048138,0.004298,167.45,0.013467,0.0063037,160.99
0.075253,0.076808,644.89,0.10343,0.095018,635.49,-0.0052234,-0.00087057,166.9,0.0296,0.057458,156.72
0.046058,0.044021,649.76,0.048282,0.034686,640.31,-0.037552,-0.045535,165.75,-0.010053,-0.039622,160.06
0.05269,0.054899,682.81,0.055366,0.04466,647.83,-0.070598,-0.035445,173.79,0.0081348,-0.040965,173.85
0.071789,0.070755,715.38,0.088346,0.072461,689.94,-0.029915,-0.052991,182.73,-0.038462,-0.030484,176.65
0.067179,0.061018,705.32,0.079402,0.070498,683.39,-0.020736,-0.0017523,188.51,-0.0184,-0.01285,180.73
0.061909,0.058758,691.35,0.044626,0.042202,672.82,-0.028132,-0.015371,188.85,-0.050174,-0.020012,181.77
0.060416,0.06604,792.33,0.061701,0.055178,784.85,-0.0050296,0.0073964,197.4,-0.046746,0.0044379,189.47
0.067008,0.06103,767.34,0.069398,0.06123,719.36,-0.048615,-0.046553,173.43,0.00058928,-0.050383,168.3
0.072143,0.063182,716.85,0.06879,0.065984,689.39,-0.015868,0.0028852,177.48,0.051356,-0.0049048,174.47
0.045938,0.042919,749.78,0.067367,0.055286,734.37,-0.015553,-0.058468,200.82,-0.022465,0.0051843,196.34
0.097583,0.091279,866.44,0.064697,0.061021,813.35,0.012964,0.053035,205.13,-0.034178,-0.025339,197.64
0.055441,0.070156,736.87,0.093791,0.080309,740.47,-0.0085519,-0.041904,193.79,0.037913,0.02081,188.66
0.063566,0.052039,708.33,0.05508,0.049947,688.84,-0.038905,-0.020749,178.25,-0.014409,-0.018732,167.59
0.047529,0.054049,795.34,0.048302,0.047118,761.36,-0.02731,-0.033992,193.47,-0.031087,-0.05491,185.21
0.084204,0.077369,778.93,0.071726,0.07101,753.42,0.027294,0.0046458,188.04,-0.041521,-0.019744,184.82
0.075363,0.067846,824.4,0.077039,0.073641,782.93,-0.042676,-0.012976,205.81,-0.056517,-0.029988,198.75
0.05429,0.064184,795.36,0.071167,0.058554,793.9,-0.019563,-0.016974,202.82,0.02733,-0.056962,200.51
0.040658,0.050434,756.8,0.078286,0.073336,724.94,-0.015291,-0.061743,185.88,-0.067513,-0.010964,181.91
0.066506,0.065268,790.37,0.076711,0.071466,790.96,-0.039641,0.0095486,193.93,0.033275,0.016493,189.72
0.068959,0.054855,772.86,0.045656,0.046634,737.34,-0.019332,-0.010545,185.35,-0.037493,-0.052138,181.72
0.062005,0.062589,774.89,0.0877,0.069819,755.95,-0.030277,-0.0014418,202.93,0.012111,-0.025375,195.91
0.052916,0.045691,812.32,0.065252,0.063274,793.9,-0.069035,-0.03004,201.3,-0.014443,-0.051415,197.49
0.05376,0.053116,871.36,0.069127,0.064758,844.92,-0.034611,-0.041476,216.86,-0.046053,-0.050343,209.66
0.031768,0.023987,861.24,0.062865,0.047619,861.38,-0.053797,-0.020713,214.29,0.00028769,-0.039988,212.53
0.048042,0.037609,865.31,0.053247,0.041234,828.35,-0.07012,-0.018031,206.83,-0.053807,-0.045793,204.58
0.048372,0.044894,857.81,0.04142,0.025616,821.8,-0.017753,-0.046566,216.43,-0.0017462,-0.077707,216.01
0.055649,0.052529,816.34,0.045359,0.035907,787.83,-0.071096,-0.022727,198.82,-0.054196,-0.022145,193.07
0.058514,0.056076,816.37,0.068004,0.063005,799.41,-0.059693,-0.020182,204.35,-0.054576,-0.0361,198.19
0.047984,0.045086,801.82,0.067749,0.059377,769.38,-0.0040416,-0.0083718,192.48,-0.021363,-0.0092379,185.63
0.079881,0.075923,821.38,0.07289,0.074629,784.4,0.041495,0.015892,198.11,0.026192,0.010594,189.41
0.072861,0.068202,789.4,0.059507,0.054287,745.86,0.0043605,0,187.01,-0.079651,-0.025291,182.72
0.045967,0.047698,749.35,0.037519,0.034248,731.32,-0.075949,-0.054373,186.84,-0.096951,-0.053797,176.24
0.073124,0.07708,1404,0.061629,0.05311,1376.9,-0.016412,-0.0033956,217.76,-0.020656,0.0087719,215.29
0.014269,0.0216,953.27,0.0083411,0.0048987,937.72,-0.079545,-0.055653,232.78,-0.092949,-0.04866,231.64
0.051325,0.041629,815.83,0.059298,0.056957,813.38,-0.049829,-0.021925,214.24,-0.010251,-0.039009,207.98
0.080174,0.077421,809.94,0.09864,0.097474,816.53,-0.045924,-0.037887,196.39,-0.04822,-0.064294,191.73
0.030828,0.028335,733.26,0.048297,0.044689,697.33,-0.015588,-0.029706,180.83,-0.077647,-0.0079412,173.72
0.056031,0.066265,783.37,0.05921,0.05875,752.9,-0.055233,0.0098837,185.28,-0.10203,0.0098837,182.71
0.067966,0.077908,677.91,0.06455,0.056712,666.9,-0.028021,-0.053707,169.87,-0.079685,-0.03094,168.74
0.038017,0.035194,718.3,0.066825,0.071854,699.4,-0.03017,-0.054189,181.8,0.016989,-0.053896,178.01
0.035984,0.041395,698.81,0.057728,0.055832,669.37,-0.056293,-0.038684,178.31,-0.052252,0.0066397,174.52
0.052468,0.055108,696.35,0.040069,0.040532,654.81,-0.02314,-0.062097,186.87,-0.050674,-0.033978,179.09
0.058442,0.047816,646.82,0.046102,0.041881,600.8,-0.007904,-0.015515,162.36,-0.026054,-0.03103,160.96
0.048364,0.046252,704.3,0.062716,0.064248,676.38,-0.041913,-0.013282,170.39,0.007379,-0.071429,164.91
0.065718,0.073739,709.91,0.058423,0.054079,689.87,0.0075362,0.0023188,176.01,-0.043188,0.0081159,168.45
0.077336,0.079731,682.91,0.088393,0.076984,666.44,0.015055,-0.037058,171.97,-0.076723,0.0089751,164.39
0.076832,0.065274,754.9,0.062178,0.065154,722.87,0.0034823,0.021184,188.65,-0.098665,-0.010157,180.9
0.069645,0.071502,771.91,0.055878,0.049168,743.85,0.013833,0.010086,185.07,-0.021326,-0.0014409,179.04
0.04345,0.035019,768.83,0.047255,0.044031,737.35,-0.050461,-0.042676,192.25,-0.025663,-0.035179,186
0.059727,0.059141,798.87,0.065693,0.049922,775.39,0.0043303,-0.0066397,193.99,-0.017321,0.018187,187.26
0.065395,0.059379,736.88,0.054383,0.058226,703.37,0.010375,-0.0072046,183.02,-0.021326,-0.066282,177.59
0.063649,0.05928,753.87,0.05109,0.049054,733.36,-0.011008,-0.012746,180,0.011298,-0.048378,178.25
0.085407,0.085791,763.46,0.11539,0.1097,736.05,0.025575,0.010057,182.63,0.040517,0.0031609,175.25
0.080338,0.084718,596.94,0.082882,0.080366,583.46,0.024383,-0.031555,146.5,-0.028686,-0.01922,138.51
0.051071,0.04523,712.33,0.073017,0.062821,676.91,-0.028488,-0.032267,166.38,-0.028779,-0.068895,162.88
0.086185,0.076894,746.93,0.12731,0.12204,717.07,-0.023769,0.020619,182.03,0.069301,-0.021764,173
0.073715,0.072121,723.91,0.099885,0.092678,727.01,0.024857,0.018286,184.16,0.031714,0.0022857,180.67
0.066443,0.064762,730.38,0.045443,0.047603,693.84,0.0091901,-0.014934,178.53,-0.035037,-0.045089,176.2
0.045038,0.05291,704.35,0.063381,0.06658,685.91,-0.078571,-0.0071429,175.83,-0.029143,-0.12029,172.81
0.08756,0.085095,734.95,0.073269,0.058824,718.39,0.028198,0.0046512,173.08,-0.052616,-0.0098837,165.73
0.082626,0.076903,787.94,0.097001,0.093059,760.99,0.03873,0.036401,172.74,0.0040769,0.056203,172.49
0.075893,0.076928,734.4,0.10801,0.10618,722.01,-0.017909,-0.017042,177.95,0.014731,0.070479,167.7
0.026467,0.022164,718.74,0.039225,0.038633,704.31,-0.063228,-0.067308,177.81,-0.025058,0.013112,175.96
0.041948,0.040392,756.81,0.042164,0.032984,701.3,-0.047981,-0.016969,180.84,-0.0093622,-0.013166,182.38
0.033272,0.037669,773.28,0.023061,0.019328,726.76,-0.040023,-0.051914,191.4,-0.059745,-0.021752,188.6
0.052085,0.047314,778.83,0.042477,0.044396,752.35,-0.071761,-0.0066822,199.36,-0.0029053,-0.0552,193.05
0.049987,0.040392,858.82,0.040311,0.030054,824.8,-0.047262,-0.011527,212.3,-0.058213,-0.026225,205.01
0.080206,0.07724,788.42,0.070034,0.065608,767.92,-0.022096,-0.061756,204.87,-0.054958,-0.0082153,202.24
0.042676,0.043194,854.3,0.051686,0.057851,838.88,-0.043403,-0.033565,211.32,-0.039931,-0.051794,203.74
0.052266,0.044864,869.31,0.04234,0.032967,817.31,-0.062173,-0.029343,204.84,-0.015979,-0.024985,211.35
0.033411,0.032696,974.77,0.045576,0.04291,920.33,-0.046221,-0.02936,237.29,-0.049419,0,231.92
0.023745,0.018583,869.76,0.015422,0.019651,820.76,-0.050658,-0.079565,217.27,-0.077848,-0.038065,214.35
0.05637,0.048197,876.85,0.049424,0.050275,849.86,-0.034282,0.0040674,211.42,-0.074085,0.0058106,207.18
0.05529,0.055484,929.88,0.035453,0.032755,876.8,-0.054977,-0.025463,221.46,-0.016493,-0.095197,216.63
0.0066437,0.019995,1493.2,0.0040374,-0.0023712,1462.7,-0.053678,-0.062956,252.67,0.00066269,-0.028164,258.45
0.02419,0.031262,833.75,0.044253,0.043452,810.3,-0.051267,-0.046258,207.73,-0.0165,-0.031232,203.78
0.063563,0.065014,782.36,0.042027,0.040364,750.78,-0.0094731,-0.0059207,192.87,0.0062167,-0.051214,190.02
0.017881,0.020642,683.75,0.013713,0.0081092,639.72,-0.039164,-0.038575,163.8,-0.023557,-0.027385,165.35
0.065007,0.071846,830.37,0.033199,0.033468,800.74,-0.0085951,0.01393,206.05,-0.028453,-0.029342,203.65
0.039428,0.037184,798.78,0.019642,0.024504,740.25,-0.038373,-0.032932,179.28,-0.028064,-0.012027,177.83
0.069069,0.061004,793.37,0.023728,0.023204,739.22,0.021764,-0.00087057,190.04,-0.0296,-0.012188,191.74
0.052009,0.049383,755.81,0.033214,0.033812,715.28,-0.021651,-0.016166,186.26,-0.00057737,-0.018476,185.84
0.044651,0.052027,760.81,0.036973,0.036439,737.32,-0.023921,-0.016919,186.87,-0.011669,-0.034422,184.59
0.069362,0.074163,723.39,0.081659,0.078855,702.96,0.022714,0.0046003,167.56,0.018401,0.014951,163.82
0.032911,0.030389,700.28,0.020982,0.019662,648.26,-0.049856,-0.085303,179.59,-0.099135,-0.014121,173.54
0.031713,0.033988,650.78,0.027952,0.022283,633.3,-0.080296,-0.056093,168.85,-0.043565,-0.098804,162.08
0.033139,0.029903,724.3,0.029086,0.025247,682.28,-0.077581,-0.029949,183.45,-0.067598,-0.059897,179.86
0.071235,0.063828,765.42,0.041414,0.037544,735.84,-0.019805,-0.022675,177.59,-0.055109,-0.018944,174.27
0.050332,0.048509,802.85,0.057768,0.055476,781.86,0.0060206,-0.014908,203.55,-0.052752,-0.038417,199.6
0.054705,0.046133,771.84,0.045001,0.0471,728.33,-0.03815,0.012717,192.49,-0.015607,-0.048555,188.02
0.058515,0.076555,747.38,0.046852,0.041616,696.34,-0.016782,0.04022,189.64,-0.018519,-0.029225,187.59
0.024879,0.016237,736.74,0.026175,0.025171,676.3,-0.061378,-0.052982,186.32,-0.026636,-0.036769,185.78
0.017026,0.011028,747.73,0.036413,0.029207,745.33,-0.067958,-0.079815,181.79,-0.064199,-0.090804,178.68
0.049769,0.050347,747.85,0.072368,0.070112,751.45,-0.05924,-0.065476,187.2,-0.046769,0.024943,179.64
0.04882,0.045789,868.33,0.035042,0.024843,846.79,-0.049344,-0.0251,210.32,-0.051911,-0.011694,208.1
0.021158,0.022954,779.73,0.019921,0.006935,729.74,-0.04656,-0.056346,192.82,-0.023428,-0.056346,189.58
0.02886,0.035111,715.75,0.037186,0.03324,700.79,-0.044537,-0.057007,184.79,-0.082245,-0.017518,185.18
0.0095853,0.014476,821.2,0.009653,0.0068484,782.24,-0.060335,-0.056293,201.83,-0.051674,-0.032044,200.44
0.043817,0.03563,776.31,0.052841,0.051713,735.86,-0.0433,-0.048859,194.9,0.0055588,-0.029549,190.41
0.049856,0.052858,815.33,0.047918,0.048246,799.86,0.0086059,-0.017212,207,-0.030407,-0.019793,206.5
0.050378,0.042958,853.82,0.057728,0.049396,815.37,-0.010228,0.0078901,198.55,-0.031853,-0.029807,194.77
0.021508,0.025654,935.76,0.0088496,-0.0037741,894.24,-0.06601,-0.03011,221.31,-0.059062,-0.037348,218.03
0.0481,0.049476,785.84,0.029276,0.024145,758.77,0.0034863,-0.022661,189.05,-0.0276,-0.038931,185.07
0.054965,0.068886,801.34,0.052562,0.041545,770.34,0.014689,0.02879,192.58,0.0035253,-0.046122,190.78
0.045196,0.043608,793.8,0.04139,0.035809,776.81,-0.034533,-0.04498,205.38,-0.065583,0.006094,202.56
0.020572,0.024342,907.26,0.033623,0.026899,901.32,-0.037522,-0.067481,222.38,-0.0098895,-0.071553,220.73
0.035035,0.032365,996.8,0.045128,0.04102,993.86,-0.019919,-0.035219,226.49,-0.039261,-0.059758,221.75
0.05206,0.048703,906.35,0.053713,0.047437,884.87,-0.04181,-0.035796,228.47,-0.063288,-0.051833,222.81
0.035026,0.037977,1013.3,0.040804,0.037574,996.86,-0.045814,-0.052602,252.46,-0.058824,-0.00028281,249.25
0.04004,0.028448,982.28,0.024132,0.019292,980.8,-0.054217,-0.062823,258.22,-0.047619,-0.071142,249.77
0.025729,0.027246,1145.8,0.033359,0.026909,1129.3,-0.062035,-0.075472,288.63,-0.060034,-0.01315,282.1
0.034171,0.028955,1012.3,0.02916,0.025682,986.31,-0.055132,-0.080645,254.89,-0.036657,-0.10557,251.25
0.055756,0.053552,1089.4,0.030703,0.019761,1059.3,-0.0064028,-0.04773,267.04,-0.079744,-0.00087311,266.27
0.04496,0.038395,1078.8,0.041594,0.038156,1044.3,0.0017192,-0.025501,274.46,-0.029799,-0.031805,268.55
0.052844,0.054215,1053.9,0.067334,0.056285,1042.4,0.017449,0.017162,264.07,0.018021,-0.016018,257.73
0.02996,0.032068,1685.8,0.029036,0.023229,1653.3,-0.037175,0.013321,329.36,-0.00092937,-0.01487,328.8
