0.12973,0.13407,19965,0.13664,0.1361,19962,6.8432e-05,-0.011839,3534.4,-0.031992,-0.006809,3534.4
0.067862,0.077166,18705,0.091602,0.089357,18747,-0.0078385,0.0056188,3934.1,-0.042453,0.018486,3933.6
0.066478,0.073968,18471,0.090295,0.088815,18497,0.041623,-0.039535,3901.1,0.017018,0.022169,3900.1
0.068458,0.076373,17925,0.095155,0.093345,17942,-0.014029,0.027644,3815.6,-0.00086171,-0.0042052,3814.6
0.056719,0.06436,18959,0.079062,0.077547,19007,-0.011999,0.0084132,4006.6,0.014758,-0.0010344,4004.6
0.049257,0.05622,18951,0.070996,0.069694,18945,0.0064085,-0.031485,4043.1,-0.00052243,0.01623,4043.1
0.047143,0.054866,19087,0.067104,0.065284,19096,-0.049295,0.0047241,4148.7,-0.018177,-0.044673,4145.6
0.047668,0.054383,19068,0.074202,0.07229,19068,-0.0017109,0.017179,3985.2,-0.062605,-0.015817,3983.6
0.079245,0.086791,17593,0.098167,0.095928,17583,0.028254,-0.021,3777.1,-0.0065971,-0.042622,3777.6
0.06046,0.065892,18795,0.072394,0.069902,18787,-0.0042655,-0.014496,4029.6,-0.017652,-0.012415,4027.1
0.04973,0.054488,18665,0.068395,0.065484,18651,-0.049022,-0.0029594,3930.6,-0.014066,-0.023083,3929.1
0.050884,0.056843,18638,0.071119,0.069009,18646,0.0064098,-0.019018,4029.2,-0.02814,0.033986,4027.7
0.046042,0.053328,18591,0.067862,0.065303,18585,0.031733,-0.02705,4003.7,-0.029007,0.019117,4003.7
0.038215,0.045156,18077,0.065133,0.062839,18090,0.028065,-0.018721,3852.6,0.017035,0.029399,3849.2
0.043077,0.052981,16796,0.087593,0.084552,16822,0.0038088,0.025893,3639.1,0.029981,-0.0042281,3639.1
0.05349,0.059053,17933,0.081724,0.079233,17935,-0.052012,0.035329,3918.1,0.012863,-0.027233,3917.6
0.052177,0.059917,18990,0.069131,0.066576,19007,-0.030208,0.033153,4112.7,-0.021371,-0.0042126,4111.7
0.070007,0.078731,17894,0.090852,0.089884,17940,0.052783,-0.028077,3782.1,-0.029085,0.029675,3783.6
0.052519,0.059247,19141,0.065747,0.063784,19159,0.033873,-0.0015085,4149.2,-0.029861,-0.025096,4150.7
0.061334,0.070738,17444,0.090382,0.088617,17463,0.055912,0.0080022,3778.1,0.027249,-0.02104,3777.6
0.057622,0.065489,17187,0.087235,0.086038,17224,0.029799,-0.042823,3661.1,0.044026,0.029516,3658.1
0.059726,0.072094,16744,0.097045,0.095915,16793,-0.053592,0.0010027,3606.6,-0.022889,-0.023408,3605.6
0.054105,0.063099,17840,0.078174,0.076001,17890,0.033922,-0.021533,3856.6,0.013436,0.023662,3856.6
0.050058,0.058037,17694,0.075336,0.072706,17742,0.02652,-0.017133,3798.1,0.031789,0.022995,3799.1
0.0481,0.057282,17647,0.077842,0.076292,17686,-0.036922,0.0073982,3760.6,0.013898,0.013586,3756.6
0.062938,0.075026,17383,0.096167,0.092688,17420,-0.049812,0.044579,3696.1,-0.00024417,-0.0082322,3697.6
0.078055,0.089916,17542,0.10415,0.10191,17585,0.0070272,0.01309,3770.1,0.036307,0.072442,3769.1
0.058428,0.067225,19055,0.078222,0.076352,19080,0.029197,-0.0069286,4106.1,-0.0071355,0.010962,4104.6
0.049072,0.056534,19752,0.070175,0.067955,19752,-0.01113,-0.02202,4232.1,-0.025902,-0.030436,4232.1
0.04451,0.053125,19449,0.066218,0.063976,19435,-0.041892,0.0018711,4222.7,-0.020825,0.016632,4220.7
0.049148,0.055843,19696,0.066441,0.064382,19696,-0.013111,-0.018079,4221.7,-0.03357,-0.020391,4221.2
0.040417,0.049568,18704,0.075789,0.074538,18701,-0.011374,0.013794,3974.2,-0.062781,-0.035401,3973.1
0.048635,0.060752,17582,0.089279,0.087751,17596,-0.039411,0.028872,3753.6,-0.011131,-0.028524,3754.6
0.051136,0.061215,19175,0.074491,0.072151,19194,-0.045981,0.024243,4207.6,-0.0049435,-0.009142,4207.1
0.047422,0.055632,19370,0.070835,0.069444,19365,0.0040227,0.014773,4116.7,0.01564,0.0022194,4116.1
0.052868,0.064028,19192,0.075518,0.074193,19205,0.008693,-0.022024,4116.6,-0.0071468,-0.0032985,4118.1
0.055672,0.066048,18263,0.084018,0.082132,18267,-0.024797,-0.014204,3951.1,-0.0089765,-0.0029922,3951.1
0.064519,0.07559,18470,0.087199,0.085134,18482,-0.005647,-0.027822,3931.6,-0.041664,-0.036155,3932.6
0.059719,0.068275,18466,0.081062,0.078219,18472,0.0024111,-0.035788,4015.1,-0.02604,-0.024008,4014.6
0.048767,0.063187,17857,0.08686,0.084221,17873,-0.10186,0.030475,3792.1,0.017045,0.056336,3792.6
0.05879,0.070167,18702,0.086419,0.084246,18732,-0.0094685,-0.0066694,3960.6,-0.0047343,0.024017,3959.6
0.061252,0.073184,21531,0.085927,0.084342,21562,-0.028674,0.030747,4403.2,-0.029987,-0.010641,4403.7
0.047025,0.056729,19904,0.066048,0.06479,19933,0.029341,0.044697,4339.2,-0.02989,0.013917,4337.7
0.070731,0.081142,18484,0.090486,0.089046,18518,0.015488,0.059696,3924.1,-0.0069065,0.054397,3925.1
0.071565,0.081115,18901,0.091709,0.0898,18965,0.031934,-0.0027798,4108.6,0.066072,0.063937,4107.7
0.06018,0.068801,18548,0.080837,0.077961,18585,0.025187,0.048489,3943.1,-0.040885,0.0038024,3943.1
0.0607,0.070539,18532,0.083688,0.082182,18567,-0.0060241,0.023542,4032.6,0.00024235,-0.035487,4032.6
0.061533,0.070967,18313,0.087801,0.085904,18324,0.018993,-0.052426,3944.1,0.0053042,-0.035076,3943.6
0.045473,0.052982,18604,0.073332,0.072338,18591,-0.0013645,0.0077321,4078.6,-0.0072773,-0.048317,4077.1
0.05085,0.058854,18595,0.073769,0.071611,18571,-0.059872,-0.012649,3981.1,-0.0066023,-0.020537,3984.1
0.066025,0.074452,18435,0.084976,0.08321,18471,-0.026509,-0.043026,3946.6,-0.0305,0.012804,3946.1
0.066539,0.078199,17230,0.10153,0.099648,17261,-0.050395,-0.039145,3659.6,0.0030329,-0.012026,3659.1
0.068714,0.080138,17535,0.093121,0.090945,17589,0.024819,-0.052195,3830.6,0.011753,0.0017283,3830.6
0.074898,0.086201,17180,0.10294,0.10177,17233,-0.035554,-0.00066555,3658.1,0.016113,0.02431,3657.1
0.081449,0.091828,17337,0.10325,0.10115,17393,-0.057809,-0.039146,3728.6,0.0018559,0.014744,3729.1
0.079834,0.090419,17683,0.10073,0.099446,17719,-0.017759,-0.0068465,3879.1,0.010808,-0.021026,3880.1
0.078231,0.088566,17822,0.098115,0.096514,17832,-0.076018,0.033354,3723.6,-0.00133,0.024535,3726.2
0.09349,0.10259,16529,0.11239,0.11022,16495,-0.043656,-0.088168,3415.6,-0.062687,-0.042979,3417.1
0.10982,0.11586,15650,0.12399,0.12143,15701,-0.098674,-0.04107,3307.5,-0.012797,-0.046817,3308.5
0.081266,0.083883,17187,0.080339,0.078112,17111,-0.0024217,-0.02386,3608.6,-0.011717,-0.010969,3609.6
0.10197,0.10556,15739,0.10183,0.099736,15628,-0.077642,-0.061823,3301.6,-0.022111,-0.030293,3305.6
0.15802,0.16008,11903,0.16098,0.15874,11964,0.003214,0.022571,2417,0.060811,0.030898,2418.5
0.16948,0.17309,11927,0.17594,0.17476,12002,0.085363,0.0043213,2557,0.14936,0.15221,2559.2
0.20884,0.21228,9615.8,0.21619,0.21408,9808.3,0.088657,0.15191,1801.6,0.21823,0.20929,1801.7
0.21341,0.21468,9650.3,0.2297,0.22878,9814.8,-0.051285,0.11235,2055.5,0.24229,0.24507,2055.8
0.25151,0.25136,8071.8,0.24893,0.24859,8334.8,0.082908,0.094037,1675.1,0.26213,0.25156,1675.3
0.20805,0.20765,9836.3,0.2261,0.22529,9956.3,0.11681,0.042688,2154.6,0.20465,0.20582,2155.7
0.23637,0.23805,9567.3,0.24904,0.24806,9567.8,0.21655,0.18008,1740.7,0.24126,0.24298,1741.3
0.15387,0.15381,11838,0.18741,0.1864,11890,0.088479,0.064314,2381.1,0.20992,0.20886,2382.3
0.037888,0.040172,15414,0.10004,0.10016,15454,-0.089891,-0.068952,3518.6,0.11991,0.12019,3517.7
0.13073,0.13314,12209,0.16686,0.16707,12248,0.0025679,0.025786,2564,0.18175,0.18075,2565.2
0.24298,0.2442,9047.8,0.25708,0.25654,9040.3,0.19944,0.19644,1791.7,0.24575,0.24552,1791.8
0.23505,0.23616,9666.3,0.25055,0.24992,9665.3,0.1571,0.15838,1994.7,0.22864,0.22953,1994.8
0.3513,0.35192,5939.4,0.34921,0.34864,5934.4,0.36046,0.36036,1321.9,0.35801,0.35682,1321.9
0.34707,0.34656,6086.9,0.34614,0.3459,6081.4,0.35392,0.35496,1346.9,0.3522,0.3533,1346.4
0.34584,0.34613,6158.9,0.34439,0.34377,6150.9,0.35412,0.35406,1371.9,0.35161,0.35133,1370.9
0.3483,0.34873,5954.4,0.34579,0.34497,5948.4,0.35701,0.35655,1320.9,0.35292,0.35332,1320.9
0.3396,0.33985,6343.4,0.33663,0.33597,6334.4,0.34705,0.34661,1376.4,0.34211,0.34235,1376.4
0.33779,0.33826,6169.9,0.33609,0.33643,6160.4,0.34473,0.3447,1334.4,0.34174,0.34202,1335.4
0.30998,0.30966,7051.4,0.3129,0.31212,7046.9,0.3097,0.31216,1460.4,0.31603,0.31588,1461.4
0.34156,0.34175,6273.9,0.33889,0.33873,6263.9,0.35033,0.3507,1399.4,0.34761,0.34802,1399.4
0.30549,0.30549,11277,0.30628,0.30633,11266,0.25628,0.25688,1261.3,0.25755,0.25733,1260.3
0.49099,0.49099,746.5,0.4908,0.4908,746.5,0.49969,0.49975,1.9999,0.49969,0.49975,1.9999
