0.12217,0.12204,1434.1,0.13345,0.12884,1428.1,0.095348,-0.027858,347.9,-0.085296,-0.040494,346.74
0.11518,0.11551,1453.6,0.15323,0.1496,1370.7,0.017241,-0.049971,339.78,0.068381,0.13939,339.58
0.073332,0.072345,1456,0.10233,0.09238,1452.6,-0.00030211,-0.021752,342.32,-0.087915,-0.085498,343.28
0.047939,0.044611,1360,0.073608,0.07565,1366.1,-0.06726,-0.00092138,338.7,-0.074017,-0.087224,334.73
0.059886,0.064138,1090,0.13425,0.13154,1179.1,-0.1463,-0.071343,263.15,0.093618,0.059904,260.49
0.079491,0.076278,1003,0.13726,0.13437,1087.1,-0.043187,0.006691,240.67,-0.024027,0.039842,236.36
0.032388,0.033612,909.95,0.098176,0.094501,968.56,-0.11524,-0.01721,229.15,-0.07437,-0.12077,226.23
0.11003,0.10912,598.55,0.17775,0.17939,677.68,-0.19952,0.037673,165.3,0.016275,-0.12628,165.78
0.13958,0.13979,634.62,0.21515,0.21128,715.74,0.0086101,-0.17835,169.22,-0.084256,-0.10609,167.19
0.19938,0.19861,769.22,0.17849,0.17822,849.19,0.010372,0.074741,209.23,0.088164,0.053386,211.93
0.11863,0.11891,1081.6,0.13108,0.12846,1152.6,-0.10593,-0.12136,300.64,-0.097329,-0.10801,301.33
0.13793,0.13747,1070.1,0.18805,0.19043,1131.2,-0.20087,-0.025364,274.33,0.029738,0.03207,274.44
0.15453,0.15789,1303.7,0.13986,0.13726,1366.2,0.067995,0.053634,306.42,0.0026377,0.048652,307.93
0.060192,0.058289,1422,0.10596,0.10692,1504.1,-0.0085951,-0.025193,353.85,-0.034084,0.037344,354.44
0.11112,0.11034,1354.1,0.091172,0.093103,1435.1,0.024078,-0.22176,332.96,-0.027646,0.027051,331.89
0.13569,0.13688,1196.1,0.1517,0.15399,1299.7,0.088743,-0.075342,287.25,-0.066111,-0.038416,287.33
0.07092,0.067929,1318.5,0.101,0.1065,1423.1,0.0026898,-0.078302,331.63,0.07113,0.087866,326.55
0.032337,0.02661,1480.9,0.085843,0.082421,1517.6,0.001791,-0.023881,360.59,-0.068358,-0.11104,351.81
0.024178,0.023356,1648.8,0.083278,0.083478,1666.6,-0.0069866,-0.043439,383.63,-0.015796,-0.0069866,373.2
0.055578,0.056589,1131.3,0.16041,0.15875,1150.2,-0.055986,-0.035736,280.62,-0.077427,-0.046158,267.03
0.056124,0.059219,1049.8,0.15539,0.15381,1104.7,-0.0061656,-0.022314,281.43,-0.067528,0.020552,266.73
0.073225,0.066471,972.32,0.14857,0.15313,990.67,-0.032453,-0.018667,258.07,-0.21109,0.039058,241.14
0.041283,0.039656,1064.7,0.13622,0.13913,1037.1,-0.034677,-0.032899,259.84,0.087137,-0.067576,243.38
0.046571,0.039712,1274.3,0.14695,0.14634,1298.7,-0.024346,-0.062995,291.5,-0.065429,-0.14273,282.73
0.01496,0.01823,1605.4,0.05997,0.056688,1616,-0.015912,-0.011016,383.78,-0.02907,-0.068237,369.38
0.0084923,0.013017,1703.5,0.076452,0.072065,1686.6,-0.015348,0,425.66,0.010331,-0.029516,416.31
0.066535,0.064151,1602.5,0.059522,0.057943,1587.5,-0.017857,-0.04881,391.66,-0.030655,0.02381,389.81
0.060332,0.057382,1477.6,0.047753,0.042065,1475.5,-0.020681,-0.059915,367.28,-0.057786,0.023723,367.3
0.069192,0.073538,1372,0.096188,0.09977,1394.6,-0.00029638,-0.11707,342.13,-0.070243,-0.064612,341.13
0.06923,0.076132,1521.1,0.081766,0.08667,1557.6,-0.039607,0.016677,365.29,-0.091423,-0.11197,364.31
0.14271,0.14278,1389.2,0.12189,0.12696,1391.6,0.12161,0.0095321,341.54,0.05517,0.079723,340.31
0.10934,0.11154,1566.1,0.10827,0.10734,1523.6,-0.083037,-0.035884,371.84,-0.079181,-0.12337,372.31
0.095802,0.098968,1427.6,0.090146,0.0966,1402.1,-0.069994,-0.1476,327.83,0.010651,-0.093427,329.2
0.045827,0.049389,1606,0.056271,0.053433,1604.5,-0.020574,-0.024938,363.74,0.0015586,0.0093516,363.25
0.075186,0.079309,1347,0.080224,0.085293,1341,-0.0053699,-0.022971,316.54,-0.081146,-0.069511,316.06
0.090278,0.095701,1270.1,0.06902,0.07612,1270.5,-0.033514,0.017814,292.06,0.0093599,-0.16153,292.67
0.11437,0.12412,923.09,0.048818,0.075947,919.95,0.020712,-0.1514,251.97,-0.088098,-0.034131,251.46
0.0073345,0.043412,1680.9,-0.036783,0.044503,1673.9,0.017421,-0.040037,334.59,-0.044315,0.0039731,335.58
-0.024292,-0.0049673,2297.7,-0.042537,0.0054953,2291.7,-0.013548,-0.015753,503.69,-0.010712,-0.014493,501.2
-0.025154,-0.0063568,2251.7,-0.044846,0.0060068,2247.7,-0.019861,-0.02459,502.21,-0.031211,-0.017339,500.21
-0.025949,-0.0050813,2333.7,-0.038587,0.0096128,2335.2,-0.033084,-0.012797,511.7,-0.052122,0.0087391,511.7
-0.0157,-0.0036589,2618.8,-0.026822,0.0070376,2611.8,-0.021056,-0.011269,594.72,-0.035291,0.0044484,589.73
-0.01158,0.0007279,2693.7,-0.021833,0.0083268,2689.7,-0.012798,-0.0077381,612.65,-0.021131,-0.0041667,611.15
-0.023842,0.0014346,1977.5,-0.043912,0.018252,1972.5,-0.026236,-0.020134,464.85,-0.0042709,-0.059182,460.86
0.05574,0.06605,1458,0.056619,0.085059,1371,-0.0032183,-0.033353,325.67,0.0035108,0.0052662,324.26
0.14762,0.14877,1514.7,0.12569,0.12428,1346.6,0.16742,0.17532,328.25,0.13043,0.072558,327.11
0.10124,0.10262,1636.6,0.053004,0.051891,1507.5,0.093273,0.061334,383.54,-0.018089,-0.084511,382.67
0.094836,0.088568,1585.6,0.093394,0.088947,1616.6,0.0581,-0.090727,396.8,0.012593,-0.10303,395.18
0.08114,0.079153,1234,0.10482,0.10429,1336.1,-0.10784,0.046136,326.18,-0.019608,0.0083622,323.22
