0.000146 0.000512 0.000073 0.000658 0.997296 0.000731 0.000000 0.000512 0.000073 0.000149 0.000532 0.000074 0.000678 0.997132 0.000807 0.000000 0.000544 0.000084 0.003801 0.011475 0.003654 0.015860 0.935024 0.014033 0.002485 0.010306 0.003362 0.004124 0.012304 0.003949 0.016972 0.929949 0.015193 0.002702 0.011093 0.003713 
0.000179 0.000598 0.000299 0.000957 0.997190 0.000239 0.000179 0.000359 0.000000 0.000184 0.000619 0.000322 0.000989 0.997064 0.000250 0.000189 0.000384 0.000000 0.004723 0.013393 0.004425 0.018057 0.922511 0.016861 0.003587 0.011779 0.004664 0.005117 0.014359 0.004923 0.019441 0.916347 0.018335 0.003900 0.012423 0.005155 
0.000104 0.000313 0.000052 0.000365 0.998592 0.000156 0.000052 0.000156 0.000209 0.000110 0.000317 0.000053 0.000429 0.998479 0.000163 0.000054 0.000177 0.000219 0.004014 0.012303 0.004588 0.015588 0.932228 0.012199 0.004953 0.010948 0.003180 0.004383 0.012992 0.004985 0.016746 0.927169 0.013057 0.005294 0.011924 0.003452 
0.000000 0.000279 0.000000 0.000334 0.998662 0.000446 0.000056 0.000111 0.000111 0.000000 0.000296 0.000000 0.000374 0.998521 0.000511 0.000058 0.000123 0.000118 0.001393 0.008527 0.001449 0.009196 0.962715 0.007802 0.001505 0.006075 0.001338 0.001498 0.009086 0.001621 0.010008 0.959498 0.008513 0.001703 0.006609 0.001464 
0.000055 0.000765 0.000055 0.000546 0.997979 0.000273 0.000055 0.000273 0.000000 0.000055 0.000808 0.000055 0.000577 0.997882 0.000283 0.000056 0.000285 0.000000 0.005026 0.013712 0.004753 0.019557 0.917564 0.016607 0.004753 0.012073 0.005955 0.005386 0.014629 0.005166 0.020713 0.912130 0.017662 0.005089 0.012800 0.006426 
0.000208 0.000571 0.000156 0.001194 0.996938 0.000208 0.000104 0.000571 0.000052 0.000216 0.000655 0.000157 0.001323 0.996657 0.000218 0.000105 0.000617 0.000053 0.005761 0.014430 0.005139 0.017803 0.915862 0.016194 0.006229 0.012976 0.005606 0.006225 0.015515 0.005527 0.019058 0.909702 0.017300 0.006743 0.013946 0.005984 
0.000106 0.000529 0.000053 0.000899 0.997408 0.000582 0.000000 0.000423 0.000000 0.000108 0.000548 0.000054 0.000979 0.997226 0.000643 0.000000 0.000442 0.000000 0.003015 0.011319 0.002063 0.011319 0.946528 0.010737 0.003068 0.009097 0.002856 0.003258 0.012240 0.002375 0.012024 0.942180 0.011609 0.003342 0.009809 0.003163 
0.000099 0.000791 0.000049 0.000692 0.997330 0.000544 0.000049 0.000346 0.000099 0.000102 0.000928 0.000052 0.000724 0.997097 0.000588 0.000052 0.000354 0.000103 0.004696 0.012952 0.004350 0.015869 0.928218 0.014139 0.003609 0.012260 0.003905 0.005120 0.013906 0.004715 0.016918 0.922739 0.015340 0.003890 0.013096 0.004274 
0.000134 0.000312 0.000000 0.000669 0.998083 0.000357 0.000045 0.000312 0.000089 0.000138 0.000329 0.000000 0.000697 0.997903 0.000422 0.000045 0.000374 0.000091 0.005216 0.013061 0.004235 0.015691 0.928454 0.012482 0.004948 0.011100 0.004814 0.005591 0.013976 0.004554 0.016796 0.923033 0.013468 0.005347 0.011989 0.005246 
0.000123 0.000573 0.000041 0.000450 0.997873 0.000450 0.000041 0.000368 0.000082 0.000133 0.000587 0.000047 0.000492 0.997746 0.000486 0.000042 0.000384 0.000083 0.005562 0.016809 0.005562 0.017627 0.913091 0.015582 0.005889 0.015051 0.004826 0.005954 0.017827 0.006066 0.018783 0.907013 0.016776 0.006388 0.015930 0.005263 
0.000042 0.001015 0.000085 0.000719 0.996786 0.000465 0.000211 0.000634 0.000042 0.000044 0.001049 0.000089 0.000759 0.996609 0.000488 0.000246 0.000673 0.000042 0.004821 0.017424 0.006301 0.018016 0.908610 0.017001 0.005329 0.017424 0.005075 0.005203 0.018568 0.006887 0.019270 0.901936 0.018249 0.005793 0.018547 0.005548 
0.000230 0.000599 0.000092 0.000737 0.996867 0.000645 0.000092 0.000645 0.000092 0.000236 0.000614 0.000095 0.000772 0.996682 0.000725 0.000094 0.000688 0.000094 0.007327 0.019630 0.005622 0.019630 0.903880 0.016819 0.005714 0.016773 0.004608 0.007922 0.020685 0.006168 0.020927 0.896725 0.018241 0.006232 0.017998 0.005102 
0.000191 0.000715 0.000048 0.000667 0.997092 0.000572 0.000000 0.000572 0.000143 0.000198 0.000733 0.000048 0.000701 0.996974 0.000601 0.000000 0.000595 0.000150 0.006580 0.018118 0.003910 0.016973 0.909793 0.017069 0.005054 0.016354 0.006150 0.007071 0.019179 0.004311 0.018105 0.903404 0.018426 0.005427 0.017472 0.006605 
0.000091 0.000593 0.000137 0.000867 0.997081 0.000365 0.000182 0.000547 0.000137 0.000091 0.000677 0.000140 0.000903 0.996895 0.000381 0.000196 0.000563 0.000153 0.006795 0.020887 0.007343 0.024171 0.887946 0.021161 0.007388 0.017558 0.006750 0.007271 0.022272 0.007819 0.025524 0.880849 0.022387 0.007956 0.018557 0.007366 
0.000174 0.000869 0.000043 0.000435 0.997261 0.000783 0.000000 0.000348 0.000087 0.000182 0.000904 0.000047 0.000450 0.997069 0.000898 0.000000 0.000363 0.000088 0.006652 0.018694 0.007173 0.020650 0.895313 0.019607 0.007173 0.017998 0.006739 0.007082 0.019709 0.007736 0.021949 0.888612 0.020992 0.007641 0.018965 0.007314 
0.000047 0.000840 0.000000 0.000700 0.997153 0.000747 0.000000 0.000420 0.000093 0.000047 0.000876 0.000000 0.000720 0.997009 0.000806 0.000000 0.000446 0.000096 0.005320 0.016381 0.004387 0.015448 0.923134 0.012881 0.004947 0.013208 0.004294 0.005715 0.017311 0.004728 0.016410 0.917912 0.013927 0.005392 0.013961 0.004646 
0.000000 0.000324 0.000000 0.000509 0.998566 0.000278 0.000000 0.000278 0.000046 0.000000 0.000333 0.000000 0.000542 0.998486 0.000305 0.000000 0.000287 0.000047 0.002869 0.011937 0.002267 0.011520 0.947164 0.008328 0.002822 0.010919 0.002175 0.003094 0.012754 0.002465 0.012344 0.943282 0.008984 0.003033 0.011682 0.002362 
0.000000 0.000312 0.000089 0.000401 0.998575 0.000356 0.000000 0.000223 0.000045 0.000000 0.000319 0.000092 0.000423 0.998481 0.000396 0.000000 0.000241 0.000048 0.003786 0.012961 0.005256 0.015411 0.924595 0.015990 0.005300 0.012872 0.003830 0.004101 0.013816 0.005732 0.016392 0.918759 0.017316 0.005759 0.013859 0.004265 
0.000000 0.000319 0.000046 0.000319 0.998587 0.000365 0.000046 0.000273 0.000046 0.000000 0.000348 0.000047 0.000333 0.998472 0.000398 0.000046 0.000305 0.000050 0.004602 0.012485 0.003554 0.012713 0.935979 0.011392 0.003099 0.012121 0.004055 0.004899 0.013316 0.003865 0.013516 0.931162 0.012361 0.003378 0.013031 0.004472 
0.000202 0.000648 0.000081 0.000648 0.997572 0.000324 0.000040 0.000486 0.000000 0.000207 0.000663 0.000083 0.000683 0.997433 0.000380 0.000041 0.000509 0.000000 0.007972 0.019061 0.006961 0.022299 0.894011 0.018616 0.005949 0.018697 0.006435 0.008567 0.020044 0.007480 0.023756 0.886911 0.020064 0.006411 0.019774 0.006994 
0.000202 0.000729 0.000121 0.000486 0.997570 0.000405 0.000121 0.000243 0.000121 0.000217 0.000751 0.000127 0.000501 0.997450 0.000442 0.000127 0.000258 0.000126 0.005994 0.018994 0.005184 0.019601 0.904098 0.017091 0.006196 0.017455 0.005386 0.006502 0.020274 0.005581 0.020808 0.897352 0.018284 0.006707 0.018673 0.005818 
0.000118 0.000354 0.000197 0.000511 0.997720 0.000314 0.000079 0.000629 0.000079 0.000124 0.000361 0.000204 0.000541 0.997592 0.000341 0.000091 0.000666 0.000081 0.004599 0.015725 0.004403 0.017847 0.917093 0.016118 0.004442 0.015253 0.004521 0.005062 0.016622 0.004862 0.019153 0.910792 0.017333 0.004850 0.016376 0.004949 
0.000170 0.000425 0.000043 0.000765 0.997832 0.000255 0.000000 0.000298 0.000213 0.000179 0.000441 0.000044 0.000836 0.997658 0.000304 0.000000 0.000321 0.000218 0.006590 0.017686 0.005144 0.019770 0.907529 0.016283 0.006037 0.015476 0.005484 0.007071 0.018785 0.005599 0.021056 0.900690 0.017719 0.006561 0.016545 0.005973 
0.000210 0.000797 0.000126 0.001133 0.996350 0.000420 0.000168 0.000629 0.000168 0.000216 0.000817 0.000128 0.001179 0.996153 0.000507 0.000170 0.000654 0.000177 0.007594 0.018040 0.005664 0.023158 0.892096 0.023074 0.006671 0.016991 0.006713 0.008270 0.019068 0.006166 0.024539 0.884656 0.024773 0.007279 0.018040 0.007208 
0.000125 0.000502 0.000000 0.000544 0.997575 0.000376 0.000084 0.000669 0.000125 0.000126 0.000522 0.000000 0.000563 0.997437 0.000395 0.000092 0.000737 0.000128 0.006397 0.017518 0.006271 0.022535 0.900284 0.019650 0.005812 0.015595 0.005937 0.006847 0.018696 0.006735 0.024104 0.893428 0.020865 0.006249 0.016661 0.006416 
0.000126 0.000925 0.000042 0.000841 0.996971 0.000547 0.000084 0.000337 0.000126 0.000149 0.000989 0.000044 0.000886 0.996714 0.000648 0.000085 0.000350 0.000134 0.007698 0.019603 0.007782 0.021328 0.891595 0.019098 0.008077 0.018804 0.006015 0.008411 0.020820 0.008382 0.022632 0.883871 0.020559 0.008701 0.020063 0.006561 
0.000171 0.000471 0.000043 0.000728 0.997815 0.000300 0.000000 0.000343 0.000129 0.000175 0.000522 0.000044 0.000758 0.997688 0.000318 0.000000 0.000366 0.000130 0.005527 0.017266 0.005184 0.017823 0.912296 0.015338 0.005827 0.016538 0.004199 0.006012 0.018261 0.005609 0.018997 0.906132 0.016428 0.006263 0.017754 0.004544 
0.000146 0.000488 0.000098 0.000244 0.998586 0.000146 0.000000 0.000293 0.000000 0.000154 0.000551 0.000106 0.000248 0.998474 0.000150 0.000000 0.000317 0.000000 0.004048 0.013510 0.003024 0.014047 0.934644 0.012145 0.003170 0.011754 0.003658 0.004418 0.014379 0.003300 0.014953 0.929903 0.013040 0.003422 0.012667 0.003918 
0.000051 0.000707 0.000101 0.000303 0.998485 0.000101 0.000000 0.000253 0.000000 0.000051 0.000741 0.000109 0.000317 0.998398 0.000109 0.000000 0.000276 0.000000 0.005000 0.014597 0.004950 0.016465 0.921259 0.014496 0.003889 0.014193 0.005152 0.005371 0.015603 0.005410 0.017734 0.915418 0.015539 0.004207 0.015144 0.005574 
0.000231 0.000578 0.000000 0.000520 0.997920 0.000173 0.000000 0.000578 0.000000 0.000251 0.000601 0.000000 0.000534 0.997833 0.000181 0.000000 0.000599 0.000000 0.006530 0.014446 0.004507 0.015948 0.922339 0.015255 0.004507 0.012539 0.003929 0.007128 0.015404 0.004885 0.016983 0.916750 0.016343 0.004888 0.013391 0.004229 
0.000000 0.001160 0.000058 0.000348 0.996809 0.000812 0.000058 0.000638 0.000116 0.000000 0.001255 0.000060 0.000361 0.996510 0.000862 0.000099 0.000736 0.000117 0.005686 0.014214 0.004119 0.017115 0.921269 0.015491 0.004467 0.013054 0.004583 0.006053 0.015208 0.004400 0.018492 0.915171 0.016682 0.005019 0.014077 0.004898 
0.000242 0.000543 0.000000 0.000423 0.997645 0.000423 0.000121 0.000604 0.000000 0.000254 0.000561 0.000000 0.000476 0.997446 0.000498 0.000129 0.000636 0.000000 0.005977 0.014973 0.004890 0.014671 0.926221 0.012800 0.005072 0.011049 0.004347 0.006464 0.015916 0.005297 0.015837 0.920487 0.014009 0.005534 0.011735 0.004720 
0.000059 0.000293 0.000059 0.000411 0.998298 0.000411 0.000059 0.000352 0.000059 0.000060 0.000301 0.000063 0.000460 0.998084 0.000436 0.000060 0.000477 0.000059 0.003521 0.013202 0.002875 0.012204 0.938919 0.012556 0.002699 0.010444 0.003579 0.003866 0.014067 0.003139 0.013137 0.933933 0.013663 0.002920 0.011336 0.003938 
0.000159 0.000687 0.000053 0.000212 0.998044 0.000317 0.000053 0.000423 0.000053 0.000170 0.000725 0.000056 0.000228 0.997905 0.000336 0.000061 0.000462 0.000057 0.002485 0.011580 0.002697 0.010893 0.944850 0.010575 0.002750 0.011368 0.002802 0.002763 0.012298 0.003068 0.011798 0.940228 0.011503 0.002988 0.012307 0.003047 
0.000101 0.000960 0.000051 0.000859 0.996818 0.000606 0.000101 0.000404 0.000101 0.000108 0.000985 0.000051 0.000903 0.996674 0.000652 0.000102 0.000422 0.000104 0.006111 0.017374 0.005455 0.019444 0.904343 0.019899 0.005253 0.016414 0.005707 0.006500 0.018488 0.005861 0.020929 0.897583 0.021350 0.005734 0.017428 0.006127 
0.000000 0.001268 0.000152 0.000913 0.996450 0.000507 0.000000 0.000609 0.000101 0.000000 0.001328 0.000157 0.000965 0.996239 0.000527 0.000000 0.000673 0.000110 0.007302 0.022110 0.007860 0.024290 0.884280 0.019878 0.007961 0.019016 0.007302 0.007852 0.023355 0.008482 0.025722 0.876653 0.021246 0.008643 0.020113 0.007935 
0.000224 0.001007 0.000000 0.000615 0.997204 0.000391 0.000168 0.000391 0.000000 0.000237 0.001059 0.000000 0.000646 0.997055 0.000418 0.000170 0.000415 0.000000 0.007717 0.019460 0.005200 0.013644 0.913549 0.013421 0.005312 0.016161 0.005536 0.008447 0.020536 0.005612 0.014565 0.907406 0.014419 0.005743 0.017294 0.005978 
0.000061 0.000673 0.000000 0.000306 0.998104 0.000428 0.000061 0.000367 0.000000 0.000062 0.000697 0.000000 0.000362 0.997938 0.000487 0.000062 0.000392 0.000000 0.002324 0.011255 0.001713 0.010215 0.949780 0.009420 0.002630 0.009971 0.002691 0.002544 0.011981 0.001891 0.011033 0.945746 0.010216 0.002848 0.010727 0.003014 
0.000116 0.000406 0.000058 0.000348 0.997911 0.000406 0.000174 0.000464 0.000116 0.000124 0.000433 0.000059 0.000370 0.997768 0.000454 0.000178 0.000492 0.000122 0.003655 0.014505 0.002959 0.013229 0.932927 0.013055 0.003597 0.012997 0.003075 0.004020 0.015360 0.003244 0.014123 0.927898 0.014121 0.003933 0.013912 0.003389 
0.000000 0.000326 0.000054 0.000762 0.997878 0.000326 0.000109 0.000544 0.000000 0.000000 0.000388 0.000055 0.000803 0.997716 0.000359 0.000112 0.000567 0.000000 0.005061 0.016651 0.004136 0.016107 0.918648 0.015291 0.004353 0.014910 0.004843 0.005404 0.017779 0.004524 0.017223 0.912944 0.016360 0.004662 0.015871 0.005232 
0.000159 0.000688 0.000000 0.000741 0.997617 0.000529 0.000000 0.000265 0.000000 0.000162 0.000706 0.000000 0.000822 0.997407 0.000622 0.000000 0.000280 0.000000 0.005083 0.015991 0.005030 0.015938 0.919676 0.013661 0.005295 0.014190 0.005136 0.005501 0.016966 0.005551 0.017046 0.913621 0.014881 0.005764 0.015171 0.005499 
0.000118 0.000355 0.000000 0.000533 0.997986 0.000474 0.000000 0.000533 0.000000 0.000122 0.000362 0.000000 0.000556 0.997901 0.000489 0.000000 0.000571 0.000000 0.005035 0.012380 0.004502 0.014512 0.929037 0.013091 0.004620 0.011788 0.005035 0.005355 0.013214 0.004919 0.015487 0.923734 0.014150 0.005000 0.012662 0.005478 
0.000105 0.000891 0.000000 0.000734 0.997590 0.000419 0.000052 0.000157 0.000052 0.000111 0.000924 0.000000 0.000764 0.997370 0.000490 0.000054 0.000219 0.000068 0.004925 0.013465 0.003406 0.015614 0.931311 0.013885 0.003930 0.010217 0.003248 0.005370 0.014380 0.003708 0.016792 0.925822 0.014958 0.004305 0.011068 0.003596 
0.000000 0.001279 0.000053 0.000426 0.997495 0.000213 0.000107 0.000373 0.000053 0.000000 0.001371 0.000055 0.000448 0.997335 0.000223 0.000107 0.000399 0.000062 0.002824 0.010818 0.002451 0.014815 0.943725 0.012310 0.001759 0.007994 0.003304 0.003019 0.011597 0.002743 0.015901 0.939344 0.013212 0.001937 0.008673 0.003574 
0.000059 0.000411 0.000059 0.000176 0.998590 0.000411 0.000059 0.000176 0.000059 0.000060 0.000439 0.000067 0.000235 0.998371 0.000487 0.000069 0.000213 0.000060 0.001939 0.008283 0.002350 0.009870 0.958994 0.008460 0.001762 0.006521 0.001821 0.002123 0.008975 0.002701 0.010607 0.955234 0.009303 0.001951 0.007101 0.002006 
0.000000 0.000203 0.000000 0.000271 0.998508 0.000339 0.000068 0.000610 0.000000 0.000000 0.000203 0.000000 0.000289 0.998428 0.000376 0.000070 0.000633 0.000000 0.001695 0.006714 0.001356 0.007663 0.967245 0.006917 0.000746 0.006103 0.001560 0.001849 0.007188 0.001502 0.008421 0.964342 0.007526 0.000827 0.006646 0.001701 
0.000143 0.000500 0.000000 0.000357 0.998643 0.000143 0.000000 0.000143 0.000071 0.000146 0.000525 0.000000 0.000397 0.998549 0.000154 0.000000 0.000146 0.000082 0.002000 0.007643 0.001500 0.007215 0.967783 0.005786 0.001643 0.005286 0.001143 0.002238 0.008326 0.001606 0.007975 0.964725 0.006390 0.001795 0.005719 0.001226 
0.000152 0.000228 0.000000 0.000455 0.998254 0.000304 0.000076 0.000531 0.000000 0.000172 0.000235 0.000000 0.000496 0.998150 0.000319 0.000081 0.000546 0.000000 0.002885 0.008578 0.003872 0.009793 0.957109 0.007591 0.002277 0.006225 0.001670 0.003183 0.009203 0.004179 0.010537 0.953692 0.008205 0.002484 0.006684 0.001834 
0.000082 0.000742 0.000000 0.000494 0.998022 0.000082 0.000082 0.000494 0.000000 0.000087 0.000780 0.000000 0.000606 0.997845 0.000085 0.000083 0.000513 0.000000 0.001483 0.007500 0.001978 0.008901 0.965963 0.007005 0.001978 0.004203 0.000989 0.001580 0.008154 0.002180 0.009613 0.962986 0.007642 0.002170 0.004571 0.001105 
0.000150 0.000449 0.000000 0.000524 0.997680 0.000449 0.000000 0.000599 0.000150 0.000174 0.000462 0.000000 0.000554 0.997550 0.000479 0.000000 0.000630 0.000150 0.003966 0.012722 0.003143 0.016389 0.934521 0.014144 0.003891 0.008082 0.003143 0.004292 0.013579 0.003410 0.017481 0.929798 0.015144 0.004242 0.008655 0.003398 
0.000000 0.000861 0.000000 0.000861 0.996555 0.000000 0.000000 0.001723 0.000000 0.000000 0.000966 0.000000 0.000867 0.996312 0.000000 0.000000 0.001855 0.000000 0.006891 0.015504 0.000000 0.011197 0.950904 0.006029 0.000861 0.007752 0.000861 0.007243 0.016363 0.000000 0.012111 0.947210 0.006671 0.001018 0.008362 0.001021 
