0.000000 0.000671 0.000064 0.000224 0.998530 0.000192 0.000096 0.000160 0.000064 0.000000 0.000725 0.000087 0.000235 0.998368 0.000237 0.000104 0.000180 0.000065 0.001311 0.009685 0.001215 0.005530 0.967397 0.004891 0.001502 0.007703 0.000767 0.001444 0.010458 0.001370 0.005982 0.964352 0.005394 0.001710 0.008426 0.000864 
0.000121 0.000544 0.000000 0.000212 0.998700 0.000121 0.000091 0.000212 0.000000 0.000125 0.000584 0.000000 0.000247 0.998565 0.000156 0.000100 0.000223 0.000000 0.001754 0.010281 0.001028 0.006743 0.964802 0.005322 0.001270 0.007560 0.001240 0.001903 0.011190 0.001127 0.007401 0.961360 0.005913 0.001393 0.008309 0.001403 
0.000058 0.000578 0.000000 0.000260 0.998382 0.000376 0.000000 0.000231 0.000116 0.000069 0.000692 0.000000 0.000278 0.998179 0.000409 0.000000 0.000253 0.000119 0.001242 0.010630 0.001387 0.006500 0.963661 0.005315 0.001618 0.008204 0.001444 0.001371 0.011509 0.001517 0.007105 0.960424 0.005820 0.001787 0.008888 0.001579 
0.000143 0.000343 0.000000 0.000229 0.998828 0.000114 0.000086 0.000257 0.000000 0.000152 0.000383 0.000000 0.000244 0.998721 0.000121 0.000097 0.000282 0.000000 0.001601 0.009151 0.001087 0.006005 0.965913 0.005119 0.001115 0.008808 0.001201 0.001798 0.009820 0.001211 0.006570 0.962710 0.005726 0.001244 0.009583 0.001338 
0.000115 0.000375 0.000029 0.000230 0.998502 0.000403 0.000029 0.000288 0.000029 0.000116 0.000381 0.000029 0.000252 0.998355 0.000479 0.000030 0.000324 0.000033 0.001527 0.011006 0.001181 0.006627 0.960904 0.006367 0.001181 0.009853 0.001354 0.001668 0.011885 0.001300 0.007178 0.957415 0.007022 0.001303 0.010705 0.001526 
0.000061 0.000676 0.000000 0.000246 0.998187 0.000215 0.000277 0.000307 0.000031 0.000067 0.000745 0.000000 0.000253 0.997985 0.000255 0.000299 0.000361 0.000035 0.001844 0.010633 0.001168 0.005747 0.962447 0.005808 0.001537 0.009250 0.001567 0.002034 0.011507 0.001295 0.006210 0.959021 0.006353 0.001727 0.010088 0.001764 
0.000058 0.000491 0.000000 0.000144 0.998729 0.000173 0.000087 0.000202 0.000116 0.000062 0.000536 0.000000 0.000152 0.998619 0.000197 0.000098 0.000214 0.000121 0.001271 0.010229 0.000780 0.005952 0.966223 0.005114 0.001502 0.007599 0.001329 0.001407 0.011048 0.000865 0.006484 0.963159 0.005659 0.001619 0.008288 0.001470 
0.000027 0.000507 0.000000 0.000480 0.998559 0.000213 0.000027 0.000187 0.000000 0.000032 0.000519 0.000000 0.000501 0.998464 0.000255 0.000028 0.000202 0.000000 0.001814 0.012007 0.001388 0.008859 0.955386 0.006884 0.001894 0.010220 0.001548 0.002019 0.012897 0.001558 0.009577 0.951576 0.007543 0.002036 0.011098 0.001696 
0.000029 0.000381 0.000029 0.000264 0.998445 0.000352 0.000117 0.000352 0.000029 0.000030 0.000420 0.000032 0.000288 0.998320 0.000377 0.000126 0.000378 0.000030 0.001555 0.010471 0.001701 0.006365 0.962896 0.005221 0.001467 0.008887 0.001437 0.001707 0.011347 0.001877 0.006975 0.959432 0.005724 0.001624 0.009708 0.001607 
0.000028 0.000541 0.000057 0.000342 0.998319 0.000342 0.000028 0.000285 0.000057 0.000028 0.000560 0.000057 0.000385 0.998187 0.000388 0.000028 0.000299 0.000065 0.001653 0.011855 0.001482 0.006640 0.959989 0.005842 0.001624 0.009917 0.000997 0.001777 0.012740 0.001660 0.007185 0.956418 0.006570 0.001802 0.010776 0.001072 
0.000030 0.000506 0.000119 0.000268 0.998602 0.000327 0.000030 0.000119 0.000000 0.000032 0.000552 0.000127 0.000308 0.998483 0.000344 0.000030 0.000125 0.000000 0.001666 0.009014 0.001190 0.006307 0.965671 0.004968 0.001368 0.008627 0.001190 0.001821 0.009747 0.001321 0.006936 0.962456 0.005491 0.001485 0.009392 0.001350 
0.000000 0.000290 0.000032 0.000290 0.998905 0.000097 0.000000 0.000290 0.000097 0.000000 0.000314 0.000037 0.000332 0.998804 0.000106 0.000000 0.000309 0.000099 0.001707 0.010593 0.001127 0.006247 0.964259 0.004991 0.001127 0.008694 0.001256 0.001876 0.011476 0.001291 0.006839 0.960926 0.005471 0.001240 0.009493 0.001389 
0.000032 0.000544 0.000032 0.000416 0.998464 0.000256 0.000032 0.000192 0.000032 0.000037 0.000569 0.000033 0.000423 0.998363 0.000293 0.000032 0.000214 0.000036 0.001440 0.010211 0.001504 0.006402 0.961844 0.005410 0.001504 0.010275 0.001408 0.001602 0.010887 0.001685 0.006891 0.958726 0.005954 0.001646 0.011091 0.001519 
0.000062 0.000341 0.000031 0.000465 0.998294 0.000310 0.000093 0.000403 0.000000 0.000065 0.000352 0.000031 0.000527 0.998153 0.000323 0.000097 0.000452 0.000000 0.002016 0.009646 0.001272 0.005800 0.963897 0.005490 0.001396 0.009181 0.001303 0.002192 0.010339 0.001422 0.006360 0.960567 0.006077 0.001508 0.010112 0.001422 
0.000092 0.000674 0.000031 0.000368 0.998069 0.000245 0.000000 0.000460 0.000061 0.000101 0.000756 0.000032 0.000399 0.997839 0.000260 0.000000 0.000550 0.000063 0.001931 0.011373 0.001809 0.007173 0.959045 0.006039 0.001625 0.009472 0.001533 0.002097 0.012165 0.002032 0.007754 0.955419 0.006719 0.001792 0.010332 0.001689 
0.000030 0.000511 0.000030 0.000331 0.998316 0.000391 0.000060 0.000331 0.000000 0.000034 0.000534 0.000031 0.000345 0.998167 0.000427 0.000066 0.000396 0.000000 0.001895 0.011790 0.001414 0.007579 0.957142 0.006527 0.001744 0.010677 0.001233 0.002051 0.012637 0.001551 0.008228 0.953395 0.007123 0.001918 0.011745 0.001352 
0.000061 0.000549 0.000061 0.000183 0.998720 0.000213 0.000030 0.000122 0.000061 0.000062 0.000565 0.000063 0.000193 0.998651 0.000232 0.000040 0.000133 0.000062 0.001554 0.012494 0.001920 0.006613 0.957856 0.006765 0.001859 0.009447 0.001493 0.001737 0.013369 0.002107 0.007124 0.954263 0.007409 0.002112 0.010225 0.001654 
0.000068 0.000610 0.000034 0.000136 0.998543 0.000271 0.000034 0.000237 0.000068 0.000068 0.000673 0.000035 0.000140 0.998417 0.000288 0.000034 0.000275 0.000070 0.001864 0.011151 0.001356 0.005457 0.962242 0.006236 0.001118 0.009185 0.001390 0.002118 0.012082 0.001513 0.005907 0.958809 0.006836 0.001266 0.009927 0.001542 
0.000034 0.000479 0.000034 0.000342 0.998631 0.000103 0.000000 0.000205 0.000171 0.000034 0.000485 0.000035 0.000366 0.998543 0.000110 0.000000 0.000241 0.000185 0.002019 0.011943 0.001472 0.006468 0.960576 0.006228 0.001643 0.008247 0.001403 0.002211 0.012853 0.001622 0.007083 0.956937 0.006940 0.001815 0.009007 0.001531 
0.000215 0.000860 0.000000 0.000358 0.997636 0.000322 0.000107 0.000358 0.000143 0.000228 0.000911 0.000000 0.000369 0.997460 0.000338 0.000113 0.000416 0.000164 0.002650 0.014505 0.002113 0.007091 0.954516 0.006554 0.002006 0.009025 0.001540 0.002886 0.015650 0.002297 0.007591 0.950710 0.007120 0.002232 0.009769 0.001743 
0.000079 0.000670 0.000000 0.000158 0.998541 0.000197 0.000039 0.000276 0.000039 0.000092 0.000707 0.000000 0.000159 0.998456 0.000213 0.000040 0.000291 0.000042 0.002050 0.011787 0.001537 0.006031 0.960777 0.005755 0.001025 0.009145 0.001892 0.002268 0.012708 0.001740 0.006533 0.957304 0.006327 0.001152 0.009923 0.002045 
0.000099 0.001056 0.000099 0.000165 0.997821 0.000132 0.000033 0.000561 0.000033 0.000100 0.001141 0.000102 0.000173 0.997603 0.000173 0.000038 0.000636 0.000034 0.002047 0.013501 0.001386 0.007889 0.956627 0.006404 0.001419 0.009606 0.001122 0.002244 0.014518 0.001514 0.008538 0.952845 0.007048 0.001606 0.010441 0.001246 
0.000033 0.000563 0.000000 0.000265 0.998146 0.000166 0.000099 0.000629 0.000099 0.000037 0.000599 0.000000 0.000276 0.998028 0.000179 0.000103 0.000663 0.000115 0.002284 0.013010 0.001721 0.007945 0.950939 0.007581 0.002450 0.011818 0.002251 0.002541 0.014034 0.001919 0.008555 0.946779 0.008256 0.002696 0.012748 0.002473 
0.000108 0.000722 0.000072 0.000361 0.997870 0.000180 0.000036 0.000433 0.000217 0.000115 0.000746 0.000088 0.000391 0.997733 0.000196 0.000037 0.000464 0.000230 0.002274 0.013537 0.001805 0.006787 0.954444 0.006353 0.002310 0.010938 0.001552 0.002466 0.014565 0.001994 0.007382 0.950568 0.006898 0.002571 0.011809 0.001746 
0.000104 0.000590 0.000035 0.000521 0.998264 0.000208 0.000000 0.000243 0.000035 0.000104 0.000618 0.000038 0.000662 0.998063 0.000215 0.000000 0.000260 0.000040 0.001771 0.013091 0.001771 0.008542 0.954025 0.005625 0.001945 0.011459 0.001771 0.001922 0.014033 0.001944 0.009275 0.949980 0.006285 0.002162 0.012428 0.001970 
0.000036 0.000892 0.000000 0.000285 0.998180 0.000143 0.000071 0.000392 0.000000 0.000037 0.001013 0.000000 0.000294 0.997921 0.000183 0.000072 0.000480 0.000000 0.001498 0.012023 0.001035 0.006814 0.961005 0.005352 0.001605 0.009169 0.001498 0.001648 0.013019 0.001114 0.007347 0.957604 0.005866 0.001761 0.009974 0.001668 
0.000112 0.000447 0.000112 0.000410 0.998324 0.000298 0.000000 0.000224 0.000075 0.000119 0.000491 0.000114 0.000452 0.998206 0.000309 0.000000 0.000232 0.000076 0.002310 0.012368 0.001900 0.007898 0.953656 0.006519 0.002123 0.011288 0.001937 0.002519 0.013142 0.002109 0.008584 0.949872 0.007161 0.002342 0.012172 0.002099 
0.000000 0.000755 0.000000 0.000172 0.998148 0.000377 0.000000 0.000412 0.000137 0.000000 0.000789 0.000000 0.000175 0.998029 0.000415 0.000000 0.000442 0.000150 0.002161 0.012280 0.001784 0.006826 0.955922 0.006826 0.001818 0.010599 0.001784 0.002352 0.013156 0.001972 0.007399 0.952022 0.007556 0.002001 0.011585 0.001958 
0.000151 0.000794 0.000113 0.000378 0.997770 0.000227 0.000189 0.000265 0.000113 0.000163 0.000834 0.000118 0.000411 0.997592 0.000253 0.000209 0.000297 0.000122 0.002949 0.014366 0.001626 0.007825 0.951006 0.006389 0.002079 0.011908 0.001852 0.003216 0.015393 0.001825 0.008580 0.946815 0.006959 0.002310 0.012823 0.002078 
0.000067 0.000876 0.000034 0.000506 0.997405 0.000438 0.000101 0.000539 0.000034 0.000082 0.000943 0.000036 0.000554 0.997134 0.000465 0.000107 0.000644 0.000035 0.002528 0.014458 0.001752 0.008358 0.950222 0.007044 0.002157 0.011998 0.001483 0.002815 0.015651 0.001955 0.009035 0.945611 0.007771 0.002356 0.013149 0.001658 
0.000158 0.000725 0.000000 0.000284 0.998204 0.000221 0.000032 0.000347 0.000032 0.000168 0.000748 0.000000 0.000300 0.998082 0.000237 0.000033 0.000399 0.000032 0.002898 0.014900 0.001544 0.009702 0.947237 0.007560 0.001922 0.012254 0.001985 0.003231 0.016031 0.001719 0.010436 0.942628 0.008256 0.002109 0.013403 0.002186 
0.000062 0.000711 0.000000 0.000371 0.998115 0.000185 0.000093 0.000402 0.000062 0.000063 0.000737 0.000000 0.000406 0.998031 0.000189 0.000097 0.000415 0.000062 0.001700 0.013043 0.001731 0.008221 0.953052 0.006985 0.002225 0.010941 0.002102 0.001843 0.013946 0.001914 0.008786 0.949398 0.007530 0.002450 0.011841 0.002292 
0.000102 0.000575 0.000135 0.000271 0.998443 0.000034 0.000000 0.000338 0.000102 0.000115 0.000600 0.000140 0.000294 0.998347 0.000038 0.000000 0.000360 0.000106 0.002437 0.013435 0.001591 0.008460 0.952690 0.005922 0.001827 0.011641 0.001997 0.002680 0.014459 0.001841 0.009104 0.948681 0.006480 0.002033 0.012533 0.002190 
0.000093 0.000589 0.000031 0.000248 0.998233 0.000186 0.000093 0.000465 0.000062 0.000101 0.000623 0.000031 0.000251 0.998163 0.000189 0.000096 0.000481 0.000065 0.002232 0.012677 0.001550 0.008430 0.952672 0.006695 0.002170 0.011561 0.002015 0.002449 0.013602 0.001736 0.009139 0.948772 0.007332 0.002391 0.012368 0.002210 
0.000198 0.000514 0.000119 0.000198 0.998298 0.000237 0.000079 0.000317 0.000040 0.000219 0.000528 0.000126 0.000199 0.998208 0.000244 0.000085 0.000349 0.000041 0.001979 0.011990 0.002058 0.007598 0.953583 0.006608 0.002018 0.011713 0.002453 0.002171 0.012750 0.002278 0.008238 0.949778 0.007211 0.002178 0.012636 0.002761 
0.000163 0.000692 0.000000 0.000448 0.997639 0.000366 0.000204 0.000448 0.000041 0.000178 0.000705 0.000000 0.000460 0.997465 0.000460 0.000213 0.000478 0.000041 0.002564 0.014287 0.001384 0.007896 0.950830 0.007001 0.002157 0.011682 0.002198 0.002785 0.015423 0.001511 0.008476 0.946599 0.007662 0.002418 0.012680 0.002446 
0.000075 0.000488 0.000113 0.000488 0.998011 0.000225 0.000075 0.000488 0.000038 0.000076 0.000509 0.000120 0.000536 0.997893 0.000235 0.000078 0.000514 0.000038 0.001989 0.015538 0.002364 0.008369 0.945693 0.008632 0.002552 0.012835 0.002027 0.002141 0.016582 0.002621 0.009089 0.941375 0.009379 0.002803 0.013797 0.002213 
0.000105 0.000667 0.000035 0.000351 0.997790 0.000246 0.000210 0.000421 0.000175 0.000111 0.000694 0.000036 0.000362 0.997649 0.000265 0.000225 0.000472 0.000186 0.002736 0.015015 0.001930 0.010034 0.944289 0.008946 0.002035 0.013156 0.001859 0.003026 0.016021 0.002114 0.010868 0.939538 0.009803 0.002259 0.014309 0.002061 
0.000031 0.000657 0.000000 0.000469 0.997499 0.000500 0.000000 0.000688 0.000156 0.000036 0.000737 0.000000 0.000490 0.997322 0.000515 0.000000 0.000736 0.000163 0.002751 0.014225 0.001938 0.008972 0.946259 0.009066 0.002438 0.012661 0.001688 0.003020 0.015278 0.002125 0.009677 0.941784 0.009785 0.002700 0.013764 0.001867 
0.000073 0.000514 0.000294 0.000147 0.997907 0.000477 0.000110 0.000367 0.000110 0.000077 0.000537 0.000318 0.000149 0.997755 0.000524 0.000113 0.000414 0.000113 0.002901 0.014177 0.002681 0.008264 0.948325 0.008447 0.001653 0.011238 0.002314 0.003178 0.015202 0.003007 0.008836 0.943815 0.009333 0.001816 0.012199 0.002614 
0.000035 0.000522 0.000000 0.000244 0.998294 0.000383 0.000035 0.000487 0.000000 0.000035 0.000548 0.000000 0.000264 0.998204 0.000392 0.000038 0.000519 0.000000 0.002750 0.013437 0.001845 0.008529 0.949941 0.007624 0.002054 0.012114 0.001706 0.003061 0.014402 0.002033 0.009193 0.945651 0.008383 0.002263 0.013102 0.001911 
0.000080 0.000636 0.000000 0.000755 0.997535 0.000278 0.000119 0.000517 0.000080 0.000087 0.000661 0.000000 0.000791 0.997389 0.000298 0.000129 0.000556 0.000090 0.002783 0.013955 0.001232 0.008985 0.949032 0.007474 0.001789 0.013159 0.001590 0.002979 0.014930 0.001380 0.009705 0.944905 0.008054 0.002041 0.014272 0.001734 
0.000226 0.000790 0.000075 0.000226 0.997478 0.000376 0.000188 0.000452 0.000188 0.000240 0.000894 0.000078 0.000229 0.997266 0.000410 0.000202 0.000479 0.000202 0.002371 0.012948 0.001468 0.007227 0.952462 0.007829 0.001844 0.011631 0.002221 0.002626 0.014051 0.001598 0.007746 0.948362 0.008520 0.002027 0.012577 0.002492 
0.000106 0.000602 0.000071 0.000390 0.997769 0.000248 0.000071 0.000531 0.000212 0.000108 0.000639 0.000071 0.000428 0.997524 0.000266 0.000078 0.000667 0.000219 0.002125 0.015086 0.001700 0.007649 0.948332 0.007685 0.002408 0.013138 0.001877 0.002328 0.016035 0.001878 0.008316 0.943862 0.008331 0.002677 0.014473 0.002100 
0.000000 0.000564 0.000040 0.000040 0.998549 0.000161 0.000201 0.000363 0.000081 0.000000 0.000634 0.000060 0.000040 0.998407 0.000166 0.000208 0.000395 0.000089 0.002378 0.015757 0.001894 0.008342 0.945555 0.008342 0.002660 0.013259 0.001813 0.002632 0.016837 0.002116 0.009094 0.940907 0.009149 0.002960 0.014301 0.002004 
0.000138 0.000758 0.000034 0.000207 0.997865 0.000379 0.000103 0.000344 0.000172 0.000150 0.000808 0.000035 0.000216 0.997727 0.000409 0.000104 0.000366 0.000184 0.002927 0.017116 0.002548 0.009746 0.939837 0.008850 0.002548 0.014016 0.002411 0.003225 0.018233 0.002795 0.010509 0.934970 0.009644 0.002822 0.015153 0.002649 
0.000099 0.000526 0.000066 0.000428 0.998190 0.000165 0.000033 0.000428 0.000066 0.000129 0.000584 0.000071 0.000459 0.998014 0.000172 0.000033 0.000469 0.000069 0.002468 0.013195 0.001843 0.006910 0.952451 0.006713 0.002073 0.012340 0.002007 0.002730 0.014114 0.002031 0.007545 0.948337 0.007302 0.002321 0.013400 0.002221 
0.000035 0.000773 0.000035 0.000246 0.997644 0.000176 0.000211 0.000563 0.000316 0.000037 0.000801 0.000038 0.000272 0.997516 0.000181 0.000222 0.000601 0.000333 0.002813 0.015574 0.002039 0.007770 0.946562 0.007840 0.002250 0.012762 0.002391 0.003117 0.016688 0.002256 0.008424 0.942004 0.008613 0.002454 0.013769 0.002674 
0.000072 0.000868 0.000000 0.000289 0.998119 0.000145 0.000145 0.000253 0.000109 0.000084 0.000996 0.000000 0.000302 0.997931 0.000159 0.000152 0.000267 0.000110 0.003148 0.014725 0.002460 0.009624 0.941100 0.009045 0.003003 0.014580 0.002315 0.003450 0.015914 0.002695 0.010308 0.936215 0.009831 0.003315 0.015716 0.002556 
0.000076 0.000797 0.000038 0.000341 0.997989 0.000228 0.000190 0.000341 0.000000 0.000079 0.000831 0.000038 0.000355 0.997899 0.000241 0.000204 0.000353 0.000000 0.002655 0.013657 0.002580 0.007966 0.947991 0.008839 0.001935 0.012139 0.002238 0.002900 0.014611 0.002874 0.008535 0.943816 0.009526 0.002136 0.013174 0.002427 
0.000033 0.000590 0.000066 0.000295 0.998001 0.000623 0.000066 0.000295 0.000033 0.000034 0.000617 0.000076 0.000316 0.997845 0.000692 0.000072 0.000313 0.000035 0.001934 0.013699 0.002130 0.008980 0.948841 0.008226 0.001737 0.012519 0.001934 0.002137 0.014627 0.002361 0.009585 0.944718 0.008982 0.001946 0.013512 0.002132 
0.000069 0.000582 0.000069 0.000206 0.998355 0.000137 0.000137 0.000377 0.000069 0.000076 0.000610 0.000072 0.000211 0.998210 0.000171 0.000141 0.000440 0.000069 0.001782 0.012095 0.001576 0.006544 0.957651 0.005996 0.001679 0.010896 0.001782 0.001983 0.013003 0.001761 0.007061 0.953862 0.006586 0.001854 0.011943 0.001948 
0.000032 0.000607 0.000032 0.000192 0.998307 0.000287 0.000128 0.000351 0.000064 0.000035 0.000651 0.000037 0.000206 0.998202 0.000303 0.000136 0.000364 0.000066 0.003002 0.014341 0.001693 0.007346 0.949725 0.006484 0.002364 0.012680 0.002364 0.003339 0.015506 0.001864 0.007930 0.945336 0.007111 0.002605 0.013684 0.002625 
0.000128 0.000610 0.000128 0.000289 0.997946 0.000353 0.000064 0.000481 0.000000 0.000132 0.000649 0.000132 0.000307 0.997789 0.000413 0.000067 0.000511 0.000000 0.002054 0.013736 0.001990 0.007863 0.950382 0.006483 0.001990 0.013576 0.001926 0.002267 0.014803 0.002174 0.008568 0.946114 0.007072 0.002216 0.014653 0.002132 
0.000103 0.000789 0.000000 0.000309 0.997872 0.000275 0.000069 0.000481 0.000103 0.000112 0.000918 0.000000 0.000327 0.997675 0.000292 0.000069 0.000502 0.000104 0.002643 0.013695 0.001613 0.007620 0.953012 0.006247 0.001442 0.011773 0.001956 0.002866 0.014793 0.001784 0.008257 0.948948 0.006896 0.001552 0.012745 0.002158 
0.000088 0.000702 0.000059 0.000380 0.997981 0.000263 0.000000 0.000439 0.000088 0.000096 0.000721 0.000059 0.000393 0.997852 0.000290 0.000000 0.000494 0.000095 0.002516 0.013956 0.001609 0.008456 0.948622 0.007519 0.002136 0.013371 0.001814 0.002736 0.014983 0.001764 0.009027 0.944374 0.008237 0.002358 0.014536 0.001984 
0.000034 0.000612 0.000068 0.000170 0.998266 0.000238 0.000136 0.000408 0.000068 0.000037 0.000637 0.000071 0.000179 0.998159 0.000248 0.000145 0.000456 0.000069 0.002855 0.013734 0.001836 0.008634 0.948227 0.007751 0.002108 0.012374 0.002482 0.003134 0.014596 0.001996 0.009282 0.944054 0.008474 0.002370 0.013403 0.002690 
0.000132 0.000592 0.000099 0.000362 0.997829 0.000230 0.000099 0.000526 0.000132 0.000136 0.000615 0.000117 0.000374 0.997689 0.000248 0.000105 0.000565 0.000150 0.003322 0.014112 0.002467 0.008388 0.946380 0.007171 0.002336 0.013553 0.002270 0.003620 0.015152 0.002732 0.009070 0.941986 0.007800 0.002560 0.014586 0.002495 
0.000213 0.000823 0.000030 0.000518 0.997349 0.000244 0.000152 0.000548 0.000122 0.000246 0.000933 0.000033 0.000528 0.997116 0.000253 0.000163 0.000595 0.000132 0.002803 0.014989 0.001858 0.008531 0.946562 0.008226 0.002315 0.012552 0.002163 0.003074 0.016075 0.002069 0.009180 0.942174 0.009003 0.002555 0.013525 0.002345 
0.000035 0.000562 0.000176 0.000246 0.998245 0.000211 0.000105 0.000421 0.000000 0.000038 0.000585 0.000184 0.000251 0.998142 0.000222 0.000110 0.000467 0.000000 0.002878 0.012426 0.001755 0.007161 0.952892 0.006459 0.002527 0.011900 0.002001 0.003127 0.013354 0.001929 0.007700 0.948755 0.007024 0.002809 0.013092 0.002210 
0.000121 0.000577 0.000030 0.000395 0.997936 0.000425 0.000091 0.000425 0.000000 0.000125 0.000640 0.000031 0.000426 0.997753 0.000475 0.000098 0.000451 0.000000 0.002640 0.016509 0.002306 0.008315 0.942887 0.007951 0.002155 0.014627 0.002610 0.002922 0.017679 0.002527 0.008976 0.938189 0.008623 0.002403 0.015807 0.002874 
0.000071 0.000818 0.000071 0.000391 0.997759 0.000285 0.000142 0.000356 0.000107 0.000074 0.000847 0.000074 0.000421 0.997573 0.000301 0.000163 0.000387 0.000160 0.002455 0.014443 0.001957 0.008467 0.948986 0.007150 0.002206 0.012202 0.002134 0.002709 0.015438 0.002164 0.009265 0.944496 0.007831 0.002460 0.013250 0.002387 
0.000070 0.001119 0.000035 0.000455 0.997167 0.000490 0.000070 0.000490 0.000105 0.000071 0.001203 0.000035 0.000479 0.996929 0.000525 0.000088 0.000559 0.000111 0.002693 0.015774 0.001364 0.008324 0.946908 0.008849 0.002029 0.012311 0.001749 0.002935 0.016827 0.001511 0.009049 0.942525 0.009669 0.002293 0.013275 0.001916 
0.000064 0.000674 0.000000 0.000257 0.998042 0.000417 0.000128 0.000385 0.000032 0.000067 0.000694 0.000000 0.000273 0.997886 0.000470 0.000137 0.000441 0.000032 0.001990 0.014475 0.002407 0.008698 0.947203 0.008281 0.002182 0.012678 0.002086 0.002155 0.015459 0.002701 0.009363 0.942844 0.008969 0.002435 0.013737 0.002336 
0.000071 0.000671 0.000141 0.000353 0.997775 0.000318 0.000035 0.000600 0.000035 0.000079 0.000691 0.000155 0.000365 0.997639 0.000330 0.000036 0.000667 0.000038 0.003426 0.014727 0.002366 0.009747 0.942471 0.008723 0.002401 0.013985 0.002154 0.003739 0.015756 0.002624 0.010546 0.937675 0.009492 0.002699 0.015084 0.002385 
0.000099 0.000826 0.000066 0.000529 0.997025 0.000364 0.000198 0.000826 0.000066 0.000109 0.000904 0.000071 0.000550 0.996759 0.000375 0.000208 0.000956 0.000068 0.003239 0.016526 0.002380 0.009089 0.942160 0.008098 0.002247 0.014377 0.001884 0.003552 0.017701 0.002623 0.009828 0.937276 0.008776 0.002463 0.015682 0.002098 
0.000000 0.000431 0.000072 0.000396 0.997771 0.000360 0.000252 0.000647 0.000072 0.000000 0.000441 0.000077 0.000422 0.997551 0.000381 0.000258 0.000783 0.000088 0.002445 0.013915 0.002481 0.008809 0.946100 0.007335 0.002301 0.014203 0.002409 0.002644 0.014952 0.002779 0.009488 0.941623 0.007979 0.002534 0.015307 0.002695 
0.000087 0.000902 0.000087 0.000349 0.997701 0.000378 0.000116 0.000320 0.000058 0.000096 0.000964 0.000089 0.000373 0.997537 0.000399 0.000133 0.000348 0.000063 0.002473 0.014868 0.002008 0.008845 0.944687 0.008234 0.002357 0.014054 0.002473 0.002700 0.015932 0.002166 0.009610 0.940365 0.008868 0.002555 0.015062 0.002742 
0.000098 0.000492 0.000033 0.000426 0.998197 0.000295 0.000000 0.000393 0.000066 0.000105 0.000515 0.000034 0.000443 0.998036 0.000379 0.000000 0.000420 0.000068 0.002590 0.013047 0.001868 0.008785 0.950239 0.007244 0.002065 0.012129 0.002032 0.002891 0.013992 0.002100 0.009503 0.945911 0.007986 0.002278 0.013110 0.002229 
0.000034 0.000710 0.000101 0.000304 0.998106 0.000237 0.000034 0.000372 0.000101 0.000039 0.000730 0.000111 0.000312 0.998009 0.000250 0.000035 0.000407 0.000107 0.002942 0.014846 0.002570 0.008961 0.944067 0.008623 0.002333 0.013324 0.002333 0.003271 0.015897 0.002869 0.009682 0.939373 0.009341 0.002575 0.014451 0.002543 
0.000033 0.000884 0.000131 0.000622 0.997120 0.000491 0.000229 0.000425 0.000065 0.000033 0.000969 0.000134 0.000662 0.996929 0.000519 0.000247 0.000439 0.000069 0.003208 0.015972 0.002291 0.009557 0.939875 0.009426 0.002357 0.014827 0.002487 0.003531 0.017196 0.002572 0.010289 0.934681 0.010367 0.002590 0.016022 0.002750 
0.000151 0.001055 0.000075 0.000113 0.997740 0.000414 0.000038 0.000339 0.000075 0.000161 0.001204 0.000082 0.000113 0.997527 0.000441 0.000041 0.000353 0.000079 0.002599 0.015218 0.002335 0.009869 0.941839 0.008476 0.002675 0.014729 0.002260 0.002883 0.016318 0.002560 0.010660 0.937043 0.009229 0.002927 0.015945 0.002435 
0.000098 0.000852 0.000197 0.000229 0.997476 0.000361 0.000098 0.000524 0.000164 0.000115 0.000967 0.000209 0.000255 0.997170 0.000407 0.000103 0.000596 0.000179 0.003704 0.015079 0.002229 0.009801 0.941684 0.009146 0.002754 0.013276 0.002327 0.004068 0.016216 0.002470 0.010596 0.936828 0.009915 0.002992 0.014382 0.002533 
0.000034 0.000638 0.000034 0.000134 0.998255 0.000235 0.000034 0.000537 0.000101 0.000034 0.000693 0.000035 0.000139 0.998134 0.000249 0.000034 0.000577 0.000105 0.002886 0.014429 0.002349 0.009228 0.942252 0.008187 0.002483 0.016073 0.002114 0.003205 0.015469 0.002590 0.009882 0.937359 0.008930 0.002764 0.017481 0.002320 
0.000121 0.000729 0.000030 0.000364 0.997509 0.000182 0.000091 0.000729 0.000243 0.000126 0.000745 0.000032 0.000372 0.997399 0.000195 0.000095 0.000772 0.000263 0.002855 0.014428 0.002126 0.009386 0.945570 0.007502 0.002369 0.013304 0.002460 0.003099 0.015329 0.002337 0.010157 0.941143 0.008169 0.002604 0.014412 0.002750 
0.000066 0.000987 0.000132 0.000329 0.997729 0.000099 0.000066 0.000527 0.000066 0.000068 0.001045 0.000144 0.000365 0.997539 0.000100 0.000074 0.000598 0.000067 0.002468 0.014711 0.002106 0.008886 0.942967 0.008227 0.002238 0.016192 0.002205 0.002701 0.015912 0.002342 0.009509 0.938244 0.008928 0.002435 0.017446 0.002483 
0.000124 0.000527 0.000000 0.000403 0.998264 0.000155 0.000062 0.000434 0.000031 0.000129 0.000552 0.000000 0.000415 0.998183 0.000164 0.000067 0.000456 0.000034 0.002138 0.012769 0.002015 0.008523 0.951373 0.006384 0.002015 0.012490 0.002293 0.002345 0.013708 0.002226 0.009216 0.947418 0.006885 0.002192 0.013488 0.002521 
0.000144 0.000604 0.000029 0.000547 0.997611 0.000461 0.000115 0.000432 0.000058 0.000149 0.000621 0.000030 0.000568 0.997486 0.000509 0.000126 0.000450 0.000062 0.002101 0.017183 0.001784 0.009872 0.944422 0.008001 0.002965 0.012060 0.001612 0.002298 0.018413 0.001992 0.010796 0.939658 0.008715 0.003266 0.013061 0.001801 
0.000124 0.000777 0.000093 0.000218 0.998103 0.000218 0.000155 0.000280 0.000031 0.000131 0.000873 0.000099 0.000229 0.997894 0.000235 0.000163 0.000342 0.000035 0.002830 0.014086 0.002083 0.007743 0.947604 0.007681 0.002674 0.013340 0.001959 0.003169 0.015079 0.002322 0.008300 0.943090 0.008411 0.002953 0.014496 0.002179 
0.000061 0.000733 0.000122 0.000519 0.997680 0.000305 0.000092 0.000488 0.000000 0.000065 0.000804 0.000144 0.000609 0.997395 0.000327 0.000096 0.000559 0.000000 0.003175 0.016851 0.002503 0.009860 0.938853 0.008731 0.002503 0.015355 0.002167 0.003521 0.017943 0.002811 0.010763 0.933573 0.009499 0.002764 0.016706 0.002420 
0.000065 0.000655 0.000065 0.000491 0.997610 0.000262 0.000065 0.000687 0.000098 0.000067 0.000660 0.000072 0.000518 0.997482 0.000279 0.000066 0.000752 0.000105 0.002455 0.015680 0.002095 0.009461 0.942058 0.008053 0.002259 0.015713 0.002226 0.002724 0.016784 0.002331 0.010130 0.937092 0.008863 0.002482 0.017103 0.002491 
0.000067 0.000839 0.000168 0.000134 0.997853 0.000134 0.000168 0.000570 0.000067 0.000068 0.000867 0.000173 0.000141 0.997741 0.000139 0.000175 0.000624 0.000070 0.002583 0.015331 0.002717 0.008454 0.944044 0.007984 0.002751 0.014123 0.002013 0.002760 0.016396 0.002984 0.009067 0.939558 0.008747 0.002987 0.015309 0.002192 
0.000028 0.000961 0.000141 0.000481 0.997455 0.000226 0.000141 0.000481 0.000085 0.000029 0.000991 0.000151 0.000494 0.997310 0.000267 0.000152 0.000511 0.000095 0.002743 0.016937 0.002319 0.009925 0.942319 0.008511 0.001866 0.012695 0.002686 0.003015 0.018078 0.002560 0.010659 0.937740 0.009249 0.002073 0.013674 0.002952 
0.000037 0.000743 0.000111 0.000334 0.997920 0.000149 0.000111 0.000594 0.000000 0.000038 0.000815 0.000129 0.000382 0.997685 0.000154 0.000119 0.000679 0.000000 0.002711 0.014039 0.002674 0.008691 0.949304 0.006797 0.002117 0.012108 0.001560 0.003008 0.015212 0.002961 0.009432 0.944783 0.007425 0.002388 0.013106 0.001685 
0.000176 0.000880 0.000106 0.000458 0.997501 0.000422 0.000070 0.000352 0.000035 0.000188 0.000914 0.000111 0.000503 0.997333 0.000447 0.000083 0.000386 0.000036 0.002640 0.016298 0.002182 0.009328 0.940265 0.008694 0.002746 0.014995 0.002851 0.002896 0.017460 0.002380 0.010027 0.935321 0.009494 0.003062 0.016192 0.003168 
0.000183 0.001061 0.000110 0.000329 0.997366 0.000256 0.000110 0.000366 0.000219 0.000194 0.001103 0.000128 0.000410 0.997166 0.000271 0.000111 0.000376 0.000239 0.002743 0.017265 0.001646 0.009803 0.942097 0.007279 0.002634 0.014777 0.001756 0.003040 0.018582 0.001823 0.010550 0.937422 0.007854 0.002871 0.015930 0.001930 
0.000078 0.000504 0.000078 0.000310 0.998061 0.000271 0.000271 0.000427 0.000000 0.000080 0.000529 0.000081 0.000370 0.997924 0.000281 0.000285 0.000451 0.000000 0.002482 0.014737 0.002560 0.009230 0.944309 0.007213 0.002055 0.015009 0.002404 0.002752 0.015714 0.002788 0.010032 0.939771 0.007853 0.002254 0.016122 0.002714 
0.000132 0.000396 0.000099 0.000330 0.998579 0.000066 0.000066 0.000264 0.000066 0.000142 0.000438 0.000112 0.000355 0.998457 0.000075 0.000070 0.000282 0.000069 0.002511 0.014538 0.002478 0.009582 0.944790 0.008161 0.002148 0.013943 0.001850 0.002763 0.015484 0.002755 0.010408 0.940287 0.008807 0.002361 0.015095 0.002040 
0.000139 0.000625 0.000069 0.000520 0.998022 0.000173 0.000000 0.000382 0.000069 0.000150 0.000654 0.000074 0.000540 0.997919 0.000187 0.000000 0.000402 0.000073 0.002741 0.015093 0.001631 0.009437 0.944973 0.009021 0.002498 0.012525 0.002082 0.003052 0.016250 0.001787 0.010092 0.940430 0.009837 0.002769 0.013494 0.002290 
0.000099 0.000463 0.000033 0.000529 0.997685 0.000397 0.000066 0.000628 0.000099 0.000107 0.000490 0.000047 0.000544 0.997542 0.000435 0.000070 0.000664 0.000102 0.002712 0.015278 0.002116 0.010086 0.941799 0.007903 0.002447 0.015443 0.002216 0.002978 0.016298 0.002367 0.010887 0.936921 0.008641 0.002699 0.016728 0.002481 
0.000132 0.000593 0.000033 0.000363 0.998022 0.000363 0.000099 0.000297 0.000099 0.000145 0.000681 0.000034 0.000416 0.997812 0.000390 0.000105 0.000314 0.000104 0.002340 0.015458 0.001945 0.008339 0.945552 0.008306 0.003098 0.013381 0.001582 0.002620 0.016694 0.002116 0.008986 0.940847 0.009184 0.003366 0.014463 0.001725 
0.000063 0.000692 0.000000 0.000252 0.998082 0.000283 0.000094 0.000440 0.000094 0.000065 0.000736 0.000000 0.000259 0.997820 0.000376 0.000096 0.000546 0.000103 0.002484 0.014054 0.002169 0.008740 0.948563 0.006854 0.002232 0.013236 0.001666 0.002716 0.015112 0.002421 0.009388 0.944007 0.007620 0.002516 0.014395 0.001825 
0.000000 0.000634 0.000035 0.000317 0.998133 0.000211 0.000070 0.000493 0.000106 0.000000 0.000670 0.000038 0.000323 0.998043 0.000226 0.000071 0.000521 0.000108 0.002888 0.014967 0.001831 0.009157 0.945237 0.007748 0.002395 0.014334 0.001444 0.003188 0.016040 0.002037 0.009915 0.940585 0.008519 0.002618 0.015489 0.001609 
0.000034 0.000505 0.000135 0.000202 0.998349 0.000168 0.000236 0.000303 0.000067 0.000037 0.000537 0.000144 0.000238 0.998229 0.000181 0.000251 0.000314 0.000069 0.002898 0.012096 0.002089 0.007109 0.951314 0.007817 0.001887 0.013039 0.001752 0.003157 0.012919 0.002277 0.007702 0.947171 0.008619 0.002087 0.014095 0.001973 
0.000102 0.000678 0.000000 0.000610 0.997559 0.000339 0.000170 0.000441 0.000102 0.000105 0.000701 0.000000 0.000646 0.997371 0.000396 0.000180 0.000492 0.000108 0.002407 0.014104 0.001865 0.008815 0.945281 0.008544 0.002441 0.013968 0.002577 0.002610 0.015016 0.002032 0.009490 0.940972 0.009353 0.002720 0.014977 0.002830 
0.000171 0.000547 0.000137 0.000274 0.998085 0.000342 0.000103 0.000274 0.000068 0.000182 0.000603 0.000140 0.000286 0.997961 0.000355 0.000112 0.000291 0.000069 0.002189 0.013371 0.002018 0.009438 0.947062 0.008413 0.001812 0.013747 0.001949 0.002400 0.014365 0.002266 0.010186 0.942615 0.009084 0.002029 0.014926 0.002128 
0.000034 0.000746 0.000034 0.000305 0.997864 0.000237 0.000203 0.000475 0.000102 0.000034 0.000812 0.000035 0.000313 0.997686 0.000282 0.000225 0.000494 0.000117 0.003085 0.014410 0.001967 0.009290 0.946123 0.007459 0.002306 0.013630 0.001729 0.003419 0.015382 0.002175 0.010053 0.941664 0.008114 0.002534 0.014732 0.001927 
0.000302 0.000570 0.000101 0.000369 0.997819 0.000201 0.000067 0.000403 0.000168 0.000314 0.000588 0.000103 0.000397 0.997685 0.000208 0.000069 0.000440 0.000196 0.002416 0.015231 0.002181 0.010031 0.945583 0.007515 0.002114 0.013185 0.001745 0.002657 0.016312 0.002418 0.010791 0.941013 0.008139 0.002368 0.014339 0.001963 
0.000135 0.000539 0.000135 0.000202 0.998317 0.000269 0.000000 0.000404 0.000000 0.000144 0.000546 0.000139 0.000212 0.998178 0.000355 0.000000 0.000428 0.000000 0.002760 0.015484 0.001851 0.008819 0.945267 0.008011 0.002121 0.013969 0.001717 0.003071 0.016593 0.002051 0.009475 0.940589 0.008866 0.002323 0.015142 0.001890 
0.000099 0.000993 0.000000 0.000563 0.997219 0.000298 0.000166 0.000397 0.000265 0.000106 0.001076 0.000000 0.000616 0.996948 0.000332 0.000171 0.000461 0.000288 0.002715 0.016321 0.002119 0.009931 0.943755 0.007051 0.002317 0.013871 0.001920 0.002926 0.017391 0.002332 0.010720 0.939061 0.007740 0.002550 0.015075 0.002204 
0.000110 0.000843 0.000110 0.000330 0.997910 0.000073 0.000037 0.000513 0.000073 0.000119 0.000925 0.000128 0.000335 0.997718 0.000087 0.000037 0.000577 0.000076 0.003484 0.016209 0.002494 0.010341 0.940005 0.008545 0.002824 0.013642 0.002457 0.003840 0.017406 0.002827 0.011172 0.934882 0.009328 0.003065 0.014825 0.002654 
0.000109 0.000906 0.000109 0.000580 0.997281 0.000326 0.000181 0.000435 0.000073 0.000114 0.000956 0.000113 0.000601 0.997114 0.000348 0.000202 0.000471 0.000081 0.003299 0.017221 0.002647 0.011529 0.933981 0.009281 0.003444 0.016097 0.002502 0.003596 0.018449 0.002876 0.012395 0.928426 0.010116 0.003831 0.017499 0.002813 
0.000035 0.000947 0.000070 0.000351 0.997651 0.000175 0.000140 0.000596 0.000035 0.000035 0.000998 0.000076 0.000358 0.997536 0.000191 0.000142 0.000627 0.000038 0.002103 0.016687 0.002068 0.010131 0.941840 0.008975 0.002068 0.013918 0.002209 0.002353 0.017972 0.002360 0.010834 0.937119 0.009658 0.002228 0.015052 0.002424 
0.000146 0.000729 0.000146 0.000510 0.997740 0.000073 0.000219 0.000437 0.000000 0.000156 0.000777 0.000157 0.000519 0.997628 0.000075 0.000223 0.000464 0.000000 0.002187 0.014578 0.002114 0.009039 0.948028 0.007654 0.002260 0.012683 0.001458 0.002398 0.015781 0.002346 0.009688 0.943240 0.008407 0.002578 0.013983 0.001580 
