0.000101 0.000975 0.000101 0.000571 0.996404 0.000773 0.000101 0.000639 0.000336 0.000103 0.001040 0.000105 0.000609 0.996203 0.000822 0.000104 0.000668 0.000347 0.007158 0.019928 0.004940 0.018382 0.902376 0.016400 0.005175 0.018617 0.007024 0.007593 0.020898 0.005427 0.019274 0.896633 0.017365 0.005599 0.019690 0.007521 
0.000187 0.000293 0.000107 0.000187 0.998480 0.000293 0.000107 0.000213 0.000133 0.000201 0.000298 0.000109 0.000189 0.998427 0.000307 0.000109 0.000222 0.000137 0.005173 0.013492 0.003386 0.013971 0.929823 0.011572 0.003440 0.013838 0.005306 0.005552 0.014189 0.003676 0.014746 0.925428 0.012265 0.003719 0.014734 0.005691 
0.000117 0.000280 0.000140 0.000280 0.998460 0.000163 0.000047 0.000303 0.000210 0.000122 0.000295 0.000143 0.000285 0.998413 0.000168 0.000047 0.000311 0.000217 0.006302 0.015661 0.004575 0.015802 0.915928 0.015942 0.004551 0.015171 0.006069 0.006712 0.016524 0.005009 0.016706 0.910477 0.016998 0.004909 0.016123 0.006541 
0.000273 0.000410 0.000046 0.000364 0.997996 0.000410 0.000000 0.000342 0.000159 0.000286 0.000422 0.000046 0.000371 0.997930 0.000424 0.000000 0.000355 0.000165 0.004941 0.014025 0.003165 0.013501 0.930035 0.012773 0.003620 0.012659 0.005282 0.005297 0.014795 0.003462 0.014345 0.925515 0.013619 0.003893 0.013401 0.005674 
0.000173 0.000410 0.000173 0.000431 0.998124 0.000259 0.000108 0.000259 0.000065 0.000175 0.000456 0.000189 0.000467 0.997994 0.000268 0.000113 0.000272 0.000066 0.006341 0.017189 0.003666 0.015420 0.918304 0.013997 0.004572 0.015226 0.005284 0.006824 0.018161 0.004033 0.016336 0.912955 0.014884 0.004919 0.016215 0.005673 
0.000108 0.000431 0.000065 0.000431 0.998235 0.000280 0.000129 0.000237 0.000086 0.000116 0.000459 0.000068 0.000448 0.998149 0.000288 0.000132 0.000245 0.000094 0.005770 0.016277 0.003746 0.014856 0.921306 0.013155 0.003983 0.015739 0.005167 0.006180 0.017233 0.004070 0.015758 0.916247 0.013937 0.004337 0.016657 0.005581 
0.000113 0.000476 0.000113 0.000362 0.997803 0.000430 0.000045 0.000521 0.000136 0.000120 0.000514 0.000117 0.000373 0.997682 0.000444 0.000047 0.000563 0.000140 0.006114 0.016689 0.003329 0.016100 0.917167 0.013836 0.003985 0.017142 0.005638 0.006484 0.017665 0.003616 0.016985 0.911970 0.014662 0.004301 0.018231 0.006086 
0.000110 0.000329 0.000066 0.000241 0.998378 0.000263 0.000044 0.000460 0.000110 0.000116 0.000359 0.000078 0.000251 0.998279 0.000270 0.000045 0.000490 0.000113 0.005457 0.014574 0.003178 0.013566 0.928708 0.012382 0.003353 0.014048 0.004734 0.005788 0.015441 0.003461 0.014317 0.924124 0.013152 0.003670 0.014962 0.005086 
0.000107 0.000512 0.000043 0.000362 0.998423 0.000171 0.000064 0.000213 0.000107 0.000111 0.000556 0.000050 0.000373 0.998336 0.000175 0.000065 0.000224 0.000110 0.006267 0.017523 0.004008 0.016286 0.913368 0.015711 0.004199 0.016542 0.006097 0.006699 0.018437 0.004355 0.017138 0.907988 0.016745 0.004570 0.017519 0.006549 
0.000102 0.000450 0.000061 0.000368 0.998262 0.000348 0.000041 0.000307 0.000061 0.000105 0.000485 0.000064 0.000417 0.998147 0.000362 0.000042 0.000316 0.000062 0.006051 0.015761 0.003496 0.013717 0.924813 0.012347 0.004354 0.014739 0.004722 0.006511 0.016668 0.003797 0.014591 0.919799 0.013177 0.004746 0.015652 0.005060 
0.000122 0.000548 0.000102 0.000284 0.997726 0.000386 0.000142 0.000508 0.000183 0.000126 0.000570 0.000104 0.000293 0.997623 0.000410 0.000152 0.000534 0.000188 0.007087 0.018946 0.005320 0.015677 0.908090 0.014926 0.004833 0.018622 0.006498 0.007594 0.019948 0.005774 0.016551 0.902205 0.015906 0.005217 0.019834 0.006971 
0.000107 0.000683 0.000064 0.000363 0.997930 0.000405 0.000085 0.000341 0.000021 0.000111 0.000700 0.000068 0.000376 0.997827 0.000421 0.000092 0.000384 0.000022 0.005185 0.014936 0.003328 0.013421 0.929205 0.012823 0.003414 0.013335 0.004353 0.005592 0.015779 0.003627 0.014272 0.924622 0.013607 0.003690 0.014156 0.004655 
0.000184 0.000613 0.000163 0.000388 0.997590 0.000409 0.000082 0.000409 0.000163 0.000191 0.000643 0.000174 0.000444 0.997420 0.000432 0.000087 0.000442 0.000167 0.007497 0.020080 0.004984 0.016935 0.902968 0.016363 0.005291 0.019652 0.006230 0.008071 0.021160 0.005477 0.017912 0.896720 0.017366 0.005770 0.020817 0.006707 
0.000046 0.000297 0.000069 0.000572 0.997919 0.000572 0.000046 0.000457 0.000023 0.000047 0.000301 0.000071 0.000624 0.997707 0.000670 0.000049 0.000507 0.000024 0.005351 0.015435 0.004322 0.013080 0.926233 0.011753 0.003819 0.015275 0.004733 0.005666 0.016281 0.004711 0.013854 0.921580 0.012507 0.004107 0.016185 0.005108 
0.000148 0.000422 0.000084 0.000590 0.997744 0.000337 0.000105 0.000464 0.000105 0.000158 0.000428 0.000097 0.000617 0.997590 0.000369 0.000108 0.000523 0.000110 0.005757 0.016679 0.004217 0.013074 0.924173 0.012673 0.004154 0.014571 0.004702 0.006175 0.017644 0.004555 0.013902 0.919106 0.013550 0.004514 0.015478 0.005076 
0.000066 0.000284 0.000066 0.000525 0.998250 0.000350 0.000044 0.000241 0.000175 0.000066 0.000296 0.000068 0.000565 0.998165 0.000360 0.000046 0.000251 0.000182 0.004899 0.015047 0.003565 0.013910 0.927784 0.012488 0.003915 0.014434 0.003959 0.005259 0.015807 0.003866 0.014712 0.923247 0.013313 0.004233 0.015298 0.004267 
0.000091 0.000526 0.000114 0.000594 0.997441 0.000503 0.000114 0.000480 0.000137 0.000094 0.000540 0.000124 0.000640 0.997303 0.000521 0.000122 0.000509 0.000148 0.005209 0.015697 0.003884 0.015171 0.921859 0.013709 0.004387 0.015331 0.004752 0.005545 0.016599 0.004210 0.016117 0.916739 0.014597 0.004801 0.016260 0.005133 
0.000111 0.000421 0.000022 0.000465 0.997875 0.000443 0.000133 0.000376 0.000155 0.000147 0.000438 0.000023 0.000483 0.997751 0.000463 0.000138 0.000399 0.000159 0.004804 0.014081 0.003875 0.013594 0.929750 0.012421 0.003830 0.013373 0.004273 0.005142 0.014867 0.004208 0.014448 0.925144 0.013210 0.004127 0.014248 0.004605 
0.000068 0.000451 0.000000 0.000158 0.998669 0.000203 0.000068 0.000293 0.000090 0.000073 0.000465 0.000000 0.000167 0.998605 0.000214 0.000074 0.000306 0.000096 0.005661 0.017728 0.004376 0.013397 0.919322 0.013488 0.004714 0.016104 0.005210 0.006058 0.018653 0.004704 0.014187 0.914190 0.014393 0.005135 0.017093 0.005586 
0.000071 0.000615 0.000047 0.000402 0.998273 0.000237 0.000024 0.000308 0.000024 0.000071 0.000642 0.000048 0.000413 0.998198 0.000251 0.000026 0.000326 0.000024 0.003383 0.014808 0.003099 0.011709 0.936984 0.011141 0.003099 0.012986 0.002791 0.003622 0.015705 0.003356 0.012397 0.932870 0.011874 0.003362 0.013808 0.003006 
0.000047 0.000237 0.000000 0.000308 0.998838 0.000379 0.000071 0.000071 0.000047 0.000048 0.000249 0.000000 0.000330 0.998756 0.000415 0.000074 0.000075 0.000054 0.004720 0.017717 0.003700 0.012143 0.926405 0.011788 0.003819 0.015250 0.004459 0.005054 0.018644 0.004045 0.012906 0.921748 0.012547 0.004109 0.016169 0.004777 
0.000091 0.000823 0.000091 0.000549 0.997347 0.000274 0.000023 0.000755 0.000046 0.000094 0.000857 0.000098 0.000565 0.997157 0.000290 0.000039 0.000852 0.000048 0.003751 0.015505 0.003499 0.010909 0.936447 0.010703 0.003408 0.012670 0.003110 0.004028 0.016321 0.003835 0.011591 0.932262 0.011420 0.003714 0.013502 0.003327 
0.000090 0.000473 0.000068 0.000540 0.998064 0.000248 0.000045 0.000405 0.000068 0.000096 0.000541 0.000070 0.000565 0.997934 0.000255 0.000048 0.000421 0.000071 0.004974 0.018883 0.003984 0.014089 0.921656 0.012581 0.003443 0.016610 0.003781 0.005345 0.019885 0.004326 0.014915 0.916718 0.013439 0.003752 0.017600 0.004020 
0.000067 0.000311 0.000044 0.000245 0.998599 0.000289 0.000022 0.000400 0.000022 0.000076 0.000317 0.000045 0.000277 0.998523 0.000303 0.000023 0.000412 0.000023 0.003781 0.014678 0.002913 0.010808 0.939486 0.008874 0.003091 0.013188 0.003180 0.004082 0.015551 0.003192 0.011484 0.935380 0.009542 0.003362 0.013980 0.003428 
0.000126 0.000670 0.000063 0.000209 0.998011 0.000293 0.000063 0.000544 0.000021 0.000132 0.000702 0.000065 0.000218 0.997925 0.000305 0.000065 0.000567 0.000022 0.004752 0.017332 0.004166 0.012957 0.922760 0.011722 0.004207 0.017248 0.004856 0.005097 0.018244 0.004516 0.013723 0.917848 0.012534 0.004560 0.018241 0.005236 
0.000065 0.000410 0.000022 0.000410 0.998448 0.000259 0.000065 0.000302 0.000022 0.000065 0.000457 0.000023 0.000440 0.998340 0.000274 0.000067 0.000310 0.000023 0.004053 0.014015 0.003407 0.010673 0.939133 0.009810 0.002695 0.012850 0.003364 0.004376 0.014753 0.003721 0.011343 0.935086 0.010509 0.002924 0.013627 0.003661 
0.000081 0.000304 0.000142 0.000304 0.998663 0.000142 0.000041 0.000243 0.000081 0.000082 0.000320 0.000152 0.000318 0.998583 0.000151 0.000042 0.000269 0.000083 0.005450 0.017770 0.004032 0.012643 0.923492 0.012177 0.003992 0.015926 0.004518 0.005856 0.018806 0.004442 0.013389 0.918416 0.013034 0.004353 0.016845 0.004859 
0.000022 0.000488 0.000000 0.000288 0.998358 0.000333 0.000044 0.000444 0.000022 0.000022 0.000494 0.000000 0.000321 0.998279 0.000351 0.000048 0.000461 0.000023 0.003107 0.012338 0.002330 0.010030 0.946919 0.009320 0.002441 0.010630 0.002885 0.003353 0.013059 0.002542 0.010703 0.943207 0.009934 0.002685 0.011393 0.003125 
0.000022 0.000312 0.000045 0.000245 0.998953 0.000178 0.000045 0.000178 0.000022 0.000024 0.000348 0.000047 0.000250 0.998858 0.000189 0.000046 0.000213 0.000025 0.004699 0.015345 0.003897 0.012917 0.928177 0.011648 0.004432 0.014765 0.004120 0.005014 0.016215 0.004213 0.013679 0.923519 0.012442 0.004767 0.015695 0.004456 
0.000067 0.000355 0.000044 0.000555 0.998357 0.000333 0.000022 0.000222 0.000044 0.000078 0.000368 0.000045 0.000576 0.998254 0.000349 0.000023 0.000261 0.000045 0.003663 0.013143 0.003441 0.010834 0.941546 0.009879 0.003041 0.011034 0.003419 0.003985 0.013959 0.003698 0.011612 0.937436 0.010560 0.003267 0.011789 0.003695 
0.000126 0.000379 0.000021 0.000231 0.998864 0.000147 0.000000 0.000126 0.000105 0.000131 0.000388 0.000021 0.000237 0.998811 0.000152 0.000000 0.000139 0.000120 0.004186 0.015545 0.003912 0.012705 0.929196 0.011927 0.003576 0.014935 0.004018 0.004496 0.016341 0.004219 0.013444 0.924875 0.012688 0.003837 0.015738 0.004362 
0.000112 0.000224 0.000022 0.000358 0.998925 0.000246 0.000022 0.000067 0.000022 0.000115 0.000232 0.000024 0.000392 0.998823 0.000293 0.000024 0.000074 0.000023 0.003292 0.011353 0.002978 0.009494 0.948096 0.008464 0.002709 0.010524 0.003090 0.003542 0.011946 0.003222 0.010174 0.944446 0.009189 0.002960 0.011178 0.003343 
0.000051 0.000489 0.000103 0.000541 0.997837 0.000463 0.000129 0.000232 0.000154 0.000054 0.000511 0.000107 0.000564 0.997726 0.000495 0.000138 0.000241 0.000166 0.005279 0.015733 0.004403 0.012411 0.925866 0.013261 0.004506 0.013879 0.004661 0.005672 0.016614 0.004753 0.013184 0.920825 0.014204 0.004908 0.014784 0.005056 
0.000000 0.000142 0.000071 0.000071 0.999502 0.000071 0.000000 0.000071 0.000071 0.000000 0.000144 0.000076 0.000089 0.999468 0.000073 0.000000 0.000079 0.000072 0.003132 0.008897 0.002206 0.006263 0.963701 0.005552 0.001281 0.007117 0.001851 0.003436 0.009536 0.002438 0.006763 0.960778 0.005946 0.001399 0.007709 0.001994 
