0.000000 0.002564 0.000000 0.000000 0.993590 0.002564 0.000000 0.001282 0.000000 0.000000 0.002588 0.000000 0.000000 0.993011 0.003012 0.000000 0.001389 0.000000 0.005128 0.017949 0.008974 0.008974 0.926923 0.010256 0.003846 0.015385 0.002564 0.006242 0.018970 0.009425 0.009551 0.920819 0.011877 0.003993 0.016059 0.003063 
0.000000 0.000409 0.000000 0.000409 0.999182 0.000000 0.000000 0.000000 0.000000 0.000000 0.000410 0.000000 0.000508 0.999081 0.000000 0.000000 0.000000 0.000000 0.000818 0.005728 0.002864 0.009002 0.971358 0.005319 0.000818 0.003682 0.000409 0.000878 0.006164 0.003080 0.010240 0.968297 0.006038 0.000967 0.003910 0.000426 
0.000000 0.000400 0.000000 0.000000 0.999600 0.000000 0.000000 0.000000 0.000000 0.000000 0.000405 0.000000 0.000000 0.999595 0.000000 0.000000 0.000000 0.000000 0.001599 0.007197 0.001599 0.013195 0.954818 0.009596 0.001200 0.008796 0.001999 0.001736 0.007909 0.001792 0.014423 0.951198 0.010262 0.001284 0.009232 0.002164 
0.000415 0.000830 0.000415 0.000830 0.997094 0.000415 0.000000 0.000000 0.000000 0.000492 0.000858 0.000447 0.000847 0.996898 0.000457 0.000000 0.000000 0.000000 0.003736 0.008302 0.001245 0.016189 0.947696 0.011208 0.001245 0.007472 0.002906 0.004087 0.009028 0.001434 0.017309 0.943171 0.012271 0.001341 0.008161 0.003197 
0.000000 0.000000 0.000000 0.000572 0.998856 0.000000 0.000000 0.000000 0.000572 0.000000 0.000000 0.000000 0.000592 0.998792 0.000000 0.000000 0.000000 0.000616 0.001715 0.009720 0.002287 0.006289 0.961121 0.008576 0.001715 0.006861 0.001715 0.002129 0.010216 0.002546 0.006916 0.957940 0.009110 0.001803 0.007546 0.001793 
0.000000 0.001544 0.000386 0.000000 0.997297 0.000000 0.000000 0.000386 0.000386 0.000000 0.001628 0.000391 0.000000 0.997202 0.000000 0.000000 0.000388 0.000391 0.002317 0.011197 0.000772 0.016602 0.943243 0.010039 0.003475 0.010039 0.002317 0.002523 0.011960 0.000816 0.018019 0.938159 0.011207 0.003888 0.010825 0.002604 
0.000364 0.000728 0.000728 0.000364 0.996360 0.000000 0.000364 0.001092 0.000000 0.000389 0.000746 0.000780 0.000364 0.996223 0.000000 0.000391 0.001108 0.000000 0.005461 0.014561 0.005825 0.016017 0.919185 0.017838 0.004368 0.012741 0.004004 0.006252 0.015581 0.006539 0.017418 0.911207 0.019838 0.004747 0.013853 0.004566 
0.000000 0.000387 0.000000 0.000387 0.998839 0.000000 0.000387 0.000000 0.000000 0.000000 0.000388 0.000000 0.000401 0.998793 0.000000 0.000417 0.000000 0.000000 0.002321 0.005416 0.000387 0.011992 0.964023 0.009671 0.001161 0.003868 0.001161 0.002546 0.005823 0.000392 0.013091 0.960610 0.010668 0.001216 0.004254 0.001401 
0.000000 0.000914 0.000000 0.000457 0.998629 0.000000 0.000000 0.000000 0.000000 0.000000 0.000920 0.000000 0.000491 0.998590 0.000000 0.000000 0.000000 0.000000 0.000914 0.005484 0.001371 0.010512 0.963894 0.009141 0.002285 0.005027 0.001371 0.000954 0.006018 0.001450 0.011483 0.960604 0.009973 0.002622 0.005482 0.001414 
0.000000 0.000000 0.000000 0.000000 1.000000 0.000000 0.000000 0.000000 0.000000 0.000000 0.000000 0.000000 0.000000 1.000000 0.000000 0.000000 0.000000 0.000000 0.000000 0.000518 0.000518 0.006211 0.978778 0.007246 0.001553 0.004658 0.000518 0.000000 0.000540 0.000546 0.006678 0.977149 0.007798 0.001617 0.005105 0.000567 
0.000637 0.000637 0.000000 0.000000 0.998727 0.000000 0.000000 0.000000 0.000000 0.000643 0.000640 0.000000 0.000000 0.998717 0.000000 0.000000 0.000000 0.000000 0.004456 0.007638 0.001910 0.006365 0.954169 0.008275 0.003819 0.009548 0.003819 0.004661 0.008123 0.002046 0.006906 0.950437 0.009031 0.004290 0.010326 0.004180 
0.000000 0.000412 0.000412 0.000825 0.998351 0.000000 0.000000 0.000000 0.000000 0.000000 0.000412 0.000418 0.000980 0.998190 0.000000 0.000000 0.000000 0.000000 0.006186 0.016907 0.003299 0.017320 0.922062 0.015258 0.004124 0.011959 0.002887 0.006591 0.018080 0.003822 0.018642 0.915187 0.016886 0.004691 0.012803 0.003298 
0.000000 0.000528 0.000000 0.000000 0.998943 0.000000 0.000000 0.000528 0.000000 0.000000 0.000549 0.000000 0.000000 0.998908 0.000000 0.000000 0.000543 0.000000 0.001585 0.007924 0.003170 0.007396 0.951928 0.008980 0.002641 0.012150 0.004226 0.001785 0.008412 0.003390 0.007858 0.948487 0.009674 0.002883 0.012934 0.004577 
0.000000 0.000469 0.000939 0.000469 0.998122 0.000000 0.000000 0.000000 0.000000 0.000000 0.000478 0.000958 0.000469 0.998095 0.000000 0.000000 0.000000 0.000000 0.003286 0.011737 0.001408 0.015493 0.943192 0.013615 0.002347 0.005634 0.003286 0.003454 0.012426 0.001576 0.016782 0.938847 0.014588 0.002749 0.005965 0.003614 
0.000683 0.000000 0.000000 0.000000 0.999317 0.000000 0.000000 0.000000 0.000000 0.000718 0.000000 0.000000 0.000000 0.999282 0.000000 0.000000 0.000000 0.000000 0.001365 0.004778 0.000683 0.003413 0.980887 0.003413 0.000683 0.004096 0.000683 0.001538 0.005031 0.000735 0.003695 0.979297 0.003859 0.000827 0.004266 0.000752 
0.000635 0.000000 0.000000 0.000000 0.999365 0.000000 0.000000 0.000000 0.000000 0.000644 0.000000 0.000000 0.000000 0.999356 0.000000 0.000000 0.000000 0.000000 0.001271 0.009530 0.001271 0.013342 0.951715 0.007624 0.006353 0.005718 0.003177 0.001296 0.010046 0.001342 0.014755 0.947650 0.008026 0.007171 0.005966 0.003748 
0.000000 0.000000 0.000000 0.000000 1.000000 0.000000 0.000000 0.000000 0.000000 0.000000 0.000000 0.000000 0.000000 1.000000 0.000000 0.000000 0.000000 0.000000 0.000751 0.000000 0.000751 0.002252 0.990991 0.002252 0.000000 0.003003 0.000000 0.000798 0.000000 0.000796 0.002338 0.990145 0.002474 0.000000 0.003450 0.000000 
0.000477 0.001431 0.000477 0.000000 0.997139 0.000000 0.000000 0.000477 0.000000 0.000508 0.001451 0.000489 0.000000 0.997041 0.000000 0.000000 0.000511 0.000000 0.004769 0.014783 0.004769 0.017167 0.917501 0.016691 0.004769 0.016691 0.002861 0.005394 0.015560 0.005335 0.018044 0.910775 0.018140 0.005294 0.018378 0.003080 
0.000000 0.000395 0.000000 0.000000 0.999605 0.000000 0.000000 0.000000 0.000000 0.000000 0.000407 0.000000 0.000000 0.999593 0.000000 0.000000 0.000000 0.000000 0.002762 0.009077 0.002368 0.010260 0.949092 0.013812 0.002368 0.008287 0.001973 0.003040 0.009732 0.002573 0.010886 0.944949 0.014984 0.002683 0.008913 0.002240 
0.000000 0.000000 0.000518 0.000518 0.998965 0.000000 0.000000 0.000000 0.000000 0.000000 0.000000 0.000533 0.000524 0.998943 0.000000 0.000000 0.000000 0.000000 0.000518 0.006729 0.001553 0.011905 0.964803 0.005176 0.002070 0.005176 0.002070 0.000518 0.007045 0.001637 0.012643 0.962330 0.005588 0.002270 0.005713 0.002256 
0.000000 0.000987 0.000000 0.000493 0.997040 0.000987 0.000000 0.000493 0.000000 0.000000 0.001054 0.000000 0.000503 0.996892 0.001047 0.000000 0.000504 0.000000 0.002960 0.008387 0.001480 0.013814 0.953626 0.008880 0.002467 0.008387 0.000000 0.003430 0.008979 0.001614 0.014805 0.949634 0.009783 0.002686 0.009070 0.000000 
0.000000 0.000885 0.000885 0.000000 0.997345 0.000442 0.000000 0.000000 0.000442 0.000000 0.000889 0.001032 0.000000 0.997191 0.000443 0.000000 0.000000 0.000444 0.004867 0.013717 0.004867 0.015929 0.922124 0.015044 0.006637 0.013274 0.003540 0.005349 0.014976 0.005268 0.017372 0.915411 0.016131 0.007075 0.014414 0.004004 
0.000000 0.000000 0.000000 0.000000 1.000000 0.000000 0.000000 0.000000 0.000000 0.000000 0.000000 0.000000 0.000000 1.000000 0.000000 0.000000 0.000000 0.000000 0.001869 0.004361 0.001246 0.008723 0.971963 0.007477 0.001246 0.002492 0.000623 0.001895 0.004585 0.001548 0.009248 0.970021 0.007949 0.001342 0.002729 0.000683 
0.000000 0.000000 0.000000 0.000000 0.999202 0.000399 0.000000 0.000399 0.000000 0.000000 0.000000 0.000000 0.000000 0.999190 0.000401 0.000000 0.000409 0.000000 0.000798 0.007981 0.001995 0.010375 0.960894 0.008380 0.001197 0.007183 0.001197 0.000964 0.008711 0.002156 0.011441 0.957191 0.008903 0.001320 0.007987 0.001327 
0.000000 0.000000 0.000000 0.000000 0.998362 0.000546 0.000000 0.001092 0.000000 0.000000 0.000000 0.000000 0.000000 0.998319 0.000573 0.000000 0.001108 0.000000 0.001092 0.012561 0.000546 0.009831 0.956308 0.007100 0.001638 0.008738 0.002185 0.001288 0.013309 0.000604 0.010507 0.952506 0.008107 0.001765 0.009380 0.002534 
