0.000000 0.018634 0.000000 0.006211 0.962733 0.006211 0.000000 0.006211 0.000000 0.000000 0.018949 0.000000 0.006957 0.960778 0.006957 0.000000 0.006360 0.000000 0.000000 0.018634 0.000000 0.006211 0.950311 0.006211 0.000000 0.012422 0.006211 0.000000 0.018934 0.000000 0.006951 0.947620 0.006951 0.000000 0.012975 0.006569 
0.000000 0.037975 0.000000 0.000000 0.949367 0.012658 0.000000 0.000000 0.000000 0.000000 0.039738 0.000000 0.000000 0.947231 0.013031 0.000000 0.000000 0.000000 0.000000 0.037975 0.000000 0.012658 0.898734 0.025316 0.000000 0.012658 0.012658 0.000000 0.039424 0.000000 0.012530 0.889624 0.025882 0.000000 0.013848 0.018692 
0.000000 0.015306 0.000000 0.030612 0.923469 0.025510 0.000000 0.005102 0.000000 0.000000 0.015256 0.000000 0.032306 0.920418 0.026628 0.000000 0.005393 0.000000 0.000000 0.015306 0.000000 0.035714 0.913265 0.025510 0.000000 0.010204 0.000000 0.000000 0.015215 0.000000 0.039206 0.907831 0.026557 0.000000 0.011192 0.000000 
0.000000 0.036011 0.000000 0.020776 0.894737 0.012465 0.000000 0.036011 0.000000 0.000000 0.036353 0.000000 0.020908 0.891940 0.013088 0.000000 0.037711 0.000000 0.004155 0.044321 0.000000 0.030471 0.858726 0.016620 0.001385 0.044321 0.000000 0.004294 0.045115 0.000000 0.031105 0.851884 0.017968 0.001374 0.048260 0.000000 
0.000387 0.011232 0.000000 0.007359 0.975600 0.000775 0.000387 0.004260 0.000000 0.000463 0.011524 0.000000 0.007565 0.974520 0.000968 0.000418 0.004542 0.000000 0.004260 0.020527 0.003486 0.018203 0.925252 0.009295 0.004260 0.013943 0.000775 0.004629 0.021510 0.003642 0.018943 0.920836 0.010010 0.004507 0.015085 0.000838 
0.000424 0.002120 0.000000 0.001272 0.994911 0.001060 0.000000 0.000212 0.000000 0.000425 0.002185 0.000000 0.001340 0.994550 0.001281 0.000000 0.000218 0.000000 0.002545 0.010814 0.002120 0.012723 0.946141 0.011662 0.003605 0.008482 0.001908 0.002742 0.011666 0.002411 0.013491 0.941753 0.012653 0.003897 0.009209 0.002178 
0.000000 0.001083 0.000271 0.001083 0.997022 0.000541 0.000000 0.000000 0.000000 0.000000 0.001102 0.000280 0.001098 0.996939 0.000581 0.000000 0.000000 0.000000 0.001895 0.010287 0.001354 0.010558 0.957769 0.008663 0.000812 0.007038 0.001624 0.002064 0.011419 0.001409 0.011640 0.953529 0.009292 0.000940 0.007826 0.001882 
0.000230 0.000921 0.000000 0.001382 0.996775 0.000230 0.000230 0.000230 0.000000 0.000238 0.000922 0.000000 0.001415 0.996721 0.000236 0.000230 0.000237 0.000000 0.002534 0.011748 0.001382 0.018199 0.944944 0.008984 0.001843 0.008523 0.001843 0.002764 0.012656 0.001527 0.019614 0.940285 0.009691 0.001996 0.009532 0.001935 
0.000000 0.001754 0.000000 0.001404 0.995439 0.001404 0.000000 0.000000 0.000000 0.000000 0.001800 0.000000 0.001534 0.995078 0.001588 0.000000 0.000000 0.000000 0.003158 0.007018 0.001404 0.008772 0.967018 0.005263 0.001404 0.005263 0.000702 0.003586 0.007587 0.001501 0.009592 0.963680 0.005946 0.001476 0.005864 0.000768 
0.000000 0.000305 0.000000 0.000000 0.999390 0.000305 0.000000 0.000000 0.000000 0.000000 0.000313 0.000000 0.000000 0.999372 0.000315 0.000000 0.000000 0.000000 0.000305 0.007019 0.001526 0.004272 0.974977 0.006408 0.000305 0.004577 0.000610 0.000327 0.007740 0.001791 0.004786 0.972533 0.006905 0.000304 0.004895 0.000719 
0.000000 0.002003 0.000000 0.001335 0.995549 0.000445 0.000000 0.000445 0.000223 0.000000 0.002053 0.000000 0.001405 0.995305 0.000478 0.000000 0.000521 0.000239 0.006454 0.019141 0.006677 0.025595 0.892054 0.022257 0.005787 0.015357 0.006677 0.007113 0.020281 0.007188 0.027347 0.884130 0.023550 0.006274 0.016797 0.007319 
0.001701 0.017347 0.001020 0.013265 0.962925 0.002381 0.000000 0.001020 0.000340 0.001732 0.017689 0.001061 0.013610 0.961789 0.002532 0.000000 0.001197 0.000388 0.010544 0.043197 0.009864 0.047959 0.812585 0.026531 0.011224 0.029932 0.008163 0.011521 0.045425 0.010426 0.049924 0.802402 0.028039 0.011652 0.031756 0.008855 
0.000000 0.014052 0.000468 0.013583 0.964403 0.005152 0.000468 0.001874 0.000000 0.000000 0.014165 0.000487 0.013886 0.963408 0.005675 0.000468 0.001911 0.000000 0.005152 0.036534 0.007963 0.036534 0.862295 0.018735 0.008431 0.018267 0.006089 0.005864 0.038132 0.008586 0.037917 0.854352 0.020153 0.009053 0.019323 0.006619 
0.000000 0.002667 0.000000 0.003048 0.992952 0.001143 0.000000 0.000190 0.000000 0.000000 0.002682 0.000000 0.003092 0.992613 0.001420 0.000000 0.000193 0.000000 0.009524 0.028762 0.010286 0.031810 0.859810 0.028762 0.007619 0.017524 0.005905 0.010193 0.030115 0.010965 0.033243 0.851325 0.030970 0.008275 0.018514 0.006399 
0.000000 0.000341 0.000000 0.001022 0.996594 0.001022 0.000000 0.001022 0.000000 0.000000 0.000341 0.000000 0.001049 0.996406 0.001054 0.000000 0.001150 0.000000 0.000681 0.005109 0.001022 0.006131 0.975817 0.004087 0.001022 0.005450 0.000681 0.000740 0.005544 0.001100 0.006484 0.973674 0.004529 0.001123 0.006064 0.000742 
0.000000 0.001181 0.000000 0.000590 0.996752 0.001476 0.000000 0.000000 0.000000 0.000000 0.001474 0.000000 0.000597 0.996370 0.001558 0.000000 0.000000 0.000000 0.001476 0.009743 0.002362 0.009153 0.958370 0.010334 0.002067 0.003543 0.002952 0.001610 0.011093 0.002719 0.010081 0.954176 0.010898 0.002357 0.003828 0.003236 
0.000175 0.005258 0.000000 0.001577 0.990186 0.000876 0.000351 0.001577 0.000000 0.000175 0.005684 0.000000 0.001624 0.989346 0.000987 0.000357 0.001827 0.000000 0.009639 0.026113 0.007185 0.028917 0.875920 0.019804 0.005783 0.021030 0.005608 0.010294 0.028136 0.007633 0.030433 0.866847 0.021359 0.006211 0.022945 0.006143 
0.000772 0.020857 0.000000 0.012746 0.946698 0.005794 0.000386 0.012360 0.000386 0.000771 0.021171 0.000000 0.013267 0.945100 0.006012 0.000395 0.012807 0.000476 0.004249 0.029741 0.003090 0.024334 0.896871 0.016609 0.003090 0.018926 0.003090 0.004391 0.030981 0.003284 0.025330 0.891381 0.018029 0.003313 0.019864 0.003427 
0.000000 0.031707 0.000813 0.023577 0.928455 0.004878 0.000000 0.010569 0.000000 0.000000 0.031953 0.000821 0.024015 0.927393 0.005007 0.000000 0.010811 0.000000 0.000000 0.042276 0.001626 0.030894 0.900000 0.007317 0.002439 0.015447 0.000000 0.000000 0.042933 0.001640 0.032149 0.896329 0.007528 0.002824 0.016597 0.000000 
0.000000 0.018868 0.000000 0.018868 0.943396 0.006289 0.000000 0.012579 0.000000 0.000000 0.019004 0.000000 0.019431 0.941705 0.007003 0.000000 0.012858 0.000000 0.000000 0.029350 0.000000 0.033543 0.897275 0.012579 0.000000 0.025157 0.002096 0.000000 0.029847 0.000000 0.035649 0.891660 0.013722 0.000000 0.026819 0.002302 
0.000000 0.004098 0.000000 0.020492 0.963115 0.004098 0.000000 0.008197 0.000000 0.000000 0.004176 0.000000 0.021222 0.962005 0.004224 0.000000 0.008373 0.000000 0.000000 0.016393 0.000000 0.040984 0.897541 0.008197 0.004098 0.032787 0.000000 0.000000 0.017334 0.000000 0.042376 0.889391 0.009318 0.004553 0.037028 0.000000 
0.000000 0.007299 0.000000 0.007299 0.970803 0.007299 0.000000 0.007299 0.000000 0.000000 0.007476 0.000000 0.007826 0.969152 0.008027 0.000000 0.007518 0.000000 0.000000 0.007299 0.000000 0.029197 0.934307 0.007299 0.000000 0.021898 0.000000 0.000000 0.007447 0.000000 0.031479 0.929092 0.007996 0.000000 0.023985 0.000000 
0.000000 0.000000 0.000000 0.022222 0.955556 0.022222 0.000000 0.000000 0.000000 0.000000 0.000000 0.000000 0.023853 0.952333 0.023814 0.000000 0.000000 0.000000 0.000000 0.011111 0.000000 0.044444 0.900000 0.022222 0.000000 0.022222 0.000000 0.000000 0.011048 0.000000 0.046700 0.894863 0.023758 0.000000 0.023632 0.000000 
0.000000 0.000000 0.000000 0.023810 0.976190 0.000000 0.000000 0.000000 0.000000 0.000000 0.000000 0.000000 0.024178 0.975822 0.000000 0.000000 0.000000 0.000000 0.000000 0.000000 0.000000 0.023810 0.964286 0.000000 0.000000 0.011905 0.000000 0.000000 0.000000 0.000000 0.024137 0.962288 0.000000 0.000000 0.013575 0.000000 
0.000000 0.041667 0.000000 0.020833 0.937500 0.000000 0.000000 0.000000 0.000000 0.000000 0.042716 0.000000 0.021456 0.935828 0.000000 0.000000 0.000000 0.000000 0.000000 0.041667 0.000000 0.020833 0.895833 0.020833 0.000000 0.020833 0.000000 0.000000 0.042333 0.000000 0.021264 0.886221 0.021418 0.000000 0.028763 0.000000 
