0.000228 0.002206 0.001370 0.002435 0.986304 0.002206 0.001522 0.002967 0.000761 0.000233 0.002246 0.001411 0.002462 0.985966 0.002281 0.001586 0.003033 0.000783 0.008293 0.034847 0.009283 0.029978 0.841741 0.026706 0.010043 0.031043 0.008065 0.008871 0.036492 0.009915 0.031645 0.832660 0.028507 0.010754 0.032523 0.008632 
0.000655 0.003210 0.000786 0.002686 0.986243 0.002031 0.001245 0.002817 0.000328 0.000680 0.003261 0.000819 0.002772 0.985865 0.002080 0.001282 0.002879 0.000363 0.008844 0.037340 0.009368 0.030855 0.837733 0.027907 0.009695 0.031575 0.006682 0.009563 0.039100 0.010186 0.032763 0.828205 0.029566 0.010396 0.033044 0.007178 
0.000984 0.002165 0.001575 0.003215 0.984845 0.001903 0.000984 0.003149 0.001181 0.001031 0.002200 0.001620 0.003273 0.984452 0.001950 0.001014 0.003240 0.001220 0.009054 0.039759 0.011088 0.035691 0.824629 0.032738 0.010235 0.029524 0.007283 0.009682 0.041691 0.011987 0.037662 0.814139 0.034732 0.011083 0.031104 0.007921 
0.001071 0.003212 0.002331 0.003653 0.982363 0.003023 0.001638 0.001827 0.000882 0.001135 0.003299 0.002424 0.003707 0.981861 0.003086 0.001697 0.001861 0.000930 0.011212 0.039997 0.010834 0.041320 0.801713 0.039431 0.011338 0.034832 0.009322 0.012069 0.041780 0.011705 0.043171 0.790642 0.041688 0.012146 0.036677 0.010122 
0.000726 0.002838 0.000528 0.002112 0.987462 0.002112 0.001188 0.002508 0.000528 0.000768 0.002892 0.000546 0.002145 0.987132 0.002161 0.001234 0.002571 0.000552 0.009304 0.037086 0.008249 0.036624 0.821367 0.034710 0.010096 0.035304 0.007259 0.010083 0.038872 0.008924 0.038586 0.810889 0.036481 0.010930 0.037360 0.007875 
0.000677 0.001579 0.000978 0.002707 0.987969 0.002030 0.001053 0.002256 0.000752 0.000711 0.001617 0.001039 0.002747 0.987626 0.002104 0.001083 0.002296 0.000776 0.007670 0.033837 0.008798 0.032484 0.845026 0.028724 0.007143 0.028198 0.008121 0.008243 0.035425 0.009639 0.034362 0.835597 0.030446 0.007654 0.029872 0.008763 
0.000591 0.002216 0.001477 0.002142 0.986851 0.002142 0.001551 0.001995 0.001034 0.000607 0.002266 0.001548 0.002173 0.986504 0.002197 0.001597 0.002042 0.001067 0.008347 0.037675 0.008938 0.029623 0.838295 0.029179 0.008569 0.032208 0.007166 0.008968 0.039521 0.009778 0.031398 0.828327 0.030943 0.009125 0.034168 0.007771 
0.001026 0.002942 0.001163 0.002189 0.985292 0.002668 0.001505 0.002394 0.000821 0.001049 0.003062 0.001207 0.002241 0.984883 0.002722 0.001572 0.002425 0.000838 0.009167 0.038514 0.010945 0.032221 0.822616 0.031742 0.010125 0.036667 0.008004 0.009880 0.040581 0.011883 0.033810 0.811833 0.033709 0.010979 0.038537 0.008788 
0.000914 0.003198 0.001044 0.003198 0.983358 0.003002 0.001175 0.003524 0.000587 0.000948 0.003259 0.001095 0.003256 0.982963 0.003072 0.001200 0.003609 0.000597 0.013183 0.041571 0.012204 0.037525 0.798864 0.038831 0.010377 0.038178 0.009267 0.014082 0.043555 0.013112 0.039454 0.787397 0.041118 0.011185 0.040152 0.009944 
0.001330 0.002993 0.000732 0.002527 0.986366 0.002394 0.000998 0.001995 0.000665 0.001368 0.003091 0.000782 0.002582 0.985958 0.002447 0.001020 0.002048 0.000704 0.009910 0.040569 0.009311 0.042897 0.806331 0.036911 0.007981 0.037576 0.008513 0.010638 0.042526 0.010113 0.045066 0.795713 0.038909 0.008527 0.039282 0.009226 
0.000908 0.003145 0.001468 0.002166 0.987561 0.001258 0.000978 0.002166 0.000349 0.000937 0.003214 0.001565 0.002202 0.987143 0.001302 0.001047 0.002220 0.000370 0.008526 0.038994 0.009783 0.035430 0.822292 0.034521 0.008456 0.035430 0.006569 0.009248 0.040917 0.010663 0.037264 0.811819 0.036871 0.009040 0.037052 0.007126 
0.000282 0.002750 0.000776 0.002468 0.988366 0.002045 0.001199 0.001833 0.000282 0.000287 0.002819 0.000817 0.002527 0.987935 0.002171 0.001261 0.001879 0.000305 0.007474 0.048865 0.008602 0.036737 0.812015 0.032718 0.009590 0.037230 0.006769 0.008226 0.051180 0.009301 0.038845 0.800793 0.034806 0.010475 0.039080 0.007293 
0.001116 0.002789 0.001255 0.002510 0.984658 0.002510 0.001674 0.002092 0.001395 0.001191 0.002838 0.001366 0.002564 0.984141 0.002583 0.001748 0.002155 0.001414 0.011018 0.049093 0.009066 0.033752 0.801813 0.031381 0.010042 0.044212 0.009623 0.011956 0.051526 0.009767 0.035391 0.790090 0.033412 0.010968 0.046381 0.010508 
