0.000124 0.000495 0.000371 0.000495 0.997650 0.000371 0.000124 0.000247 0.000124 0.000126 0.000504 0.000405 0.000506 0.997564 0.000383 0.000125 0.000253 0.000135 0.003710 0.012862 0.003339 0.014346 0.932847 0.014222 0.003834 0.012243 0.002597 0.003934 0.013907 0.003669 0.015160 0.927296 0.015442 0.004227 0.013399 0.002964 
0.000113 0.000564 0.000113 0.000564 0.997180 0.000451 0.000113 0.000790 0.000113 0.000116 0.000583 0.000115 0.000571 0.997095 0.000466 0.000114 0.000802 0.000138 0.003271 0.012294 0.002594 0.016242 0.934018 0.013535 0.003722 0.010941 0.003384 0.003614 0.013258 0.002862 0.017163 0.928811 0.014430 0.004022 0.011976 0.003862 
0.000112 0.000223 0.000223 0.001117 0.997544 0.000670 0.000112 0.000000 0.000000 0.000115 0.000230 0.000228 0.001138 0.997485 0.000692 0.000113 0.000000 0.000000 0.003350 0.012171 0.003908 0.016302 0.928205 0.013845 0.005471 0.013622 0.003126 0.003907 0.013078 0.004370 0.017342 0.922607 0.014622 0.005976 0.014607 0.003491 
0.000000 0.000541 0.000108 0.000325 0.998267 0.000433 0.000108 0.000108 0.000108 0.000000 0.000558 0.000109 0.000330 0.998227 0.000440 0.000109 0.000116 0.000110 0.003249 0.013429 0.003574 0.014512 0.930258 0.015378 0.003465 0.012671 0.003465 0.003504 0.014505 0.003958 0.015530 0.924622 0.016391 0.003813 0.013793 0.003884 
0.000223 0.000446 0.000000 0.000446 0.998551 0.000111 0.000000 0.000111 0.000111 0.000226 0.000456 0.000000 0.000456 0.998523 0.000114 0.000000 0.000112 0.000113 0.002786 0.011700 0.002674 0.016046 0.931692 0.012480 0.003900 0.015601 0.003120 0.003027 0.012606 0.002974 0.016992 0.926275 0.013379 0.004389 0.016841 0.003518 
0.000114 0.000341 0.000000 0.000341 0.998295 0.000227 0.000341 0.000341 0.000000 0.000128 0.000350 0.000000 0.000345 0.998231 0.000229 0.000370 0.000348 0.000000 0.002160 0.010346 0.002160 0.014779 0.941337 0.012733 0.002501 0.011937 0.002046 0.002443 0.011075 0.002358 0.015717 0.936499 0.013863 0.002670 0.013083 0.002292 
0.000114 0.000343 0.000000 0.000343 0.998169 0.000458 0.000114 0.000458 0.000000 0.000116 0.000348 0.000000 0.000351 0.998132 0.000467 0.000119 0.000467 0.000000 0.002288 0.010526 0.002174 0.011098 0.941076 0.014302 0.002632 0.012815 0.003089 0.002417 0.011393 0.002396 0.011813 0.936351 0.015422 0.002912 0.013820 0.003475 
0.000114 0.000228 0.000000 0.000343 0.998515 0.000343 0.000114 0.000343 0.000000 0.000123 0.000228 0.000000 0.000354 0.998474 0.000345 0.000115 0.000360 0.000000 0.002056 0.012453 0.001599 0.013253 0.941963 0.010282 0.002628 0.013138 0.002628 0.002289 0.013372 0.001770 0.014006 0.937586 0.010821 0.002967 0.014336 0.002855 
0.000000 0.000344 0.000115 0.000574 0.998048 0.000000 0.000000 0.000918 0.000000 0.000000 0.000349 0.000130 0.000584 0.997978 0.000000 0.000000 0.000958 0.000000 0.002296 0.011251 0.001493 0.012400 0.946843 0.009759 0.002870 0.010563 0.002526 0.002437 0.012220 0.001701 0.013153 0.942380 0.010555 0.003200 0.011528 0.002826 
0.000000 0.000232 0.000000 0.000347 0.998263 0.000347 0.000116 0.000579 0.000116 0.000000 0.000234 0.000000 0.000356 0.998228 0.000355 0.000118 0.000592 0.000117 0.003243 0.012739 0.003011 0.014476 0.939317 0.011118 0.002316 0.011118 0.002664 0.003480 0.013920 0.003322 0.015430 0.934172 0.011920 0.002574 0.012180 0.003002 
0.000000 0.000240 0.000000 0.000719 0.998323 0.000120 0.000240 0.000240 0.000120 0.000000 0.000241 0.000000 0.000736 0.998286 0.000123 0.000251 0.000242 0.000122 0.003354 0.012460 0.002276 0.011980 0.935785 0.013298 0.003235 0.014496 0.003115 0.003732 0.013256 0.002563 0.012878 0.930817 0.014240 0.003562 0.015514 0.003439 
0.000000 0.000357 0.000000 0.000357 0.998690 0.000476 0.000000 0.000119 0.000000 0.000000 0.000364 0.000000 0.000365 0.998668 0.000482 0.000000 0.000121 0.000000 0.003096 0.011908 0.002143 0.011908 0.943439 0.010002 0.003096 0.012146 0.002262 0.003447 0.012935 0.002357 0.012629 0.938897 0.010813 0.003479 0.012977 0.002467 
0.000573 0.000573 0.000000 0.000573 0.997481 0.000458 0.000115 0.000000 0.000229 0.000588 0.000587 0.000000 0.000589 0.997398 0.000473 0.000115 0.000000 0.000250 0.003435 0.015459 0.003435 0.012825 0.931524 0.015001 0.001832 0.012825 0.003664 0.003856 0.016579 0.003815 0.013844 0.925945 0.016027 0.002006 0.013769 0.004158 
0.000351 0.000117 0.000234 0.000468 0.998479 0.000117 0.000000 0.000234 0.000000 0.000354 0.000125 0.000251 0.000483 0.998433 0.000118 0.000000 0.000236 0.000000 0.002574 0.013340 0.001287 0.010882 0.941376 0.012286 0.002457 0.013223 0.002574 0.002872 0.014408 0.001382 0.011602 0.936521 0.013254 0.002730 0.014337 0.002895 
0.000230 0.000690 0.000000 0.000230 0.997701 0.000460 0.000000 0.000690 0.000000 0.000247 0.000707 0.000000 0.000233 0.997626 0.000471 0.000000 0.000716 0.000000 0.003449 0.012991 0.002529 0.012417 0.940216 0.012187 0.002529 0.010692 0.002989 0.003764 0.014087 0.002855 0.013170 0.935285 0.013158 0.002819 0.011587 0.003275 
0.000118 0.000236 0.000000 0.000118 0.998468 0.000471 0.000000 0.000353 0.000236 0.000124 0.000252 0.000000 0.000125 0.998401 0.000488 0.000000 0.000361 0.000250 0.002828 0.015198 0.001532 0.012017 0.941918 0.011664 0.001414 0.010014 0.003417 0.003015 0.016290 0.001803 0.012773 0.937241 0.012517 0.001587 0.010911 0.003863 
0.000000 0.000497 0.000248 0.000373 0.997888 0.000248 0.000124 0.000373 0.000248 0.000000 0.000509 0.000255 0.000397 0.997807 0.000269 0.000125 0.000375 0.000262 0.004596 0.011304 0.002484 0.013043 0.939379 0.011677 0.003106 0.011180 0.003230 0.005007 0.012169 0.002761 0.013920 0.934327 0.012538 0.003578 0.012055 0.003646 
0.000236 0.000236 0.000000 0.000118 0.998582 0.000236 0.000000 0.000473 0.000118 0.000246 0.000241 0.000000 0.000122 0.998519 0.000253 0.000000 0.000495 0.000122 0.002481 0.012168 0.002717 0.013349 0.939043 0.011695 0.002363 0.012404 0.003780 0.002684 0.013080 0.003039 0.014160 0.934608 0.012411 0.002572 0.013330 0.004117 
0.000346 0.000346 0.000115 0.000000 0.998617 0.000115 0.000000 0.000115 0.000346 0.000353 0.000366 0.000118 0.000000 0.998541 0.000117 0.000000 0.000116 0.000388 0.002766 0.010717 0.002074 0.012906 0.944457 0.010141 0.002074 0.012100 0.002766 0.003000 0.011459 0.002331 0.013726 0.940177 0.010846 0.002304 0.013060 0.003097 
0.000118 0.000474 0.000000 0.000474 0.998460 0.000237 0.000000 0.000237 0.000000 0.000123 0.000506 0.000000 0.000477 0.998387 0.000244 0.000000 0.000263 0.000000 0.002132 0.010660 0.002961 0.012199 0.946938 0.009120 0.002132 0.011844 0.002014 0.002362 0.011348 0.003282 0.013119 0.942789 0.009712 0.002347 0.012847 0.002195 
0.000414 0.000276 0.000000 0.000000 0.998621 0.000276 0.000138 0.000276 0.000000 0.000459 0.000278 0.000000 0.000000 0.998554 0.000285 0.000138 0.000284 0.000000 0.003448 0.010483 0.001241 0.009793 0.950069 0.008414 0.001655 0.012966 0.001931 0.003920 0.011309 0.001383 0.010420 0.946162 0.009014 0.001778 0.013857 0.002158 
0.000119 0.000358 0.000119 0.000238 0.998331 0.000358 0.000000 0.000358 0.000119 0.000125 0.000374 0.000122 0.000242 0.998293 0.000361 0.000000 0.000363 0.000120 0.001788 0.012515 0.002265 0.011442 0.943862 0.010846 0.002861 0.010965 0.003456 0.001949 0.013617 0.002488 0.012237 0.939276 0.011709 0.003157 0.011758 0.003810 
0.000114 0.000343 0.000114 0.000458 0.998284 0.000229 0.000229 0.000229 0.000000 0.000116 0.000344 0.000117 0.000482 0.998220 0.000240 0.000243 0.000239 0.000000 0.002402 0.013954 0.002631 0.010065 0.942125 0.012124 0.003317 0.010866 0.002516 0.002680 0.015099 0.002968 0.010809 0.937188 0.012915 0.003672 0.011924 0.002744 
0.000337 0.000899 0.000449 0.000899 0.995956 0.000562 0.000112 0.000674 0.000112 0.000357 0.000920 0.000483 0.000922 0.995808 0.000573 0.000123 0.000688 0.000126 0.003370 0.012920 0.004382 0.011235 0.935176 0.012358 0.003146 0.014380 0.003033 0.003672 0.013902 0.004842 0.011980 0.929892 0.013414 0.003458 0.015537 0.003303 
0.000343 0.000228 0.000228 0.000571 0.997601 0.000457 0.000114 0.000343 0.000114 0.000347 0.000238 0.000239 0.000582 0.997553 0.000463 0.000116 0.000347 0.000116 0.002285 0.010853 0.002856 0.011767 0.938650 0.013595 0.002399 0.014395 0.003199 0.002446 0.011574 0.003157 0.012540 0.933918 0.014664 0.002624 0.015506 0.003570 
