0.000228 0.001669 0.000152 0.000607 0.995599 0.000455 0.000076 0.001214 0.000000 0.000240 0.001713 0.000157 0.000621 0.995479 0.000463 0.000083 0.001244 0.000000 0.008649 0.087329 0.009788 0.025038 0.739454 0.028604 0.007587 0.085508 0.008042 0.009592 0.090116 0.010676 0.026552 0.725999 0.030804 0.008415 0.088945 0.008900 
0.000201 0.001879 0.000134 0.000671 0.995034 0.000671 0.000201 0.001141 0.000067 0.000216 0.001928 0.000136 0.000693 0.994861 0.000706 0.000207 0.001177 0.000075 0.008187 0.102208 0.007986 0.027783 0.721160 0.027112 0.008791 0.088719 0.008053 0.008895 0.105485 0.008728 0.029740 0.707662 0.029156 0.009504 0.092105 0.008725 
0.000063 0.001890 0.000063 0.000441 0.994457 0.000693 0.000378 0.001890 0.000126 0.000064 0.001947 0.000069 0.000460 0.994203 0.000747 0.000412 0.001966 0.000133 0.008504 0.101102 0.008189 0.029858 0.714898 0.027906 0.008189 0.094110 0.007244 0.009274 0.104292 0.008908 0.031924 0.701200 0.029870 0.008871 0.097807 0.007854 
0.000420 0.002578 0.000300 0.000480 0.992986 0.000360 0.000480 0.002098 0.000300 0.000437 0.002651 0.000314 0.000496 0.992679 0.000426 0.000519 0.002171 0.000308 0.009592 0.113482 0.009891 0.028535 0.692704 0.027936 0.009352 0.099335 0.009172 0.010344 0.116971 0.010865 0.030462 0.678151 0.029887 0.010256 0.103014 0.010050 
0.000175 0.001514 0.000233 0.000699 0.994817 0.000757 0.000116 0.001631 0.000058 0.000187 0.001552 0.000245 0.000721 0.994657 0.000773 0.000128 0.001677 0.000060 0.010541 0.100577 0.008328 0.028187 0.714286 0.030051 0.010192 0.090443 0.007396 0.011373 0.103401 0.009112 0.030161 0.700867 0.032312 0.011130 0.093506 0.008138 
0.000371 0.002596 0.000309 0.000865 0.992396 0.000618 0.000433 0.002287 0.000124 0.000388 0.002665 0.000323 0.000884 0.992199 0.000625 0.000444 0.002348 0.000124 0.012302 0.096006 0.010448 0.028870 0.711053 0.030354 0.010880 0.089701 0.010386 0.013346 0.098867 0.011332 0.030717 0.697486 0.032378 0.011797 0.092755 0.011322 
0.000136 0.001833 0.000339 0.001697 0.992328 0.001154 0.000204 0.001969 0.000339 0.000148 0.001857 0.000361 0.001750 0.992101 0.001192 0.000221 0.002010 0.000359 0.011134 0.081336 0.010727 0.036459 0.733519 0.030959 0.008351 0.078553 0.008962 0.012035 0.084055 0.011641 0.038397 0.720778 0.032864 0.009070 0.081516 0.009644 
0.000263 0.002497 0.000394 0.000394 0.993889 0.000460 0.000263 0.001709 0.000131 0.000267 0.002569 0.000419 0.000405 0.993683 0.000472 0.000269 0.001775 0.000140 0.008477 0.086739 0.009265 0.022408 0.756144 0.021553 0.007031 0.080891 0.007491 0.009178 0.089770 0.010126 0.023952 0.743937 0.023052 0.007688 0.084048 0.008249 
0.000272 0.001771 0.000409 0.000681 0.994482 0.000545 0.000341 0.001431 0.000068 0.000282 0.001815 0.000431 0.000753 0.994212 0.000574 0.000361 0.001478 0.000095 0.005859 0.079910 0.006676 0.022549 0.769058 0.023435 0.006812 0.078548 0.007153 0.006422 0.083002 0.007365 0.024086 0.756917 0.025081 0.007426 0.081744 0.007957 
0.000146 0.001094 0.000583 0.000948 0.994605 0.000510 0.000219 0.001750 0.000146 0.000151 0.001113 0.000609 0.000991 0.994421 0.000529 0.000230 0.001806 0.000150 0.006707 0.081140 0.007217 0.024204 0.768098 0.023985 0.006634 0.073485 0.008530 0.007389 0.084087 0.007935 0.025860 0.756172 0.025723 0.007192 0.076356 0.009288 
0.000152 0.001444 0.000456 0.000380 0.995365 0.000608 0.000076 0.001520 0.000000 0.000168 0.001471 0.000484 0.000389 0.995237 0.000625 0.000080 0.001546 0.000000 0.006154 0.075748 0.007294 0.021653 0.790077 0.020286 0.005774 0.067999 0.005014 0.006805 0.078801 0.008019 0.022903 0.779034 0.021671 0.006273 0.071074 0.005420 
0.000214 0.001071 0.000429 0.000714 0.995572 0.000286 0.000571 0.001071 0.000071 0.000226 0.001102 0.000451 0.000727 0.995294 0.000373 0.000640 0.001115 0.000072 0.006499 0.077560 0.007570 0.022140 0.783460 0.021640 0.005214 0.070133 0.005785 0.007101 0.080477 0.008316 0.023444 0.772069 0.023211 0.005802 0.073104 0.006476 
0.000307 0.000845 0.000230 0.000307 0.996160 0.000614 0.000307 0.001075 0.000154 0.000313 0.000853 0.000244 0.000319 0.996037 0.000628 0.000348 0.001103 0.000156 0.005684 0.071889 0.005991 0.018894 0.803456 0.020200 0.005530 0.062212 0.006144 0.006206 0.074989 0.006636 0.020147 0.792349 0.021633 0.006043 0.065196 0.006801 
0.000384 0.001688 0.000230 0.000537 0.994629 0.000767 0.000307 0.001151 0.000307 0.000425 0.001740 0.000244 0.000554 0.994337 0.000858 0.000318 0.001209 0.000316 0.005677 0.071889 0.005754 0.020485 0.801519 0.020408 0.005294 0.064293 0.004680 0.006125 0.074851 0.006321 0.021812 0.790591 0.022058 0.005744 0.067239 0.005259 
0.000224 0.001192 0.000224 0.000298 0.995679 0.000447 0.000373 0.001490 0.000075 0.000243 0.001222 0.000235 0.000322 0.995358 0.000559 0.000441 0.001534 0.000085 0.006407 0.075250 0.006035 0.020712 0.803084 0.019520 0.006705 0.056400 0.005886 0.006946 0.078140 0.006748 0.022054 0.792230 0.021105 0.007362 0.058916 0.006499 
0.000383 0.001762 0.000460 0.000460 0.994026 0.000613 0.000460 0.001685 0.000153 0.000402 0.001823 0.000482 0.000565 0.993618 0.000653 0.000482 0.001798 0.000177 0.006587 0.073146 0.006664 0.023667 0.800551 0.020067 0.005898 0.057521 0.005898 0.007278 0.076229 0.007433 0.025138 0.789406 0.021459 0.006439 0.060096 0.006522 
0.000231 0.001003 0.000231 0.000540 0.995448 0.000772 0.000463 0.001157 0.000154 0.000240 0.001037 0.000234 0.000569 0.995279 0.000806 0.000472 0.001206 0.000157 0.007870 0.068127 0.007793 0.019520 0.806651 0.020446 0.006172 0.058097 0.005324 0.008737 0.071144 0.008710 0.020989 0.795043 0.022199 0.006659 0.060711 0.005807 
0.000078 0.002195 0.000235 0.000862 0.994043 0.000784 0.000157 0.001489 0.000157 0.000080 0.002258 0.000248 0.000976 0.993698 0.000882 0.000158 0.001541 0.000160 0.006427 0.068193 0.006192 0.022574 0.810707 0.020066 0.006035 0.055024 0.004781 0.007090 0.070937 0.006778 0.024010 0.800184 0.021412 0.006651 0.057702 0.005236 
0.000319 0.001435 0.000239 0.001435 0.993861 0.000957 0.000159 0.001276 0.000319 0.000353 0.001469 0.000267 0.001454 0.993651 0.000982 0.000168 0.001324 0.000333 0.005820 0.068490 0.006937 0.021607 0.802743 0.023043 0.006060 0.060596 0.004704 0.006374 0.071440 0.007622 0.023026 0.791628 0.024766 0.006637 0.063379 0.005128 
0.000482 0.001205 0.000402 0.000482 0.994699 0.000402 0.000161 0.001847 0.000321 0.000496 0.001244 0.000469 0.000488 0.994393 0.000500 0.000171 0.001884 0.000354 0.007068 0.069558 0.007952 0.023695 0.805060 0.020723 0.005622 0.054940 0.005382 0.007723 0.072445 0.008875 0.025143 0.794281 0.022242 0.006100 0.057335 0.005857 
0.000261 0.001916 0.000610 0.000610 0.994427 0.000958 0.000261 0.000784 0.000174 0.000268 0.001948 0.000636 0.000705 0.993971 0.001174 0.000284 0.000826 0.000188 0.006270 0.061825 0.006705 0.023163 0.817921 0.021682 0.007227 0.048415 0.006792 0.006846 0.064605 0.007532 0.024726 0.806501 0.023595 0.007999 0.050735 0.007461 
0.000081 0.001532 0.000403 0.000726 0.993954 0.000322 0.000564 0.002177 0.000242 0.000084 0.001586 0.000420 0.000754 0.993692 0.000329 0.000607 0.002274 0.000255 0.006933 0.066995 0.005885 0.021767 0.809658 0.017817 0.006691 0.059255 0.004998 0.007532 0.069849 0.006451 0.023214 0.798840 0.019056 0.007405 0.062154 0.005500 
0.000152 0.002432 0.000152 0.000304 0.993844 0.000684 0.000228 0.001596 0.000608 0.000160 0.002507 0.000156 0.000324 0.993541 0.000808 0.000258 0.001626 0.000620 0.006080 0.064675 0.005928 0.022344 0.809394 0.021660 0.006460 0.058596 0.004864 0.006722 0.067583 0.006424 0.023869 0.798274 0.023396 0.007116 0.061202 0.005414 
0.000249 0.001410 0.000415 0.000995 0.993364 0.000498 0.000912 0.001991 0.000166 0.000253 0.001466 0.000433 0.001055 0.993056 0.000586 0.000934 0.002044 0.000174 0.007714 0.065528 0.006387 0.022230 0.813454 0.020156 0.007299 0.052588 0.004645 0.008389 0.068427 0.006979 0.023989 0.802073 0.021857 0.008041 0.055101 0.005144 
0.000476 0.001588 0.000397 0.000873 0.993489 0.000635 0.000556 0.001667 0.000318 0.000487 0.001606 0.000412 0.000984 0.993145 0.000669 0.000579 0.001788 0.000330 0.007781 0.063835 0.007304 0.021358 0.811274 0.019532 0.006749 0.056292 0.005875 0.008515 0.066690 0.008006 0.022728 0.799930 0.021241 0.007355 0.058999 0.006535 
