0.000000 0.001363 0.000000 0.000974 0.995326 0.001558 0.000000 0.000584 0.000195 0.000000 0.001556 0.000000 0.001158 0.994674 0.001623 0.000000 0.000772 0.000217 0.011685 0.029990 0.012269 0.043038 0.816553 0.036417 0.011100 0.027848 0.011100 0.012367 0.032036 0.012985 0.044900 0.806172 0.038380 0.011678 0.029310 0.012173 
0.000138 0.000415 0.000415 0.001108 0.996954 0.000831 0.000000 0.000000 0.000138 0.000181 0.000430 0.000435 0.001167 0.996666 0.000979 0.000000 0.000000 0.000141 0.012322 0.036827 0.013706 0.049979 0.779731 0.045687 0.016890 0.032258 0.012599 0.013125 0.038688 0.014532 0.052159 0.768711 0.047696 0.018038 0.033643 0.013407 
0.000324 0.000324 0.000000 0.000539 0.997626 0.000432 0.000324 0.000324 0.000108 0.000341 0.000329 0.000000 0.000564 0.997521 0.000439 0.000341 0.000353 0.000111 0.011329 0.029456 0.012624 0.038412 0.833082 0.031183 0.009819 0.026543 0.007553 0.012367 0.030909 0.013478 0.040087 0.823625 0.032638 0.010555 0.028263 0.008077 
0.000580 0.000676 0.000097 0.000870 0.996618 0.000580 0.000193 0.000386 0.000000 0.000643 0.000778 0.000102 0.000893 0.996360 0.000607 0.000218 0.000400 0.000000 0.010338 0.029855 0.011208 0.037101 0.826184 0.034010 0.011594 0.030821 0.008889 0.011264 0.031960 0.012077 0.038678 0.815309 0.035874 0.012431 0.032842 0.009565 
0.000090 0.000542 0.000000 0.001625 0.996118 0.000903 0.000271 0.000271 0.000181 0.000107 0.000555 0.000000 0.001639 0.995946 0.000969 0.000281 0.000304 0.000200 0.011825 0.034573 0.012818 0.040350 0.807637 0.040350 0.013450 0.028615 0.010381 0.012679 0.036336 0.013779 0.042452 0.796000 0.042823 0.014324 0.030443 0.011164 
0.000105 0.000944 0.000105 0.001468 0.995596 0.000944 0.000105 0.000419 0.000315 0.000108 0.000957 0.000114 0.001514 0.995296 0.001030 0.000119 0.000529 0.000332 0.017722 0.039639 0.015730 0.041737 0.778209 0.042261 0.016569 0.035969 0.012164 0.018893 0.041661 0.016955 0.043264 0.766305 0.044292 0.017613 0.037862 0.013154 
0.000171 0.000939 0.000171 0.000597 0.995989 0.001024 0.000341 0.000683 0.000085 0.000171 0.000975 0.000193 0.000614 0.995762 0.001078 0.000369 0.000749 0.000089 0.010583 0.027055 0.010498 0.040027 0.825297 0.034992 0.011522 0.029444 0.010583 0.011362 0.028514 0.011374 0.041759 0.814873 0.036713 0.012479 0.031386 0.011541 
0.000469 0.000937 0.000281 0.001406 0.993626 0.001406 0.000469 0.001031 0.000375 0.000479 0.000956 0.000291 0.001432 0.993457 0.001450 0.000480 0.001073 0.000381 0.020808 0.052301 0.018840 0.054269 0.716093 0.050708 0.022308 0.046771 0.017902 0.021973 0.054480 0.019897 0.056189 0.703006 0.052801 0.023611 0.049228 0.018815 
0.000083 0.001243 0.000746 0.002402 0.992545 0.001408 0.000497 0.000828 0.000249 0.000088 0.001359 0.000783 0.002478 0.992213 0.001440 0.000521 0.000867 0.000251 0.021040 0.043986 0.019798 0.057654 0.724652 0.052435 0.016816 0.045726 0.017893 0.022226 0.046285 0.021105 0.060047 0.711099 0.054741 0.017705 0.047953 0.018839 
0.000228 0.000759 0.000607 0.001517 0.994386 0.001214 0.000455 0.000759 0.000076 0.000236 0.000787 0.000634 0.001593 0.994087 0.001340 0.000463 0.000780 0.000080 0.015629 0.040361 0.016235 0.044913 0.775283 0.042865 0.016539 0.035202 0.012973 0.016501 0.042321 0.017327 0.046793 0.763358 0.044993 0.017621 0.037124 0.013963 
0.000278 0.000905 0.000000 0.001323 0.996032 0.000835 0.000070 0.000209 0.000348 0.000287 0.000934 0.000000 0.001426 0.995852 0.000859 0.000074 0.000212 0.000354 0.014409 0.038076 0.013643 0.050049 0.777043 0.047960 0.014270 0.031602 0.012947 0.015419 0.039985 0.014493 0.052236 0.765058 0.050523 0.015214 0.033278 0.013794 
0.000541 0.001005 0.000541 0.001315 0.993813 0.001469 0.000232 0.000773 0.000309 0.000559 0.001062 0.000590 0.001370 0.993553 0.001517 0.000243 0.000790 0.000317 0.016472 0.040909 0.017245 0.049416 0.764055 0.047560 0.017013 0.035419 0.011909 0.017485 0.043051 0.018592 0.051364 0.750866 0.050133 0.018049 0.037650 0.012810 
0.000606 0.001717 0.000707 0.002323 0.990808 0.001212 0.000606 0.001212 0.000808 0.000627 0.001760 0.000717 0.002366 0.990560 0.001281 0.000620 0.001232 0.000837 0.020000 0.046869 0.022828 0.054646 0.717172 0.053030 0.024141 0.044141 0.017172 0.021183 0.049229 0.024233 0.056533 0.703162 0.055471 0.025465 0.046402 0.018323 
0.000264 0.001057 0.000969 0.002202 0.991809 0.001673 0.000705 0.001233 0.000088 0.000270 0.001067 0.001028 0.002237 0.991600 0.001717 0.000721 0.001268 0.000091 0.018848 0.044918 0.017439 0.052581 0.730756 0.052581 0.020257 0.044654 0.017967 0.020059 0.046979 0.018733 0.054556 0.716707 0.055032 0.021560 0.047256 0.019118 
0.000323 0.002262 0.000431 0.001616 0.992246 0.000754 0.000862 0.001077 0.000431 0.000334 0.002293 0.000479 0.001638 0.991990 0.000813 0.000903 0.001100 0.000451 0.027141 0.053204 0.025633 0.060635 0.672482 0.057297 0.023156 0.055681 0.024771 0.028625 0.055107 0.027194 0.062606 0.658404 0.059364 0.024391 0.057908 0.026403 
0.000454 0.002499 0.000682 0.001136 0.992844 0.001136 0.000341 0.000682 0.000227 0.000469 0.002539 0.000731 0.001366 0.992400 0.001187 0.000343 0.000708 0.000256 0.022263 0.047592 0.023512 0.041913 0.742049 0.044298 0.021013 0.039982 0.017378 0.023501 0.049664 0.025052 0.043711 0.729115 0.046440 0.022434 0.041653 0.018429 
0.000591 0.001872 0.000690 0.002070 0.992412 0.000986 0.000493 0.000591 0.000296 0.000684 0.001913 0.000708 0.002107 0.992060 0.001056 0.000507 0.000648 0.000318 0.023849 0.046221 0.019809 0.049867 0.731743 0.045925 0.022174 0.042673 0.017739 0.025396 0.048033 0.021109 0.051686 0.718925 0.048079 0.023108 0.044690 0.018975 
0.000480 0.001535 0.000096 0.001343 0.994052 0.001343 0.000192 0.000863 0.000096 0.000532 0.001691 0.000102 0.001392 0.993645 0.001448 0.000198 0.000895 0.000098 0.015830 0.039624 0.016406 0.041255 0.780294 0.037705 0.017653 0.035211 0.016022 0.016800 0.041388 0.017416 0.043017 0.768604 0.039837 0.018641 0.037106 0.017192 
0.000364 0.001335 0.000000 0.001335 0.995022 0.000607 0.000121 0.000971 0.000243 0.000390 0.001415 0.000000 0.001364 0.994686 0.000768 0.000124 0.001004 0.000249 0.016268 0.043220 0.015175 0.043098 0.776739 0.038242 0.016147 0.036421 0.014690 0.017047 0.045228 0.016004 0.044897 0.765852 0.040060 0.017118 0.038107 0.015687 
0.000263 0.001138 0.000525 0.002101 0.993172 0.001225 0.000350 0.000963 0.000263 0.000294 0.001167 0.000541 0.002164 0.992910 0.001289 0.000374 0.000995 0.000265 0.017069 0.041667 0.013393 0.047094 0.768820 0.041317 0.018820 0.039041 0.012780 0.017988 0.043472 0.014305 0.048867 0.756878 0.043647 0.020054 0.041259 0.013531 
0.000177 0.000887 0.000177 0.001330 0.994946 0.001419 0.000355 0.000532 0.000177 0.000188 0.000900 0.000191 0.001407 0.994700 0.001508 0.000361 0.000544 0.000200 0.013742 0.042202 0.014895 0.045039 0.774891 0.040872 0.014806 0.039365 0.014186 0.014532 0.044296 0.015835 0.047073 0.762742 0.042937 0.015812 0.041410 0.015362 
0.000657 0.001395 0.000246 0.001231 0.993763 0.001313 0.000410 0.000739 0.000246 0.000674 0.001473 0.000252 0.001256 0.993533 0.001360 0.000418 0.000783 0.000251 0.019122 0.041198 0.016742 0.045630 0.753057 0.044727 0.019450 0.041855 0.018219 0.020334 0.043008 0.017673 0.047584 0.740267 0.046918 0.020667 0.043967 0.019583 
0.000180 0.000900 0.000090 0.002071 0.994959 0.000720 0.000540 0.000450 0.000090 0.000182 0.000914 0.000091 0.002203 0.994699 0.000778 0.000579 0.000459 0.000095 0.016835 0.039521 0.015934 0.048254 0.773046 0.038441 0.016655 0.035110 0.016205 0.017786 0.041056 0.017110 0.050477 0.761561 0.040374 0.017685 0.036704 0.017248 
0.000450 0.001709 0.000540 0.002699 0.990195 0.001799 0.000540 0.001349 0.000720 0.000466 0.001735 0.000556 0.002769 0.989796 0.001913 0.000558 0.001463 0.000744 0.023388 0.047495 0.018350 0.053522 0.726095 0.047225 0.020779 0.045426 0.017721 0.024780 0.049282 0.019551 0.055726 0.712771 0.049401 0.022023 0.047492 0.018974 
0.000539 0.001832 0.000862 0.002909 0.989549 0.000970 0.000970 0.002047 0.000323 0.000560 0.001846 0.000907 0.002993 0.989026 0.001008 0.000995 0.002335 0.000331 0.013145 0.035126 0.013361 0.044607 0.788816 0.037604 0.014115 0.038250 0.014977 0.014110 0.037077 0.014095 0.046444 0.777009 0.039744 0.015016 0.040485 0.016020 
