0.001078 0.001472 0.001122 0.002098 0.988842 0.001652 0.001585 0.001284 0.000867 0.001127 0.001509 0.001180 0.002155 0.988408 0.001707 0.001674 0.001327 0.000912 0.016421 0.042997 0.017285 0.052271 0.748458 0.048170 0.018513 0.041496 0.014389 0.017570 0.045215 0.018523 0.054798 0.733746 0.050849 0.019845 0.043952 0.015501 
0.000964 0.001515 0.001170 0.001971 0.989555 0.001590 0.001339 0.001146 0.000750 0.001005 0.001556 0.001230 0.002028 0.989160 0.001647 0.001404 0.001183 0.000786 0.016150 0.044025 0.017320 0.052860 0.746492 0.048793 0.018014 0.041907 0.014439 0.017302 0.046354 0.018617 0.055443 0.731505 0.051551 0.019274 0.044387 0.015567 
0.001020 0.001597 0.001233 0.002111 0.988786 0.001656 0.001350 0.001262 0.000985 0.001063 0.001645 0.001298 0.002175 0.988347 0.001711 0.001421 0.001307 0.001034 0.016263 0.044349 0.017620 0.052904 0.744469 0.049224 0.019122 0.041767 0.014282 0.017386 0.046648 0.018954 0.055506 0.729425 0.051977 0.020437 0.044251 0.015416 
0.001036 0.001455 0.001102 0.002072 0.989546 0.001495 0.001246 0.001171 0.000877 0.001093 0.001498 0.001165 0.002133 0.989125 0.001544 0.001309 0.001206 0.000928 0.015945 0.044412 0.017588 0.051901 0.749300 0.048265 0.017678 0.040660 0.014249 0.017093 0.046778 0.018899 0.054480 0.734363 0.050997 0.018920 0.043072 0.015397 
0.000980 0.001604 0.001240 0.001936 0.988941 0.001670 0.001431 0.001421 0.000778 0.001029 0.001651 0.001306 0.001998 0.988497 0.001732 0.001501 0.001470 0.000814 0.017038 0.045106 0.017944 0.052817 0.743995 0.047873 0.018541 0.041617 0.015068 0.018227 0.047494 0.019274 0.055412 0.728927 0.050547 0.019809 0.044085 0.016225 
0.000984 0.001512 0.001214 0.001929 0.989397 0.001590 0.001216 0.001291 0.000867 0.001033 0.001551 0.001277 0.001984 0.988978 0.001649 0.001278 0.001338 0.000913 0.017402 0.044348 0.017751 0.052478 0.744659 0.049360 0.017997 0.040694 0.015311 0.018635 0.046673 0.019100 0.055017 0.729633 0.052117 0.019235 0.043079 0.016512 
0.000842 0.001430 0.000974 0.001838 0.990103 0.001465 0.001333 0.001183 0.000832 0.000872 0.001473 0.001025 0.001891 0.989726 0.001521 0.001398 0.001221 0.000872 0.016964 0.044446 0.017077 0.051205 0.750191 0.047746 0.017847 0.040038 0.014485 0.018182 0.046809 0.018345 0.053678 0.735383 0.050420 0.019128 0.042425 0.015630 
0.001052 0.001469 0.001055 0.002040 0.989376 0.001604 0.001254 0.001289 0.000861 0.001104 0.001509 0.001112 0.002095 0.988967 0.001662 0.001315 0.001335 0.000902 0.017397 0.044844 0.017340 0.052483 0.745496 0.047836 0.018683 0.040953 0.014969 0.018601 0.047216 0.018616 0.055056 0.730599 0.050457 0.019953 0.043346 0.016155 
0.000915 0.001555 0.001183 0.001958 0.989564 0.001504 0.001307 0.001156 0.000859 0.000953 0.001595 0.001247 0.002019 0.989144 0.001564 0.001375 0.001199 0.000905 0.016436 0.043865 0.017654 0.051844 0.747234 0.048058 0.018996 0.040641 0.015272 0.017615 0.046165 0.018969 0.054350 0.732286 0.050743 0.020336 0.043060 0.016475 
0.000970 0.001539 0.001076 0.002076 0.989414 0.001626 0.001239 0.001264 0.000795 0.001015 0.001583 0.001131 0.002132 0.989019 0.001678 0.001301 0.001306 0.000835 0.017056 0.044079 0.017385 0.051524 0.748205 0.047839 0.018110 0.041020 0.014781 0.018294 0.046381 0.018693 0.054031 0.733279 0.050512 0.019404 0.043464 0.015942 
0.000859 0.001415 0.001028 0.002017 0.989784 0.001543 0.001372 0.001196 0.000786 0.000895 0.001455 0.001089 0.002076 0.989383 0.001596 0.001445 0.001231 0.000829 0.016253 0.043620 0.017455 0.050864 0.750070 0.047302 0.018412 0.041373 0.014651 0.017419 0.045910 0.018744 0.053377 0.735250 0.049946 0.019705 0.043837 0.015812 
0.000862 0.001443 0.001098 0.001766 0.990262 0.001331 0.001279 0.001172 0.000788 0.000898 0.001483 0.001152 0.001820 0.989897 0.001375 0.001340 0.001209 0.000825 0.016500 0.043421 0.017590 0.051286 0.749906 0.047369 0.018578 0.040470 0.014880 0.017671 0.045742 0.018922 0.053781 0.734905 0.050082 0.019899 0.042939 0.016059 
0.000996 0.001534 0.001032 0.001936 0.989747 0.001482 0.001256 0.001204 0.000813 0.001043 0.001578 0.001089 0.001993 0.989343 0.001538 0.001314 0.001248 0.000854 0.016537 0.043836 0.017598 0.052024 0.747905 0.047619 0.018208 0.041384 0.014889 0.017696 0.046163 0.018910 0.054567 0.732983 0.050292 0.019465 0.043860 0.016064 
0.000843 0.001432 0.001052 0.001904 0.990156 0.001475 0.001242 0.001234 0.000661 0.000877 0.001470 0.001106 0.001959 0.989780 0.001528 0.001307 0.001275 0.000697 0.016283 0.043995 0.017191 0.050209 0.750570 0.046905 0.018371 0.041567 0.014910 0.017451 0.046301 0.018454 0.052646 0.735805 0.049569 0.019665 0.044018 0.016089 
0.000912 0.001366 0.001070 0.001893 0.990271 0.001388 0.001116 0.001240 0.000745 0.000952 0.001401 0.001129 0.001945 0.989897 0.001437 0.001173 0.001286 0.000780 0.016802 0.044371 0.017990 0.051494 0.745641 0.048326 0.018498 0.041673 0.015204 0.017978 0.046664 0.019291 0.054017 0.730696 0.051030 0.019819 0.044136 0.016370 
0.000918 0.001396 0.001015 0.001872 0.990115 0.001485 0.001144 0.001259 0.000795 0.000958 0.001436 0.001069 0.001921 0.989742 0.001538 0.001201 0.001298 0.000838 0.016756 0.044144 0.017215 0.051566 0.747814 0.047267 0.018370 0.041807 0.015062 0.017942 0.046424 0.018491 0.054088 0.732958 0.049980 0.019616 0.044266 0.016234 
0.000954 0.001492 0.001033 0.001936 0.989698 0.001514 0.001286 0.001257 0.000829 0.000999 0.001534 0.001091 0.001988 0.989290 0.001570 0.001356 0.001298 0.000874 0.016924 0.044845 0.017854 0.051108 0.744836 0.048028 0.019104 0.042214 0.015086 0.018106 0.047139 0.019165 0.053622 0.729906 0.050710 0.020429 0.044658 0.016265 
0.001045 0.001461 0.001204 0.001987 0.989182 0.001514 0.001269 0.001430 0.000908 0.001090 0.001504 0.001262 0.002043 0.988775 0.001566 0.001330 0.001477 0.000954 0.016880 0.045720 0.018009 0.051259 0.744361 0.047192 0.018789 0.042451 0.015340 0.018082 0.048091 0.019309 0.053748 0.729418 0.049798 0.020106 0.044902 0.016546 
0.000926 0.001685 0.001116 0.002218 0.988901 0.001620 0.001318 0.001334 0.000882 0.000967 0.001728 0.001175 0.002287 0.988460 0.001679 0.001389 0.001387 0.000927 0.017366 0.045737 0.017486 0.052490 0.741231 0.048683 0.018625 0.042788 0.015595 0.018580 0.048099 0.018776 0.055042 0.726186 0.051394 0.019873 0.045251 0.016798 
0.000910 0.001633 0.001088 0.002037 0.989250 0.001635 0.001302 0.001264 0.000879 0.000946 0.001674 0.001146 0.002096 0.988854 0.001693 0.001364 0.001306 0.000922 0.017241 0.045949 0.017930 0.050934 0.743351 0.048028 0.018376 0.042655 0.015536 0.018420 0.048330 0.019259 0.053383 0.728383 0.050747 0.019650 0.045105 0.016723 
0.000949 0.001376 0.001218 0.002018 0.989215 0.001680 0.001482 0.001275 0.000788 0.000992 0.001411 0.001281 0.002073 0.988802 0.001735 0.001559 0.001317 0.000828 0.016821 0.045606 0.017718 0.050321 0.745980 0.047747 0.018638 0.042029 0.015139 0.017984 0.047984 0.019007 0.052785 0.731150 0.050379 0.019936 0.044457 0.016319 
0.001023 0.001461 0.001175 0.002096 0.989263 0.001630 0.001383 0.001289 0.000680 0.001071 0.001498 0.001237 0.002153 0.988855 0.001690 0.001450 0.001332 0.000713 0.017378 0.045900 0.017873 0.052429 0.740766 0.048523 0.019574 0.042382 0.015175 0.018562 0.048246 0.019154 0.054908 0.725906 0.051137 0.020923 0.044807 0.016357 
0.000947 0.001506 0.001127 0.001915 0.989346 0.001535 0.001478 0.001288 0.000859 0.000989 0.001550 0.001186 0.001966 0.988938 0.001588 0.001555 0.001330 0.000897 0.016833 0.044876 0.018532 0.049429 0.745190 0.047454 0.019546 0.043336 0.014803 0.018044 0.047207 0.019894 0.051766 0.730294 0.050056 0.020897 0.045885 0.015956 
0.001170 0.001664 0.001142 0.002215 0.988394 0.001688 0.001411 0.001405 0.000912 0.001221 0.001708 0.001205 0.002273 0.987963 0.001742 0.001478 0.001453 0.000957 0.017620 0.046193 0.017957 0.051031 0.741679 0.048419 0.019028 0.042356 0.015716 0.018826 0.048569 0.019245 0.053510 0.726711 0.051100 0.020325 0.044805 0.016910 
0.000885 0.001439 0.001111 0.002036 0.989638 0.001431 0.001374 0.001274 0.000812 0.000925 0.001477 0.001169 0.002085 0.989271 0.001475 0.001440 0.001312 0.000847 0.016978 0.045546 0.018309 0.050647 0.742393 0.047852 0.019877 0.042686 0.015712 0.018144 0.047846 0.019627 0.053011 0.727622 0.050485 0.021233 0.045131 0.016900 
0.000857 0.001602 0.001244 0.001916 0.989313 0.001607 0.001317 0.001357 0.000787 0.000892 0.001648 0.001307 0.001966 0.988921 0.001657 0.001374 0.001407 0.000828 0.017005 0.045081 0.018485 0.049991 0.745008 0.046589 0.019660 0.042676 0.015505 0.018196 0.047390 0.019848 0.052381 0.730145 0.049175 0.021039 0.045118 0.016708 
0.000868 0.001453 0.001053 0.001954 0.990050 0.001418 0.001189 0.001225 0.000789 0.000905 0.001490 0.001108 0.002009 0.989655 0.001472 0.001251 0.001273 0.000838 0.016867 0.045971 0.018079 0.048578 0.744669 0.045704 0.019959 0.044400 0.015773 0.017994 0.048229 0.019384 0.050947 0.729935 0.048299 0.021307 0.046891 0.017014 
0.000856 0.001605 0.001284 0.001885 0.989287 0.001506 0.001468 0.001321 0.000789 0.000888 0.001654 0.001352 0.001937 0.988875 0.001559 0.001544 0.001366 0.000825 0.016848 0.044916 0.018456 0.049550 0.745571 0.046887 0.019790 0.042888 0.015094 0.017999 0.047210 0.019783 0.051941 0.730885 0.049461 0.021110 0.045333 0.016277 
0.000818 0.001560 0.001076 0.001848 0.989798 0.001534 0.001257 0.001281 0.000828 0.000854 0.001595 0.001130 0.001901 0.989419 0.001592 0.001318 0.001321 0.000869 0.016979 0.044330 0.018233 0.050484 0.747212 0.046921 0.018944 0.041619 0.015277 0.018168 0.046632 0.019571 0.052919 0.732445 0.049501 0.020253 0.044081 0.016431 
0.000924 0.001477 0.001048 0.001818 0.989809 0.001558 0.001361 0.001224 0.000781 0.000965 0.001521 0.001099 0.001874 0.989418 0.001614 0.001429 0.001264 0.000817 0.017032 0.044589 0.017866 0.050920 0.745615 0.047774 0.019406 0.041942 0.014855 0.018221 0.046898 0.019142 0.053352 0.730897 0.050378 0.020726 0.044382 0.016004 
0.000761 0.001391 0.001057 0.001802 0.990042 0.001451 0.001416 0.001284 0.000794 0.000792 0.001429 0.001115 0.001843 0.989667 0.001513 0.001481 0.001330 0.000830 0.015851 0.044607 0.018867 0.049531 0.747293 0.046023 0.020105 0.042792 0.014931 0.016955 0.046861 0.020221 0.051905 0.732624 0.048575 0.021471 0.045270 0.016116 
0.000846 0.001480 0.001162 0.001849 0.989891 0.001360 0.001382 0.001218 0.000813 0.000882 0.001522 0.001218 0.001895 0.989512 0.001411 0.001447 0.001258 0.000855 0.016185 0.045071 0.018766 0.048648 0.747730 0.046347 0.020017 0.042201 0.015035 0.017311 0.047348 0.020094 0.051002 0.733048 0.048975 0.021359 0.044613 0.016250 
0.000771 0.001475 0.001060 0.001943 0.990404 0.001169 0.001267 0.001278 0.000634 0.000802 0.001517 0.001112 0.001994 0.990046 0.001213 0.001330 0.001324 0.000662 0.016019 0.045235 0.018457 0.048016 0.748164 0.045157 0.020294 0.044201 0.014457 0.017113 0.047527 0.019767 0.050295 0.733594 0.047660 0.021702 0.046753 0.015590 
0.000659 0.001396 0.001085 0.001595 0.990882 0.001233 0.001387 0.001176 0.000588 0.000690 0.001434 0.001138 0.001640 0.990525 0.001275 0.001457 0.001222 0.000620 0.015469 0.046334 0.019470 0.047536 0.747498 0.043477 0.021017 0.044559 0.014641 0.016561 0.048647 0.020867 0.049866 0.732819 0.045930 0.022426 0.047093 0.015791 
0.000658 0.001358 0.001005 0.001485 0.991506 0.001088 0.001204 0.001162 0.000534 0.000688 0.001401 0.001053 0.001523 0.991172 0.001123 0.001265 0.001210 0.000565 0.014687 0.047350 0.018823 0.044608 0.751086 0.042185 0.020884 0.046188 0.014189 0.015736 0.049667 0.020134 0.046861 0.736553 0.044598 0.022288 0.048839 0.015326 
0.000746 0.001437 0.000994 0.001468 0.991332 0.001223 0.001136 0.001142 0.000523 0.000779 0.001481 0.001045 0.001510 0.990993 0.001269 0.001191 0.001183 0.000550 0.015360 0.046854 0.018542 0.046958 0.748678 0.043348 0.020132 0.045596 0.014533 0.016450 0.049165 0.019861 0.049297 0.734047 0.045830 0.021503 0.048158 0.015687 
0.000698 0.001357 0.001006 0.001665 0.991079 0.001166 0.001220 0.001158 0.000650 0.000729 0.001399 0.001060 0.001717 0.990719 0.001218 0.001279 0.001194 0.000684 0.015381 0.047412 0.017995 0.046083 0.750598 0.044028 0.019538 0.044561 0.014403 0.016473 0.049784 0.019332 0.048356 0.735992 0.046566 0.020887 0.047065 0.015546 
0.000706 0.001389 0.000911 0.001518 0.991324 0.001213 0.001239 0.001109 0.000591 0.000738 0.001426 0.000955 0.001563 0.991010 0.001254 0.001294 0.001140 0.000621 0.015634 0.046130 0.018167 0.046433 0.750874 0.043275 0.019824 0.044825 0.014839 0.016700 0.048451 0.019482 0.048759 0.736227 0.045784 0.021176 0.047390 0.016032 
0.000777 0.001484 0.001006 0.001606 0.990629 0.001337 0.001308 0.001250 0.000603 0.000811 0.001524 0.001058 0.001655 0.990282 0.001383 0.001372 0.001286 0.000629 0.015784 0.046248 0.018431 0.046552 0.749880 0.044268 0.020040 0.044189 0.014607 0.016911 0.048589 0.019788 0.048858 0.735273 0.046777 0.021393 0.046672 0.015738 
0.000638 0.001348 0.001074 0.001613 0.990980 0.001277 0.001342 0.001192 0.000537 0.000672 0.001383 0.001131 0.001657 0.990628 0.001317 0.001411 0.001237 0.000564 0.014752 0.044096 0.018165 0.047048 0.755563 0.044065 0.019730 0.042192 0.014388 0.015842 0.046320 0.019473 0.049353 0.741173 0.046573 0.021079 0.044649 0.015539 
0.000694 0.001470 0.001008 0.001854 0.990241 0.001490 0.001267 0.001256 0.000720 0.000723 0.001515 0.001055 0.001911 0.989862 0.001544 0.001332 0.001301 0.000755 0.015127 0.043611 0.017785 0.047982 0.755232 0.045747 0.019405 0.040944 0.014167 0.016209 0.045829 0.019100 0.050342 0.740703 0.048354 0.020723 0.043410 0.015331 
0.000797 0.001328 0.001134 0.001741 0.990482 0.001412 0.001277 0.001210 0.000620 0.000834 0.001366 0.001192 0.001789 0.990109 0.001468 0.001341 0.001251 0.000650 0.015604 0.043378 0.018108 0.048014 0.754900 0.045363 0.019128 0.041489 0.014015 0.016693 0.045551 0.019425 0.050348 0.740566 0.047908 0.020465 0.043938 0.015106 
