0.000610 0.001423 0.000000 0.002033 0.992885 0.001626 0.000000 0.000610 0.000813 0.000658 0.001684 0.000000 0.002296 0.992195 0.001676 0.000000 0.000621 0.000870 0.010165 0.020736 0.008132 0.038626 0.846514 0.037813 0.008945 0.022566 0.006505 0.011117 0.022193 0.008968 0.041747 0.834841 0.040122 0.009626 0.024181 0.007204 
0.000390 0.000585 0.000780 0.001365 0.994735 0.000780 0.000585 0.000390 0.000390 0.000409 0.000785 0.000832 0.001441 0.994282 0.000810 0.000643 0.000399 0.000398 0.004875 0.017551 0.006825 0.038807 0.868370 0.030226 0.007215 0.018721 0.007410 0.005362 0.018927 0.007470 0.041472 0.858017 0.032677 0.007974 0.019865 0.008236 
0.000641 0.000214 0.000214 0.000427 0.996369 0.001495 0.000000 0.000427 0.000214 0.000695 0.000232 0.000221 0.000532 0.996001 0.001622 0.000000 0.000440 0.000258 0.002990 0.017514 0.005340 0.021145 0.907305 0.024349 0.003417 0.013456 0.004485 0.003408 0.019082 0.005987 0.022604 0.899256 0.026260 0.003700 0.014386 0.005317 
0.000238 0.000238 0.000238 0.000953 0.997140 0.000953 0.000000 0.000000 0.000238 0.000272 0.000264 0.000273 0.001074 0.996847 0.001015 0.000000 0.000000 0.000255 0.002145 0.014299 0.002383 0.016206 0.928742 0.017159 0.001668 0.013108 0.004290 0.002504 0.015776 0.002593 0.017798 0.921838 0.018939 0.001769 0.014017 0.004765 
0.000000 0.000000 0.000000 0.000000 0.999177 0.000549 0.000000 0.000000 0.000274 0.000000 0.000000 0.000000 0.000000 0.999160 0.000563 0.000000 0.000000 0.000277 0.000823 0.009879 0.001647 0.015368 0.944292 0.013996 0.001921 0.009605 0.002470 0.000978 0.010582 0.001891 0.016371 0.939058 0.015444 0.002245 0.010718 0.002714 
0.000299 0.000599 0.000000 0.000000 0.997604 0.000599 0.000000 0.000299 0.000599 0.000361 0.000638 0.000000 0.000000 0.997321 0.000710 0.000000 0.000307 0.000663 0.003594 0.008086 0.000599 0.013777 0.948787 0.014675 0.002995 0.005690 0.001797 0.003963 0.008698 0.000671 0.014564 0.943858 0.016530 0.003337 0.006357 0.002022 
0.000714 0.000476 0.000238 0.000951 0.996670 0.000476 0.000000 0.000238 0.000238 0.000841 0.000501 0.000267 0.001042 0.996365 0.000485 0.000000 0.000249 0.000250 0.003568 0.015461 0.004044 0.022360 0.920314 0.018316 0.002854 0.009990 0.003092 0.004094 0.016727 0.004573 0.024580 0.912475 0.019830 0.003091 0.011236 0.003394 
0.000373 0.000560 0.000373 0.001866 0.993657 0.001866 0.000373 0.000187 0.000746 0.000392 0.000579 0.000385 0.002116 0.992989 0.002185 0.000402 0.000187 0.000765 0.005784 0.018284 0.006716 0.033769 0.875187 0.028918 0.007649 0.018097 0.005597 0.006315 0.019621 0.007232 0.036144 0.865146 0.031450 0.008472 0.019520 0.006099 
0.000885 0.001593 0.000354 0.002302 0.992210 0.000885 0.000531 0.000708 0.000531 0.000929 0.001934 0.000365 0.002374 0.991434 0.001107 0.000565 0.000718 0.000573 0.006728 0.022840 0.011154 0.035588 0.853931 0.031516 0.010269 0.018768 0.009207 0.007240 0.024667 0.011882 0.037983 0.843728 0.033563 0.011004 0.019877 0.010055 
0.000598 0.000797 0.000199 0.001794 0.994818 0.000797 0.000399 0.000199 0.000399 0.000638 0.000871 0.000340 0.001913 0.994315 0.000813 0.000415 0.000214 0.000482 0.005780 0.019135 0.007176 0.029699 0.893562 0.020331 0.005581 0.013953 0.004784 0.006282 0.020616 0.007910 0.032540 0.884645 0.021940 0.005953 0.014952 0.005161 
0.000000 0.000360 0.001080 0.001619 0.994243 0.000900 0.000360 0.000720 0.000720 0.000000 0.000375 0.001157 0.001807 0.993790 0.000995 0.000372 0.000735 0.000768 0.006297 0.019252 0.008456 0.030047 0.879813 0.026808 0.008996 0.016013 0.004318 0.006882 0.020445 0.009065 0.032116 0.870920 0.028728 0.009793 0.017299 0.004752 
0.000302 0.001210 0.000756 0.001361 0.993194 0.001361 0.000756 0.000605 0.000454 0.000307 0.001287 0.000844 0.001404 0.992770 0.001493 0.000796 0.000623 0.000476 0.008167 0.025862 0.011645 0.032365 0.842105 0.039322 0.011494 0.021930 0.007108 0.009119 0.027946 0.012672 0.034551 0.829856 0.041774 0.012432 0.023652 0.007997 
0.000759 0.000910 0.000910 0.002124 0.992413 0.001366 0.000303 0.000759 0.000455 0.000808 0.000925 0.000922 0.002234 0.991653 0.001699 0.000309 0.000964 0.000487 0.008649 0.019423 0.009105 0.043551 0.847041 0.037633 0.008194 0.018209 0.008194 0.009662 0.020647 0.010005 0.045864 0.835754 0.040085 0.008826 0.019994 0.009163 
0.000179 0.000893 0.000357 0.001071 0.995001 0.001428 0.000357 0.000357 0.000357 0.000198 0.001084 0.000366 0.001137 0.994385 0.001719 0.000362 0.000366 0.000384 0.004285 0.014640 0.003214 0.032137 0.890377 0.028388 0.005356 0.016961 0.004642 0.004579 0.015884 0.003516 0.034448 0.880904 0.030860 0.005852 0.018823 0.005133 
0.000328 0.000984 0.000164 0.001312 0.994095 0.001640 0.000984 0.000492 0.000000 0.000328 0.001182 0.000175 0.001417 0.993574 0.001734 0.001020 0.000570 0.000000 0.008201 0.022306 0.008693 0.038872 0.850254 0.033459 0.010661 0.020502 0.007053 0.009232 0.024261 0.009268 0.041305 0.838510 0.035921 0.011453 0.022328 0.007721 
0.000766 0.001378 0.000459 0.002451 0.991423 0.001225 0.000613 0.000613 0.001072 0.000915 0.001478 0.000485 0.002541 0.990893 0.001296 0.000634 0.000626 0.001132 0.007658 0.022821 0.009343 0.044264 0.842089 0.036759 0.010568 0.019605 0.006892 0.008523 0.024513 0.010183 0.046894 0.830520 0.039391 0.011393 0.020835 0.007747 
0.000420 0.000210 0.000000 0.000841 0.996847 0.001051 0.000000 0.000420 0.000210 0.000426 0.000262 0.000000 0.000953 0.996564 0.001077 0.000000 0.000474 0.000243 0.005044 0.015553 0.003993 0.022278 0.904161 0.025641 0.005254 0.015343 0.002732 0.005635 0.016967 0.004362 0.023946 0.895994 0.027539 0.005735 0.016892 0.002929 
0.000303 0.000303 0.000303 0.000303 0.998180 0.000000 0.000000 0.000303 0.000303 0.000317 0.000591 0.000334 0.000303 0.997782 0.000000 0.000000 0.000346 0.000328 0.002123 0.009402 0.002730 0.020625 0.941765 0.013649 0.002426 0.006066 0.001213 0.002290 0.010459 0.003023 0.022058 0.936350 0.014713 0.002817 0.006861 0.001429 
0.000300 0.000000 0.000000 0.000300 0.998499 0.000300 0.000300 0.000300 0.000000 0.000313 0.000000 0.000000 0.000300 0.998463 0.000312 0.000305 0.000306 0.000000 0.002702 0.012309 0.001801 0.015011 0.937256 0.015611 0.002402 0.009006 0.003903 0.002825 0.013380 0.002051 0.016699 0.931322 0.016689 0.002640 0.010064 0.004330 
0.000582 0.000291 0.000000 0.000000 0.998254 0.000582 0.000000 0.000291 0.000000 0.000655 0.000320 0.000000 0.000000 0.998118 0.000614 0.000000 0.000293 0.000000 0.001746 0.009019 0.002328 0.016002 0.945883 0.010183 0.002910 0.008729 0.003200 0.002008 0.009581 0.002561 0.016743 0.941451 0.010986 0.003606 0.009655 0.003409 
0.000227 0.000227 0.000000 0.000909 0.996819 0.001363 0.000000 0.000227 0.000227 0.000250 0.000227 0.000000 0.000918 0.996631 0.001513 0.000000 0.000233 0.000228 0.006135 0.016814 0.002954 0.030448 0.897523 0.024540 0.003863 0.014769 0.002954 0.006705 0.017979 0.003188 0.032300 0.889548 0.026460 0.004417 0.015984 0.003420 
0.000186 0.000000 0.000372 0.001488 0.997025 0.000372 0.000186 0.000186 0.000186 0.000192 0.000000 0.000383 0.001802 0.996603 0.000395 0.000205 0.000232 0.000187 0.005950 0.020082 0.005206 0.037932 0.869282 0.029937 0.006322 0.019524 0.005764 0.006576 0.021558 0.005775 0.041114 0.858945 0.031823 0.006895 0.021064 0.006250 
0.000000 0.000492 0.000246 0.001229 0.996805 0.000737 0.000246 0.000000 0.000246 0.000000 0.000559 0.000253 0.001322 0.996575 0.000755 0.000273 0.000000 0.000264 0.003932 0.017941 0.004178 0.022118 0.909560 0.022118 0.003686 0.012780 0.003686 0.004400 0.019272 0.004772 0.023757 0.901879 0.023904 0.004091 0.013932 0.003994 
0.000277 0.000000 0.000000 0.001108 0.997508 0.000831 0.000000 0.000000 0.000277 0.000281 0.000000 0.000000 0.001216 0.997290 0.000924 0.000000 0.000000 0.000289 0.005539 0.008308 0.006092 0.025478 0.915536 0.021878 0.002769 0.008862 0.005539 0.006060 0.008884 0.006659 0.027733 0.908332 0.023530 0.003108 0.009790 0.005905 
0.000000 0.000000 0.000000 0.000000 0.999662 0.000000 0.000000 0.000338 0.000000 0.000000 0.000000 0.000000 0.000000 0.999654 0.000000 0.000000 0.000346 0.000000 0.001013 0.010469 0.000675 0.014184 0.945626 0.013509 0.003377 0.008443 0.002702 0.001060 0.011075 0.000737 0.015346 0.941330 0.014602 0.003659 0.009325 0.002865 
0.000254 0.001017 0.000000 0.001017 0.997202 0.000254 0.000000 0.000254 0.000000 0.000254 0.001114 0.000000 0.001027 0.997070 0.000273 0.000000 0.000261 0.000000 0.004578 0.018566 0.004832 0.021363 0.909207 0.019329 0.003561 0.013479 0.005086 0.004942 0.020117 0.005426 0.023112 0.901401 0.020982 0.004026 0.014628 0.005367 
0.000236 0.000000 0.000236 0.001181 0.996457 0.001181 0.000472 0.000236 0.000000 0.000241 0.000000 0.000288 0.001269 0.996243 0.001216 0.000501 0.000242 0.000000 0.006377 0.014880 0.006849 0.030468 0.894426 0.024563 0.003779 0.014407 0.004251 0.006825 0.015869 0.007562 0.032426 0.886279 0.026685 0.004144 0.015632 0.004578 
0.000000 0.000317 0.000000 0.000317 0.998733 0.000317 0.000000 0.000317 0.000000 0.000000 0.000317 0.000000 0.000340 0.998388 0.000338 0.000000 0.000617 0.000000 0.003169 0.009506 0.003485 0.011090 0.951204 0.012041 0.000951 0.007605 0.000951 0.003563 0.010235 0.004030 0.011853 0.946344 0.013290 0.001140 0.008497 0.001049 
0.000324 0.000649 0.000324 0.000973 0.996757 0.000000 0.000324 0.000649 0.000000 0.000325 0.000648 0.000326 0.001017 0.996659 0.000000 0.000348 0.000676 0.000000 0.001621 0.012322 0.001297 0.016537 0.945850 0.010376 0.000973 0.008755 0.002270 0.001796 0.013487 0.001491 0.017691 0.941448 0.011174 0.001178 0.009284 0.002452 
0.000210 0.000000 0.000210 0.000420 0.998110 0.000420 0.000420 0.000000 0.000210 0.000238 0.000000 0.000212 0.000442 0.998017 0.000430 0.000439 0.000000 0.000221 0.006720 0.015120 0.003150 0.029189 0.891642 0.025829 0.004830 0.017850 0.005670 0.007175 0.016148 0.003429 0.031322 0.883259 0.028210 0.005050 0.019276 0.006132 
0.000456 0.000913 0.000000 0.000685 0.996120 0.000228 0.000000 0.000913 0.000685 0.000488 0.001141 0.000000 0.000728 0.995702 0.000259 0.000000 0.000980 0.000702 0.004564 0.019398 0.003651 0.022136 0.902328 0.023505 0.003195 0.017115 0.004108 0.004966 0.020999 0.004244 0.023644 0.894229 0.025062 0.003709 0.018697 0.004449 
0.000000 0.000302 0.000000 0.000302 0.998792 0.000302 0.000302 0.000000 0.000000 0.000000 0.000339 0.000000 0.000311 0.998717 0.000305 0.000328 0.000000 0.000000 0.001812 0.010568 0.002114 0.019626 0.940519 0.012379 0.001812 0.008756 0.002415 0.002102 0.011589 0.002323 0.021262 0.934722 0.013606 0.002052 0.009529 0.002815 
0.000000 0.000508 0.000254 0.000508 0.997461 0.000254 0.000254 0.000508 0.000254 0.000000 0.000528 0.000279 0.000508 0.997376 0.000279 0.000254 0.000510 0.000265 0.002285 0.011681 0.003809 0.022346 0.924327 0.015744 0.004571 0.012189 0.003047 0.002539 0.012769 0.004162 0.023828 0.917771 0.017438 0.005065 0.013059 0.003368 
0.000292 0.000584 0.000000 0.000292 0.997079 0.000584 0.000000 0.001168 0.000000 0.000331 0.000600 0.000000 0.000298 0.996921 0.000635 0.000000 0.001215 0.000000 0.002921 0.007301 0.001752 0.011682 0.953855 0.011682 0.000876 0.008178 0.001752 0.003351 0.008041 0.002037 0.012416 0.949357 0.012801 0.001164 0.008914 0.001920 
0.000000 0.000000 0.000000 0.000000 0.999617 0.000000 0.000000 0.000000 0.000383 0.000000 0.000000 0.000000 0.000000 0.999549 0.000000 0.000000 0.000000 0.000451 0.002296 0.004975 0.001148 0.008419 0.960199 0.010333 0.001148 0.008419 0.003062 0.002485 0.005189 0.001201 0.008967 0.956991 0.011108 0.001306 0.009334 0.003418 
0.000000 0.000000 0.000000 0.000000 0.999576 0.000000 0.000424 0.000000 0.000000 0.000000 0.000000 0.000000 0.000000 0.999522 0.000000 0.000478 0.000000 0.000000 0.000424 0.008485 0.001273 0.009758 0.966907 0.004667 0.000849 0.006788 0.000849 0.000475 0.009112 0.001473 0.010365 0.964282 0.005006 0.000900 0.007494 0.000893 
0.000779 0.001363 0.000584 0.001752 0.991629 0.002141 0.000584 0.000584 0.000584 0.000841 0.001395 0.000621 0.001851 0.990985 0.002416 0.000706 0.000594 0.000591 0.009539 0.028032 0.010707 0.041853 0.832587 0.036987 0.007592 0.022581 0.010123 0.010472 0.029783 0.011736 0.044457 0.821042 0.039773 0.008231 0.023894 0.010612 
0.001274 0.002547 0.000283 0.005236 0.985565 0.002830 0.000425 0.000991 0.000849 0.001348 0.002768 0.000320 0.005482 0.984589 0.003110 0.000438 0.001075 0.000869 0.012879 0.027455 0.008916 0.047269 0.809652 0.048684 0.007925 0.025050 0.012171 0.013866 0.029267 0.009602 0.049641 0.797658 0.051204 0.008717 0.026835 0.013211 
0.000518 0.000518 0.000777 0.002718 0.991845 0.001553 0.000259 0.001294 0.000518 0.000645 0.000557 0.000959 0.002820 0.990751 0.001986 0.000351 0.001370 0.000561 0.009191 0.020065 0.008414 0.045049 0.837411 0.041165 0.008026 0.022524 0.008155 0.010095 0.021726 0.009383 0.047912 0.824519 0.043944 0.008811 0.024651 0.008959 
0.000630 0.001102 0.000315 0.003307 0.991340 0.001889 0.000472 0.000630 0.000315 0.000663 0.001128 0.000336 0.003425 0.990846 0.002083 0.000533 0.000645 0.000341 0.007558 0.015746 0.008188 0.039994 0.859392 0.033853 0.009132 0.018107 0.008030 0.008386 0.016809 0.008839 0.042182 0.849427 0.035968 0.009980 0.019587 0.008822 
0.000349 0.001922 0.000349 0.001922 0.992137 0.001223 0.000874 0.001048 0.000175 0.000405 0.001949 0.000406 0.002332 0.991214 0.001317 0.000915 0.001286 0.000175 0.006815 0.019221 0.004718 0.039140 0.865455 0.030753 0.007164 0.020619 0.006116 0.007521 0.020550 0.005074 0.041922 0.854988 0.033239 0.007691 0.022218 0.006797 
0.000342 0.001369 0.000684 0.002225 0.992129 0.001540 0.000513 0.000342 0.000856 0.000367 0.001458 0.000748 0.002452 0.991531 0.001586 0.000615 0.000348 0.000895 0.010438 0.027892 0.009925 0.044490 0.823922 0.038330 0.012320 0.022074 0.010609 0.011284 0.029453 0.010600 0.047161 0.812783 0.040556 0.013308 0.023418 0.011438 
0.000680 0.000680 0.000170 0.000680 0.996090 0.000850 0.000170 0.000340 0.000340 0.000697 0.000688 0.000173 0.000703 0.995966 0.000898 0.000178 0.000349 0.000348 0.007479 0.024307 0.005779 0.037226 0.860275 0.034506 0.003740 0.020228 0.006459 0.008150 0.026256 0.006320 0.039556 0.849843 0.037036 0.004056 0.021630 0.007153 
0.000209 0.000418 0.000209 0.000628 0.997280 0.000418 0.000000 0.000209 0.000628 0.000215 0.000470 0.000235 0.000660 0.997053 0.000454 0.000000 0.000214 0.000699 0.003976 0.014229 0.002720 0.029295 0.907303 0.021343 0.002929 0.012764 0.005440 0.004652 0.015548 0.002879 0.031231 0.899789 0.022627 0.003247 0.014006 0.006020 
0.001031 0.000258 0.000000 0.000258 0.997421 0.000516 0.000258 0.000000 0.000258 0.001144 0.000258 0.000000 0.000267 0.997268 0.000540 0.000262 0.000000 0.000261 0.004899 0.012120 0.002063 0.014956 0.935792 0.015472 0.004126 0.007736 0.002837 0.005567 0.012952 0.002268 0.016295 0.929640 0.017340 0.004483 0.008467 0.002989 
0.000417 0.000208 0.000000 0.000834 0.997708 0.000208 0.000208 0.000208 0.000208 0.000429 0.000211 0.000000 0.000895 0.997551 0.000218 0.000240 0.000210 0.000247 0.004584 0.013753 0.004793 0.027089 0.907272 0.021671 0.004793 0.013961 0.002084 0.005079 0.015019 0.005082 0.029129 0.899379 0.023506 0.005297 0.015161 0.002348 
0.001109 0.000222 0.000222 0.001109 0.995786 0.000665 0.000222 0.000444 0.000222 0.001178 0.000228 0.000240 0.001201 0.995211 0.000757 0.000224 0.000723 0.000237 0.003327 0.013972 0.003327 0.020625 0.918164 0.021513 0.003327 0.011532 0.004214 0.003560 0.014938 0.003836 0.021930 0.911130 0.023514 0.003827 0.012759 0.004505 
0.000225 0.000451 0.000000 0.000225 0.997747 0.000676 0.000000 0.000451 0.000225 0.000228 0.000479 0.000000 0.000232 0.997541 0.000822 0.000000 0.000459 0.000239 0.004731 0.014418 0.004506 0.025456 0.906736 0.022978 0.002253 0.015093 0.003830 0.005237 0.015502 0.004900 0.026825 0.899250 0.025295 0.002461 0.016415 0.004114 
0.000258 0.000000 0.000000 0.000258 0.999225 0.000000 0.000000 0.000258 0.000000 0.000290 0.000000 0.000000 0.000266 0.999180 0.000000 0.000000 0.000263 0.000000 0.002583 0.005424 0.002324 0.012138 0.959711 0.009814 0.000258 0.006973 0.000775 0.002863 0.005887 0.002490 0.013231 0.956176 0.010830 0.000264 0.007420 0.000840 
0.000213 0.000640 0.000000 0.001493 0.996588 0.000426 0.000213 0.000426 0.000000 0.000257 0.000676 0.000000 0.001738 0.995920 0.000681 0.000227 0.000501 0.000000 0.003412 0.010874 0.002985 0.023028 0.926013 0.021535 0.002132 0.008955 0.001066 0.003707 0.011826 0.003423 0.024727 0.919086 0.023454 0.002386 0.010224 0.001167 
0.000265 0.000265 0.000265 0.001323 0.996560 0.001058 0.000000 0.000000 0.000265 0.000323 0.000277 0.000290 0.001441 0.996206 0.001188 0.000000 0.000000 0.000275 0.003440 0.010585 0.001588 0.020111 0.930934 0.018523 0.002382 0.009262 0.003175 0.003998 0.011423 0.001823 0.021643 0.924481 0.020339 0.002580 0.010332 0.003381 
0.000766 0.000000 0.000000 0.000255 0.997448 0.000510 0.000000 0.000255 0.000766 0.000791 0.000000 0.000000 0.000255 0.997301 0.000576 0.000000 0.000262 0.000816 0.005360 0.018121 0.003063 0.025778 0.906840 0.021695 0.005105 0.010720 0.003318 0.005843 0.019365 0.003482 0.027468 0.899437 0.023606 0.005649 0.011535 0.003615 
0.000000 0.001119 0.000224 0.001343 0.995524 0.000895 0.000000 0.000671 0.000224 0.000000 0.001156 0.000244 0.001376 0.995328 0.000967 0.000000 0.000700 0.000229 0.002462 0.009400 0.003581 0.027753 0.913160 0.024396 0.004700 0.011415 0.003133 0.002606 0.009930 0.003984 0.029422 0.907337 0.025882 0.005101 0.012433 0.003304 
0.000202 0.000000 0.000202 0.000606 0.995959 0.001819 0.000202 0.000606 0.000404 0.000206 0.000000 0.000212 0.000727 0.995670 0.001937 0.000206 0.000630 0.000411 0.005254 0.014144 0.005254 0.029501 0.887856 0.032330 0.005860 0.014144 0.005658 0.005586 0.015150 0.005697 0.031435 0.879248 0.035093 0.006311 0.015373 0.006107 
0.000197 0.000197 0.000000 0.000592 0.996646 0.000197 0.000395 0.000789 0.000986 0.000197 0.000199 0.000000 0.000609 0.996282 0.000203 0.000396 0.001085 0.001029 0.007102 0.015782 0.003156 0.028408 0.891300 0.028211 0.004340 0.014993 0.006707 0.007699 0.017310 0.003517 0.030390 0.881982 0.030437 0.004887 0.016496 0.007282 
0.000428 0.000214 0.000000 0.000428 0.997218 0.000856 0.000214 0.000642 0.000000 0.000459 0.000219 0.000000 0.000454 0.996997 0.000871 0.000222 0.000779 0.000000 0.004066 0.015408 0.004494 0.029531 0.896640 0.026535 0.003424 0.015836 0.004066 0.004404 0.016374 0.005080 0.031772 0.888272 0.028566 0.003683 0.017319 0.004529 
0.000202 0.000000 0.000202 0.001416 0.996158 0.000809 0.000000 0.000809 0.000404 0.000205 0.000000 0.000231 0.001480 0.995701 0.000867 0.000000 0.001058 0.000459 0.005258 0.017189 0.004449 0.028109 0.889181 0.027300 0.005460 0.016178 0.006876 0.005699 0.018476 0.004994 0.029860 0.879786 0.029531 0.006093 0.018002 0.007559 
0.000484 0.000000 0.000000 0.000000 0.999031 0.000242 0.000242 0.000000 0.000000 0.000489 0.000000 0.000000 0.000000 0.998993 0.000267 0.000251 0.000000 0.000000 0.001938 0.007752 0.002180 0.022529 0.930959 0.019138 0.002907 0.009448 0.003149 0.002162 0.008217 0.002418 0.024031 0.925389 0.020555 0.003195 0.010369 0.003664 
0.000394 0.000985 0.000985 0.001182 0.992908 0.001182 0.000788 0.001182 0.000394 0.000404 0.000996 0.001064 0.001209 0.992610 0.001262 0.000800 0.001253 0.000402 0.009456 0.020883 0.009456 0.033097 0.862490 0.027778 0.008668 0.018716 0.009456 0.010050 0.022241 0.010130 0.035283 0.852814 0.029712 0.009425 0.020118 0.010226 
0.000858 0.002232 0.001202 0.002918 0.984893 0.003433 0.002575 0.001373 0.000515 0.000980 0.002325 0.001254 0.003075 0.984130 0.003595 0.002690 0.001429 0.000522 0.014936 0.032275 0.012189 0.042232 0.796738 0.043777 0.015279 0.027983 0.014592 0.016243 0.034246 0.013049 0.044477 0.784254 0.046139 0.016307 0.029523 0.015762 
0.000401 0.001068 0.000801 0.002671 0.989717 0.001603 0.001068 0.001736 0.000935 0.000428 0.001101 0.000844 0.002954 0.988844 0.001642 0.001109 0.002105 0.000973 0.010016 0.029247 0.011619 0.046608 0.803285 0.045406 0.014423 0.028446 0.010951 0.010729 0.031091 0.012427 0.049277 0.789819 0.048186 0.015677 0.030565 0.012228 
0.000825 0.001238 0.000688 0.002064 0.989957 0.001376 0.001926 0.000825 0.001101 0.000936 0.001248 0.000846 0.002181 0.989143 0.001541 0.002060 0.000887 0.001158 0.010730 0.031229 0.013757 0.041271 0.803962 0.045123 0.014858 0.028064 0.011006 0.011717 0.033233 0.014882 0.043520 0.790490 0.047954 0.015860 0.030322 0.012022 
0.000671 0.001509 0.000838 0.002683 0.989604 0.002683 0.001341 0.000503 0.000168 0.000701 0.001538 0.000872 0.002886 0.988806 0.003106 0.001392 0.000529 0.000170 0.006372 0.031019 0.014252 0.036385 0.827465 0.035714 0.012408 0.028169 0.008216 0.007100 0.032909 0.015236 0.038962 0.814996 0.038493 0.013163 0.030167 0.008975 
0.001020 0.001020 0.001190 0.004250 0.987419 0.002040 0.000510 0.001870 0.000680 0.001048 0.001055 0.001218 0.004704 0.986566 0.002254 0.000534 0.001937 0.000684 0.009351 0.027542 0.009181 0.047093 0.817579 0.043013 0.011391 0.025842 0.009011 0.010082 0.028862 0.009746 0.050452 0.805146 0.045911 0.012187 0.027754 0.009859 
0.000554 0.000739 0.000185 0.003141 0.991500 0.002033 0.000554 0.001293 0.000000 0.000571 0.000766 0.000196 0.003268 0.991144 0.002082 0.000606 0.001366 0.000000 0.008130 0.019956 0.009608 0.048596 0.836659 0.038433 0.010347 0.022912 0.005358 0.009090 0.021121 0.010401 0.051328 0.825731 0.040769 0.011249 0.024428 0.005883 
0.000566 0.001699 0.000566 0.001511 0.992069 0.000755 0.000566 0.001511 0.000755 0.000610 0.001794 0.000627 0.001526 0.991700 0.000793 0.000589 0.001588 0.000772 0.007931 0.028323 0.011140 0.048527 0.816465 0.044751 0.010385 0.024169 0.008308 0.008571 0.029726 0.011942 0.051316 0.803933 0.047701 0.011265 0.026446 0.009098 
0.000674 0.001011 0.000842 0.003032 0.988546 0.003032 0.001516 0.000674 0.000674 0.000695 0.001040 0.000943 0.003161 0.988043 0.003147 0.001552 0.000723 0.000697 0.009264 0.024423 0.011454 0.043625 0.829712 0.037224 0.013812 0.022739 0.007748 0.010069 0.026051 0.012321 0.046014 0.817911 0.039977 0.014815 0.024442 0.008400 
0.000369 0.000738 0.000369 0.002769 0.990772 0.001661 0.002399 0.000923 0.000000 0.000373 0.000741 0.000392 0.003048 0.990127 0.001746 0.002510 0.001064 0.000000 0.006829 0.022702 0.011259 0.032853 0.856220 0.028977 0.010336 0.022887 0.007937 0.007504 0.024425 0.012066 0.035492 0.844952 0.030990 0.011095 0.024890 0.008586 
0.000000 0.000588 0.000588 0.001567 0.993732 0.001567 0.000588 0.000979 0.000392 0.000000 0.000640 0.000619 0.001589 0.993197 0.001611 0.000611 0.001294 0.000438 0.005877 0.017826 0.006268 0.030754 0.878746 0.027032 0.008031 0.020764 0.004701 0.006358 0.019241 0.006953 0.032685 0.868371 0.029035 0.009016 0.022943 0.005398 
0.000685 0.000228 0.000000 0.000914 0.996345 0.000685 0.000228 0.000457 0.000457 0.000990 0.000228 0.000000 0.000948 0.995954 0.000700 0.000246 0.000462 0.000471 0.002285 0.017363 0.003427 0.025131 0.910898 0.019191 0.005712 0.013708 0.002285 0.002777 0.019355 0.003931 0.026701 0.902757 0.020517 0.006382 0.014991 0.002589 
0.000233 0.000466 0.000000 0.000233 0.998601 0.000233 0.000233 0.000000 0.000000 0.000240 0.000466 0.000000 0.000234 0.998531 0.000291 0.000237 0.000000 0.000000 0.003032 0.013293 0.004198 0.019823 0.925840 0.017957 0.003731 0.009562 0.002565 0.003385 0.014532 0.004487 0.021363 0.919297 0.019523 0.004030 0.010570 0.002814 
0.000365 0.001277 0.000547 0.002007 0.992520 0.001277 0.000730 0.000730 0.000547 0.000414 0.001300 0.000552 0.002231 0.991887 0.001557 0.000757 0.000749 0.000552 0.014231 0.037767 0.014778 0.045977 0.793468 0.039591 0.009305 0.030104 0.014778 0.015365 0.039679 0.016201 0.048466 0.779770 0.041993 0.010071 0.032224 0.016229 
0.000000 0.000910 0.000228 0.001821 0.994538 0.000910 0.000683 0.000910 0.000000 0.000000 0.001360 0.000266 0.002018 0.993673 0.000952 0.000715 0.001016 0.000000 0.004552 0.016614 0.003641 0.032089 0.888029 0.028220 0.005917 0.015703 0.005234 0.004926 0.018277 0.003981 0.034313 0.878456 0.030415 0.006373 0.017486 0.005773 
0.000406 0.001014 0.001623 0.002840 0.991075 0.001217 0.000406 0.000811 0.000609 0.000457 0.001451 0.001737 0.003006 0.989931 0.001284 0.000669 0.000846 0.000618 0.010345 0.023124 0.010751 0.038134 0.845030 0.035294 0.008925 0.019675 0.008722 0.011272 0.025496 0.011643 0.040587 0.833724 0.037189 0.009737 0.021077 0.009275 
0.000551 0.001103 0.000184 0.001470 0.993385 0.002021 0.000368 0.000551 0.000368 0.000573 0.001150 0.000191 0.001490 0.993176 0.002088 0.000373 0.000567 0.000394 0.006615 0.019478 0.010107 0.038405 0.856854 0.036200 0.007166 0.019111 0.006064 0.007114 0.020757 0.011087 0.040380 0.847146 0.038530 0.007625 0.020779 0.006581 
0.000732 0.001465 0.000366 0.002197 0.993226 0.001465 0.000000 0.000183 0.000366 0.000809 0.001510 0.000379 0.002254 0.992921 0.001544 0.000000 0.000202 0.000381 0.008056 0.019590 0.008239 0.040644 0.860308 0.033870 0.009154 0.015745 0.004394 0.008830 0.021327 0.009036 0.042818 0.850077 0.036366 0.009871 0.016811 0.004864 
0.001127 0.001127 0.000563 0.001503 0.992111 0.001878 0.000563 0.000751 0.000376 0.001183 0.001151 0.000583 0.001698 0.991605 0.001943 0.000670 0.000757 0.000410 0.012021 0.024606 0.010518 0.035124 0.840721 0.034748 0.010894 0.022727 0.008640 0.012913 0.025756 0.011384 0.037243 0.830459 0.036963 0.011695 0.024384 0.009201 
0.000382 0.001720 0.000191 0.000764 0.993313 0.001528 0.000573 0.001337 0.000191 0.000399 0.001838 0.000194 0.000771 0.993015 0.001582 0.000588 0.001410 0.000205 0.005732 0.021590 0.010890 0.035728 0.859381 0.028086 0.008407 0.022545 0.007642 0.005969 0.022843 0.011921 0.037827 0.850216 0.029994 0.008988 0.023930 0.008311 
0.000186 0.000558 0.000372 0.001116 0.995535 0.000558 0.000930 0.000558 0.000186 0.000187 0.000589 0.000405 0.001138 0.995064 0.000586 0.001055 0.000785 0.000189 0.006512 0.016000 0.004837 0.029023 0.887070 0.028837 0.005581 0.016558 0.005581 0.007025 0.017287 0.005261 0.030399 0.878704 0.030710 0.006197 0.018393 0.006025 
0.000255 0.000255 0.000255 0.000000 0.998217 0.000000 0.000000 0.001019 0.000000 0.000255 0.000261 0.000265 0.000000 0.998069 0.000000 0.000000 0.001150 0.000000 0.002801 0.012987 0.003820 0.019862 0.925898 0.020626 0.002292 0.009167 0.002546 0.003107 0.013965 0.004319 0.021099 0.919595 0.022321 0.002545 0.010314 0.002737 
0.000430 0.000430 0.000430 0.001504 0.995918 0.000215 0.000215 0.000215 0.000644 0.000438 0.000434 0.000451 0.001561 0.995767 0.000237 0.000217 0.000223 0.000672 0.009023 0.016756 0.005156 0.036090 0.877336 0.029431 0.005585 0.015252 0.005371 0.009747 0.017674 0.005641 0.038171 0.868764 0.031275 0.006217 0.016511 0.006001 
0.000000 0.000254 0.000000 0.001014 0.995943 0.002028 0.000000 0.000254 0.000507 0.000000 0.000260 0.000000 0.001053 0.995804 0.002086 0.000000 0.000257 0.000541 0.004057 0.013185 0.005071 0.035751 0.891481 0.031947 0.003550 0.011410 0.003550 0.004446 0.014277 0.005658 0.038205 0.883261 0.034036 0.003841 0.012487 0.003789 
0.000000 0.000313 0.000000 0.000313 0.998437 0.000625 0.000000 0.000000 0.000313 0.000000 0.000312 0.000000 0.000312 0.998406 0.000648 0.000000 0.000000 0.000321 0.001250 0.008750 0.002188 0.022187 0.933750 0.021875 0.001250 0.006250 0.002500 0.001389 0.009648 0.002416 0.023931 0.927532 0.023746 0.001383 0.006908 0.003048 
0.000312 0.000312 0.000000 0.000000 0.999063 0.000312 0.000000 0.000000 0.000000 0.000354 0.000321 0.000000 0.000000 0.998999 0.000326 0.000000 0.000000 0.000000 0.003748 0.008432 0.003748 0.020300 0.937539 0.017177 0.001562 0.005934 0.001562 0.004179 0.009410 0.004103 0.021679 0.932081 0.018409 0.001664 0.006745 0.001729 
0.000414 0.000621 0.000414 0.001448 0.995242 0.001448 0.000000 0.000207 0.000207 0.000606 0.000640 0.000485 0.001542 0.994721 0.001498 0.000000 0.000230 0.000279 0.004137 0.013240 0.005792 0.035788 0.887464 0.032271 0.003930 0.013033 0.004344 0.004766 0.014401 0.006676 0.038103 0.878165 0.034509 0.004230 0.014289 0.004861 
0.000508 0.001355 0.000339 0.002201 0.992381 0.001185 0.000339 0.001185 0.000508 0.000530 0.001362 0.000355 0.002419 0.991971 0.001222 0.000355 0.001250 0.000536 0.009313 0.026244 0.008127 0.044192 0.834236 0.039282 0.010498 0.019810 0.008297 0.010121 0.028050 0.008881 0.046810 0.822696 0.041728 0.011747 0.021088 0.008879 
0.000636 0.000318 0.000159 0.000795 0.994276 0.001590 0.000477 0.001113 0.000636 0.000656 0.000338 0.000161 0.001099 0.993524 0.001726 0.000654 0.001141 0.000700 0.007314 0.019558 0.006360 0.036731 0.860550 0.035777 0.006519 0.019558 0.007632 0.007872 0.021294 0.006956 0.039659 0.849158 0.038300 0.007448 0.020854 0.008459 
0.000801 0.000801 0.000481 0.001442 0.994073 0.000961 0.000320 0.000641 0.000481 0.000832 0.000858 0.000595 0.001595 0.993568 0.000986 0.000350 0.000728 0.000488 0.009931 0.022425 0.008650 0.046132 0.830851 0.041006 0.008329 0.023386 0.009290 0.010591 0.023868 0.009603 0.048909 0.818508 0.043682 0.009101 0.025451 0.010287 
0.000330 0.001155 0.000165 0.001319 0.994392 0.000495 0.000825 0.000825 0.000495 0.000331 0.001322 0.000180 0.001513 0.993840 0.000538 0.000864 0.000889 0.000523 0.009566 0.019627 0.007092 0.036451 0.852548 0.031008 0.007092 0.025235 0.011381 0.010532 0.021152 0.007858 0.038891 0.840326 0.033483 0.007824 0.027528 0.012405 
0.000234 0.000234 0.000000 0.000234 0.998361 0.000702 0.000000 0.000234 0.000000 0.000250 0.000234 0.000000 0.000237 0.998247 0.000779 0.000000 0.000252 0.000000 0.003746 0.012175 0.002341 0.022009 0.923203 0.018731 0.003980 0.010770 0.003044 0.004066 0.013208 0.002494 0.023916 0.915828 0.020837 0.004352 0.011779 0.003520 
0.000000 0.000000 0.000000 0.000568 0.998865 0.000000 0.000284 0.000284 0.000000 0.000000 0.000000 0.000000 0.000589 0.998816 0.000000 0.000301 0.000294 0.000000 0.003405 0.014188 0.001986 0.016175 0.939274 0.013053 0.002554 0.007662 0.001703 0.003826 0.015382 0.002114 0.017460 0.933187 0.014811 0.002883 0.008431 0.001906 
0.000000 0.000376 0.000000 0.000376 0.998121 0.001127 0.000000 0.000000 0.000000 0.000000 0.000377 0.000000 0.000419 0.997274 0.001929 0.000000 0.000000 0.000000 0.001127 0.006013 0.002255 0.010898 0.963548 0.009019 0.000752 0.004885 0.001503 0.001216 0.006490 0.002517 0.011856 0.959443 0.010595 0.000802 0.005480 0.001600 
0.000000 0.000000 0.000000 0.000000 0.999113 0.000296 0.000296 0.000296 0.000000 0.000000 0.000000 0.000000 0.000000 0.999010 0.000304 0.000388 0.000298 0.000000 0.002069 0.010346 0.003252 0.019509 0.929648 0.019509 0.002956 0.010346 0.002365 0.002199 0.011018 0.003510 0.021269 0.923307 0.021561 0.003150 0.011284 0.002700 
0.000000 0.000844 0.000000 0.000844 0.996907 0.000844 0.000000 0.000562 0.000000 0.000000 0.000858 0.000000 0.000844 0.996770 0.000882 0.000000 0.000647 0.000000 0.001969 0.010405 0.002250 0.020529 0.932790 0.021091 0.002250 0.006468 0.002250 0.002195 0.011576 0.002477 0.022160 0.926214 0.022922 0.002461 0.007293 0.002701 
0.000000 0.000258 0.000000 0.000515 0.997939 0.001288 0.000000 0.000000 0.000000 0.000000 0.000259 0.000000 0.000523 0.997890 0.001329 0.000000 0.000000 0.000000 0.004894 0.016486 0.004379 0.020350 0.908295 0.022154 0.004122 0.013653 0.005667 0.005280 0.017738 0.004782 0.021552 0.901773 0.023736 0.004443 0.014550 0.006145 
0.000820 0.000615 0.000205 0.001844 0.994262 0.000820 0.000615 0.000410 0.000410 0.000888 0.000666 0.000207 0.001964 0.993899 0.000847 0.000644 0.000448 0.000437 0.006148 0.021516 0.006762 0.031352 0.875410 0.027664 0.007582 0.018238 0.005328 0.006821 0.023024 0.007300 0.033997 0.865474 0.029377 0.008536 0.019589 0.005882 
0.000665 0.000499 0.000499 0.002162 0.992683 0.002328 0.000166 0.000665 0.000333 0.000679 0.000517 0.000521 0.002415 0.991855 0.002740 0.000182 0.000742 0.000349 0.009147 0.030767 0.010644 0.042907 0.821054 0.037752 0.011143 0.028438 0.008149 0.009876 0.032945 0.011629 0.045266 0.807745 0.040657 0.011848 0.031201 0.008833 
0.000374 0.000749 0.000187 0.000936 0.995881 0.000187 0.000187 0.000562 0.000936 0.000397 0.000778 0.000212 0.001041 0.995570 0.000192 0.000204 0.000579 0.001027 0.004306 0.019846 0.005804 0.032391 0.879423 0.026025 0.007302 0.018723 0.006179 0.004603 0.021301 0.006433 0.034502 0.869743 0.027928 0.008230 0.020064 0.007195 
0.000000 0.000871 0.000000 0.001307 0.996296 0.000436 0.000218 0.000218 0.000654 0.000000 0.000913 0.000000 0.001442 0.995980 0.000469 0.000230 0.000272 0.000694 0.005447 0.017865 0.004575 0.026362 0.893464 0.024619 0.005664 0.018519 0.003486 0.006022 0.019156 0.005168 0.027979 0.884555 0.026962 0.006184 0.020202 0.003772 
0.000583 0.000389 0.000583 0.000778 0.994166 0.000778 0.001167 0.001556 0.000000 0.000612 0.000394 0.000620 0.000791 0.993800 0.000799 0.001190 0.001794 0.000000 0.007585 0.024310 0.008168 0.037340 0.841307 0.037145 0.011085 0.025865 0.007196 0.008150 0.025923 0.008836 0.039517 0.830738 0.039331 0.011952 0.027755 0.007797 
0.000000 0.000000 0.000000 0.000306 0.998164 0.000612 0.000000 0.000918 0.000000 0.000000 0.000000 0.000000 0.000330 0.998090 0.000627 0.000000 0.000953 0.000000 0.001836 0.011934 0.003978 0.013770 0.937576 0.015606 0.003978 0.009792 0.001530 0.002061 0.012876 0.004449 0.014792 0.932429 0.016987 0.004276 0.010468 0.001662 
0.000000 0.000000 0.000000 0.000394 0.999606 0.000000 0.000000 0.000000 0.000000 0.000000 0.000000 0.000000 0.000434 0.999566 0.000000 0.000000 0.000000 0.000000 0.001576 0.004728 0.001576 0.010244 0.968873 0.006304 0.002758 0.003546 0.000394 0.001849 0.005027 0.001638 0.011063 0.965911 0.006734 0.003183 0.004196 0.000398 
0.000000 0.000000 0.000000 0.000000 1.000000 0.000000 0.000000 0.000000 0.000000 0.000000 0.000000 0.000000 0.000000 1.000000 0.000000 0.000000 0.000000 0.000000 0.000787 0.004723 0.000787 0.013381 0.967336 0.009839 0.000394 0.001574 0.001181 0.000862 0.004894 0.000877 0.014431 0.964227 0.011101 0.000418 0.001936 0.001255 
0.000000 0.000000 0.000000 0.000000 0.999294 0.000706 0.000000 0.000000 0.000000 0.000000 0.000000 0.000000 0.000000 0.999199 0.000801 0.000000 0.000000 0.000000 0.002119 0.007771 0.000706 0.013070 0.959378 0.009184 0.001060 0.005298 0.001413 0.002433 0.008540 0.000744 0.013650 0.956175 0.010162 0.001089 0.005687 0.001519 
0.000490 0.000734 0.000734 0.001958 0.992411 0.000979 0.001224 0.000979 0.000490 0.000494 0.000750 0.000758 0.002274 0.991829 0.000992 0.001376 0.001034 0.000493 0.008813 0.023256 0.009792 0.033293 0.855080 0.028886 0.011016 0.021787 0.008078 0.009427 0.024434 0.010595 0.035562 0.844921 0.030857 0.011989 0.023412 0.008803 
0.001476 0.002029 0.000922 0.003136 0.986718 0.001660 0.002029 0.001476 0.000553 0.001536 0.002068 0.000956 0.003226 0.986128 0.001696 0.002120 0.001672 0.000599 0.015495 0.032651 0.014757 0.049068 0.779008 0.046855 0.018631 0.031360 0.012175 0.016466 0.034107 0.015875 0.050945 0.767007 0.049532 0.019809 0.033105 0.013155 
0.000000 0.002037 0.000815 0.001833 0.991241 0.001426 0.000611 0.001222 0.000815 0.000000 0.002175 0.000842 0.002033 0.990515 0.001505 0.000625 0.001478 0.000827 0.007945 0.017723 0.012630 0.033612 0.866164 0.028519 0.008148 0.019352 0.005908 0.008718 0.018797 0.013557 0.035870 0.856306 0.030309 0.008784 0.021219 0.006442 
0.000206 0.001647 0.000412 0.002470 0.992384 0.001647 0.000206 0.000823 0.000206 0.000244 0.001702 0.000419 0.002828 0.991488 0.001811 0.000209 0.001080 0.000219 0.008028 0.023878 0.008234 0.041993 0.843145 0.040140 0.007616 0.021408 0.005558 0.008633 0.025376 0.008801 0.044483 0.832137 0.042763 0.008331 0.023315 0.006161 
0.001293 0.000647 0.001078 0.002371 0.992455 0.001078 0.000216 0.000647 0.000216 0.001343 0.000654 0.001210 0.002865 0.991699 0.001109 0.000220 0.000671 0.000230 0.005389 0.015521 0.005389 0.035784 0.877560 0.031903 0.006251 0.017030 0.005174 0.005692 0.016383 0.005997 0.038601 0.868943 0.033720 0.006775 0.018148 0.005742 
0.000000 0.001223 0.000489 0.000245 0.997065 0.000245 0.000000 0.000489 0.000245 0.000000 0.001608 0.000508 0.000263 0.996364 0.000259 0.000000 0.000750 0.000248 0.001468 0.016879 0.002935 0.026419 0.910714 0.022505 0.004892 0.010519 0.003669 0.001798 0.018492 0.003487 0.028020 0.902522 0.024319 0.005423 0.011925 0.004016 
0.000261 0.000000 0.000523 0.000523 0.997387 0.000523 0.000261 0.000523 0.000000 0.000261 0.000000 0.000552 0.000540 0.997166 0.000537 0.000330 0.000614 0.000000 0.002352 0.006794 0.001829 0.020120 0.937026 0.021688 0.002874 0.005749 0.001568 0.002665 0.007595 0.002026 0.021414 0.931973 0.022918 0.003072 0.006659 0.001679 
0.000000 0.000000 0.000000 0.001779 0.995934 0.001271 0.000254 0.000508 0.000254 0.000000 0.000000 0.000000 0.002449 0.994759 0.001422 0.000283 0.000811 0.000277 0.001525 0.007116 0.001779 0.023380 0.939771 0.016010 0.003050 0.005337 0.002033 0.001676 0.007631 0.001912 0.025624 0.933532 0.017416 0.003318 0.006727 0.002163 
0.000000 0.000244 0.000000 0.002198 0.995849 0.000488 0.000000 0.001221 0.000000 0.000000 0.000475 0.000000 0.002355 0.994894 0.000741 0.000000 0.001535 0.000000 0.002930 0.008303 0.003907 0.021978 0.912332 0.029548 0.005617 0.010989 0.004396 0.003343 0.009232 0.004181 0.024028 0.904378 0.031514 0.005955 0.012392 0.004978 
0.000243 0.000970 0.000243 0.002183 0.994420 0.000728 0.000728 0.000485 0.000000 0.000242 0.001047 0.000260 0.002386 0.993634 0.000964 0.000747 0.000720 0.000000 0.005822 0.011402 0.004609 0.036633 0.894469 0.028869 0.004852 0.010674 0.002669 0.006429 0.012688 0.005118 0.039267 0.885921 0.030712 0.005260 0.011775 0.002830 
0.000000 0.001012 0.000506 0.001012 0.994942 0.001517 0.000000 0.000506 0.000506 0.000000 0.001032 0.000508 0.001967 0.993439 0.002001 0.000000 0.000536 0.000517 0.004047 0.011128 0.007081 0.031866 0.899342 0.033890 0.004552 0.007081 0.001012 0.004527 0.012009 0.007827 0.034351 0.889802 0.037508 0.004928 0.007975 0.001074 
