0.000439 0.002386 0.000414 0.000662 0.992816 0.000600 0.000439 0.001929 0.000315 0.000457 0.002441 0.000433 0.000679 0.992593 0.000620 0.000457 0.001987 0.000333 0.017305 0.128584 0.013954 0.029781 0.630717 0.028372 0.014189 0.121110 0.015988 0.018528 0.131513 0.015090 0.031695 0.615920 0.030344 0.015288 0.124437 0.017184 
0.000533 0.002329 0.000397 0.000612 0.992924 0.000567 0.000385 0.001887 0.000368 0.000552 0.002390 0.000415 0.000633 0.992688 0.000586 0.000401 0.001945 0.000390 0.017677 0.131153 0.014328 0.031234 0.621595 0.029382 0.014646 0.124632 0.015354 0.018910 0.133965 0.015472 0.033255 0.606751 0.031375 0.015763 0.127980 0.016528 
0.000420 0.002535 0.000358 0.000616 0.992613 0.000621 0.000386 0.002020 0.000431 0.000435 0.002602 0.000377 0.000632 0.992384 0.000641 0.000401 0.002082 0.000447 0.017409 0.131144 0.014270 0.029877 0.620783 0.029189 0.015132 0.126779 0.015417 0.018586 0.134060 0.015408 0.031809 0.605903 0.031141 0.016295 0.130154 0.016644 
0.000425 0.002679 0.000493 0.000725 0.992342 0.000572 0.000493 0.001801 0.000470 0.000440 0.002753 0.000518 0.000745 0.992085 0.000593 0.000517 0.001853 0.000497 0.017446 0.129591 0.014801 0.030526 0.623473 0.029733 0.015056 0.123677 0.015696 0.018644 0.132465 0.016013 0.032400 0.608588 0.031796 0.016272 0.126985 0.016837 
0.000504 0.002817 0.000470 0.000717 0.991729 0.000678 0.000431 0.002134 0.000521 0.000528 0.002882 0.000493 0.000735 0.991477 0.000697 0.000448 0.002195 0.000544 0.018093 0.132416 0.014476 0.031858 0.618442 0.029893 0.014946 0.124140 0.015736 0.019295 0.135239 0.015610 0.033895 0.603546 0.031910 0.016084 0.127444 0.016979 
0.000663 0.002791 0.000657 0.000825 0.990840 0.000708 0.000479 0.002474 0.000563 0.000688 0.002856 0.000688 0.000847 0.990556 0.000733 0.000502 0.002544 0.000585 0.018849 0.131025 0.015411 0.032767 0.616263 0.030745 0.015590 0.122885 0.016465 0.020134 0.133867 0.016577 0.034789 0.601307 0.032832 0.016741 0.126097 0.017657 
0.001020 0.003805 0.000987 0.001267 0.986918 0.001102 0.001031 0.003092 0.000779 0.001053 0.003887 0.001029 0.001302 0.986549 0.001133 0.001067 0.003174 0.000806 0.021575 0.125723 0.018373 0.036659 0.603690 0.034361 0.018505 0.121896 0.019218 0.022908 0.128277 0.019624 0.038666 0.588787 0.036437 0.019752 0.125026 0.020523 
0.001796 0.006525 0.001755 0.002508 0.976986 0.002088 0.001755 0.005102 0.001484 0.001850 0.006657 0.001818 0.002564 0.976398 0.002140 0.001815 0.005217 0.001541 0.026878 0.128172 0.024457 0.046433 0.561712 0.043024 0.024713 0.120373 0.024237 0.028319 0.130456 0.025933 0.048511 0.546816 0.045125 0.026091 0.123030 0.025719 
0.002417 0.008083 0.002398 0.004408 0.967018 0.003579 0.002861 0.007186 0.002051 0.002497 0.008243 0.002475 0.004497 0.966198 0.003664 0.002957 0.007345 0.002123 0.031934 0.127264 0.030062 0.056330 0.523260 0.052682 0.030451 0.119813 0.028204 0.033521 0.129235 0.031713 0.058338 0.508282 0.054913 0.032021 0.122199 0.029777 
0.002507 0.009598 0.002744 0.004629 0.962765 0.003910 0.002944 0.008608 0.002294 0.002593 0.009795 0.002840 0.004731 0.961802 0.004012 0.003046 0.008809 0.002371 0.031734 0.128650 0.031468 0.059416 0.512532 0.056786 0.031890 0.120034 0.027489 0.033318 0.130631 0.033131 0.061566 0.497333 0.059124 0.033513 0.122340 0.029046 
0.002613 0.010059 0.002674 0.004295 0.962275 0.003563 0.003071 0.009227 0.002224 0.002703 0.010259 0.002768 0.004392 0.961297 0.003653 0.003173 0.009453 0.002303 0.030943 0.130780 0.029837 0.058343 0.512971 0.055169 0.031233 0.124120 0.026602 0.032567 0.132848 0.031440 0.060595 0.497435 0.057511 0.032904 0.126561 0.028140 
0.002389 0.010399 0.002478 0.003685 0.964022 0.003055 0.002940 0.009136 0.001896 0.002466 0.010622 0.002569 0.003763 0.963085 0.003130 0.003040 0.009355 0.001970 0.028890 0.134495 0.029416 0.055391 0.518924 0.052558 0.030083 0.125274 0.024968 0.030495 0.136684 0.031069 0.057661 0.503226 0.054838 0.031711 0.127849 0.026466 
0.002210 0.010753 0.002363 0.003799 0.963783 0.003154 0.002797 0.009480 0.001663 0.002284 0.010966 0.002451 0.003883 0.962850 0.003241 0.002892 0.009708 0.001725 0.027182 0.134689 0.028929 0.053369 0.525040 0.051823 0.029060 0.126117 0.023791 0.028755 0.136969 0.030580 0.055569 0.509190 0.054207 0.030668 0.128754 0.025309 
0.001770 0.011169 0.002399 0.003512 0.963212 0.003073 0.003091 0.010223 0.001549 0.001835 0.011411 0.002485 0.003597 0.962245 0.003155 0.003202 0.010466 0.001604 0.026593 0.136570 0.028396 0.053793 0.524382 0.050045 0.029399 0.127968 0.022856 0.028121 0.138870 0.030044 0.056060 0.508480 0.052451 0.031009 0.130664 0.024302 
0.001811 0.011714 0.002654 0.003612 0.962254 0.003048 0.003020 0.010362 0.001526 0.001872 0.011957 0.002759 0.003692 0.961281 0.003125 0.003131 0.010605 0.001578 0.025277 0.138223 0.029167 0.052065 0.525552 0.048871 0.029460 0.128909 0.022476 0.026819 0.140563 0.030905 0.054308 0.509606 0.051225 0.031084 0.131582 0.023906 
0.001894 0.012107 0.002633 0.003229 0.962337 0.002848 0.002821 0.010676 0.001455 0.001958 0.012369 0.002728 0.003306 0.961347 0.002923 0.002925 0.010934 0.001510 0.024960 0.138979 0.028517 0.051266 0.526267 0.048193 0.029416 0.130477 0.021925 0.026521 0.141287 0.030230 0.053528 0.510176 0.050530 0.031101 0.133229 0.023397 
0.001672 0.011930 0.002558 0.003181 0.963078 0.002851 0.002959 0.010319 0.001452 0.001727 0.012196 0.002660 0.003261 0.962090 0.002925 0.003065 0.010572 0.001504 0.024648 0.141200 0.029282 0.050577 0.522345 0.048063 0.030158 0.131494 0.022232 0.026167 0.143570 0.031055 0.052825 0.506265 0.050359 0.031867 0.134163 0.023729 
0.001778 0.011728 0.002548 0.003116 0.963316 0.002809 0.002872 0.010304 0.001530 0.001837 0.011978 0.002645 0.003189 0.962347 0.002886 0.002979 0.010555 0.001583 0.024530 0.142783 0.028958 0.049952 0.522449 0.047414 0.029407 0.132945 0.021562 0.026033 0.145118 0.030717 0.052144 0.506389 0.049794 0.031095 0.135698 0.023012 
0.001743 0.011455 0.002379 0.003093 0.963916 0.002759 0.002674 0.010488 0.001494 0.001800 0.011701 0.002470 0.003171 0.962952 0.002836 0.002775 0.010746 0.001549 0.024567 0.143735 0.028100 0.048231 0.522862 0.046782 0.029086 0.135196 0.021442 0.026093 0.146112 0.029813 0.050464 0.506783 0.049164 0.030754 0.137892 0.022923 
0.001513 0.011800 0.002363 0.003058 0.964264 0.002592 0.002611 0.010436 0.001364 0.001568 0.012055 0.002450 0.003133 0.963308 0.002666 0.002713 0.010689 0.001416 0.023549 0.145927 0.027673 0.047867 0.522499 0.045139 0.029100 0.137202 0.021044 0.025035 0.148272 0.029386 0.050090 0.506494 0.047412 0.030814 0.140000 0.022497 
0.001538 0.010979 0.002064 0.002627 0.966522 0.002528 0.002498 0.009872 0.001372 0.001594 0.011222 0.002139 0.002685 0.965619 0.002600 0.002588 0.010127 0.001427 0.023305 0.147599 0.027098 0.044718 0.526653 0.044137 0.027794 0.138423 0.020273 0.024791 0.150002 0.028832 0.046844 0.510606 0.046431 0.029486 0.141303 0.021703 
0.001534 0.010312 0.002079 0.002613 0.968349 0.002185 0.002226 0.009500 0.001202 0.001590 0.010547 0.002167 0.002679 0.967466 0.002247 0.002311 0.009745 0.001247 0.022411 0.148311 0.026257 0.044210 0.527588 0.043014 0.026997 0.140509 0.020702 0.023879 0.150751 0.027942 0.046340 0.511488 0.045340 0.028667 0.143425 0.022167 
0.001389 0.009759 0.001807 0.002199 0.971025 0.001996 0.002098 0.008566 0.001161 0.001440 0.009976 0.001874 0.002256 0.970235 0.002053 0.002176 0.008786 0.001204 0.022664 0.148862 0.025341 0.042694 0.531334 0.041648 0.026337 0.141078 0.020044 0.024160 0.151362 0.027015 0.044808 0.515305 0.043925 0.028003 0.143947 0.021474 
0.001273 0.009785 0.001610 0.001986 0.972103 0.001800 0.002065 0.008265 0.001112 0.001325 0.009995 0.001677 0.002034 0.971331 0.001854 0.002147 0.008482 0.001156 0.021647 0.151152 0.024419 0.041924 0.533107 0.040063 0.025233 0.142873 0.019582 0.023088 0.153732 0.026074 0.044062 0.516994 0.042282 0.026862 0.145868 0.021038 
0.001152 0.009326 0.001597 0.001914 0.973164 0.001800 0.001811 0.008104 0.001133 0.001194 0.009538 0.001663 0.001963 0.972413 0.001855 0.001879 0.008318 0.001176 0.022077 0.152267 0.024282 0.039536 0.535190 0.039168 0.025209 0.142986 0.019284 0.023600 0.154781 0.025976 0.041591 0.519087 0.041454 0.026831 0.145960 0.020719 
0.001135 0.008617 0.001434 0.001770 0.975387 0.001703 0.001599 0.007403 0.000952 0.001180 0.008817 0.001499 0.001818 0.974689 0.001751 0.001662 0.007594 0.000990 0.020606 0.151942 0.023683 0.039370 0.538160 0.037510 0.024180 0.145395 0.019153 0.022010 0.154487 0.025438 0.041506 0.521980 0.039677 0.025798 0.148489 0.020616 
0.001110 0.008447 0.001238 0.001604 0.976749 0.001415 0.001534 0.006897 0.001006 0.001153 0.008634 0.001287 0.001649 0.976098 0.001458 0.001598 0.007078 0.001045 0.021042 0.154762 0.022121 0.038229 0.538807 0.037596 0.023197 0.144865 0.019380 0.022484 0.157410 0.023729 0.040286 0.522706 0.039918 0.024788 0.147843 0.020836 
0.001145 0.008120 0.001145 0.001474 0.977583 0.001427 0.001335 0.006805 0.000967 0.001187 0.008302 0.001186 0.001511 0.976971 0.001470 0.001381 0.006983 0.001008 0.020429 0.156295 0.021473 0.035910 0.540380 0.036564 0.022472 0.147920 0.018557 0.021857 0.159002 0.023066 0.037915 0.524259 0.038844 0.024045 0.151029 0.019983 
0.000934 0.007741 0.001184 0.001382 0.978714 0.001247 0.001231 0.006573 0.000994 0.000972 0.007910 0.001230 0.001417 0.978133 0.001286 0.001282 0.006737 0.001033 0.019897 0.155641 0.021354 0.034994 0.544960 0.035283 0.021983 0.147595 0.018293 0.021312 0.158294 0.022969 0.037025 0.528877 0.037493 0.023548 0.150780 0.019703 
0.000884 0.007539 0.001108 0.001268 0.979626 0.001236 0.001148 0.006427 0.000764 0.000919 0.007713 0.001159 0.001302 0.979058 0.001274 0.001185 0.006596 0.000792 0.019770 0.157014 0.021134 0.035380 0.545677 0.034264 0.021022 0.147703 0.018038 0.021164 0.159704 0.022747 0.037410 0.529621 0.036485 0.022518 0.150908 0.019442 
0.000922 0.006870 0.001016 0.001260 0.980799 0.001158 0.001138 0.006042 0.000796 0.000957 0.007030 0.001060 0.001290 0.980256 0.001191 0.001184 0.006207 0.000826 0.019457 0.154651 0.020900 0.034340 0.549602 0.033917 0.021412 0.147963 0.017759 0.020821 0.157410 0.022492 0.036361 0.533536 0.036093 0.022946 0.151191 0.019151 
0.000864 0.006843 0.000990 0.001273 0.981304 0.001117 0.001109 0.005755 0.000745 0.000898 0.007000 0.001037 0.001308 0.980772 0.001152 0.001153 0.005903 0.000776 0.020121 0.154391 0.020759 0.034401 0.549358 0.033959 0.020951 0.148432 0.017628 0.021550 0.157062 0.022342 0.036499 0.533257 0.036184 0.022497 0.151639 0.018970 
0.000904 0.006625 0.000792 0.001183 0.982122 0.001029 0.001058 0.005487 0.000800 0.000938 0.006774 0.000826 0.001213 0.981612 0.001060 0.001109 0.005635 0.000833 0.019228 0.156680 0.019944 0.033731 0.551263 0.033185 0.020565 0.147981 0.017424 0.020606 0.159445 0.021453 0.035753 0.535279 0.035393 0.022064 0.151241 0.018765 
0.000880 0.006217 0.000918 0.001128 0.982957 0.000972 0.001006 0.005224 0.000699 0.000916 0.006358 0.000958 0.001156 0.982467 0.001005 0.001049 0.005365 0.000725 0.019947 0.155290 0.019543 0.032979 0.554170 0.031796 0.020448 0.148096 0.017729 0.021359 0.158059 0.021115 0.034993 0.538161 0.033976 0.021955 0.151302 0.019080 
0.000634 0.006234 0.000931 0.001033 0.983126 0.000987 0.001008 0.005333 0.000714 0.000655 0.006376 0.000969 0.001060 0.982662 0.001017 0.001049 0.005468 0.000743 0.019043 0.155973 0.019965 0.032914 0.554147 0.032340 0.020072 0.148004 0.017542 0.020406 0.158793 0.021495 0.034952 0.538069 0.034526 0.021554 0.151275 0.018932 
0.000909 0.005908 0.000887 0.001049 0.983671 0.000938 0.000964 0.004978 0.000695 0.000939 0.006042 0.000921 0.001076 0.983214 0.000968 0.001003 0.005113 0.000725 0.019140 0.156088 0.019532 0.032491 0.554771 0.031109 0.020219 0.149561 0.017088 0.020510 0.158869 0.021045 0.034522 0.538747 0.033223 0.021700 0.152926 0.018459 
0.000906 0.005974 0.000720 0.000884 0.983990 0.000910 0.000893 0.005050 0.000672 0.000938 0.006108 0.000750 0.000911 0.983528 0.000944 0.000935 0.005184 0.000702 0.019430 0.155341 0.018559 0.032323 0.557100 0.031625 0.019851 0.148192 0.017579 0.020862 0.158114 0.019987 0.034260 0.541125 0.033835 0.021362 0.151511 0.018942 
0.000809 0.005771 0.000831 0.000961 0.984293 0.000783 0.000852 0.004992 0.000709 0.000836 0.005904 0.000866 0.000992 0.983843 0.000807 0.000887 0.005127 0.000739 0.019164 0.155294 0.019460 0.032397 0.555910 0.031240 0.019678 0.149432 0.017425 0.020559 0.158086 0.021036 0.034472 0.539893 0.033351 0.021145 0.152707 0.018752 
0.000804 0.005681 0.000782 0.000953 0.984912 0.000844 0.000712 0.004530 0.000782 0.000832 0.005809 0.000818 0.000979 0.984489 0.000874 0.000737 0.004651 0.000811 0.018946 0.156984 0.018981 0.031424 0.558237 0.030510 0.018590 0.149031 0.017298 0.020327 0.159922 0.020479 0.033371 0.542285 0.032611 0.020029 0.152343 0.018633 
0.000802 0.005406 0.000674 0.000890 0.985429 0.000855 0.000877 0.004336 0.000731 0.000831 0.005536 0.000704 0.000917 0.985000 0.000884 0.000909 0.004455 0.000764 0.018784 0.155812 0.018982 0.031716 0.557820 0.030553 0.018995 0.149828 0.017510 0.020127 0.158581 0.020516 0.033706 0.541873 0.032665 0.020461 0.153167 0.018903 
0.000764 0.005364 0.000742 0.000958 0.985653 0.000826 0.000769 0.004305 0.000619 0.000795 0.005484 0.000774 0.000987 0.985236 0.000853 0.000798 0.004426 0.000646 0.018727 0.156557 0.018485 0.031277 0.561687 0.030504 0.018125 0.147740 0.016899 0.020084 0.159392 0.019966 0.033291 0.545758 0.032627 0.019483 0.151127 0.018270 
0.000828 0.005106 0.000774 0.001101 0.985296 0.000834 0.000821 0.004699 0.000541 0.000863 0.005225 0.000808 0.001128 0.984875 0.000862 0.000847 0.004829 0.000563 0.019436 0.156311 0.018435 0.031270 0.559554 0.030082 0.018135 0.149837 0.016940 0.020839 0.159136 0.019872 0.033231 0.543599 0.032241 0.019531 0.153249 0.018302 
