0.000251 0.003134 0.000125 0.003836 0.988743 0.001755 0.000163 0.001767 0.000226 0.000271 0.003269 0.000134 0.004033 0.988012 0.001976 0.000177 0.001879 0.000250 0.006656 0.018765 0.005127 0.018339 0.910348 0.014491 0.005729 0.016359 0.004187 0.007265 0.019714 0.005496 0.019476 0.904366 0.015576 0.006137 0.017398 0.004572 
0.000426 0.002675 0.000307 0.003052 0.989923 0.001685 0.000228 0.001556 0.000149 0.000439 0.002824 0.000338 0.003252 0.989230 0.001832 0.000250 0.001675 0.000161 0.005381 0.014546 0.004330 0.015161 0.922948 0.013516 0.005618 0.014190 0.004310 0.005773 0.015437 0.004672 0.016138 0.917711 0.014469 0.006031 0.015130 0.004640 
0.000447 0.002661 0.000308 0.003376 0.989097 0.002115 0.000258 0.001609 0.000129 0.000478 0.002838 0.000357 0.003504 0.988210 0.002345 0.000285 0.001843 0.000141 0.004121 0.012074 0.003187 0.013594 0.936312 0.011727 0.004250 0.011369 0.003366 0.004419 0.012964 0.003493 0.014437 0.931240 0.012744 0.004641 0.012389 0.003673 
0.000277 0.003298 0.000160 0.002532 0.990403 0.001809 0.000181 0.001255 0.000085 0.000299 0.003469 0.000179 0.002657 0.989651 0.001946 0.000194 0.001509 0.000096 0.002820 0.012044 0.002628 0.011714 0.945993 0.009916 0.003171 0.009629 0.002085 0.003073 0.012861 0.002886 0.012492 0.941530 0.010807 0.003443 0.010588 0.002320 
0.000412 0.003963 0.000182 0.002909 0.988922 0.001830 0.000170 0.001479 0.000133 0.000462 0.004268 0.000205 0.003032 0.987925 0.002018 0.000180 0.001769 0.000141 0.003430 0.012629 0.002351 0.012775 0.942308 0.010266 0.003103 0.010145 0.002994 0.003763 0.013673 0.002623 0.013689 0.937030 0.011327 0.003396 0.011229 0.003270 
0.000480 0.005299 0.000165 0.004818 0.984104 0.002657 0.000270 0.002086 0.000120 0.000513 0.005835 0.000202 0.005073 0.982584 0.003004 0.000350 0.002299 0.000141 0.003362 0.015190 0.002807 0.015791 0.933099 0.011393 0.003287 0.012023 0.003047 0.003670 0.016593 0.003120 0.017110 0.926496 0.012733 0.003698 0.013153 0.003428 
0.000580 0.007227 0.000290 0.005584 0.979401 0.002512 0.000502 0.003710 0.000193 0.000603 0.007702 0.000314 0.005965 0.977645 0.002913 0.000563 0.004039 0.000255 0.003981 0.018125 0.003865 0.015864 0.924523 0.011671 0.004058 0.014531 0.003382 0.004328 0.019781 0.004396 0.017259 0.916698 0.013186 0.004582 0.015978 0.003792 
0.000937 0.012523 0.000529 0.006778 0.971878 0.002307 0.000361 0.004447 0.000240 0.000963 0.012920 0.000622 0.007154 0.970182 0.002676 0.000391 0.004800 0.000291 0.008485 0.033001 0.006994 0.025550 0.873188 0.019180 0.006466 0.020382 0.006754 0.009239 0.034737 0.007710 0.027174 0.863537 0.021113 0.007002 0.022079 0.007409 
0.001769 0.007803 0.000642 0.008583 0.974493 0.002844 0.000988 0.002636 0.000243 0.001801 0.008225 0.000687 0.009216 0.972611 0.003160 0.001093 0.002948 0.000259 0.011600 0.035009 0.010560 0.036413 0.834787 0.028264 0.010161 0.025125 0.008080 0.012361 0.037084 0.011312 0.038442 0.824462 0.030081 0.010815 0.026746 0.008698 
0.001234 0.003541 0.001000 0.005635 0.981248 0.003270 0.001026 0.002198 0.000849 0.001275 0.003630 0.001036 0.005806 0.980665 0.003387 0.001062 0.002264 0.000874 0.033917 0.062610 0.030677 0.074056 0.604869 0.069989 0.032672 0.060720 0.030490 0.035482 0.064436 0.032207 0.076209 0.589704 0.072683 0.034281 0.062787 0.032211 
0.001355 0.003993 0.000765 0.006696 0.980033 0.003332 0.000893 0.002304 0.000630 0.001407 0.004145 0.000795 0.007046 0.978998 0.003558 0.000932 0.002465 0.000655 0.017544 0.032195 0.014029 0.039584 0.808081 0.031095 0.015185 0.028465 0.013822 0.018534 0.033569 0.014842 0.041297 0.798531 0.032583 0.016083 0.029886 0.014676 
0.000727 0.003235 0.000306 0.005791 0.986074 0.001953 0.000306 0.001311 0.000297 0.000764 0.003424 0.000335 0.006091 0.985161 0.002167 0.000322 0.001416 0.000319 0.006269 0.015371 0.004910 0.022722 0.912654 0.015907 0.005101 0.012069 0.004996 0.006754 0.016364 0.005326 0.023963 0.906677 0.017035 0.005458 0.013017 0.005406 
0.000385 0.002646 0.000348 0.004285 0.987008 0.003507 0.000439 0.001080 0.000302 0.000408 0.002798 0.000385 0.004532 0.986167 0.003717 0.000481 0.001180 0.000333 0.005301 0.015556 0.004569 0.019631 0.913402 0.018395 0.004981 0.013496 0.004670 0.005713 0.016617 0.004981 0.020858 0.907248 0.019640 0.005389 0.014483 0.005070 
0.000431 0.002290 0.000251 0.001984 0.991992 0.002014 0.000185 0.000636 0.000215 0.000471 0.002391 0.000268 0.002086 0.991512 0.002142 0.000206 0.000696 0.000228 0.010137 0.026664 0.009135 0.035513 0.820343 0.050727 0.007191 0.026884 0.013405 0.010832 0.028104 0.009912 0.037074 0.809845 0.053498 0.007724 0.028551 0.014460 
0.001169 0.006700 0.000723 0.006024 0.979177 0.003797 0.000637 0.001327 0.000447 0.001223 0.006857 0.000754 0.006307 0.978184 0.004071 0.000686 0.001444 0.000474 0.018780 0.044261 0.018071 0.058699 0.729996 0.059159 0.015706 0.037068 0.018261 0.019808 0.046118 0.019248 0.060907 0.716848 0.061892 0.016614 0.039083 0.019482 
0.000610 0.008681 0.000316 0.010758 0.971530 0.006084 0.000418 0.001479 0.000124 0.000643 0.009000 0.000354 0.011383 0.969833 0.006523 0.000465 0.001658 0.000142 0.008410 0.028503 0.005746 0.038708 0.860813 0.024598 0.008478 0.019179 0.005565 0.009075 0.029960 0.006235 0.041081 0.851450 0.026328 0.009136 0.020694 0.006040 
0.000545 0.008817 0.000369 0.014364 0.965197 0.008352 0.000321 0.001908 0.000128 0.000584 0.009207 0.000399 0.015050 0.963097 0.009038 0.000347 0.002139 0.000141 0.008673 0.027621 0.005787 0.039692 0.859330 0.030362 0.005675 0.017105 0.005755 0.009444 0.029371 0.006320 0.041727 0.849716 0.032424 0.006152 0.018671 0.006175 
0.001092 0.008266 0.000276 0.015501 0.966179 0.006719 0.000372 0.001380 0.000216 0.001132 0.008588 0.000320 0.016175 0.964280 0.007282 0.000411 0.001563 0.000250 0.013557 0.034709 0.011758 0.058284 0.786649 0.051241 0.008710 0.024175 0.010918 0.014360 0.036590 0.012690 0.060635 0.775183 0.053745 0.009360 0.025818 0.011618 
0.001005 0.006549 0.000547 0.012173 0.972471 0.004875 0.000555 0.001578 0.000247 0.001046 0.006782 0.000597 0.012718 0.970891 0.005348 0.000606 0.001729 0.000284 0.014800 0.039147 0.013346 0.065327 0.757988 0.050139 0.014042 0.032201 0.013011 0.015695 0.040885 0.014242 0.068053 0.745406 0.052817 0.014914 0.034072 0.013916 
0.001370 0.007906 0.000487 0.013681 0.969706 0.004273 0.000467 0.001756 0.000355 0.001383 0.008131 0.000511 0.014220 0.968263 0.004650 0.000531 0.001932 0.000379 0.017030 0.036830 0.009408 0.054235 0.799663 0.032578 0.010798 0.027513 0.011945 0.018046 0.038542 0.010047 0.056759 0.788320 0.034543 0.011605 0.029357 0.012782 
0.002095 0.008175 0.000838 0.012496 0.965039 0.007074 0.000910 0.002741 0.000634 0.002177 0.008508 0.000887 0.013116 0.962998 0.007636 0.000990 0.003001 0.000687 0.019545 0.044333 0.013022 0.057092 0.758217 0.043722 0.015117 0.035272 0.013680 0.020763 0.046594 0.013979 0.059766 0.744374 0.046154 0.016214 0.037555 0.014600 
0.002014 0.006278 0.001205 0.010565 0.966201 0.007507 0.001343 0.003713 0.001173 0.002085 0.006591 0.001258 0.011071 0.964267 0.008006 0.001460 0.004019 0.001243 0.023606 0.050286 0.019456 0.061627 0.703132 0.055859 0.020151 0.045569 0.020313 0.024906 0.052524 0.020769 0.064164 0.687763 0.058641 0.021459 0.048084 0.021691 
0.002130 0.005896 0.001165 0.006476 0.972595 0.005208 0.001448 0.003820 0.001261 0.002207 0.006117 0.001231 0.006825 0.971038 0.005611 0.001535 0.004092 0.001344 0.025667 0.054533 0.022022 0.061624 0.682567 0.056567 0.023428 0.050158 0.023434 0.026993 0.056556 0.023317 0.063992 0.667562 0.059332 0.024913 0.052472 0.024863 
0.001883 0.005080 0.001270 0.004972 0.978246 0.003311 0.001237 0.003088 0.000912 0.001931 0.005300 0.001331 0.005245 0.977080 0.003572 0.001282 0.003305 0.000953 0.021347 0.050873 0.018986 0.050439 0.731666 0.045532 0.019100 0.043936 0.018123 0.022517 0.052892 0.020221 0.052668 0.718251 0.047940 0.020242 0.045992 0.019277 
0.001362 0.004767 0.000768 0.003911 0.982631 0.002911 0.000743 0.002355 0.000550 0.001398 0.004954 0.000833 0.004167 0.981623 0.003131 0.000784 0.002533 0.000577 0.015407 0.041385 0.013595 0.039929 0.791983 0.036480 0.013870 0.034887 0.012464 0.016330 0.043297 0.014575 0.041970 0.780214 0.038719 0.014786 0.036780 0.013329 
0.000842 0.005885 0.000602 0.004284 0.982220 0.002854 0.000609 0.002279 0.000424 0.000889 0.006119 0.000643 0.004484 0.981165 0.003086 0.000666 0.002494 0.000454 0.010060 0.030947 0.008712 0.034642 0.843131 0.033321 0.007590 0.023289 0.008308 0.010801 0.032714 0.009461 0.036676 0.832511 0.035654 0.008163 0.025078 0.008942 
0.000919 0.008161 0.000541 0.006881 0.971982 0.005676 0.000722 0.004610 0.000509 0.000983 0.008545 0.000577 0.007170 0.970340 0.006098 0.000776 0.004965 0.000546 0.010285 0.030651 0.008112 0.037122 0.840562 0.034801 0.008128 0.022711 0.007628 0.011077 0.032566 0.008808 0.039301 0.829199 0.037278 0.008801 0.024685 0.008284 
0.001869 0.011593 0.000643 0.008526 0.966181 0.004906 0.000851 0.004876 0.000554 0.001921 0.011975 0.000698 0.008941 0.964405 0.005229 0.000916 0.005321 0.000593 0.009872 0.035164 0.009110 0.040268 0.827455 0.035144 0.010188 0.025757 0.007043 0.010548 0.037093 0.009829 0.042499 0.816072 0.037418 0.010953 0.027900 0.007690 
0.003952 0.017906 0.000783 0.012962 0.954071 0.004887 0.001050 0.004047 0.000344 0.004026 0.018404 0.000836 0.013622 0.952033 0.005327 0.001087 0.004282 0.000384 0.014413 0.048964 0.012561 0.050262 0.774115 0.039801 0.013573 0.036155 0.010156 0.015290 0.050815 0.013510 0.052636 0.761509 0.042557 0.014407 0.038326 0.010949 
0.004465 0.019787 0.001350 0.012429 0.951689 0.004850 0.001240 0.003665 0.000524 0.004563 0.020156 0.001404 0.012959 0.949656 0.005353 0.001286 0.004031 0.000592 0.023122 0.066224 0.023425 0.064350 0.675329 0.059003 0.022268 0.047015 0.019264 0.024242 0.067853 0.024772 0.066657 0.661216 0.061941 0.023338 0.049341 0.020641 
0.004174 0.023692 0.001225 0.021743 0.929298 0.007273 0.001150 0.010647 0.000800 0.004201 0.024238 0.001323 0.022438 0.926582 0.007786 0.001232 0.011289 0.000910 0.015770 0.052508 0.014920 0.059306 0.749456 0.041961 0.014795 0.039812 0.011471 0.016504 0.054246 0.015962 0.061742 0.736676 0.044460 0.015768 0.042251 0.012391 
0.002114 0.017807 0.000799 0.012686 0.954315 0.004855 0.000705 0.006406 0.000313 0.002144 0.018215 0.000856 0.013346 0.952135 0.005279 0.000743 0.006942 0.000340 0.013532 0.048034 0.009005 0.036335 0.808583 0.028990 0.008285 0.036335 0.010901 0.014220 0.049724 0.009719 0.038446 0.797525 0.031132 0.008847 0.038653 0.011734 
0.001046 0.015266 0.000474 0.008546 0.963990 0.004991 0.000474 0.004935 0.000279 0.001114 0.015740 0.000509 0.008941 0.962162 0.005388 0.000510 0.005328 0.000308 0.005772 0.039677 0.004670 0.025178 0.871741 0.018835 0.004447 0.025373 0.004308 0.006212 0.041574 0.005136 0.026912 0.862711 0.020566 0.004831 0.027333 0.004725 
0.001906 0.015726 0.000480 0.011632 0.961462 0.003600 0.000480 0.004404 0.000311 0.001957 0.016302 0.000502 0.012104 0.959420 0.004003 0.000498 0.004875 0.000339 0.006832 0.039526 0.005181 0.028191 0.868505 0.017533 0.005505 0.024732 0.003995 0.007255 0.041540 0.005618 0.030069 0.859311 0.019124 0.005975 0.026744 0.004365 
0.001469 0.012935 0.000494 0.010916 0.965741 0.004011 0.000339 0.003855 0.000240 0.001536 0.013296 0.000534 0.011316 0.964065 0.004386 0.000351 0.004256 0.000260 0.005860 0.034485 0.004815 0.025899 0.879784 0.017666 0.004660 0.023032 0.003799 0.006319 0.036302 0.005263 0.027490 0.871036 0.019316 0.005070 0.025030 0.004174 
0.001094 0.011088 0.000396 0.007291 0.973262 0.003573 0.000422 0.002663 0.000211 0.001128 0.011499 0.000418 0.007707 0.971723 0.003939 0.000464 0.002883 0.000239 0.006144 0.030364 0.004852 0.020779 0.893561 0.016903 0.004707 0.018894 0.003797 0.006575 0.032096 0.005307 0.022165 0.885688 0.018380 0.005145 0.020436 0.004208 
0.000690 0.007507 0.000441 0.004104 0.980293 0.003641 0.000283 0.002781 0.000260 0.000717 0.007838 0.000465 0.004306 0.979197 0.003835 0.000298 0.003063 0.000281 0.005224 0.023574 0.004839 0.017016 0.908565 0.016078 0.004421 0.016485 0.003799 0.005610 0.024980 0.005290 0.018029 0.902067 0.017301 0.004773 0.017825 0.004124 
0.000830 0.007382 0.000541 0.003883 0.979911 0.002597 0.000289 0.004340 0.000228 0.000847 0.007873 0.000616 0.004162 0.978358 0.002808 0.000310 0.004744 0.000282 0.006600 0.023359 0.005109 0.017480 0.902776 0.014018 0.005218 0.020390 0.005049 0.007046 0.024882 0.005584 0.018626 0.895651 0.015099 0.005584 0.021993 0.005534 
0.001730 0.011433 0.000897 0.006569 0.971605 0.003083 0.000611 0.003720 0.000351 0.001801 0.011816 0.000956 0.007042 0.969619 0.003524 0.000667 0.004182 0.000392 0.008416 0.034196 0.007960 0.028264 0.859419 0.022073 0.008155 0.024466 0.007050 0.009013 0.035853 0.008591 0.030089 0.849828 0.023834 0.008802 0.026422 0.007570 
0.002081 0.011759 0.000866 0.006283 0.972509 0.002519 0.000757 0.002718 0.000508 0.002157 0.012098 0.000912 0.006635 0.970936 0.002889 0.000787 0.003041 0.000546 0.013093 0.041580 0.010753 0.033455 0.823514 0.027680 0.011650 0.028616 0.009658 0.013932 0.043425 0.011505 0.035359 0.812838 0.029710 0.012431 0.030484 0.010316 
0.002962 0.008378 0.000940 0.008964 0.968885 0.004664 0.000906 0.003371 0.000928 0.003024 0.008757 0.001000 0.009385 0.967104 0.005111 0.000963 0.003644 0.001011 0.016038 0.034707 0.011484 0.038200 0.819867 0.027964 0.012280 0.027567 0.011893 0.016915 0.036648 0.012252 0.040154 0.808869 0.030013 0.013081 0.029349 0.012719 
0.004225 0.006082 0.001359 0.006526 0.968217 0.006122 0.001669 0.003606 0.002193 0.004393 0.006322 0.001431 0.006838 0.966646 0.006429 0.001759 0.003820 0.002362 0.021005 0.033451 0.013819 0.034810 0.803114 0.032482 0.014236 0.030370 0.016712 0.022135 0.035114 0.014697 0.036816 0.791666 0.034401 0.015147 0.032210 0.017814 
