0.003528 0.005749 0.001710 0.005994 0.970098 0.005267 0.002073 0.003194 0.002388 0.003725 0.005961 0.001811 0.006297 0.968545 0.005543 0.002163 0.003464 0.002490 0.019732 0.035602 0.014465 0.036516 0.797268 0.033744 0.014907 0.030561 0.017206 0.020931 0.037483 0.015479 0.038404 0.785423 0.035691 0.015854 0.032487 0.018249 
0.002700 0.005086 0.001514 0.005951 0.974275 0.004029 0.001750 0.003000 0.001693 0.002793 0.005358 0.001621 0.006370 0.972439 0.004408 0.001849 0.003351 0.001812 0.018088 0.031326 0.015595 0.042391 0.794865 0.037855 0.016052 0.027847 0.015981 0.019165 0.033369 0.016700 0.045009 0.780605 0.040587 0.017150 0.030256 0.017158 
0.001869 0.004014 0.001389 0.005215 0.978536 0.003727 0.001424 0.002490 0.001336 0.001959 0.004274 0.001490 0.005583 0.976970 0.004071 0.001496 0.002734 0.001423 0.017562 0.028654 0.014784 0.042530 0.802332 0.038059 0.015704 0.025385 0.014989 0.018839 0.030667 0.015883 0.045273 0.788020 0.040944 0.016714 0.027549 0.016111 
0.002849 0.006540 0.002152 0.008798 0.967954 0.004668 0.002129 0.003364 0.001546 0.002962 0.006883 0.002258 0.009313 0.965921 0.005087 0.002224 0.003726 0.001624 0.021467 0.036615 0.017815 0.052930 0.755257 0.044875 0.019391 0.031993 0.019656 0.022753 0.038813 0.018945 0.055644 0.740132 0.047713 0.020539 0.034504 0.020957 
0.002240 0.007650 0.001069 0.011022 0.967651 0.004366 0.001535 0.003775 0.000692 0.002315 0.008047 0.001153 0.011492 0.965731 0.004860 0.001625 0.004013 0.000766 0.017716 0.046956 0.014897 0.045673 0.766527 0.037696 0.015866 0.039709 0.014960 0.018591 0.049119 0.015893 0.047647 0.754231 0.039973 0.016825 0.041740 0.015982 
0.001232 0.004364 0.000562 0.007297 0.980865 0.002486 0.000747 0.002001 0.000446 0.001272 0.004551 0.000586 0.007596 0.979775 0.002739 0.000790 0.002198 0.000493 0.014240 0.039502 0.010938 0.036192 0.814192 0.028895 0.011638 0.033736 0.010668 0.015052 0.041340 0.011693 0.038075 0.803408 0.030878 0.012436 0.035666 0.011453 
0.000932 0.004343 0.000478 0.005274 0.984136 0.002034 0.000519 0.001904 0.000381 0.000978 0.004474 0.000522 0.005545 0.983254 0.002201 0.000555 0.002059 0.000412 0.011586 0.037172 0.010768 0.033024 0.826081 0.027985 0.011886 0.031882 0.009617 0.012323 0.038902 0.011548 0.034720 0.816098 0.029719 0.012682 0.033701 0.010306 
0.001228 0.007055 0.000571 0.007817 0.976006 0.003190 0.000781 0.002971 0.000381 0.001258 0.007312 0.000613 0.008088 0.974845 0.003496 0.000815 0.003150 0.000422 0.013416 0.040828 0.010140 0.035344 0.818110 0.027755 0.011454 0.032916 0.010036 0.014176 0.042655 0.010885 0.037012 0.808170 0.029474 0.012238 0.034655 0.010735 
0.001492 0.006524 0.000764 0.006264 0.978342 0.003002 0.000701 0.002525 0.000386 0.001520 0.006799 0.000825 0.006606 0.977089 0.003274 0.000725 0.002745 0.000417 0.014756 0.040008 0.012222 0.036315 0.810931 0.030204 0.012141 0.032154 0.011269 0.015628 0.041905 0.013124 0.038143 0.800185 0.032145 0.012930 0.033886 0.012054 
0.001420 0.007669 0.000514 0.005840 0.978287 0.002410 0.000524 0.002877 0.000457 0.001455 0.007990 0.000555 0.006201 0.976875 0.002707 0.000552 0.003153 0.000511 0.012471 0.036766 0.010642 0.034774 0.830920 0.026305 0.010842 0.027820 0.009461 0.013314 0.038581 0.011443 0.036685 0.820453 0.028076 0.011598 0.029636 0.010214 
0.001417 0.010105 0.000433 0.006589 0.974380 0.002088 0.000736 0.003906 0.000346 0.001484 0.010383 0.000475 0.006994 0.972883 0.002438 0.000771 0.004202 0.000370 0.011317 0.036937 0.010441 0.033259 0.832549 0.026367 0.010982 0.030078 0.008071 0.012159 0.038624 0.011261 0.035167 0.821958 0.028346 0.011774 0.031946 0.008766 
0.002778 0.019122 0.000864 0.010506 0.953492 0.003245 0.001307 0.008265 0.000420 0.002822 0.019398 0.000952 0.010901 0.951651 0.003614 0.001371 0.008811 0.000479 0.014756 0.049450 0.014709 0.044944 0.775583 0.034181 0.017604 0.037800 0.010973 0.015679 0.051180 0.015631 0.047071 0.763303 0.036392 0.018710 0.040076 0.011958 
0.002653 0.015111 0.000680 0.014205 0.957093 0.004854 0.000712 0.004174 0.000518 0.002726 0.015526 0.000722 0.014653 0.955153 0.005405 0.000727 0.004534 0.000555 0.014270 0.040383 0.010969 0.057824 0.784073 0.043231 0.011714 0.027407 0.010128 0.015204 0.042051 0.011695 0.060406 0.771840 0.045846 0.012514 0.029496 0.010947 
0.002680 0.011786 0.000438 0.012483 0.964848 0.002858 0.000930 0.003733 0.000246 0.002739 0.012235 0.000461 0.012839 0.963227 0.003186 0.000979 0.004051 0.000283 0.015546 0.038858 0.009420 0.039527 0.818059 0.025267 0.010036 0.032787 0.010501 0.016508 0.040700 0.010159 0.041690 0.806242 0.027351 0.010792 0.035154 0.011405 
0.001656 0.009216 0.000522 0.008627 0.973531 0.002301 0.000856 0.003057 0.000233 0.001716 0.009590 0.000576 0.008994 0.972060 0.002578 0.000907 0.003334 0.000247 0.012262 0.043600 0.007826 0.030805 0.832059 0.021822 0.007515 0.034762 0.009349 0.013154 0.045470 0.008540 0.032555 0.821886 0.023495 0.008175 0.036699 0.010026 
0.001556 0.011358 0.000658 0.008521 0.969877 0.002824 0.000754 0.004093 0.000359 0.001604 0.011780 0.000725 0.008835 0.968357 0.003063 0.000782 0.004465 0.000389 0.008940 0.037531 0.006917 0.028496 0.857893 0.020202 0.007288 0.027143 0.005589 0.009542 0.039453 0.007561 0.030060 0.848505 0.021811 0.007742 0.029317 0.006009 
0.001092 0.009490 0.000339 0.010331 0.970734 0.002848 0.000664 0.004132 0.000369 0.001151 0.009859 0.000388 0.010787 0.969018 0.003199 0.000719 0.004472 0.000408 0.007261 0.036911 0.006154 0.030048 0.861802 0.019776 0.006907 0.025901 0.005239 0.007852 0.038832 0.006698 0.031914 0.852245 0.021582 0.007436 0.027751 0.005690 
0.001017 0.007451 0.000484 0.007264 0.976185 0.002714 0.000839 0.003642 0.000405 0.001059 0.007930 0.000507 0.007690 0.974272 0.003087 0.000893 0.004124 0.000437 0.008044 0.037405 0.007382 0.029105 0.850312 0.021959 0.008517 0.030526 0.006751 0.008641 0.039448 0.007924 0.031087 0.839717 0.023891 0.009182 0.032748 0.007361 
0.001345 0.007870 0.000801 0.007040 0.974818 0.002847 0.000831 0.003915 0.000534 0.001412 0.008366 0.000880 0.007519 0.972819 0.003187 0.000901 0.004319 0.000597 0.012299 0.048476 0.012121 0.037798 0.793184 0.032241 0.012636 0.040428 0.010816 0.013163 0.051104 0.013114 0.040046 0.779485 0.034709 0.013536 0.043030 0.011812 
0.001770 0.007685 0.000706 0.006587 0.974917 0.003036 0.000930 0.003831 0.000538 0.001821 0.008084 0.000747 0.007041 0.973077 0.003415 0.000992 0.004190 0.000632 0.012950 0.044251 0.011785 0.035513 0.806728 0.029307 0.012558 0.036208 0.010699 0.013801 0.046193 0.012597 0.037558 0.795674 0.031194 0.013325 0.038157 0.011501 
0.000924 0.005485 0.000478 0.005266 0.982411 0.002001 0.000543 0.002576 0.000316 0.000980 0.005821 0.000507 0.005549 0.981188 0.002184 0.000583 0.002854 0.000335 0.010298 0.038849 0.013628 0.032303 0.819374 0.027004 0.014883 0.035471 0.008191 0.010989 0.040744 0.014502 0.034138 0.808752 0.028770 0.015852 0.037426 0.008826 
0.000569 0.004628 0.000527 0.004234 0.985481 0.001983 0.000444 0.001841 0.000293 0.000585 0.004859 0.000557 0.004473 0.984484 0.002191 0.000474 0.002038 0.000339 0.007674 0.030085 0.009239 0.027064 0.863200 0.022110 0.009883 0.024561 0.006184 0.008225 0.031739 0.009894 0.028751 0.854047 0.023814 0.010589 0.026191 0.006750 
0.000505 0.003407 0.000349 0.004322 0.986982 0.001900 0.000314 0.001926 0.000296 0.000535 0.003605 0.000371 0.004587 0.986024 0.002105 0.000333 0.002111 0.000329 0.007450 0.025826 0.008975 0.025033 0.875984 0.020363 0.008870 0.021592 0.005908 0.008007 0.027317 0.009674 0.026633 0.867498 0.021897 0.009487 0.023071 0.006417 
0.000715 0.006029 0.000417 0.003854 0.984684 0.001689 0.000487 0.001847 0.000278 0.000745 0.006389 0.000445 0.004135 0.983518 0.001878 0.000535 0.002058 0.000297 0.007440 0.029480 0.008353 0.022329 0.877926 0.018028 0.009635 0.021286 0.005523 0.008008 0.031129 0.008983 0.023758 0.869785 0.019357 0.010288 0.022747 0.005945 
0.000534 0.006622 0.000248 0.004549 0.982924 0.002985 0.000300 0.001655 0.000182 0.000561 0.007014 0.000263 0.004754 0.981745 0.003303 0.000323 0.001809 0.000228 0.005670 0.025771 0.005423 0.018093 0.902574 0.014743 0.005266 0.017715 0.004745 0.006115 0.027312 0.005822 0.019364 0.895529 0.016042 0.005671 0.018942 0.005202 
0.000562 0.007291 0.000266 0.005087 0.983466 0.001612 0.000311 0.001316 0.000089 0.000583 0.007604 0.000282 0.005430 0.982393 0.001786 0.000346 0.001480 0.000097 0.004718 0.024801 0.004244 0.016076 0.915629 0.011461 0.004067 0.015514 0.003490 0.005085 0.026214 0.004601 0.017119 0.909618 0.012530 0.004377 0.016671 0.003784 
0.000588 0.007883 0.000279 0.005206 0.981763 0.002235 0.000294 0.001588 0.000162 0.000619 0.008130 0.000331 0.005585 0.980545 0.002498 0.000322 0.001798 0.000173 0.003809 0.020634 0.003059 0.014354 0.928965 0.009927 0.003088 0.013751 0.002412 0.004070 0.021860 0.003354 0.015512 0.923324 0.010920 0.003344 0.014986 0.002630 
0.001315 0.009747 0.000208 0.004666 0.979012 0.002174 0.000166 0.002243 0.000471 0.001352 0.010071 0.000227 0.005000 0.977677 0.002463 0.000175 0.002535 0.000501 0.006119 0.025446 0.005026 0.017458 0.908626 0.012848 0.004292 0.014814 0.005372 0.006536 0.026859 0.005495 0.018812 0.901667 0.014097 0.004620 0.016195 0.005719 
0.001189 0.009883 0.000233 0.005336 0.976927 0.002984 0.000258 0.002390 0.000801 0.001250 0.010281 0.000256 0.005691 0.975540 0.003243 0.000274 0.002625 0.000840 0.008552 0.029080 0.005542 0.019831 0.890952 0.015709 0.005607 0.017531 0.007196 0.009137 0.030953 0.006121 0.021254 0.882252 0.017254 0.006136 0.019158 0.007735 
0.002092 0.011847 0.000879 0.011302 0.958871 0.009790 0.000580 0.003445 0.001195 0.002144 0.012306 0.000929 0.012068 0.956455 0.010345 0.000636 0.003851 0.001266 0.010440 0.033466 0.006398 0.028070 0.858509 0.025381 0.006574 0.022217 0.008946 0.011147 0.035650 0.007059 0.030140 0.847556 0.027343 0.007176 0.024293 0.009636 
0.004271 0.028259 0.001300 0.018169 0.921258 0.016064 0.000712 0.009378 0.000588 0.004368 0.029275 0.001433 0.019084 0.917303 0.016956 0.000828 0.010023 0.000731 0.011390 0.047419 0.006779 0.040764 0.819580 0.033954 0.007459 0.025690 0.006964 0.012114 0.050083 0.007465 0.043477 0.806375 0.036478 0.008163 0.028017 0.007828 
0.002968 0.018643 0.001297 0.015433 0.950140 0.005628 0.000813 0.004837 0.000242 0.003016 0.019243 0.001350 0.016141 0.947689 0.006251 0.000862 0.005198 0.000249 0.009475 0.036186 0.007013 0.037659 0.847011 0.027261 0.007563 0.022006 0.005826 0.010190 0.038087 0.007507 0.039967 0.836231 0.029901 0.007970 0.023807 0.006339 
0.001605 0.014056 0.000920 0.018507 0.954365 0.003915 0.000685 0.005520 0.000428 0.001695 0.014663 0.000954 0.019234 0.951580 0.004344 0.000741 0.006229 0.000561 0.013350 0.039688 0.009264 0.052674 0.799123 0.030573 0.011275 0.033141 0.010911 0.014293 0.041887 0.009972 0.055583 0.785657 0.032904 0.012151 0.035741 0.011812 
0.003455 0.015135 0.000990 0.029215 0.933622 0.007559 0.001022 0.008240 0.000762 0.003667 0.015746 0.001081 0.030407 0.929575 0.008460 0.001083 0.009077 0.000902 0.020228 0.052136 0.013658 0.067367 0.731390 0.040034 0.014989 0.043279 0.016919 0.021474 0.054610 0.014702 0.070435 0.715060 0.042855 0.016148 0.046436 0.018278 
0.002315 0.011354 0.000710 0.017978 0.956442 0.004376 0.000946 0.005322 0.000558 0.002430 0.012118 0.000751 0.018851 0.953259 0.005049 0.000984 0.005935 0.000622 0.015088 0.037577 0.008972 0.045332 0.813399 0.029028 0.008887 0.030295 0.011422 0.016284 0.040189 0.009692 0.047997 0.799275 0.031699 0.009602 0.032925 0.012337 
0.003464 0.017126 0.000813 0.029638 0.935845 0.004348 0.001272 0.006840 0.000654 0.003605 0.017693 0.000895 0.031120 0.932041 0.004888 0.001420 0.007561 0.000778 0.018504 0.043671 0.009932 0.057863 0.783889 0.028931 0.011064 0.034092 0.012053 0.019810 0.045795 0.010712 0.060855 0.769626 0.031280 0.012052 0.036855 0.013017 
0.004771 0.027498 0.000744 0.016058 0.936692 0.005284 0.001462 0.006772 0.000718 0.004908 0.028314 0.000880 0.017297 0.931691 0.006509 0.001676 0.007857 0.000869 0.017187 0.059152 0.011441 0.050739 0.771470 0.034168 0.012184 0.032270 0.011389 0.018261 0.061883 0.012405 0.053947 0.755372 0.037311 0.013155 0.035246 0.012420 
0.005618 0.047767 0.001275 0.014061 0.895161 0.003619 0.001241 0.030811 0.000448 0.005771 0.048961 0.001439 0.015195 0.889913 0.004339 0.001383 0.032490 0.000508 0.013820 0.072167 0.009684 0.035084 0.786532 0.020265 0.008892 0.047939 0.005618 0.014786 0.075126 0.010548 0.038027 0.772427 0.022529 0.009607 0.050800 0.006151 
0.005202 0.046276 0.000861 0.021380 0.884524 0.004879 0.002117 0.034187 0.000574 0.005391 0.047002 0.000990 0.023413 0.878748 0.005738 0.002248 0.035843 0.000627 0.012878 0.068267 0.008394 0.043909 0.774465 0.025398 0.008071 0.052088 0.006529 0.013756 0.070476 0.009186 0.048222 0.759181 0.028104 0.008899 0.055007 0.007168 
0.003795 0.049039 0.001070 0.020725 0.884359 0.005060 0.001800 0.033228 0.000924 0.003844 0.050155 0.001134 0.021490 0.878935 0.005763 0.001969 0.035682 0.001029 0.010752 0.072926 0.009000 0.042812 0.773291 0.024617 0.009292 0.050937 0.006373 0.011362 0.075403 0.009750 0.045145 0.759843 0.027100 0.009925 0.054431 0.007041 
0.003978 0.031294 0.001686 0.019914 0.916182 0.006717 0.002608 0.016516 0.001106 0.004077 0.032407 0.001768 0.020687 0.912373 0.007330 0.002703 0.017455 0.001199 0.019177 0.073993 0.016911 0.055264 0.706793 0.039749 0.017280 0.056529 0.014303 0.020316 0.076619 0.017776 0.057755 0.692140 0.042508 0.018218 0.059290 0.015378 
0.002694 0.040759 0.001101 0.019013 0.912296 0.009070 0.000607 0.013472 0.000987 0.002789 0.042343 0.001203 0.019973 0.907634 0.009753 0.000659 0.014567 0.001079 0.009526 0.070512 0.007970 0.038368 0.791120 0.027438 0.008539 0.040190 0.006338 0.010373 0.073968 0.008744 0.040596 0.777229 0.029932 0.009178 0.043021 0.006959 
