0.003883 0.054232 0.001147 0.027006 0.882976 0.015665 0.000530 0.013812 0.000750 0.004028 0.055549 0.001269 0.028100 0.877978 0.016907 0.000631 0.014636 0.000903 0.007634 0.077398 0.004457 0.041391 0.804254 0.026476 0.003971 0.031418 0.003001 0.008274 0.080487 0.005042 0.043572 0.791088 0.029078 0.004341 0.034534 0.003582 
0.000914 0.013262 0.000472 0.005187 0.972003 0.004273 0.000383 0.003301 0.000206 0.001004 0.013635 0.000518 0.005511 0.970282 0.004704 0.000418 0.003670 0.000258 0.008959 0.035394 0.008708 0.024313 0.860812 0.022000 0.008753 0.023650 0.007412 0.009631 0.036889 0.009372 0.025853 0.851570 0.023873 0.009344 0.025361 0.008106 
0.002578 0.023792 0.001123 0.014934 0.941618 0.008833 0.000715 0.006050 0.000357 0.002724 0.024563 0.001267 0.015990 0.937771 0.009830 0.000811 0.006613 0.000430 0.005667 0.038087 0.003931 0.028821 0.877518 0.022030 0.003523 0.017665 0.002757 0.006178 0.040139 0.004408 0.030963 0.867362 0.024349 0.003965 0.019534 0.003102 
0.001060 0.017122 0.000819 0.012691 0.956124 0.006285 0.000409 0.005057 0.000433 0.001114 0.017963 0.000876 0.013532 0.953090 0.006955 0.000466 0.005476 0.000528 0.002986 0.028705 0.002360 0.031908 0.895174 0.019771 0.002215 0.015075 0.001806 0.003298 0.030720 0.002743 0.034647 0.884681 0.022013 0.002632 0.017134 0.002132 
0.001481 0.011893 0.000470 0.013844 0.962042 0.003737 0.000541 0.005805 0.000188 0.001593 0.012318 0.000506 0.014675 0.959581 0.004148 0.000601 0.006322 0.000255 0.003667 0.023550 0.002186 0.030954 0.906292 0.015371 0.002280 0.014502 0.001199 0.004028 0.025036 0.002538 0.033450 0.897166 0.017343 0.002667 0.016308 0.001463 
0.000998 0.012952 0.000703 0.013519 0.958173 0.006238 0.000454 0.006691 0.000272 0.001036 0.013524 0.000768 0.014492 0.954987 0.006826 0.000482 0.007573 0.000312 0.003720 0.026630 0.002382 0.031030 0.900218 0.015447 0.002609 0.016354 0.001610 0.004147 0.028658 0.002764 0.033787 0.889760 0.017283 0.002958 0.018782 0.001861 
0.001393 0.013241 0.000545 0.014088 0.957957 0.006762 0.000666 0.005147 0.000202 0.001520 0.013860 0.000608 0.014868 0.954846 0.007326 0.000766 0.005949 0.000257 0.004299 0.028742 0.002563 0.031891 0.891914 0.018509 0.003573 0.016611 0.001897 0.004841 0.031024 0.002893 0.034349 0.881129 0.020481 0.004068 0.019005 0.002211 
0.001637 0.016573 0.000484 0.013023 0.955215 0.007099 0.000645 0.005048 0.000277 0.001704 0.017260 0.000512 0.014036 0.951974 0.007776 0.000729 0.005714 0.000295 0.004472 0.032223 0.002950 0.031647 0.885306 0.020744 0.003734 0.017126 0.001798 0.004882 0.034373 0.003289 0.034136 0.874814 0.022956 0.004203 0.019263 0.002084 
0.002100 0.023505 0.000547 0.011537 0.948242 0.004891 0.000489 0.008286 0.000403 0.002176 0.024423 0.000620 0.012495 0.944423 0.005464 0.000553 0.009332 0.000514 0.006358 0.037919 0.003798 0.033086 0.869066 0.022355 0.003136 0.020168 0.004114 0.006879 0.040308 0.004252 0.035682 0.857261 0.024711 0.003585 0.022653 0.004668 
0.001496 0.025809 0.000680 0.009600 0.949850 0.003671 0.000490 0.008023 0.000381 0.001543 0.026836 0.000779 0.010248 0.946403 0.004454 0.000580 0.008701 0.000455 0.007479 0.042943 0.003971 0.033750 0.861708 0.020125 0.003264 0.022845 0.003916 0.007992 0.045390 0.004485 0.036158 0.850394 0.022487 0.003671 0.025041 0.004383 
0.002100 0.025103 0.001086 0.014724 0.936952 0.005262 0.001134 0.013203 0.000434 0.002150 0.026075 0.001147 0.015774 0.933007 0.006006 0.001245 0.014135 0.000459 0.008159 0.047237 0.007193 0.042193 0.822274 0.028482 0.007676 0.031307 0.005479 0.008709 0.049479 0.007748 0.045009 0.810005 0.031166 0.008300 0.033688 0.005898 
0.002830 0.015832 0.000888 0.015277 0.948122 0.004753 0.001165 0.010727 0.000407 0.003080 0.016946 0.000966 0.016296 0.943641 0.005449 0.001225 0.011936 0.000461 0.008730 0.036934 0.006621 0.042409 0.836468 0.027335 0.007768 0.029407 0.004328 0.009550 0.039430 0.007260 0.045227 0.823404 0.029861 0.008359 0.032147 0.004762 
0.001843 0.012643 0.000545 0.013589 0.959811 0.003525 0.000945 0.006778 0.000320 0.001948 0.013191 0.000644 0.014427 0.956843 0.004142 0.001016 0.007421 0.000369 0.007515 0.036279 0.005801 0.038250 0.853698 0.024004 0.006650 0.023748 0.004054 0.008201 0.038549 0.006397 0.040752 0.842285 0.026186 0.007193 0.025875 0.004561 
0.001462 0.021037 0.000706 0.009897 0.953726 0.003797 0.000807 0.008250 0.000319 0.001546 0.021737 0.000803 0.010509 0.950489 0.004418 0.000881 0.009204 0.000414 0.008805 0.045921 0.007292 0.032882 0.841132 0.022885 0.007612 0.028514 0.004957 0.009518 0.048156 0.007992 0.035141 0.828942 0.025159 0.008238 0.031298 0.005555 
0.002033 0.021923 0.000653 0.011306 0.953360 0.004283 0.000617 0.005462 0.000363 0.002122 0.022811 0.000741 0.012120 0.950197 0.004679 0.000665 0.006237 0.000428 0.009274 0.046458 0.007622 0.036459 0.838484 0.026151 0.006842 0.023447 0.005263 0.010033 0.049122 0.008368 0.039007 0.826133 0.028335 0.007477 0.025746 0.005780 
0.002186 0.016744 0.000898 0.015593 0.948303 0.008860 0.000722 0.006245 0.000449 0.002317 0.017738 0.000982 0.016746 0.943855 0.009688 0.000801 0.007361 0.000511 0.010538 0.040807 0.007143 0.043071 0.825413 0.033177 0.006577 0.026190 0.007084 0.011330 0.043396 0.007730 0.046438 0.811272 0.036158 0.007230 0.028800 0.007645 
0.001347 0.023499 0.000659 0.015274 0.928901 0.019917 0.000516 0.009457 0.000430 0.001436 0.025151 0.000740 0.016345 0.923069 0.021155 0.000578 0.011036 0.000489 0.005531 0.037684 0.003783 0.043789 0.835277 0.046511 0.003668 0.020662 0.003095 0.006042 0.040594 0.004221 0.047341 0.820097 0.050399 0.004242 0.023516 0.003545 
0.002769 0.025246 0.001075 0.018112 0.918203 0.027852 0.000489 0.005896 0.000358 0.002887 0.026397 0.001208 0.019404 0.913349 0.029221 0.000563 0.006541 0.000429 0.008307 0.042283 0.005082 0.040198 0.832074 0.044921 0.005538 0.018470 0.003127 0.009223 0.044910 0.005782 0.043152 0.818745 0.047943 0.006218 0.020477 0.003551 
0.001967 0.015389 0.000476 0.011011 0.954561 0.009392 0.000539 0.006505 0.000159 0.001982 0.016636 0.000568 0.012056 0.950569 0.010083 0.000597 0.007312 0.000197 0.006410 0.033127 0.005616 0.031191 0.869300 0.026686 0.005299 0.018880 0.003490 0.006896 0.036067 0.006291 0.033942 0.856889 0.029075 0.005878 0.021061 0.003901 
0.000956 0.012377 0.000281 0.016034 0.959212 0.004444 0.000759 0.005795 0.000141 0.000996 0.013138 0.000329 0.017414 0.955434 0.005150 0.000884 0.006494 0.000161 0.005879 0.028608 0.004754 0.035499 0.875387 0.021547 0.004951 0.019775 0.003601 0.006503 0.030848 0.005379 0.038699 0.862898 0.024071 0.005662 0.021937 0.004004 
0.000579 0.010722 0.000469 0.015518 0.962956 0.004768 0.000551 0.004190 0.000248 0.000628 0.011260 0.000550 0.016533 0.960113 0.005425 0.000618 0.004599 0.000273 0.005816 0.028141 0.005650 0.040462 0.863482 0.025716 0.006257 0.018660 0.005816 0.006367 0.030027 0.006269 0.043323 0.851643 0.028488 0.006977 0.020463 0.006442 
0.001257 0.008642 0.000786 0.017463 0.960047 0.005858 0.000247 0.005409 0.000292 0.001297 0.009118 0.000857 0.018824 0.956619 0.006630 0.000279 0.006003 0.000374 0.005275 0.023792 0.005005 0.040627 0.874955 0.023164 0.004152 0.019011 0.004018 0.005722 0.025702 0.005446 0.043823 0.863437 0.025836 0.004542 0.020961 0.004531 
0.001241 0.009662 0.000793 0.015765 0.960721 0.005309 0.000407 0.005797 0.000305 0.001369 0.011164 0.000857 0.017190 0.956013 0.006004 0.000487 0.006536 0.000380 0.005757 0.025183 0.004699 0.036736 0.878155 0.021114 0.004617 0.019873 0.003865 0.006607 0.028307 0.005394 0.040161 0.863906 0.023902 0.005204 0.022148 0.004372 
0.001089 0.012418 0.000461 0.014300 0.961731 0.004576 0.000572 0.004761 0.000092 0.001404 0.016141 0.000617 0.015346 0.955301 0.005093 0.000656 0.005319 0.000122 0.005923 0.027622 0.004336 0.034597 0.883790 0.019301 0.004484 0.016736 0.003211 0.007262 0.033069 0.005373 0.037696 0.867902 0.021621 0.004952 0.018546 0.003579 
0.001636 0.014195 0.000636 0.014286 0.958396 0.004671 0.000727 0.005216 0.000236 0.001903 0.018071 0.000768 0.015206 0.951728 0.005342 0.000825 0.005889 0.000267 0.006725 0.029681 0.004871 0.035824 0.876624 0.021629 0.004871 0.016449 0.003326 0.008032 0.035215 0.005707 0.038783 0.860767 0.024165 0.005428 0.018286 0.003618 
0.001162 0.015411 0.000536 0.010566 0.962544 0.004130 0.000465 0.004863 0.000322 0.001365 0.018787 0.000667 0.011185 0.956785 0.004795 0.000517 0.005514 0.000385 0.006150 0.028606 0.004791 0.030537 0.881626 0.022366 0.004988 0.016824 0.004112 0.007316 0.033272 0.005757 0.033029 0.866729 0.025161 0.005456 0.018778 0.004501 
0.000699 0.009045 0.000368 0.008917 0.972018 0.004302 0.000478 0.003861 0.000313 0.000752 0.010736 0.000450 0.009489 0.968480 0.004846 0.000560 0.004329 0.000358 0.005497 0.022393 0.004247 0.027963 0.893663 0.021400 0.004615 0.016583 0.003640 0.006214 0.025461 0.004805 0.030709 0.881383 0.023902 0.005117 0.018334 0.004076 
0.000541 0.008166 0.000354 0.009024 0.972313 0.004214 0.000410 0.004773 0.000205 0.000638 0.009024 0.000416 0.009839 0.969108 0.004806 0.000466 0.005468 0.000235 0.005742 0.024219 0.004717 0.029849 0.886494 0.022354 0.005388 0.017302 0.003934 0.006439 0.026497 0.005235 0.032631 0.874440 0.025110 0.005907 0.019338 0.004403 
0.000437 0.008082 0.000218 0.008518 0.971605 0.004441 0.000437 0.005825 0.000437 0.000442 0.009209 0.000240 0.009306 0.968038 0.005227 0.000475 0.006468 0.000595 0.004732 0.022133 0.003859 0.027885 0.899090 0.018056 0.004150 0.015799 0.004296 0.005365 0.024947 0.004262 0.030466 0.887075 0.020707 0.004715 0.017621 0.004842 
