0.000158 0.000789 0.000552 0.001499 0.994082 0.001026 0.000631 0.001184 0.000079 0.000164 0.000823 0.000668 0.001528 0.993635 0.001139 0.000726 0.001220 0.000097 0.003709 0.031642 0.005918 0.019411 0.887477 0.020832 0.005445 0.020911 0.004656 0.004078 0.033579 0.006537 0.020706 0.879080 0.022475 0.006056 0.022363 0.005126 
0.000500 0.001142 0.000143 0.001856 0.992935 0.001499 0.000856 0.000642 0.000428 0.000513 0.001160 0.000149 0.001938 0.992555 0.001538 0.000924 0.000728 0.000494 0.004996 0.027120 0.004282 0.020411 0.896589 0.018413 0.004568 0.019697 0.003925 0.005584 0.029004 0.004688 0.021644 0.888682 0.019938 0.004976 0.021130 0.004353 
0.000515 0.001481 0.000580 0.002254 0.991886 0.001030 0.000515 0.000966 0.000773 0.000579 0.001524 0.000587 0.002436 0.991433 0.001061 0.000552 0.001003 0.000826 0.005538 0.033037 0.005603 0.018418 0.889876 0.019449 0.003735 0.020994 0.003349 0.006053 0.035070 0.006199 0.019771 0.881632 0.021035 0.004102 0.022484 0.003655 
0.000605 0.001133 0.000605 0.001285 0.994106 0.000831 0.000529 0.000302 0.000605 0.000640 0.001145 0.000666 0.001392 0.993749 0.000848 0.000570 0.000328 0.000662 0.004836 0.027354 0.004534 0.018966 0.902373 0.017228 0.003854 0.016548 0.004307 0.005321 0.029370 0.005136 0.020160 0.894806 0.018450 0.004289 0.017664 0.004804 
0.000577 0.001154 0.000216 0.001298 0.993367 0.001370 0.000505 0.001298 0.000216 0.000620 0.001175 0.000228 0.001353 0.993107 0.001429 0.000539 0.001326 0.000222 0.004543 0.028769 0.006489 0.016440 0.896243 0.018675 0.004326 0.021198 0.003317 0.005097 0.030619 0.007139 0.017523 0.888537 0.020028 0.004710 0.022700 0.003646 
0.000537 0.001372 0.000955 0.002148 0.991528 0.001432 0.000776 0.000955 0.000298 0.000565 0.001418 0.000996 0.002207 0.991181 0.001496 0.000822 0.001007 0.000308 0.005011 0.037883 0.007636 0.019926 0.870898 0.022730 0.006324 0.025594 0.003997 0.005576 0.040374 0.008429 0.021140 0.861464 0.024524 0.006795 0.027342 0.004356 
0.000315 0.001386 0.000567 0.001827 0.990991 0.002016 0.001008 0.001386 0.000504 0.000330 0.001417 0.000592 0.001896 0.990566 0.002097 0.001083 0.001504 0.000514 0.004725 0.030303 0.007623 0.020538 0.882694 0.022050 0.006111 0.022176 0.003780 0.005174 0.032553 0.008639 0.021693 0.873890 0.023454 0.006637 0.023846 0.004114 
0.000353 0.000882 0.000588 0.001764 0.992004 0.002117 0.000706 0.001235 0.000353 0.000377 0.000903 0.000618 0.001847 0.991600 0.002269 0.000745 0.001273 0.000368 0.005526 0.032689 0.009407 0.025281 0.862602 0.026104 0.006879 0.027162 0.004351 0.006143 0.034865 0.010406 0.027011 0.852408 0.027939 0.007490 0.028993 0.004744 
0.000382 0.000956 0.000637 0.002230 0.992737 0.001338 0.000573 0.000892 0.000255 0.000411 0.000965 0.000670 0.002290 0.992487 0.001395 0.000592 0.000910 0.000279 0.005097 0.024912 0.006244 0.021344 0.893915 0.022682 0.004715 0.017394 0.003695 0.005633 0.026687 0.006900 0.022612 0.885953 0.024207 0.005151 0.018734 0.004123 
0.000767 0.001534 0.000649 0.001416 0.991859 0.001062 0.000885 0.001416 0.000413 0.000852 0.001575 0.000697 0.001471 0.991401 0.001102 0.000932 0.001541 0.000429 0.006253 0.036163 0.008377 0.021061 0.863902 0.026488 0.006607 0.026901 0.004248 0.006927 0.038381 0.009326 0.022545 0.853963 0.028466 0.007080 0.028606 0.004706 
0.000815 0.000612 0.000476 0.001903 0.992864 0.001427 0.000272 0.001087 0.000544 0.000836 0.000626 0.000514 0.001963 0.992620 0.001479 0.000278 0.001123 0.000562 0.003738 0.023785 0.004553 0.016922 0.905878 0.017329 0.003330 0.019232 0.005233 0.004129 0.025561 0.005166 0.018080 0.898292 0.018626 0.003643 0.020619 0.005884 
0.000229 0.001376 0.000459 0.001605 0.993350 0.001452 0.000688 0.000459 0.000382 0.000282 0.001437 0.000472 0.001666 0.993053 0.001492 0.000717 0.000480 0.000400 0.004663 0.021327 0.005122 0.014447 0.913392 0.017123 0.004128 0.016358 0.003440 0.005364 0.023251 0.005634 0.015507 0.905834 0.018365 0.004491 0.017639 0.003915 
0.000210 0.000560 0.000700 0.002380 0.993211 0.001260 0.000560 0.000840 0.000280 0.000236 0.000587 0.000814 0.002531 0.992778 0.001317 0.000582 0.000864 0.000290 0.004339 0.023936 0.004969 0.015817 0.907825 0.019247 0.003919 0.016097 0.003849 0.004861 0.025727 0.005705 0.017031 0.900091 0.020700 0.004334 0.017342 0.004210 
0.000291 0.001166 0.000466 0.001341 0.993239 0.001749 0.000699 0.000874 0.000175 0.000306 0.001200 0.000495 0.001399 0.992926 0.001811 0.000741 0.000925 0.000196 0.004605 0.031999 0.005770 0.020342 0.886927 0.018943 0.004896 0.023256 0.003264 0.005116 0.034241 0.006381 0.021765 0.878114 0.020355 0.005408 0.025001 0.003620 
0.000511 0.001213 0.000255 0.001532 0.993296 0.001277 0.000766 0.001022 0.000128 0.000576 0.001247 0.000280 0.001637 0.992945 0.001338 0.000788 0.001058 0.000132 0.005491 0.029943 0.006193 0.019728 0.890762 0.017813 0.005108 0.020750 0.004214 0.006124 0.032014 0.006970 0.021225 0.882002 0.019281 0.005595 0.022154 0.004633 
0.000507 0.001394 0.000570 0.001584 0.992015 0.001584 0.000697 0.001331 0.000317 0.000525 0.001555 0.000626 0.001610 0.991569 0.001635 0.000723 0.001435 0.000321 0.005260 0.029214 0.005957 0.022497 0.883207 0.019899 0.006654 0.022750 0.004563 0.005681 0.031180 0.006540 0.023728 0.874834 0.021328 0.007157 0.024515 0.005036 
0.001197 0.003053 0.001257 0.003472 0.983239 0.002335 0.002095 0.002275 0.001078 0.001262 0.003173 0.001319 0.003629 0.982612 0.002394 0.002173 0.002322 0.001116 0.008201 0.036336 0.009877 0.025801 0.845914 0.024304 0.011134 0.030230 0.008201 0.008849 0.038470 0.010815 0.027543 0.835367 0.026012 0.011980 0.032142 0.008822 
0.000920 0.002490 0.001570 0.002273 0.985114 0.002219 0.001895 0.002761 0.000758 0.000963 0.002552 0.001661 0.002355 0.984494 0.002281 0.001974 0.002940 0.000780 0.008607 0.037620 0.010339 0.027173 0.835607 0.025495 0.012558 0.035347 0.007253 0.009389 0.039726 0.011293 0.028970 0.824112 0.027395 0.013575 0.037618 0.007923 
0.000673 0.002742 0.001087 0.002276 0.986496 0.001966 0.001397 0.002587 0.000776 0.000684 0.002806 0.001142 0.002340 0.985988 0.002103 0.001476 0.002661 0.000801 0.006519 0.034044 0.009727 0.026180 0.850683 0.024317 0.009106 0.032388 0.007036 0.007181 0.036010 0.010568 0.028071 0.840094 0.026013 0.010011 0.034373 0.007680 
0.000537 0.002093 0.001020 0.002683 0.987925 0.001932 0.000698 0.002469 0.000644 0.000560 0.002175 0.001057 0.002812 0.987461 0.001994 0.000739 0.002521 0.000680 0.007781 0.032307 0.008318 0.022593 0.863261 0.022003 0.008801 0.029355 0.005581 0.008491 0.034306 0.009234 0.024109 0.853301 0.023527 0.009510 0.031375 0.006147 
0.000913 0.001826 0.000848 0.002217 0.990674 0.001304 0.000587 0.001435 0.000196 0.000968 0.001882 0.000906 0.002340 0.990259 0.001349 0.000615 0.001482 0.000199 0.006457 0.029609 0.007957 0.021522 0.877519 0.019044 0.007174 0.026218 0.004500 0.007064 0.031495 0.008708 0.022997 0.868336 0.020579 0.007865 0.028031 0.004926 
