0.003712 0.002659 0.002308 0.002709 0.976824 0.002709 0.003211 0.002609 0.003261 0.003901 0.002713 0.002489 0.002824 0.975722 0.002861 0.003421 0.002675 0.003393 0.027541 0.053426 0.024982 0.058794 0.677436 0.057038 0.021672 0.051370 0.027742 0.029174 0.055729 0.026582 0.060972 0.661420 0.060041 0.022958 0.053749 0.029374 
0.003499 0.003718 0.002231 0.003149 0.974848 0.003237 0.002625 0.003018 0.003674 0.003642 0.003784 0.002384 0.003229 0.973927 0.003367 0.002745 0.003094 0.003827 0.034163 0.068807 0.029745 0.066664 0.616290 0.060190 0.027777 0.064608 0.031757 0.036030 0.070891 0.031478 0.068823 0.600343 0.062519 0.029399 0.066938 0.033580 
0.004120 0.004844 0.002784 0.003842 0.972160 0.002171 0.003396 0.003619 0.003062 0.004337 0.004932 0.002905 0.004012 0.971058 0.002324 0.003538 0.003687 0.003207 0.034410 0.074777 0.030958 0.063920 0.610690 0.063753 0.027617 0.061470 0.032405 0.036139 0.077012 0.032541 0.066051 0.594987 0.066381 0.029127 0.063624 0.034139 
0.003995 0.004055 0.001908 0.003935 0.973824 0.002743 0.003399 0.002385 0.003756 0.004163 0.004130 0.001978 0.004045 0.972915 0.002869 0.003503 0.002456 0.003941 0.041619 0.079721 0.031423 0.066842 0.577783 0.065888 0.029157 0.073937 0.033629 0.043553 0.081647 0.033011 0.068989 0.562595 0.067988 0.030727 0.076135 0.035355 
0.003479 0.003642 0.001794 0.003261 0.977333 0.003044 0.001848 0.002718 0.002881 0.003644 0.003767 0.001858 0.003341 0.976487 0.003130 0.001930 0.002799 0.003043 0.037778 0.070066 0.031146 0.069522 0.604229 0.065174 0.027722 0.062401 0.031962 0.039679 0.072187 0.032815 0.071702 0.588583 0.067605 0.029236 0.064548 0.033645 
0.002447 0.003962 0.001923 0.003903 0.976580 0.003554 0.001981 0.003029 0.002622 0.002504 0.004040 0.001976 0.004012 0.975787 0.003790 0.002039 0.003105 0.002747 0.034838 0.070609 0.026333 0.069502 0.613283 0.059190 0.029129 0.068162 0.028954 0.036706 0.072601 0.027693 0.071682 0.598356 0.061348 0.030655 0.070416 0.030542 
0.000799 0.003652 0.001369 0.002511 0.986306 0.001141 0.002054 0.001255 0.000913 0.000808 0.003704 0.001440 0.002808 0.985554 0.001309 0.002159 0.001287 0.000930 0.023508 0.068812 0.030925 0.054091 0.652744 0.048613 0.038343 0.061052 0.021910 0.024756 0.070537 0.032533 0.056217 0.638584 0.050989 0.040393 0.062905 0.023086 
0.000612 0.002448 0.000816 0.003264 0.986536 0.001428 0.000816 0.003060 0.001020 0.000624 0.002542 0.000928 0.003315 0.986129 0.001446 0.000826 0.003140 0.001049 0.013464 0.043860 0.011832 0.033252 0.801306 0.025092 0.012648 0.042840 0.015708 0.014107 0.045290 0.012507 0.034490 0.793407 0.026271 0.013387 0.044191 0.016351 
0.001308 0.001598 0.001308 0.002034 0.988958 0.000726 0.001308 0.001889 0.000872 0.001331 0.001621 0.001378 0.002209 0.988330 0.000886 0.001364 0.001968 0.000913 0.017434 0.045184 0.019178 0.036467 0.775534 0.030655 0.017434 0.044457 0.013657 0.018494 0.047034 0.020431 0.038373 0.764359 0.032028 0.018480 0.046244 0.014557 
0.001819 0.002047 0.000682 0.002274 0.988629 0.002047 0.000569 0.000796 0.001137 0.001863 0.002111 0.000712 0.002577 0.988038 0.002125 0.000584 0.000811 0.001179 0.020127 0.045031 0.019559 0.040255 0.758131 0.034796 0.016489 0.047305 0.018308 0.021418 0.046737 0.020736 0.042377 0.746125 0.036448 0.017448 0.049183 0.019529 
0.001450 0.002558 0.000767 0.001876 0.987294 0.002047 0.001279 0.001876 0.000853 0.001537 0.002604 0.000790 0.002086 0.986751 0.002116 0.001316 0.001922 0.000878 0.021063 0.052784 0.019357 0.050397 0.722521 0.041443 0.020039 0.052443 0.019954 0.022250 0.054569 0.020466 0.052711 0.709783 0.043321 0.021212 0.054492 0.021195 
0.001785 0.002784 0.001642 0.002499 0.983580 0.001856 0.001856 0.001856 0.002142 0.001852 0.002835 0.001724 0.002589 0.983000 0.001902 0.001922 0.001913 0.002264 0.023345 0.056043 0.021846 0.052831 0.697580 0.051403 0.024059 0.050118 0.022774 0.024572 0.058094 0.023179 0.054966 0.683417 0.053917 0.025410 0.052167 0.024278 
0.001400 0.002800 0.001400 0.002870 0.984113 0.001680 0.001750 0.002240 0.001750 0.001462 0.002856 0.001470 0.002985 0.983515 0.001788 0.001799 0.002304 0.001822 0.024006 0.055711 0.022186 0.055781 0.693659 0.053401 0.023306 0.052002 0.019947 0.025467 0.057689 0.023449 0.057875 0.679822 0.055679 0.024615 0.054105 0.021298 
0.002676 0.003710 0.001399 0.003893 0.978285 0.002676 0.001764 0.003285 0.002311 0.002794 0.003768 0.001447 0.004008 0.977650 0.002733 0.001820 0.003347 0.002434 0.031509 0.072384 0.030414 0.060827 0.619343 0.056144 0.031265 0.069404 0.028710 0.033099 0.074507 0.031954 0.063028 0.604122 0.058325 0.032956 0.071716 0.030292 
0.003329 0.004365 0.002811 0.004513 0.972329 0.002811 0.003551 0.003181 0.003107 0.003442 0.004442 0.002929 0.004641 0.971465 0.002888 0.003698 0.003269 0.003225 0.036031 0.070213 0.031518 0.065626 0.609648 0.062075 0.032406 0.061335 0.031148 0.037847 0.072215 0.032987 0.067835 0.594681 0.064173 0.034022 0.063466 0.032774 
0.001919 0.003838 0.002285 0.003381 0.976241 0.003107 0.003747 0.003107 0.002376 0.001986 0.003884 0.002372 0.003454 0.975592 0.003174 0.003883 0.003189 0.002465 0.028237 0.056109 0.031710 0.063237 0.651832 0.054007 0.033903 0.056657 0.024308 0.029522 0.057955 0.033312 0.065623 0.637988 0.056109 0.035474 0.058299 0.025719 
0.003043 0.003848 0.002685 0.003758 0.976376 0.002416 0.002506 0.002864 0.002506 0.003149 0.003915 0.002819 0.003981 0.975492 0.002544 0.002571 0.002956 0.002572 0.030067 0.059150 0.025682 0.055839 0.668725 0.054765 0.025145 0.054855 0.025772 0.031740 0.060673 0.027225 0.057900 0.655130 0.056858 0.026494 0.056694 0.027286 
0.004385 0.004778 0.003429 0.004666 0.969307 0.003710 0.002698 0.003429 0.003598 0.004529 0.004838 0.003575 0.004800 0.968335 0.003868 0.002801 0.003506 0.003747 0.035584 0.068301 0.030019 0.066108 0.614425 0.058632 0.030075 0.063466 0.033391 0.037263 0.070335 0.031680 0.068276 0.599204 0.060892 0.031611 0.065525 0.035213 
0.002838 0.003704 0.004425 0.004377 0.970757 0.003655 0.004810 0.003415 0.002020 0.002967 0.003782 0.004657 0.004444 0.969772 0.003789 0.005000 0.003483 0.002105 0.031408 0.065653 0.035689 0.066712 0.613198 0.060796 0.035111 0.062335 0.029099 0.032982 0.067653 0.037569 0.068891 0.597390 0.063278 0.036924 0.064530 0.030783 
0.003814 0.004260 0.003616 0.003864 0.971516 0.002923 0.003369 0.003814 0.002824 0.003955 0.004327 0.003785 0.003932 0.970615 0.003004 0.003520 0.003888 0.002975 0.028930 0.061029 0.030217 0.064497 0.636102 0.063011 0.027344 0.058553 0.030317 0.030358 0.063014 0.031962 0.066894 0.620418 0.065557 0.028939 0.060739 0.032118 
0.003105 0.003355 0.003055 0.003706 0.974862 0.003405 0.003005 0.002954 0.002554 0.003253 0.003435 0.003259 0.003776 0.973960 0.003503 0.003126 0.003030 0.002659 0.026740 0.053831 0.025038 0.064647 0.665598 0.058688 0.026640 0.055333 0.023485 0.028365 0.055819 0.026504 0.067229 0.650036 0.061126 0.028174 0.057730 0.025017 
0.001589 0.003800 0.004284 0.004077 0.974710 0.002142 0.003731 0.002833 0.002833 0.001651 0.003858 0.004459 0.004144 0.973838 0.002199 0.003959 0.002933 0.002960 0.024046 0.055279 0.026949 0.061429 0.671987 0.060116 0.025498 0.052861 0.021835 0.025333 0.057251 0.028610 0.063806 0.656990 0.062919 0.026976 0.055046 0.023071 
