0.000847 0.001453 0.000242 0.000363 0.995763 0.000242 0.000000 0.000847 0.000242 0.000864 0.001533 0.000310 0.000369 0.995404 0.000272 0.000000 0.000989 0.000258 0.008958 0.026631 0.006416 0.016947 0.889360 0.016342 0.006174 0.020579 0.008595 0.009798 0.028358 0.007134 0.017890 0.881253 0.017626 0.006640 0.022025 0.009275 
0.000613 0.001021 0.000306 0.000306 0.996425 0.000306 0.000511 0.000204 0.000306 0.000662 0.001040 0.000408 0.000428 0.996023 0.000347 0.000527 0.000212 0.000353 0.008478 0.027886 0.007150 0.015424 0.885904 0.015730 0.006742 0.024719 0.007967 0.009233 0.029485 0.008132 0.016830 0.877015 0.016990 0.007378 0.026240 0.008697 
0.000372 0.000496 0.000496 0.000496 0.996775 0.000000 0.000124 0.001241 0.000000 0.000383 0.000507 0.000529 0.000499 0.996635 0.000000 0.000136 0.001312 0.000000 0.004094 0.015879 0.002233 0.010669 0.934375 0.007567 0.005334 0.017119 0.002729 0.004556 0.016443 0.002435 0.011786 0.929059 0.008464 0.005980 0.018326 0.002951 
0.000111 0.001225 0.000111 0.000223 0.997328 0.000445 0.000223 0.000223 0.000111 0.000111 0.001493 0.000114 0.000223 0.996849 0.000581 0.000250 0.000264 0.000114 0.005011 0.021156 0.004231 0.013807 0.916490 0.012471 0.005233 0.015811 0.005790 0.005431 0.022811 0.004668 0.015076 0.909240 0.013748 0.005691 0.016827 0.006508 
0.000430 0.001075 0.000323 0.000645 0.995161 0.000538 0.000538 0.000645 0.000645 0.000457 0.001100 0.000367 0.000766 0.994694 0.000573 0.000566 0.000806 0.000670 0.008603 0.024841 0.007313 0.018174 0.889128 0.014733 0.006237 0.023228 0.007743 0.009262 0.026199 0.007987 0.019659 0.881246 0.015710 0.006646 0.024879 0.008412 
0.000412 0.001134 0.000103 0.000722 0.996186 0.000619 0.000206 0.000412 0.000206 0.000428 0.001157 0.000128 0.000835 0.995841 0.000752 0.000216 0.000433 0.000209 0.006598 0.024330 0.006495 0.017938 0.894845 0.014845 0.006082 0.020722 0.008144 0.007247 0.025988 0.007149 0.019539 0.885868 0.016412 0.006488 0.022459 0.008849 
0.000327 0.001199 0.000109 0.000872 0.995423 0.000654 0.000000 0.000872 0.000545 0.000362 0.001282 0.000111 0.000878 0.995185 0.000705 0.000000 0.000907 0.000572 0.008826 0.027024 0.008064 0.019941 0.870328 0.020377 0.007955 0.026588 0.010897 0.009452 0.028525 0.008693 0.021018 0.861487 0.022301 0.008676 0.028174 0.011674 
0.000298 0.000893 0.000397 0.001091 0.995337 0.000298 0.000496 0.000794 0.000397 0.000300 0.000913 0.000416 0.001294 0.995012 0.000330 0.000508 0.000812 0.000416 0.012599 0.034226 0.009623 0.023016 0.852183 0.022024 0.009226 0.026885 0.010218 0.013396 0.036447 0.010397 0.024732 0.841890 0.023655 0.009967 0.028665 0.010852 
0.000269 0.000673 0.000269 0.000539 0.997576 0.000135 0.000135 0.000269 0.000135 0.000275 0.000682 0.000308 0.000546 0.997497 0.000143 0.000137 0.000278 0.000135 0.003366 0.013599 0.002558 0.008483 0.945604 0.007944 0.002962 0.012926 0.002558 0.003602 0.014344 0.002847 0.009278 0.941341 0.008812 0.003140 0.013803 0.002832 
0.000403 0.000537 0.000000 0.000269 0.998254 0.000269 0.000000 0.000134 0.000134 0.000420 0.000668 0.000000 0.000289 0.998068 0.000275 0.000000 0.000144 0.000136 0.003224 0.013163 0.001880 0.007119 0.952989 0.006044 0.002552 0.010477 0.002552 0.003507 0.014334 0.002040 0.007680 0.948865 0.006614 0.002861 0.011300 0.002798 
0.000442 0.001216 0.000332 0.000442 0.995911 0.000774 0.000332 0.000553 0.000000 0.000499 0.001259 0.000339 0.000472 0.995631 0.000807 0.000367 0.000625 0.000000 0.007515 0.026525 0.005084 0.013042 0.904288 0.014368 0.004752 0.018678 0.005747 0.008109 0.028282 0.005487 0.013855 0.897303 0.015589 0.005206 0.019865 0.006303 
0.000383 0.001054 0.000287 0.000862 0.996073 0.000575 0.000192 0.000383 0.000192 0.000423 0.001073 0.000332 0.000936 0.995822 0.000629 0.000195 0.000387 0.000202 0.011397 0.026243 0.010057 0.022986 0.865147 0.019826 0.007375 0.026626 0.010344 0.012244 0.027868 0.011050 0.024567 0.855609 0.021199 0.008153 0.028243 0.011068 
0.000346 0.001962 0.000115 0.002770 0.991689 0.000923 0.000115 0.001847 0.000231 0.000359 0.002008 0.000120 0.002927 0.991237 0.001064 0.000124 0.001925 0.000236 0.014083 0.034976 0.006695 0.024126 0.845896 0.021817 0.007272 0.033360 0.011774 0.015167 0.036715 0.007204 0.025694 0.835690 0.023427 0.007901 0.035469 0.012733 
0.000469 0.001406 0.000234 0.000703 0.995080 0.001054 0.000117 0.000703 0.000234 0.000499 0.001419 0.000240 0.000722 0.994956 0.001087 0.000121 0.000719 0.000238 0.010544 0.022610 0.005623 0.015581 0.898547 0.015933 0.004217 0.019096 0.007849 0.011396 0.023918 0.006212 0.016541 0.891147 0.017320 0.004641 0.020359 0.008465 
0.001087 0.002175 0.000198 0.002076 0.991498 0.001186 0.000099 0.001384 0.000297 0.001113 0.002255 0.000200 0.002103 0.991255 0.001247 0.000100 0.001423 0.000304 0.015719 0.033218 0.008700 0.027286 0.834503 0.023826 0.007217 0.034503 0.015027 0.016616 0.035026 0.009542 0.028692 0.824273 0.025237 0.007700 0.036754 0.016160 
0.000802 0.002061 0.000344 0.002061 0.991183 0.001832 0.000229 0.001031 0.000458 0.000835 0.002086 0.000356 0.002105 0.990717 0.002017 0.000233 0.001169 0.000482 0.015688 0.040994 0.008245 0.029085 0.818505 0.026451 0.009161 0.038933 0.012939 0.016815 0.043060 0.008870 0.030870 0.807340 0.028176 0.009906 0.041178 0.013784 
0.001305 0.003133 0.000261 0.003133 0.989556 0.001175 0.000261 0.000783 0.000392 0.001355 0.003202 0.000267 0.003506 0.988852 0.001199 0.000421 0.000799 0.000400 0.018146 0.042428 0.009138 0.031854 0.806266 0.029373 0.009922 0.038903 0.013969 0.019211 0.044273 0.009805 0.033729 0.795603 0.030927 0.010807 0.040738 0.014907 
0.001108 0.002848 0.000316 0.005222 0.984810 0.003323 0.000158 0.001899 0.000316 0.001117 0.002873 0.000322 0.005304 0.984326 0.003390 0.000352 0.001975 0.000341 0.009652 0.023892 0.004589 0.021519 0.887658 0.020095 0.003481 0.020728 0.008386 0.010280 0.025175 0.004874 0.022211 0.881491 0.020980 0.003857 0.022042 0.009090 
0.000243 0.000728 0.000000 0.002425 0.993573 0.001940 0.000000 0.001091 0.000000 0.000273 0.000744 0.000000 0.002686 0.993106 0.002012 0.000000 0.001179 0.000000 0.005942 0.016008 0.002911 0.019767 0.913413 0.020131 0.002425 0.015038 0.004366 0.006373 0.016843 0.003125 0.021144 0.907925 0.021273 0.002654 0.015958 0.004704 
0.000000 0.000233 0.000233 0.000350 0.998599 0.000117 0.000117 0.000233 0.000117 0.000000 0.000253 0.000242 0.000355 0.998556 0.000118 0.000122 0.000236 0.000117 0.001634 0.012372 0.000817 0.013539 0.948880 0.011555 0.001401 0.007236 0.002568 0.001761 0.013131 0.000961 0.014508 0.945339 0.012354 0.001560 0.007625 0.002760 
0.000000 0.000357 0.000238 0.000832 0.997623 0.000594 0.000000 0.000238 0.000119 0.000000 0.000372 0.000245 0.000897 0.997513 0.000604 0.000000 0.000245 0.000124 0.002021 0.014977 0.003209 0.017116 0.928682 0.017116 0.002377 0.012005 0.002496 0.002178 0.015746 0.003632 0.018192 0.923882 0.018343 0.002631 0.012687 0.002708 
0.000110 0.000219 0.000110 0.000000 0.999562 0.000000 0.000000 0.000000 0.000000 0.000110 0.000225 0.000116 0.000000 0.999550 0.000000 0.000000 0.000000 0.000000 0.001315 0.010080 0.000657 0.011066 0.958146 0.008656 0.000657 0.008327 0.001096 0.001432 0.010796 0.000776 0.011863 0.954940 0.009402 0.000692 0.008881 0.001219 
0.000120 0.000000 0.000000 0.000120 0.999760 0.000000 0.000000 0.000000 0.000000 0.000120 0.000000 0.000000 0.000125 0.999755 0.000000 0.000000 0.000000 0.000000 0.001078 0.006347 0.000240 0.006826 0.969820 0.006707 0.000599 0.008024 0.000359 0.001190 0.006732 0.000284 0.007353 0.967418 0.007251 0.000652 0.008736 0.000383 
0.000000 0.000233 0.000000 0.000117 0.999417 0.000117 0.000000 0.000117 0.000000 0.000000 0.000234 0.000000 0.000117 0.999403 0.000120 0.000000 0.000126 0.000000 0.000583 0.007579 0.000233 0.006763 0.969683 0.006763 0.000933 0.006763 0.000700 0.000619 0.008111 0.000256 0.007250 0.967391 0.007434 0.001015 0.007161 0.000763 
0.000000 0.000000 0.000000 0.000237 0.999763 0.000000 0.000000 0.000000 0.000000 0.000000 0.000000 0.000000 0.000260 0.999740 0.000000 0.000000 0.000000 0.000000 0.000949 0.006881 0.000475 0.008542 0.967730 0.006881 0.000830 0.006762 0.000949 0.001049 0.007371 0.000598 0.009256 0.965092 0.007405 0.000872 0.007280 0.001076 
