0.001094 0.001440 0.000749 0.002937 0.989403 0.002188 0.000691 0.000864 0.000633 0.001142 0.001477 0.000784 0.003003 0.989072 0.002255 0.000721 0.000889 0.000658 0.012727 0.034381 0.009099 0.070433 0.762785 0.062428 0.009157 0.028622 0.010366 0.013821 0.036754 0.009978 0.073404 0.749070 0.065319 0.009888 0.030439 0.011327 
0.000719 0.000941 0.000387 0.003210 0.991091 0.001660 0.000443 0.001051 0.000498 0.000752 0.000956 0.000399 0.003285 0.990818 0.001705 0.000474 0.001093 0.000518 0.012562 0.034364 0.009573 0.067456 0.758287 0.068950 0.007637 0.031432 0.009739 0.013718 0.036676 0.010495 0.070096 0.744272 0.072109 0.008400 0.033699 0.010536 
0.000849 0.001327 0.000212 0.002972 0.989704 0.002335 0.000690 0.001380 0.000531 0.000891 0.001363 0.000234 0.003048 0.989375 0.002398 0.000721 0.001415 0.000555 0.013108 0.033275 0.009446 0.074033 0.753012 0.065807 0.010720 0.031152 0.009446 0.014177 0.035507 0.010398 0.077141 0.738808 0.068773 0.011797 0.033112 0.010285 
0.000458 0.001732 0.000560 0.002699 0.989407 0.002445 0.000509 0.001528 0.000662 0.000479 0.001779 0.000590 0.002765 0.989084 0.002501 0.000521 0.001587 0.000694 0.012427 0.037128 0.008607 0.072982 0.751821 0.066005 0.009116 0.032136 0.009778 0.013575 0.039764 0.009465 0.075718 0.737583 0.069060 0.009969 0.034304 0.010562 
0.000881 0.001036 0.000414 0.002331 0.990987 0.002486 0.000311 0.000829 0.000725 0.000933 0.001057 0.000427 0.002375 0.990702 0.002561 0.000316 0.000870 0.000760 0.013002 0.031857 0.010308 0.074437 0.755815 0.064595 0.009324 0.030355 0.010308 0.014097 0.033895 0.011248 0.077502 0.741608 0.067658 0.010201 0.032633 0.011159 
0.000819 0.001126 0.000409 0.002865 0.990689 0.001791 0.000614 0.001177 0.000512 0.000841 0.001148 0.000417 0.002957 0.990427 0.001828 0.000641 0.001210 0.000531 0.012023 0.033306 0.009158 0.075668 0.750384 0.069989 0.008800 0.028343 0.012330 0.013063 0.035424 0.010135 0.078684 0.736249 0.073204 0.009634 0.030107 0.013501 
0.000919 0.001028 0.000541 0.003461 0.989292 0.002812 0.000649 0.000757 0.000541 0.000984 0.001055 0.000561 0.003551 0.988940 0.002889 0.000672 0.000787 0.000561 0.013304 0.033207 0.008978 0.071606 0.758789 0.065657 0.009627 0.029259 0.009573 0.014413 0.035227 0.009871 0.074714 0.744867 0.068843 0.010467 0.031170 0.010429 
0.000710 0.001147 0.000218 0.003277 0.990004 0.002567 0.000601 0.001147 0.000328 0.000738 0.001190 0.000231 0.003341 0.989701 0.002658 0.000625 0.001179 0.000336 0.012618 0.033594 0.009231 0.072923 0.755012 0.071230 0.007702 0.028077 0.009614 0.013702 0.035804 0.010198 0.075681 0.740960 0.074751 0.008436 0.029991 0.010477 
0.000763 0.001526 0.000817 0.002943 0.990137 0.002016 0.000490 0.000926 0.000381 0.000787 0.001565 0.000868 0.003015 0.989844 0.002080 0.000505 0.000944 0.000393 0.013024 0.033404 0.010408 0.070459 0.758705 0.068607 0.009972 0.025884 0.009536 0.014147 0.035676 0.011371 0.073098 0.745036 0.071749 0.010919 0.027676 0.010329 
0.000772 0.001048 0.000110 0.003309 0.990901 0.002206 0.000386 0.000882 0.000386 0.000802 0.001073 0.000112 0.003454 0.990580 0.002263 0.000399 0.000908 0.000409 0.011085 0.030717 0.008658 0.070920 0.772238 0.063475 0.008107 0.026802 0.007996 0.011998 0.032551 0.009392 0.074103 0.759350 0.066481 0.008793 0.028663 0.008669 
0.000633 0.000748 0.000518 0.002590 0.991308 0.001497 0.000691 0.001439 0.000576 0.000648 0.000758 0.000526 0.002678 0.991088 0.001523 0.000709 0.001483 0.000588 0.009785 0.030852 0.008634 0.067634 0.776262 0.061475 0.010303 0.028320 0.006735 0.010566 0.032936 0.009455 0.070710 0.763008 0.064563 0.011203 0.030178 0.007381 
0.000971 0.001295 0.000378 0.002373 0.990776 0.002589 0.000485 0.000809 0.000324 0.001022 0.001325 0.000400 0.002441 0.990451 0.002691 0.000502 0.000835 0.000333 0.009871 0.030045 0.007875 0.071633 0.776255 0.061708 0.007282 0.026862 0.008469 0.010765 0.032079 0.008613 0.074741 0.763052 0.064987 0.007893 0.028607 0.009262 
0.000685 0.001085 0.000571 0.002627 0.990235 0.001942 0.000971 0.001199 0.000685 0.000705 0.001100 0.000595 0.002682 0.989982 0.001984 0.001018 0.001231 0.000702 0.009594 0.031180 0.008623 0.065559 0.778596 0.061618 0.007881 0.028496 0.008452 0.010476 0.033425 0.009389 0.068319 0.765400 0.064668 0.008670 0.030473 0.009180 
0.000973 0.000916 0.000172 0.002461 0.992159 0.001660 0.000286 0.000801 0.000572 0.001015 0.000947 0.000181 0.002540 0.991851 0.001698 0.000302 0.000877 0.000589 0.009100 0.028730 0.008299 0.066560 0.782350 0.061466 0.008127 0.027814 0.007555 0.009997 0.030517 0.009151 0.069672 0.769191 0.064495 0.008840 0.029866 0.008271 
0.000680 0.000907 0.000340 0.002380 0.992066 0.001813 0.000623 0.000963 0.000227 0.000712 0.000926 0.000350 0.002427 0.991822 0.001859 0.000681 0.000989 0.000234 0.008501 0.026692 0.008104 0.067721 0.783804 0.060580 0.009011 0.027598 0.007990 0.009326 0.028583 0.008921 0.070853 0.770385 0.063675 0.009876 0.029726 0.008655 
0.000385 0.000989 0.000440 0.002528 0.992580 0.001594 0.000275 0.000879 0.000330 0.000398 0.001017 0.000458 0.002595 0.992319 0.001623 0.000280 0.000966 0.000344 0.009398 0.031382 0.007694 0.067711 0.772300 0.066337 0.008299 0.027865 0.009013 0.010255 0.033298 0.008580 0.070800 0.758616 0.069677 0.009144 0.029751 0.009878 
0.000221 0.000940 0.000442 0.001437 0.994473 0.001271 0.000276 0.000774 0.000166 0.000224 0.000974 0.000459 0.001471 0.994318 0.001305 0.000289 0.000789 0.000169 0.009064 0.031557 0.006798 0.063723 0.785564 0.061733 0.006577 0.026528 0.008456 0.009861 0.033660 0.007469 0.066697 0.772693 0.064726 0.007244 0.028413 0.009236 
0.000390 0.001004 0.000223 0.002119 0.992303 0.002175 0.000223 0.001060 0.000502 0.000411 0.001043 0.000228 0.002170 0.992071 0.002248 0.000227 0.001076 0.000526 0.009258 0.028444 0.007864 0.066760 0.787395 0.062688 0.006470 0.024149 0.006972 0.010058 0.030510 0.008726 0.069774 0.774185 0.065861 0.007122 0.026063 0.007700 
0.000520 0.001040 0.000116 0.001502 0.994456 0.001328 0.000231 0.000347 0.000462 0.000540 0.001060 0.000119 0.001563 0.994241 0.001394 0.000243 0.000358 0.000481 0.007623 0.024776 0.006930 0.069651 0.789489 0.061045 0.006757 0.025238 0.008490 0.008399 0.026659 0.007580 0.072870 0.776216 0.064199 0.007443 0.027262 0.009371 
0.000221 0.000885 0.000719 0.001770 0.993197 0.001715 0.000553 0.000664 0.000277 0.000231 0.000908 0.000757 0.001823 0.992965 0.001771 0.000579 0.000681 0.000284 0.007633 0.025000 0.006250 0.071239 0.788164 0.061062 0.007688 0.025000 0.007965 0.008268 0.026662 0.006813 0.074568 0.775554 0.064109 0.008484 0.026753 0.008789 
0.000248 0.000744 0.000186 0.001302 0.995039 0.001860 0.000124 0.000310 0.000186 0.000253 0.000756 0.000196 0.001327 0.994906 0.001918 0.000126 0.000327 0.000192 0.006759 0.027161 0.006511 0.065360 0.788354 0.064740 0.007441 0.027037 0.006635 0.007497 0.029077 0.007098 0.068350 0.775342 0.068003 0.008199 0.029113 0.007320 
0.000294 0.000882 0.000059 0.001412 0.995000 0.001235 0.000294 0.000588 0.000235 0.000314 0.000905 0.000062 0.001440 0.994837 0.001282 0.000301 0.000613 0.000247 0.007294 0.025059 0.006235 0.068294 0.796765 0.058353 0.006412 0.024235 0.007353 0.007902 0.026717 0.006859 0.071394 0.784404 0.061338 0.007214 0.025996 0.008175 
0.000185 0.000677 0.000062 0.001539 0.995074 0.001601 0.000308 0.000431 0.000123 0.000190 0.000693 0.000065 0.001594 0.994909 0.001641 0.000333 0.000443 0.000132 0.005419 0.022599 0.005788 0.062007 0.812931 0.054988 0.006897 0.023461 0.005911 0.005903 0.024070 0.006262 0.065242 0.801114 0.057995 0.007600 0.025307 0.006506 
0.000251 0.000251 0.000063 0.001256 0.996547 0.000942 0.000126 0.000314 0.000251 0.000262 0.000261 0.000074 0.001278 0.996429 0.000966 0.000130 0.000341 0.000259 0.005462 0.025300 0.005713 0.064850 0.807458 0.058133 0.005713 0.022286 0.005085 0.005926 0.026971 0.006301 0.068061 0.795613 0.061177 0.006210 0.024082 0.005659 
0.000368 0.000307 0.000184 0.001594 0.995402 0.001042 0.000429 0.000429 0.000245 0.000379 0.000310 0.000193 0.001649 0.995258 0.001074 0.000437 0.000444 0.000256 0.006438 0.023912 0.005641 0.062784 0.802820 0.061006 0.006683 0.024770 0.005947 0.007123 0.025513 0.006183 0.065728 0.790552 0.064132 0.007413 0.026729 0.006628 
