0.000000 0.000682 0.000227 0.001363 0.993865 0.001818 0.000454 0.001591 0.000000 0.000000 0.000741 0.000228 0.001952 0.992396 0.002269 0.000479 0.001934 0.000000 0.003863 0.023631 0.002954 0.010225 0.917519 0.010679 0.004999 0.023858 0.002272 0.004320 0.024966 0.003211 0.012080 0.909156 0.012307 0.005483 0.026072 0.002407 
0.000000 0.001192 0.000397 0.001192 0.993644 0.001589 0.000794 0.000993 0.000199 0.000000 0.001517 0.000427 0.001851 0.991803 0.001928 0.000870 0.001392 0.000212 0.004369 0.019662 0.004369 0.009533 0.925521 0.010526 0.004568 0.018669 0.002781 0.004765 0.021145 0.004911 0.011151 0.917124 0.011857 0.005202 0.020647 0.003197 
0.000193 0.000386 0.000386 0.001352 0.994591 0.001545 0.000193 0.001352 0.000000 0.000220 0.000406 0.000440 0.001907 0.992801 0.001805 0.000286 0.002135 0.000000 0.004056 0.023373 0.003091 0.011976 0.917133 0.011397 0.002318 0.024725 0.001932 0.004645 0.024787 0.003451 0.013643 0.908604 0.013013 0.002537 0.027134 0.002186 
0.000598 0.000797 0.000199 0.001594 0.994422 0.001594 0.000797 0.000000 0.000000 0.000613 0.000909 0.000200 0.002260 0.993378 0.001808 0.000833 0.000000 0.000000 0.004382 0.019920 0.001992 0.012749 0.926892 0.010359 0.003187 0.018127 0.002390 0.005081 0.021072 0.002109 0.014707 0.919520 0.011668 0.003527 0.019741 0.002576 
0.000000 0.000794 0.000198 0.001191 0.995435 0.000595 0.000595 0.001191 0.000000 0.000000 0.000899 0.000199 0.001846 0.994370 0.000707 0.000692 0.001287 0.000000 0.003176 0.020445 0.003176 0.012108 0.923779 0.008138 0.002183 0.024216 0.002779 0.003441 0.021864 0.003411 0.013908 0.916571 0.008895 0.002488 0.026378 0.003044 
0.000000 0.000573 0.000573 0.001528 0.995415 0.000573 0.000573 0.000573 0.000191 0.000000 0.000575 0.000599 0.001980 0.994715 0.000646 0.000652 0.000628 0.000207 0.003247 0.025406 0.003629 0.010888 0.914804 0.010888 0.004585 0.023496 0.003056 0.003425 0.026905 0.003945 0.012522 0.906896 0.012043 0.004967 0.025860 0.003438 
0.000193 0.001739 0.000000 0.001546 0.993816 0.000966 0.000000 0.001739 0.000000 0.000193 0.001746 0.000000 0.001859 0.993039 0.001191 0.000000 0.001972 0.000000 0.003285 0.028792 0.003285 0.013913 0.904928 0.014106 0.004444 0.022609 0.004638 0.003567 0.030247 0.003491 0.015464 0.897013 0.015591 0.004826 0.024682 0.005119 
0.000000 0.000000 0.000184 0.002022 0.995772 0.000735 0.000000 0.001287 0.000000 0.000000 0.000000 0.000185 0.002335 0.994774 0.000959 0.000000 0.001747 0.000000 0.003125 0.028309 0.005147 0.015257 0.903493 0.013419 0.003309 0.024081 0.003860 0.003409 0.029911 0.005504 0.016843 0.895656 0.014860 0.003619 0.026129 0.004069 
0.000181 0.001266 0.000181 0.001447 0.994573 0.000904 0.000724 0.000543 0.000181 0.000181 0.001301 0.000193 0.001688 0.994123 0.001004 0.000750 0.000574 0.000186 0.004161 0.028039 0.004884 0.013929 0.902677 0.011758 0.005608 0.023878 0.005065 0.004521 0.029822 0.005368 0.015274 0.895384 0.012804 0.006052 0.025345 0.005431 
0.000192 0.000576 0.000000 0.001537 0.993082 0.002306 0.000961 0.001153 0.000192 0.000192 0.000576 0.000000 0.001802 0.991928 0.003036 0.001028 0.001238 0.000200 0.004420 0.023636 0.004804 0.013451 0.900461 0.018063 0.006533 0.023828 0.004804 0.004742 0.024868 0.005229 0.015166 0.892001 0.020177 0.007111 0.025502 0.005204 
0.000000 0.000577 0.000577 0.000770 0.996345 0.000385 0.000192 0.001154 0.000000 0.000000 0.000579 0.000693 0.000981 0.995574 0.000435 0.000197 0.001542 0.000000 0.003463 0.019623 0.003655 0.011543 0.921316 0.013851 0.003848 0.019431 0.003270 0.003764 0.020850 0.004218 0.012690 0.914929 0.015032 0.004137 0.020878 0.003503 
0.000000 0.000199 0.000795 0.001391 0.994238 0.001590 0.000596 0.001192 0.000000 0.000000 0.000248 0.000822 0.001890 0.992691 0.002301 0.000654 0.001393 0.000000 0.002583 0.018677 0.006159 0.012120 0.914167 0.014306 0.005365 0.023048 0.003576 0.002835 0.020179 0.006631 0.013982 0.905393 0.016130 0.005749 0.025167 0.003934 
0.000190 0.001139 0.000190 0.002277 0.992978 0.001708 0.000569 0.000949 0.000000 0.000190 0.001246 0.000201 0.002821 0.991561 0.002210 0.000593 0.001179 0.000000 0.001898 0.019738 0.004555 0.013855 0.924084 0.011957 0.003037 0.017650 0.003226 0.001999 0.021075 0.004882 0.016335 0.916086 0.013223 0.003304 0.019669 0.003426 
0.000201 0.001606 0.000201 0.001807 0.992570 0.002008 0.000402 0.001205 0.000000 0.000210 0.001712 0.000210 0.002295 0.990976 0.002632 0.000460 0.001504 0.000000 0.004618 0.022289 0.005020 0.013454 0.907430 0.015462 0.004618 0.023092 0.004016 0.004986 0.023710 0.005490 0.015862 0.897320 0.018022 0.005267 0.025044 0.004298 
0.000000 0.000596 0.000397 0.000596 0.995036 0.002184 0.000199 0.000794 0.000199 0.000000 0.000595 0.000466 0.000754 0.993878 0.002760 0.000224 0.001064 0.000259 0.002581 0.019857 0.003376 0.012510 0.918785 0.015091 0.003574 0.021644 0.002581 0.002944 0.020935 0.003660 0.013940 0.911029 0.016994 0.003879 0.023547 0.003072 
0.000192 0.000384 0.000000 0.000767 0.995972 0.001343 0.000575 0.000575 0.000192 0.000203 0.000567 0.000000 0.000898 0.994949 0.001675 0.000591 0.000790 0.000327 0.003069 0.018415 0.002877 0.013044 0.917514 0.016497 0.003837 0.022060 0.002686 0.003390 0.019894 0.003166 0.014266 0.909324 0.018576 0.004174 0.024188 0.003023 
0.000000 0.000385 0.000193 0.000771 0.994604 0.001927 0.000964 0.000771 0.000385 0.000000 0.000576 0.000195 0.001012 0.993101 0.002649 0.001065 0.000985 0.000418 0.003469 0.021970 0.004047 0.012141 0.907304 0.015803 0.007130 0.022548 0.005589 0.003778 0.023251 0.004401 0.013464 0.898354 0.017811 0.007709 0.024715 0.006516 
0.000000 0.001036 0.000207 0.000622 0.995440 0.001036 0.000622 0.001036 0.000000 0.000000 0.001118 0.000213 0.000724 0.994290 0.001700 0.000699 0.001256 0.000000 0.002694 0.021140 0.004767 0.011399 0.920622 0.010777 0.004767 0.020518 0.003316 0.002892 0.022599 0.005108 0.012818 0.913425 0.012422 0.005107 0.022044 0.003583 
0.000000 0.000769 0.000192 0.001731 0.993653 0.001539 0.000769 0.001346 0.000000 0.000000 0.000775 0.000201 0.002229 0.992271 0.001977 0.000879 0.001667 0.000000 0.004232 0.021927 0.005001 0.011541 0.909790 0.017119 0.004616 0.020773 0.005001 0.004677 0.023515 0.005442 0.012916 0.900071 0.020035 0.005267 0.022658 0.005419 
0.000190 0.000760 0.000760 0.001140 0.992593 0.001899 0.001140 0.001519 0.000000 0.000283 0.000863 0.000809 0.001447 0.991279 0.002368 0.001289 0.001662 0.000000 0.003989 0.025451 0.005888 0.015195 0.892498 0.022982 0.004558 0.025261 0.004179 0.004476 0.026888 0.006399 0.016853 0.883207 0.025403 0.004936 0.027347 0.004491 
0.000207 0.001036 0.000000 0.001036 0.993159 0.002488 0.001036 0.000415 0.000622 0.000237 0.001054 0.000000 0.001132 0.992157 0.003028 0.001187 0.000430 0.000775 0.003524 0.026119 0.004975 0.012231 0.900498 0.016584 0.006633 0.024461 0.004975 0.003885 0.027585 0.005502 0.013236 0.891521 0.018895 0.007144 0.026569 0.005663 
0.000000 0.000721 0.000000 0.002524 0.993690 0.001622 0.000361 0.000901 0.000180 0.000000 0.001061 0.000000 0.002859 0.992224 0.002210 0.000418 0.000994 0.000234 0.002163 0.022715 0.003786 0.013701 0.913827 0.013160 0.005769 0.019831 0.005048 0.002336 0.024148 0.004077 0.014922 0.905852 0.015159 0.006354 0.021168 0.005985 
0.000191 0.001334 0.000191 0.002286 0.994285 0.001143 0.000381 0.000191 0.000000 0.000202 0.001376 0.000198 0.003142 0.992677 0.001599 0.000435 0.000370 0.000000 0.004953 0.026672 0.005334 0.017908 0.895790 0.017908 0.005334 0.023433 0.002667 0.005289 0.028376 0.005808 0.020645 0.886343 0.019647 0.005988 0.025157 0.002747 
0.000000 0.000590 0.000393 0.000590 0.996263 0.000787 0.000983 0.000393 0.000000 0.000000 0.000665 0.000401 0.000712 0.995839 0.000879 0.001017 0.000486 0.000000 0.004524 0.023603 0.003737 0.016129 0.911290 0.011802 0.004524 0.021637 0.002754 0.004844 0.025232 0.004030 0.018035 0.903149 0.013096 0.005052 0.023372 0.003190 
0.000392 0.000783 0.000392 0.001175 0.993538 0.001958 0.000196 0.001175 0.000392 0.000415 0.000802 0.000394 0.001609 0.991731 0.002851 0.000207 0.001301 0.000690 0.003916 0.023693 0.004308 0.013902 0.906795 0.013707 0.006658 0.022322 0.004699 0.004304 0.024820 0.004899 0.015678 0.897555 0.015945 0.007229 0.024198 0.005372 
0.000190 0.000190 0.000380 0.002092 0.994485 0.000951 0.000000 0.001521 0.000190 0.000190 0.000201 0.000417 0.002925 0.993209 0.001008 0.000000 0.001856 0.000194 0.004374 0.022632 0.004184 0.015785 0.906999 0.013884 0.003614 0.025105 0.003423 0.004651 0.024130 0.004610 0.018407 0.897834 0.015214 0.003928 0.027575 0.003652 
0.000000 0.000989 0.000198 0.002176 0.992682 0.001978 0.000593 0.001187 0.000198 0.000000 0.001248 0.000207 0.002649 0.991042 0.002494 0.000636 0.001510 0.000215 0.003956 0.025316 0.004549 0.018394 0.911195 0.012856 0.004153 0.016812 0.002769 0.004298 0.027382 0.005029 0.021112 0.901716 0.014378 0.004515 0.018659 0.002912 
0.000198 0.000989 0.000198 0.000989 0.995848 0.000395 0.000198 0.001186 0.000000 0.000203 0.001038 0.000203 0.001301 0.995002 0.000444 0.000218 0.001591 0.000000 0.002570 0.016014 0.002570 0.011072 0.927837 0.012456 0.004943 0.018584 0.003954 0.002926 0.016856 0.002717 0.012883 0.920640 0.013709 0.005687 0.020133 0.004450 
0.000625 0.000208 0.000000 0.001667 0.995623 0.001042 0.000417 0.000417 0.000000 0.000633 0.000224 0.000000 0.002472 0.994095 0.001540 0.000422 0.000614 0.000000 0.003335 0.022301 0.002918 0.015423 0.919341 0.009379 0.003126 0.021676 0.002501 0.003725 0.023723 0.003220 0.017530 0.911606 0.010896 0.003392 0.023157 0.002752 
0.000000 0.000199 0.000199 0.001594 0.993625 0.002191 0.000996 0.001195 0.000000 0.000000 0.000387 0.000217 0.001907 0.992178 0.002975 0.001027 0.001309 0.000000 0.002789 0.020518 0.004582 0.010757 0.920319 0.015538 0.004980 0.017530 0.002988 0.003013 0.021407 0.004906 0.012061 0.913097 0.017869 0.005545 0.018870 0.003231 
0.000196 0.000785 0.000000 0.000981 0.996664 0.000196 0.000981 0.000196 0.000000 0.000254 0.000802 0.000000 0.001449 0.995826 0.000245 0.001042 0.000382 0.000000 0.004513 0.019035 0.003336 0.009812 0.923862 0.010989 0.003925 0.021586 0.002943 0.005051 0.020365 0.003626 0.011090 0.916870 0.012206 0.004167 0.023428 0.003198 
0.000000 0.000758 0.000189 0.000568 0.996402 0.000947 0.000189 0.000568 0.000379 0.000000 0.000953 0.000219 0.000684 0.995887 0.001035 0.000194 0.000641 0.000387 0.003977 0.017424 0.005303 0.013258 0.925947 0.011553 0.002462 0.016477 0.003598 0.004270 0.018747 0.005698 0.015438 0.918593 0.012830 0.002570 0.017800 0.004054 
0.000367 0.000551 0.000184 0.001836 0.995409 0.000367 0.000367 0.000918 0.000000 0.000372 0.000753 0.000195 0.002838 0.993744 0.000436 0.000585 0.001077 0.000000 0.003672 0.020015 0.004407 0.016159 0.915718 0.011201 0.004040 0.022035 0.002754 0.003954 0.021302 0.004738 0.018911 0.907122 0.012130 0.004620 0.024276 0.002948 
0.000184 0.001103 0.000000 0.001287 0.995221 0.000735 0.000368 0.000735 0.000368 0.000408 0.001495 0.000000 0.001426 0.993703 0.000980 0.000378 0.000929 0.000681 0.005146 0.019114 0.003124 0.013417 0.916743 0.011763 0.004962 0.022239 0.003492 0.005923 0.020403 0.003301 0.014834 0.908577 0.013098 0.005486 0.024211 0.004168 
0.000181 0.000723 0.000000 0.000904 0.994396 0.001627 0.000542 0.001446 0.000181 0.000308 0.000898 0.000000 0.001268 0.993003 0.002048 0.000583 0.001710 0.000182 0.003977 0.027296 0.005242 0.010665 0.906905 0.010665 0.005242 0.025488 0.004519 0.004465 0.028764 0.005638 0.012115 0.898873 0.011868 0.005625 0.027647 0.005004 
0.000000 0.001564 0.000348 0.001043 0.994438 0.000348 0.000695 0.001217 0.000348 0.000000 0.001631 0.000354 0.001434 0.993624 0.000357 0.000807 0.001438 0.000355 0.003650 0.030419 0.003476 0.015992 0.901269 0.013906 0.006084 0.021728 0.003476 0.004018 0.032138 0.003904 0.017681 0.892562 0.015247 0.007067 0.023430 0.003953 
0.000000 0.000168 0.000000 0.000670 0.997654 0.000335 0.000168 0.000670 0.000335 0.000000 0.000230 0.000000 0.000862 0.997024 0.000534 0.000179 0.000808 0.000363 0.003519 0.023794 0.003519 0.011059 0.913036 0.013405 0.003184 0.024296 0.004189 0.003777 0.025056 0.003922 0.012141 0.906124 0.014543 0.003464 0.026365 0.004608 
0.000000 0.000169 0.000169 0.001352 0.996621 0.000845 0.000507 0.000169 0.000169 0.000000 0.000211 0.000171 0.002130 0.995361 0.001202 0.000574 0.000182 0.000171 0.003041 0.023484 0.002703 0.014361 0.912992 0.015036 0.005744 0.019936 0.002703 0.003353 0.024937 0.002964 0.015741 0.905852 0.016617 0.006154 0.021318 0.003062 
0.000000 0.000615 0.000307 0.001229 0.996158 0.000768 0.000154 0.000768 0.000000 0.000000 0.000642 0.000325 0.001720 0.995231 0.000923 0.000161 0.000996 0.000000 0.005071 0.032273 0.003688 0.017827 0.881205 0.016598 0.005533 0.032427 0.005379 0.005494 0.033893 0.003920 0.019538 0.872925 0.017968 0.005932 0.034517 0.005813 
0.000280 0.001118 0.000280 0.000839 0.994549 0.001677 0.000280 0.000978 0.000000 0.000292 0.001393 0.000286 0.001166 0.992977 0.002282 0.000307 0.001298 0.000000 0.004472 0.031167 0.004892 0.019287 0.876590 0.020126 0.004612 0.034941 0.003913 0.004928 0.032876 0.005191 0.020836 0.867426 0.022311 0.004970 0.037205 0.004257 
0.000372 0.000372 0.000000 0.001116 0.996280 0.001116 0.000372 0.000186 0.000186 0.000389 0.000372 0.000000 0.001377 0.995597 0.001495 0.000385 0.000188 0.000198 0.002604 0.025293 0.003348 0.013576 0.908685 0.014320 0.003534 0.024735 0.003906 0.002853 0.026841 0.003624 0.014534 0.902401 0.015634 0.003888 0.025973 0.004251 
0.000000 0.000821 0.000205 0.000616 0.995893 0.001848 0.000411 0.000205 0.000000 0.000000 0.000833 0.000209 0.000886 0.994980 0.002259 0.000434 0.000400 0.000000 0.003901 0.019097 0.004107 0.013758 0.915195 0.011704 0.003080 0.025257 0.003901 0.004133 0.020211 0.004565 0.015675 0.907817 0.013031 0.003439 0.026734 0.004395 
0.000191 0.001336 0.000382 0.001336 0.994273 0.000764 0.000382 0.001336 0.000000 0.000207 0.001487 0.000420 0.002147 0.992820 0.000851 0.000414 0.001653 0.000000 0.001718 0.026346 0.005727 0.013746 0.907407 0.016228 0.004009 0.021191 0.003627 0.001900 0.028593 0.006414 0.015579 0.897926 0.017990 0.004338 0.023119 0.004142 
0.000198 0.001385 0.000000 0.000990 0.994261 0.001583 0.000396 0.000594 0.000594 0.000197 0.001791 0.000000 0.001483 0.992118 0.002226 0.000431 0.000835 0.000918 0.001979 0.017415 0.002969 0.011676 0.924797 0.013062 0.003958 0.018405 0.005739 0.002194 0.019004 0.003145 0.013291 0.916322 0.014984 0.004293 0.020110 0.006657 
0.000000 0.001411 0.000202 0.000806 0.995767 0.000806 0.000202 0.000403 0.000403 0.000000 0.001603 0.000222 0.001176 0.994525 0.001116 0.000204 0.000644 0.000511 0.002620 0.021165 0.003830 0.007861 0.935295 0.006047 0.004435 0.016529 0.002217 0.002851 0.022843 0.004189 0.008967 0.929379 0.006743 0.004733 0.017595 0.002701 
0.000000 0.000819 0.000000 0.002253 0.993855 0.001434 0.000205 0.001024 0.000410 0.000000 0.000840 0.000000 0.002887 0.992316 0.001859 0.000212 0.001280 0.000607 0.003073 0.017411 0.003073 0.012085 0.926055 0.013109 0.003687 0.017411 0.004097 0.003433 0.018426 0.003270 0.014047 0.918122 0.015043 0.003908 0.019044 0.004705 
0.000204 0.000817 0.000204 0.001021 0.995711 0.001021 0.000408 0.000613 0.000000 0.000206 0.000830 0.000206 0.001301 0.995020 0.001338 0.000451 0.000648 0.000000 0.003268 0.015523 0.004085 0.010621 0.937296 0.006740 0.003676 0.016748 0.002042 0.003548 0.016469 0.004488 0.012020 0.931820 0.007652 0.003828 0.017919 0.002254 
0.000191 0.000956 0.000382 0.000956 0.994838 0.001338 0.000574 0.000765 0.000000 0.000199 0.000958 0.000422 0.001096 0.993540 0.002144 0.000715 0.000926 0.000000 0.005544 0.017970 0.003441 0.010897 0.932518 0.010897 0.002294 0.013955 0.002485 0.005893 0.019077 0.003695 0.012341 0.925218 0.012662 0.002687 0.015762 0.002664 
0.000000 0.000400 0.000200 0.001199 0.996603 0.000599 0.000799 0.000200 0.000000 0.000000 0.000402 0.000236 0.001308 0.995974 0.000984 0.000876 0.000220 0.000000 0.001998 0.017383 0.005195 0.016983 0.911289 0.012587 0.005794 0.025375 0.003397 0.002099 0.018399 0.005752 0.018911 0.903508 0.013767 0.006195 0.027746 0.003624 
0.000207 0.000414 0.000207 0.001034 0.995037 0.001447 0.000414 0.001241 0.000000 0.000218 0.000516 0.000216 0.001385 0.994039 0.001647 0.000424 0.001556 0.000000 0.004549 0.024194 0.004549 0.014061 0.906121 0.013234 0.004549 0.023780 0.004963 0.004840 0.026014 0.005081 0.015445 0.898007 0.014766 0.004806 0.025676 0.005364 
0.000000 0.000598 0.000000 0.000399 0.996011 0.001795 0.000399 0.000598 0.000199 0.000000 0.000607 0.000000 0.000449 0.995315 0.002344 0.000464 0.000610 0.000211 0.004188 0.020343 0.003989 0.009972 0.925608 0.010570 0.003391 0.018947 0.002992 0.004336 0.021468 0.004277 0.011054 0.919735 0.012066 0.003716 0.019986 0.003361 
0.000196 0.000392 0.000000 0.001762 0.995301 0.000392 0.000783 0.001175 0.000000 0.000196 0.000401 0.000000 0.002170 0.993899 0.000591 0.000852 0.001892 0.000000 0.002741 0.020168 0.002546 0.013119 0.928138 0.010378 0.004308 0.016840 0.001762 0.003129 0.021457 0.002733 0.014680 0.920737 0.011660 0.004786 0.018880 0.001939 
0.000384 0.000384 0.000768 0.002496 0.993856 0.000960 0.000576 0.000576 0.000000 0.000446 0.000388 0.000833 0.003013 0.992644 0.001092 0.000884 0.000699 0.000000 0.002112 0.015169 0.003456 0.013249 0.931836 0.011329 0.002496 0.016705 0.003648 0.002368 0.016018 0.003654 0.015416 0.924677 0.012558 0.002916 0.018503 0.003890 
0.000196 0.000784 0.000196 0.001569 0.994118 0.000980 0.000784 0.000980 0.000392 0.000202 0.000835 0.000209 0.002152 0.992221 0.001406 0.000850 0.001632 0.000493 0.002745 0.020980 0.003529 0.012157 0.928039 0.007059 0.004118 0.019412 0.001961 0.002969 0.022600 0.003840 0.014130 0.920532 0.007932 0.004503 0.021198 0.002297 
0.000193 0.000578 0.000193 0.001927 0.994604 0.000771 0.000000 0.001349 0.000385 0.000206 0.000641 0.000234 0.002636 0.993194 0.001042 0.000000 0.001621 0.000426 0.003469 0.018115 0.002120 0.012719 0.928503 0.009250 0.004240 0.017730 0.003854 0.003772 0.019440 0.002474 0.014110 0.921449 0.010362 0.004528 0.019524 0.004341 
0.000168 0.001516 0.000000 0.000842 0.993769 0.001179 0.000674 0.001852 0.000000 0.000174 0.001546 0.000000 0.001052 0.993132 0.001465 0.000704 0.001926 0.000000 0.004210 0.029808 0.003705 0.018356 0.885989 0.013641 0.005221 0.033513 0.005557 0.004528 0.031248 0.003997 0.019983 0.877715 0.014693 0.005675 0.035816 0.006345 
0.000000 0.000887 0.000355 0.000709 0.995745 0.000709 0.000532 0.001064 0.000000 0.000000 0.000962 0.000372 0.000832 0.995266 0.000740 0.000537 0.001289 0.000000 0.006028 0.023936 0.004255 0.014894 0.904965 0.011879 0.003723 0.025532 0.004787 0.006581 0.025404 0.004632 0.016521 0.897170 0.012793 0.003996 0.027767 0.005135 
0.000185 0.001294 0.000000 0.000924 0.993899 0.001109 0.001109 0.000740 0.000740 0.000185 0.001320 0.000000 0.001042 0.993401 0.001204 0.001170 0.000827 0.000851 0.004622 0.022185 0.003698 0.012017 0.912183 0.016084 0.005731 0.019967 0.003513 0.005026 0.023375 0.004018 0.013090 0.904991 0.017713 0.006232 0.021534 0.004021 
0.000000 0.001325 0.000000 0.000946 0.993567 0.001703 0.000757 0.001514 0.000189 0.000000 0.001382 0.000000 0.001242 0.992134 0.002359 0.000816 0.001870 0.000197 0.004541 0.021760 0.003595 0.011731 0.915421 0.012867 0.003974 0.023463 0.002649 0.004847 0.023616 0.003893 0.012849 0.907850 0.014413 0.004316 0.025332 0.002883 
0.000197 0.000786 0.000197 0.001376 0.995479 0.000590 0.000393 0.000786 0.000197 0.000201 0.000786 0.000206 0.001828 0.994620 0.000872 0.000413 0.000874 0.000201 0.001966 0.023000 0.002752 0.008846 0.931001 0.009829 0.003145 0.017299 0.002162 0.002154 0.024534 0.002988 0.010068 0.924729 0.010998 0.003372 0.018821 0.002336 
0.000000 0.000793 0.000595 0.001190 0.993454 0.002380 0.000397 0.001190 0.000000 0.000000 0.001030 0.000629 0.001682 0.991514 0.003136 0.000430 0.001580 0.000000 0.001984 0.018250 0.003174 0.008332 0.937116 0.011307 0.004166 0.013688 0.001984 0.002109 0.019725 0.003427 0.009707 0.929762 0.012916 0.004763 0.015358 0.002234 
0.000366 0.001098 0.000183 0.001281 0.993594 0.001647 0.000915 0.000915 0.000000 0.000365 0.001274 0.000183 0.001976 0.991884 0.002286 0.000941 0.001091 0.000000 0.004941 0.023426 0.004758 0.012994 0.915630 0.009517 0.005307 0.020315 0.003111 0.005529 0.025148 0.005184 0.014647 0.907114 0.010941 0.005743 0.022208 0.003485 
0.000385 0.000770 0.000000 0.002309 0.992879 0.001732 0.000962 0.000770 0.000192 0.000393 0.000786 0.000000 0.002665 0.991662 0.002124 0.001070 0.001049 0.000251 0.005196 0.022132 0.004234 0.013472 0.912818 0.011932 0.003849 0.021363 0.005004 0.005615 0.023750 0.004905 0.015316 0.903825 0.013436 0.004337 0.023123 0.005694 
0.000186 0.001115 0.000186 0.001859 0.994237 0.000930 0.000186 0.001301 0.000000 0.000217 0.001162 0.000199 0.002485 0.992227 0.001638 0.000413 0.001660 0.000000 0.002231 0.022681 0.004834 0.009481 0.927496 0.008552 0.003346 0.018591 0.002789 0.002373 0.024426 0.005230 0.011015 0.919919 0.009865 0.004072 0.020061 0.003039 
0.000000 0.001107 0.000000 0.000738 0.995755 0.000923 0.000554 0.000738 0.000185 0.000000 0.001164 0.000000 0.001262 0.994898 0.001046 0.000587 0.000851 0.000192 0.003691 0.024179 0.004061 0.010520 0.914175 0.011628 0.004614 0.022148 0.004983 0.003959 0.025870 0.004634 0.011676 0.907114 0.012792 0.004994 0.023700 0.005262 
0.000000 0.001418 0.000355 0.000532 0.994859 0.001241 0.000532 0.000709 0.000355 0.000000 0.001476 0.000355 0.000750 0.994084 0.001477 0.000560 0.000909 0.000389 0.006382 0.028541 0.002482 0.007268 0.905690 0.010991 0.003545 0.030491 0.004609 0.006913 0.030146 0.002818 0.008001 0.898395 0.012265 0.003839 0.032703 0.004921 
0.000000 0.001226 0.000175 0.001226 0.995797 0.000525 0.000350 0.000701 0.000000 0.000000 0.001392 0.000206 0.001627 0.994763 0.000747 0.000486 0.000781 0.000000 0.004028 0.027671 0.004553 0.012785 0.906305 0.009982 0.004203 0.027145 0.003327 0.004315 0.029402 0.004959 0.014716 0.898555 0.011060 0.004739 0.028776 0.003479 
0.000000 0.001631 0.000163 0.001305 0.994781 0.000815 0.000163 0.000815 0.000326 0.000000 0.001830 0.000166 0.001777 0.993465 0.001177 0.000200 0.001011 0.000375 0.006360 0.035877 0.004566 0.016960 0.881931 0.015329 0.006197 0.027397 0.005382 0.006875 0.037841 0.004889 0.019246 0.872269 0.017158 0.006731 0.029170 0.005822 
0.000172 0.000690 0.000345 0.001379 0.993794 0.001207 0.000517 0.001551 0.000345 0.000174 0.000696 0.000576 0.001650 0.992718 0.001629 0.000538 0.001671 0.000350 0.004999 0.030167 0.004654 0.013446 0.894329 0.014308 0.004999 0.028616 0.004482 0.005309 0.031350 0.005236 0.014880 0.886608 0.015951 0.005448 0.030369 0.004847 
0.000183 0.000732 0.000183 0.001464 0.994143 0.001464 0.000549 0.001098 0.000183 0.000193 0.000737 0.000311 0.001982 0.992485 0.001979 0.000655 0.001252 0.000407 0.002745 0.027635 0.004941 0.009883 0.909224 0.010798 0.002928 0.026354 0.005490 0.003086 0.028865 0.005781 0.011061 0.900156 0.013180 0.003229 0.028424 0.006219 
0.000000 0.000558 0.000000 0.000558 0.996091 0.001675 0.000745 0.000372 0.000000 0.000000 0.000779 0.000000 0.000602 0.995330 0.002074 0.000802 0.000413 0.000000 0.002978 0.025316 0.002420 0.009494 0.914557 0.011541 0.004840 0.026433 0.002420 0.003208 0.026694 0.002529 0.010457 0.907873 0.013340 0.005149 0.028104 0.002648 
0.000181 0.001087 0.000181 0.001449 0.994384 0.001812 0.000181 0.000362 0.000362 0.000184 0.001301 0.000186 0.001871 0.992238 0.002760 0.000268 0.000704 0.000488 0.003080 0.023007 0.003986 0.009783 0.912862 0.011413 0.003080 0.028080 0.004710 0.003311 0.024376 0.004537 0.010904 0.904959 0.013427 0.003463 0.029979 0.005043 
0.000182 0.001459 0.000000 0.000547 0.996534 0.000547 0.000182 0.000365 0.000182 0.000186 0.001524 0.000000 0.000587 0.996093 0.000730 0.000202 0.000369 0.000311 0.003283 0.024808 0.003648 0.012404 0.914447 0.008938 0.004560 0.024808 0.003101 0.003588 0.026229 0.003897 0.013439 0.907938 0.009951 0.004962 0.026514 0.003484 
0.000000 0.001101 0.000000 0.000917 0.995963 0.000917 0.000367 0.000734 0.000000 0.000000 0.001276 0.000000 0.001456 0.994610 0.001005 0.000398 0.001255 0.000000 0.003670 0.025505 0.004587 0.011009 0.916330 0.009908 0.003486 0.023119 0.002385 0.003966 0.026971 0.005066 0.012172 0.909108 0.011032 0.003886 0.025071 0.002729 
0.000000 0.000896 0.000537 0.001612 0.994447 0.001791 0.000000 0.000716 0.000000 0.000000 0.000902 0.000593 0.002498 0.992489 0.002683 0.000000 0.000835 0.000000 0.003403 0.027046 0.004478 0.013613 0.908830 0.013434 0.004120 0.021494 0.003582 0.003612 0.028862 0.005041 0.015619 0.900018 0.015580 0.004619 0.022631 0.004019 
0.000000 0.000178 0.000178 0.000714 0.995718 0.001606 0.000178 0.000714 0.000714 0.000000 0.000189 0.000179 0.001068 0.994249 0.002422 0.000185 0.000813 0.000894 0.006244 0.030330 0.002498 0.011240 0.895986 0.012310 0.003568 0.033006 0.004817 0.006689 0.031686 0.002743 0.012510 0.887075 0.014002 0.003931 0.035761 0.005604 
0.001008 0.000504 0.000168 0.001512 0.993953 0.001176 0.000000 0.001176 0.000504 0.001107 0.000515 0.000176 0.002118 0.992640 0.001487 0.000000 0.001341 0.000615 0.007223 0.028893 0.003360 0.011087 0.890139 0.013607 0.003528 0.032757 0.009407 0.007747 0.030193 0.003656 0.012279 0.882063 0.015206 0.003744 0.034858 0.010254 
0.000878 0.000527 0.000000 0.000527 0.996311 0.000351 0.000000 0.000878 0.000527 0.000914 0.000533 0.000000 0.000758 0.995588 0.000364 0.000000 0.001016 0.000827 0.010364 0.027578 0.002284 0.012296 0.900755 0.009661 0.003689 0.026348 0.007026 0.011026 0.028749 0.002484 0.013927 0.893433 0.010565 0.003929 0.027989 0.007900 
0.000510 0.001020 0.000000 0.001530 0.993710 0.001360 0.000000 0.001190 0.000680 0.000646 0.001032 0.000000 0.002159 0.992259 0.001711 0.000000 0.001362 0.000831 0.006800 0.022611 0.002040 0.010881 0.913975 0.007310 0.002380 0.027542 0.006460 0.007498 0.023852 0.002267 0.012699 0.905910 0.008663 0.002597 0.029242 0.007272 
0.000173 0.000346 0.000000 0.002074 0.992914 0.002074 0.000173 0.002074 0.000173 0.000174 0.000345 0.000000 0.003048 0.990513 0.002908 0.000176 0.002628 0.000207 0.005876 0.024888 0.002420 0.012962 0.913412 0.007605 0.002074 0.025579 0.005185 0.006219 0.026223 0.002724 0.014933 0.905102 0.009206 0.002216 0.027659 0.005717 
0.000526 0.001579 0.000000 0.001228 0.994212 0.000877 0.000175 0.001052 0.000351 0.000588 0.001781 0.000000 0.002234 0.992335 0.001185 0.000260 0.001235 0.000381 0.006139 0.031924 0.003157 0.010524 0.904929 0.009472 0.003684 0.023855 0.006315 0.006726 0.033665 0.003363 0.012306 0.896404 0.010917 0.004156 0.025806 0.006656 
0.000342 0.000171 0.000171 0.002054 0.994522 0.001369 0.000171 0.000856 0.000342 0.000406 0.000172 0.000174 0.002823 0.992498 0.002104 0.000219 0.001215 0.000390 0.007360 0.032865 0.001883 0.010955 0.897295 0.010784 0.003423 0.029613 0.005820 0.008042 0.034457 0.002003 0.012385 0.888346 0.012677 0.003748 0.032073 0.006269 
0.000000 0.001001 0.000000 0.002336 0.994994 0.000501 0.000167 0.000834 0.000167 0.000000 0.001060 0.000000 0.003396 0.993492 0.000680 0.000189 0.000966 0.000218 0.005173 0.026865 0.003004 0.009344 0.916903 0.008009 0.002336 0.024695 0.003671 0.005534 0.028276 0.003204 0.011172 0.909419 0.008744 0.002565 0.026964 0.004121 
0.000185 0.001109 0.000185 0.001664 0.993530 0.000739 0.000370 0.001479 0.000739 0.000244 0.001322 0.000188 0.002169 0.991630 0.001276 0.000400 0.001937 0.000835 0.004251 0.025139 0.001848 0.010351 0.917560 0.009427 0.002957 0.024584 0.003882 0.004574 0.026734 0.002086 0.012152 0.909093 0.010843 0.003219 0.026920 0.004379 
0.000846 0.001523 0.000169 0.001354 0.993401 0.001523 0.000508 0.000338 0.000338 0.000998 0.001739 0.000185 0.002208 0.991334 0.002089 0.000548 0.000351 0.000547 0.006430 0.026058 0.002369 0.009983 0.907614 0.011844 0.002707 0.027750 0.005245 0.007119 0.028016 0.002585 0.011532 0.898765 0.013688 0.003000 0.029400 0.005893 
0.000498 0.000663 0.000000 0.002488 0.994030 0.001493 0.000000 0.000663 0.000166 0.000573 0.000684 0.000000 0.003281 0.992602 0.001818 0.000000 0.000868 0.000174 0.006633 0.027529 0.003483 0.013267 0.899668 0.012106 0.003151 0.028027 0.006136 0.007319 0.029347 0.003724 0.015186 0.890719 0.013786 0.003295 0.030060 0.006564 
0.000733 0.000587 0.000440 0.001467 0.993987 0.000587 0.000733 0.001467 0.000000 0.000782 0.000614 0.000460 0.001774 0.993071 0.000752 0.000802 0.001747 0.000000 0.007040 0.036081 0.003373 0.018334 0.870197 0.017307 0.004400 0.035934 0.007334 0.007798 0.037747 0.003690 0.020051 0.860419 0.018736 0.004837 0.038638 0.008082 
0.000131 0.001045 0.000131 0.001175 0.994645 0.001045 0.000653 0.000653 0.000522 0.000145 0.001052 0.000135 0.001545 0.993802 0.001397 0.000685 0.000695 0.000543 0.003918 0.028862 0.004440 0.018545 0.880371 0.023639 0.005746 0.028732 0.005746 0.004213 0.030524 0.004883 0.020001 0.871417 0.025822 0.006256 0.030589 0.006295 
0.000640 0.000960 0.000320 0.002079 0.994403 0.000640 0.000000 0.000480 0.000480 0.000690 0.000991 0.000373 0.002494 0.993500 0.000930 0.000000 0.000502 0.000520 0.003998 0.028466 0.002239 0.016312 0.907085 0.009276 0.003039 0.024788 0.004798 0.004281 0.030041 0.002515 0.018194 0.899370 0.010428 0.003316 0.026601 0.005254 
0.001688 0.001013 0.000000 0.001013 0.992911 0.001013 0.000506 0.001688 0.000169 0.001803 0.001227 0.000000 0.001359 0.991547 0.001502 0.000559 0.001818 0.000186 0.006414 0.025992 0.002363 0.009789 0.910886 0.009958 0.003544 0.024979 0.006076 0.006782 0.027474 0.002635 0.011348 0.901986 0.011816 0.004277 0.027024 0.006657 
0.001082 0.002164 0.000155 0.000773 0.992580 0.000464 0.000000 0.001855 0.000928 0.001180 0.002237 0.000177 0.000828 0.991927 0.000537 0.000000 0.002081 0.001034 0.008811 0.046220 0.002783 0.010666 0.870768 0.009584 0.004019 0.040037 0.007111 0.009599 0.048649 0.003143 0.011906 0.861282 0.010617 0.004357 0.042552 0.007895 
0.000307 0.002303 0.000307 0.000461 0.990633 0.000921 0.000461 0.002150 0.002457 0.000310 0.002347 0.000324 0.000789 0.989644 0.001256 0.000477 0.002205 0.002648 0.005835 0.054668 0.005682 0.009521 0.845670 0.011824 0.003993 0.054054 0.008753 0.006167 0.056566 0.006344 0.010926 0.835762 0.013942 0.004496 0.056286 0.009510 
0.000701 0.003366 0.000000 0.001122 0.989621 0.000842 0.000421 0.002384 0.001543 0.000724 0.003583 0.000000 0.001502 0.988300 0.001180 0.000469 0.002571 0.001670 0.008135 0.071529 0.004208 0.013745 0.816690 0.013464 0.004067 0.057784 0.010379 0.009027 0.073831 0.004626 0.015356 0.806525 0.014988 0.004409 0.059770 0.011469 
0.000959 0.004385 0.000274 0.000822 0.989997 0.000822 0.000137 0.001918 0.000685 0.001051 0.004539 0.000280 0.000977 0.989319 0.000967 0.000139 0.001983 0.000744 0.007947 0.071252 0.007125 0.010140 0.811181 0.012332 0.003974 0.067964 0.008084 0.008591 0.073795 0.007733 0.011037 0.801502 0.013717 0.004329 0.070450 0.008846 
0.001250 0.002344 0.000156 0.001875 0.990780 0.000938 0.000469 0.001563 0.000625 0.001341 0.002407 0.000157 0.002480 0.989073 0.001444 0.000490 0.001957 0.000650 0.008595 0.045320 0.005782 0.011721 0.861541 0.010002 0.005313 0.044538 0.007189 0.009179 0.047018 0.006459 0.013828 0.851425 0.011122 0.005697 0.047294 0.007979 
0.000695 0.000868 0.000000 0.001389 0.995137 0.000868 0.000347 0.000695 0.000000 0.000736 0.000894 0.000000 0.001527 0.994650 0.001088 0.000381 0.000725 0.000000 0.003994 0.035950 0.002431 0.012331 0.896144 0.010768 0.002952 0.032650 0.002779 0.004313 0.037599 0.002646 0.014076 0.888435 0.012293 0.003336 0.034328 0.002974 
0.000000 0.001003 0.000167 0.001171 0.995987 0.000669 0.000502 0.000502 0.000000 0.000000 0.001033 0.000168 0.001466 0.995362 0.000916 0.000534 0.000521 0.000000 0.005351 0.035786 0.003177 0.015552 0.885452 0.010033 0.002174 0.037960 0.004515 0.005674 0.036989 0.003471 0.017092 0.877847 0.011233 0.002353 0.040293 0.005049 
0.000158 0.001895 0.000000 0.001263 0.992895 0.002210 0.000158 0.001421 0.000000 0.000161 0.001941 0.000000 0.001319 0.992179 0.002787 0.000166 0.001447 0.000000 0.006789 0.038207 0.004894 0.017367 0.866751 0.016104 0.005210 0.040259 0.004421 0.007289 0.039783 0.005359 0.019029 0.857938 0.017860 0.005637 0.042249 0.004855 
0.000000 0.001443 0.000321 0.000641 0.994228 0.001283 0.000000 0.001764 0.000321 0.000000 0.001621 0.000327 0.000954 0.993097 0.001806 0.000000 0.001866 0.000331 0.006253 0.039121 0.003207 0.013628 0.884239 0.008979 0.003688 0.035594 0.005291 0.006762 0.041288 0.003535 0.015038 0.875672 0.010288 0.004023 0.037678 0.005716 
0.000150 0.001197 0.000150 0.000898 0.995511 0.000599 0.000449 0.000898 0.000150 0.000152 0.001233 0.000153 0.001139 0.994890 0.000801 0.000462 0.000915 0.000255 0.004489 0.044591 0.002544 0.012719 0.878348 0.010923 0.003591 0.038306 0.004489 0.004879 0.046628 0.002810 0.014125 0.870327 0.012014 0.003842 0.040350 0.005025 
0.000291 0.000728 0.000000 0.001019 0.996361 0.000437 0.000291 0.000728 0.000146 0.000473 0.000746 0.000000 0.001621 0.995210 0.000611 0.000307 0.000885 0.000146 0.004221 0.040466 0.001456 0.014119 0.880786 0.010480 0.002911 0.040902 0.004658 0.004691 0.042068 0.001628 0.016147 0.871720 0.011840 0.003166 0.043607 0.005134 
0.000140 0.000842 0.000140 0.001403 0.995089 0.000982 0.000421 0.000842 0.000140 0.000158 0.000851 0.000146 0.001891 0.994301 0.001108 0.000472 0.000927 0.000147 0.004350 0.037323 0.002105 0.012067 0.895608 0.008138 0.003788 0.033394 0.003227 0.004774 0.039228 0.002318 0.013363 0.887916 0.009222 0.004186 0.035458 0.003535 
0.000000 0.001641 0.000126 0.000757 0.993689 0.000884 0.000631 0.002146 0.000126 0.000000 0.001698 0.000149 0.000918 0.992944 0.001054 0.000650 0.002372 0.000215 0.004544 0.041398 0.002272 0.012495 0.879970 0.015651 0.002651 0.037107 0.003913 0.004879 0.043099 0.002540 0.013901 0.871637 0.017180 0.003022 0.039257 0.004484 
0.000897 0.002690 0.000336 0.001793 0.989464 0.002242 0.000336 0.001905 0.000336 0.000916 0.003118 0.000363 0.002033 0.987934 0.002710 0.000383 0.002184 0.000359 0.010760 0.050773 0.005604 0.031831 0.798476 0.029702 0.006949 0.057050 0.008855 0.011545 0.053303 0.006155 0.033795 0.786135 0.031967 0.007563 0.059790 0.009748 
0.000607 0.003640 0.000243 0.002548 0.987623 0.001699 0.000971 0.002063 0.000607 0.000633 0.004132 0.000252 0.002961 0.985874 0.001966 0.001027 0.002500 0.000655 0.010314 0.051086 0.005946 0.031307 0.804635 0.027181 0.009586 0.049751 0.010193 0.011187 0.053958 0.006732 0.033416 0.791103 0.029102 0.010572 0.052917 0.011013 
0.000777 0.005908 0.000466 0.005131 0.976213 0.006530 0.000622 0.003731 0.000622 0.001058 0.007124 0.000484 0.006126 0.971108 0.008344 0.000774 0.004271 0.000711 0.009795 0.071984 0.012438 0.032649 0.747046 0.034981 0.009173 0.069030 0.012904 0.010398 0.075485 0.013250 0.035574 0.729577 0.038895 0.009779 0.072906 0.014138 
0.000164 0.001970 0.000164 0.002956 0.991133 0.001478 0.000493 0.001478 0.000164 0.000207 0.002003 0.000166 0.003225 0.989785 0.002085 0.000507 0.001656 0.000365 0.006897 0.040558 0.006897 0.022332 0.854023 0.019212 0.006404 0.038095 0.005583 0.007466 0.042180 0.007477 0.024118 0.844566 0.021148 0.006855 0.039961 0.006229 
0.000000 0.001054 0.000000 0.001582 0.994552 0.001054 0.000351 0.001406 0.000000 0.000000 0.001419 0.000000 0.002242 0.993204 0.001296 0.000394 0.001445 0.000000 0.002812 0.029877 0.003515 0.011424 0.911599 0.008787 0.004218 0.024253 0.003515 0.003062 0.031669 0.003985 0.013206 0.903431 0.010187 0.004482 0.026155 0.003822 
0.000000 0.001454 0.000000 0.001870 0.995429 0.000831 0.000208 0.000208 0.000000 0.000000 0.001479 0.000000 0.002388 0.994639 0.001068 0.000216 0.000209 0.000000 0.001454 0.024517 0.002493 0.010389 0.925410 0.008311 0.001662 0.023686 0.002078 0.001516 0.025665 0.002778 0.011926 0.919255 0.009291 0.001743 0.025560 0.002265 
0.000000 0.001388 0.000000 0.001586 0.993657 0.001189 0.000198 0.001784 0.000198 0.000000 0.001430 0.000000 0.002082 0.992037 0.001811 0.000206 0.002233 0.000200 0.002973 0.024777 0.003964 0.010307 0.920714 0.010109 0.003171 0.021407 0.002577 0.003277 0.025904 0.004356 0.012133 0.912720 0.011986 0.003440 0.023378 0.002807 
0.000000 0.001401 0.000200 0.001601 0.995197 0.000600 0.000400 0.000600 0.000000 0.000000 0.001461 0.000213 0.002234 0.994438 0.000641 0.000407 0.000607 0.000000 0.001601 0.022814 0.003402 0.011207 0.929758 0.008005 0.003802 0.017811 0.001601 0.001737 0.023990 0.003638 0.012965 0.923662 0.008906 0.004312 0.018940 0.001849 
0.000190 0.001327 0.000379 0.001137 0.994883 0.000948 0.000190 0.000758 0.000190 0.000190 0.001517 0.000400 0.001563 0.993841 0.001242 0.000242 0.000812 0.000193 0.002843 0.024635 0.004169 0.011939 0.923252 0.007770 0.003411 0.020087 0.001895 0.002996 0.025934 0.004402 0.013239 0.917097 0.009265 0.003600 0.021226 0.002242 
0.000190 0.000760 0.000000 0.000760 0.997341 0.000190 0.000190 0.000570 0.000000 0.000248 0.000945 0.000000 0.001142 0.996598 0.000204 0.000192 0.000672 0.000000 0.002469 0.018803 0.002659 0.008927 0.933713 0.007787 0.002849 0.020323 0.002469 0.002720 0.020081 0.002885 0.010287 0.927389 0.008754 0.003034 0.022051 0.002799 
0.000184 0.000184 0.000367 0.000918 0.996695 0.000551 0.000000 0.001102 0.000000 0.000186 0.000185 0.000466 0.001460 0.995222 0.000834 0.000000 0.001647 0.000000 0.004040 0.023871 0.004223 0.012119 0.917554 0.009548 0.004040 0.020933 0.003672 0.004300 0.024992 0.004732 0.013755 0.910672 0.010724 0.004314 0.022368 0.004144 
0.000198 0.001385 0.000000 0.000990 0.996438 0.000396 0.000198 0.000198 0.000198 0.000258 0.001441 0.000000 0.001194 0.995870 0.000425 0.000216 0.000385 0.000210 0.002375 0.022759 0.002573 0.010687 0.931526 0.006333 0.002771 0.018603 0.002375 0.002644 0.024125 0.002649 0.011850 0.926197 0.007087 0.003015 0.019904 0.002530 
0.000000 0.000412 0.000000 0.001236 0.997115 0.000618 0.000206 0.000206 0.000206 0.000000 0.000607 0.000000 0.001725 0.995914 0.001024 0.000211 0.000213 0.000305 0.002267 0.021636 0.003091 0.008242 0.934886 0.007006 0.003297 0.015866 0.003709 0.002399 0.022768 0.003304 0.009570 0.929266 0.007898 0.003551 0.017204 0.004039 
0.000000 0.001245 0.000000 0.000830 0.996474 0.000830 0.000415 0.000207 0.000000 0.000000 0.001329 0.000000 0.001129 0.995699 0.001187 0.000432 0.000224 0.000000 0.001867 0.024891 0.004149 0.007467 0.929890 0.007882 0.002904 0.017839 0.003111 0.001984 0.026063 0.004533 0.008632 0.924630 0.008695 0.003132 0.018861 0.003470 
0.000000 0.000213 0.000000 0.000213 0.996596 0.001702 0.000000 0.001276 0.000000 0.000000 0.000213 0.000000 0.000414 0.995034 0.002576 0.000000 0.001763 0.000000 0.002553 0.022974 0.002553 0.008296 0.928313 0.008083 0.003404 0.022123 0.001702 0.002685 0.023895 0.002783 0.009269 0.921909 0.009782 0.003661 0.024193 0.001823 
0.000000 0.000780 0.000000 0.002534 0.994542 0.000000 0.000975 0.001170 0.000000 0.000000 0.000826 0.000000 0.003212 0.993591 0.000000 0.001037 0.001333 0.000000 0.003314 0.021832 0.002144 0.010916 0.927096 0.007018 0.003119 0.020663 0.003899 0.003555 0.022886 0.002332 0.013391 0.920169 0.007689 0.003478 0.022234 0.004267 
0.000553 0.001659 0.000000 0.000553 0.994655 0.000737 0.000184 0.001474 0.000184 0.000566 0.002014 0.000000 0.000644 0.993902 0.000841 0.000190 0.001658 0.000184 0.006082 0.040177 0.002949 0.010874 0.891633 0.008109 0.004055 0.031146 0.004976 0.006626 0.042424 0.003256 0.012443 0.883225 0.009297 0.004293 0.033035 0.005402 
0.000323 0.003069 0.000323 0.000646 0.991761 0.000162 0.000485 0.002908 0.000323 0.000331 0.003124 0.000333 0.000697 0.991149 0.000314 0.000507 0.003181 0.000365 0.008724 0.060905 0.006462 0.012116 0.836672 0.010824 0.004523 0.049919 0.009855 0.009515 0.062785 0.007044 0.013364 0.827378 0.012210 0.004819 0.052149 0.010737 
0.000964 0.003213 0.000482 0.001606 0.988273 0.000964 0.000482 0.003052 0.000964 0.001001 0.003558 0.000496 0.002294 0.985937 0.001497 0.000539 0.003458 0.001221 0.008032 0.059438 0.006104 0.013012 0.833574 0.013655 0.005301 0.051888 0.008996 0.008691 0.061696 0.006537 0.015096 0.822413 0.015630 0.005641 0.054379 0.009917 
0.000814 0.002117 0.000326 0.000814 0.992836 0.000977 0.000326 0.001140 0.000651 0.000867 0.002375 0.000339 0.000878 0.991998 0.001386 0.000330 0.001158 0.000668 0.007327 0.048193 0.004233 0.015304 0.855910 0.010420 0.003908 0.047379 0.007327 0.008109 0.050384 0.004761 0.017066 0.846327 0.011692 0.004333 0.049338 0.007991 
0.001102 0.001575 0.000157 0.002047 0.991811 0.000630 0.000315 0.002047 0.000315 0.001172 0.001607 0.000158 0.002497 0.990925 0.000814 0.000328 0.002147 0.000353 0.010394 0.041417 0.004409 0.015748 0.865827 0.010079 0.004882 0.041417 0.005827 0.011147 0.043121 0.005107 0.017864 0.856337 0.011317 0.005295 0.043651 0.006160 
0.000661 0.002646 0.000165 0.000827 0.992063 0.000827 0.000000 0.001819 0.000992 0.000704 0.002844 0.000193 0.001033 0.991194 0.001078 0.000000 0.001937 0.001017 0.006944 0.044478 0.002976 0.011409 0.869544 0.011078 0.005291 0.040013 0.008267 0.007525 0.046473 0.003389 0.012403 0.860622 0.012438 0.005948 0.042370 0.008833 
0.000357 0.002676 0.000357 0.001605 0.991438 0.001605 0.000000 0.001070 0.000892 0.000455 0.002883 0.000366 0.002124 0.990033 0.002062 0.000000 0.001137 0.000940 0.006422 0.040136 0.003746 0.009454 0.886372 0.011416 0.003568 0.030146 0.008741 0.007013 0.042535 0.004175 0.010810 0.876454 0.013353 0.004019 0.031907 0.009735 
0.001686 0.001180 0.000000 0.000506 0.992243 0.002024 0.000337 0.001012 0.001012 0.001739 0.001238 0.000000 0.000866 0.991025 0.002680 0.000344 0.001047 0.001061 0.010118 0.038617 0.001686 0.011467 0.890556 0.009781 0.002698 0.026981 0.008094 0.010926 0.040488 0.002013 0.012742 0.881600 0.011532 0.002985 0.028954 0.008760 
0.001070 0.000892 0.000000 0.001427 0.995185 0.000357 0.000357 0.000357 0.000357 0.001118 0.000911 0.000000 0.002007 0.994446 0.000403 0.000374 0.000362 0.000381 0.006242 0.024790 0.001783 0.010344 0.916533 0.008026 0.001605 0.025861 0.004815 0.006688 0.026183 0.002003 0.011941 0.909865 0.008983 0.001717 0.027423 0.005198 
0.000000 0.000369 0.000184 0.000737 0.996128 0.001475 0.000184 0.000922 0.000000 0.000000 0.000368 0.000186 0.000906 0.995244 0.002008 0.000205 0.001083 0.000000 0.002581 0.022493 0.000369 0.008481 0.931969 0.007743 0.003503 0.021018 0.001844 0.003035 0.023768 0.000435 0.009811 0.924609 0.009390 0.004152 0.022852 0.001948 
0.000175 0.001224 0.000000 0.001224 0.995628 0.001224 0.000175 0.000350 0.000000 0.000178 0.001241 0.000000 0.001638 0.994651 0.001754 0.000183 0.000353 0.000000 0.003323 0.028681 0.001924 0.009969 0.914131 0.010143 0.002973 0.026233 0.002623 0.003567 0.030513 0.002096 0.011334 0.906573 0.011617 0.003301 0.027875 0.003124 
0.000000 0.000561 0.000000 0.000000 0.997943 0.000748 0.000187 0.000561 0.000000 0.000000 0.000790 0.000000 0.000000 0.997407 0.000998 0.000207 0.000598 0.000000 0.002431 0.024687 0.002618 0.008790 0.922012 0.010660 0.001496 0.025061 0.002244 0.002670 0.026443 0.002816 0.009722 0.915573 0.012091 0.001637 0.026670 0.002379 
0.000183 0.001835 0.000367 0.000734 0.995230 0.000917 0.000550 0.000183 0.000000 0.000196 0.001857 0.000373 0.000944 0.994601 0.001140 0.000705 0.000184 0.000000 0.002752 0.031554 0.002018 0.006971 0.912126 0.010090 0.002201 0.028619 0.003669 0.003218 0.033242 0.002273 0.007567 0.905367 0.011460 0.002634 0.030265 0.003975 
0.000184 0.001469 0.000000 0.001102 0.995225 0.001102 0.000367 0.000367 0.000184 0.000188 0.001532 0.000000 0.001912 0.994017 0.001191 0.000409 0.000561 0.000190 0.003306 0.027916 0.003673 0.009734 0.915335 0.009917 0.003489 0.024059 0.002571 0.003738 0.029748 0.004059 0.011210 0.907761 0.010906 0.003863 0.025884 0.002832 
0.000000 0.001317 0.000188 0.000565 0.994166 0.001882 0.000376 0.001505 0.000000 0.000000 0.001399 0.000190 0.000648 0.993706 0.002038 0.000400 0.001619 0.000000 0.002823 0.025969 0.002446 0.010350 0.915130 0.011103 0.003575 0.025405 0.003199 0.003154 0.027466 0.002633 0.011664 0.908196 0.012416 0.003945 0.027088 0.003437 
0.000000 0.001342 0.000192 0.001342 0.993097 0.001726 0.000384 0.001726 0.000192 0.000000 0.001438 0.000194 0.002080 0.991573 0.002065 0.000399 0.002058 0.000193 0.002493 0.028380 0.002301 0.010355 0.913327 0.009204 0.001918 0.027996 0.004027 0.002646 0.030461 0.002453 0.011883 0.905135 0.010471 0.002012 0.030202 0.004736 
0.000000 0.000584 0.000000 0.000584 0.996301 0.001168 0.000389 0.000779 0.000195 0.000000 0.000584 0.000000 0.000821 0.995520 0.001514 0.000405 0.000939 0.000217 0.001947 0.023944 0.001947 0.008371 0.928168 0.008760 0.001557 0.023749 0.001557 0.002215 0.025077 0.002133 0.009760 0.921467 0.010142 0.001757 0.025763 0.001685 
0.000000 0.000786 0.000197 0.001965 0.993908 0.001572 0.000393 0.000983 0.000197 0.000000 0.000789 0.000205 0.002902 0.992074 0.002214 0.000415 0.001067 0.000334 0.003341 0.029279 0.001769 0.010022 0.912163 0.011004 0.001179 0.028100 0.003144 0.003706 0.030383 0.001876 0.012307 0.904090 0.012636 0.001215 0.030094 0.003694 
0.000593 0.001384 0.000000 0.001384 0.992686 0.001581 0.000395 0.001977 0.000000 0.000663 0.001681 0.000000 0.001952 0.990361 0.002486 0.000395 0.002460 0.000000 0.001977 0.029452 0.001186 0.006918 0.917177 0.008104 0.001581 0.030045 0.003558 0.002217 0.031223 0.001289 0.008248 0.908250 0.009969 0.001713 0.033045 0.004045 
0.000200 0.001397 0.000200 0.001198 0.994012 0.001796 0.000399 0.000399 0.000399 0.000199 0.001418 0.000212 0.001590 0.992557 0.002672 0.000447 0.000473 0.000432 0.002196 0.028942 0.002196 0.009980 0.911776 0.011776 0.002994 0.026547 0.003593 0.002423 0.030323 0.002416 0.011562 0.904109 0.013799 0.003287 0.028093 0.003988 
0.000000 0.000739 0.000185 0.001663 0.994826 0.001848 0.000370 0.000185 0.000185 0.000000 0.000739 0.000189 0.002405 0.993117 0.002661 0.000516 0.000188 0.000186 0.003511 0.028455 0.002217 0.011271 0.915004 0.009054 0.003326 0.024205 0.002956 0.003735 0.030231 0.002425 0.012940 0.906962 0.010689 0.004021 0.025885 0.003110 
0.000175 0.001747 0.000349 0.000699 0.995282 0.000874 0.000175 0.000699 0.000000 0.000203 0.001831 0.000446 0.000790 0.994043 0.001333 0.000197 0.001157 0.000000 0.003320 0.026909 0.001747 0.009960 0.910886 0.008562 0.001573 0.033025 0.004019 0.003500 0.028568 0.001936 0.011114 0.903192 0.010230 0.001665 0.035356 0.004439 
0.000000 0.001368 0.000000 0.001197 0.994530 0.001368 0.000342 0.001026 0.000171 0.000000 0.001378 0.000000 0.001455 0.993876 0.001631 0.000362 0.001113 0.000185 0.003761 0.028718 0.001880 0.008034 0.916068 0.009573 0.002051 0.026154 0.003761 0.004103 0.030443 0.002126 0.009401 0.908441 0.011087 0.002356 0.027837 0.004206 
0.000514 0.001542 0.000000 0.001371 0.994174 0.001028 0.000000 0.001028 0.000343 0.000566 0.001618 0.000000 0.001767 0.993052 0.001593 0.000000 0.001048 0.000357 0.003598 0.037012 0.002570 0.010110 0.902673 0.010966 0.003427 0.026388 0.003256 0.003910 0.038791 0.002835 0.011298 0.894816 0.012893 0.003746 0.028163 0.003548 
0.000162 0.000972 0.000000 0.001620 0.995302 0.000648 0.000486 0.000648 0.000162 0.000219 0.001054 0.000000 0.002391 0.993836 0.001116 0.000493 0.000724 0.000167 0.005346 0.030617 0.002268 0.013608 0.900859 0.011178 0.002268 0.030131 0.003726 0.005848 0.032055 0.002509 0.015841 0.892646 0.012809 0.002446 0.031819 0.004027 
0.000000 0.001484 0.000165 0.000495 0.995879 0.000989 0.000000 0.000989 0.000000 0.000000 0.001515 0.000168 0.000684 0.995030 0.001368 0.000000 0.001235 0.000000 0.004121 0.032806 0.002143 0.010551 0.898780 0.012859 0.001813 0.032476 0.004451 0.004472 0.034314 0.002326 0.011722 0.891383 0.014428 0.001958 0.034588 0.004808 
0.000350 0.001751 0.000175 0.001225 0.995448 0.000525 0.000000 0.000350 0.000175 0.000381 0.001809 0.000177 0.001599 0.994564 0.000900 0.000000 0.000394 0.000176 0.005952 0.031162 0.003326 0.009804 0.898985 0.014356 0.002276 0.030112 0.004027 0.006337 0.032631 0.003624 0.011326 0.891356 0.015980 0.002446 0.031986 0.004314 
0.000000 0.000705 0.000176 0.001762 0.995947 0.000705 0.000176 0.000352 0.000176 0.000000 0.000914 0.000222 0.002241 0.994637 0.001002 0.000244 0.000561 0.000178 0.002643 0.020441 0.001938 0.007930 0.935330 0.006872 0.001410 0.020969 0.002467 0.002965 0.021877 0.002186 0.009762 0.928042 0.008419 0.001547 0.022419 0.002784 
0.000000 0.001221 0.000000 0.000349 0.997558 0.000174 0.000000 0.000698 0.000000 0.000000 0.001427 0.000000 0.000402 0.997066 0.000196 0.000000 0.000910 0.000000 0.004536 0.020586 0.001570 0.008897 0.929518 0.006281 0.001047 0.024075 0.003489 0.004889 0.021878 0.001719 0.010071 0.923188 0.007129 0.001156 0.026106 0.003864 
0.000182 0.000363 0.000182 0.000545 0.997456 0.000545 0.000000 0.000727 0.000000 0.000187 0.000393 0.000189 0.000750 0.996751 0.000807 0.000000 0.000923 0.000000 0.003270 0.024528 0.001635 0.008721 0.927507 0.005632 0.001817 0.022347 0.004542 0.003624 0.025829 0.001785 0.010032 0.920810 0.006619 0.002068 0.024159 0.005075 
0.001077 0.000718 0.000180 0.001257 0.994075 0.001257 0.000000 0.001257 0.000180 0.001120 0.000888 0.000234 0.001724 0.992172 0.002139 0.000000 0.001538 0.000185 0.003411 0.027469 0.002693 0.008977 0.916158 0.008618 0.003052 0.026391 0.003232 0.003675 0.029208 0.003249 0.010467 0.907959 0.010302 0.003448 0.028080 0.003612 
0.000000 0.000794 0.000000 0.000596 0.997221 0.000397 0.000000 0.000794 0.000199 0.000000 0.000984 0.000000 0.000718 0.996658 0.000592 0.000000 0.000848 0.000200 0.003574 0.025809 0.000596 0.007941 0.929522 0.009331 0.002184 0.019456 0.001588 0.003808 0.027141 0.000761 0.009136 0.923320 0.010610 0.002542 0.020841 0.001840 
0.000000 0.000584 0.000000 0.000973 0.997469 0.000779 0.000000 0.000195 0.000000 0.000000 0.000832 0.000000 0.001277 0.996630 0.001018 0.000000 0.000243 0.000000 0.002141 0.019661 0.000973 0.006229 0.940432 0.006424 0.001752 0.021024 0.001363 0.002391 0.021285 0.001033 0.007395 0.934221 0.007622 0.002051 0.022318 0.001685 
0.000000 0.000198 0.000198 0.000989 0.996439 0.000593 0.000593 0.000791 0.000198 0.000000 0.000199 0.000206 0.001299 0.995789 0.000705 0.000683 0.000895 0.000223 0.001583 0.027695 0.002176 0.007122 0.928981 0.006330 0.002374 0.021958 0.001780 0.001827 0.029103 0.002433 0.008442 0.922874 0.007241 0.002864 0.023296 0.001919 
0.000000 0.001133 0.000378 0.000755 0.996412 0.001133 0.000000 0.000189 0.000000 0.000000 0.001209 0.000434 0.000992 0.995726 0.001449 0.000000 0.000190 0.000000 0.002832 0.029267 0.002266 0.009252 0.919562 0.007931 0.002644 0.023225 0.003021 0.003101 0.030874 0.002524 0.010453 0.912530 0.009534 0.002954 0.024729 0.003301 
0.000000 0.001497 0.000000 0.000561 0.996445 0.001310 0.000000 0.000187 0.000000 0.000000 0.001596 0.000000 0.000699 0.995392 0.001949 0.000000 0.000364 0.000000 0.001684 0.024139 0.001497 0.006737 0.933945 0.005614 0.002807 0.022081 0.001497 0.001898 0.025960 0.001709 0.007805 0.927836 0.006681 0.003051 0.023432 0.001628 
0.000000 0.000569 0.000000 0.001517 0.996777 0.000379 0.000000 0.000569 0.000190 0.000000 0.000602 0.000000 0.002086 0.995789 0.000581 0.000000 0.000752 0.000190 0.003981 0.031469 0.001706 0.010806 0.907678 0.009668 0.002844 0.029573 0.002275 0.004399 0.032897 0.001851 0.012899 0.899243 0.011266 0.003125 0.031866 0.002454 
0.000000 0.000699 0.000000 0.001573 0.995804 0.000524 0.000350 0.000699 0.000350 0.000000 0.000749 0.000000 0.002161 0.994539 0.000724 0.000366 0.000959 0.000504 0.003147 0.027273 0.002098 0.008916 0.924650 0.006294 0.002797 0.022727 0.002098 0.003310 0.029057 0.002260 0.010637 0.917185 0.007234 0.003044 0.024845 0.002429 
0.000000 0.000581 0.000388 0.000969 0.996512 0.001163 0.000194 0.000194 0.000000 0.000000 0.000619 0.000393 0.001582 0.995055 0.001778 0.000195 0.000377 0.000000 0.002519 0.017442 0.001357 0.007171 0.937209 0.005620 0.002907 0.022868 0.002907 0.002775 0.018701 0.001512 0.008765 0.930123 0.006956 0.003441 0.024369 0.003359 
0.000000 0.000768 0.000192 0.001727 0.994242 0.001152 0.000384 0.001344 0.000192 0.000000 0.001153 0.000253 0.002482 0.992379 0.001580 0.000410 0.001417 0.000327 0.001344 0.026679 0.002111 0.010557 0.919002 0.007678 0.003647 0.025720 0.003263 0.001448 0.028483 0.002457 0.012565 0.911189 0.008964 0.003933 0.027312 0.003649 
0.000358 0.000896 0.000358 0.001075 0.995877 0.000358 0.000000 0.001075 0.000000 0.000371 0.000919 0.000368 0.001679 0.995051 0.000380 0.000000 0.001231 0.000000 0.002689 0.027604 0.003047 0.010396 0.915756 0.006991 0.003764 0.026887 0.002868 0.002998 0.028745 0.003542 0.012080 0.909198 0.007605 0.004193 0.028420 0.003217 
0.000000 0.000841 0.000000 0.000504 0.996974 0.000168 0.000504 0.000841 0.000168 0.000000 0.000864 0.000000 0.000722 0.996609 0.000192 0.000540 0.000870 0.000202 0.002186 0.027572 0.001849 0.010760 0.923167 0.010256 0.001849 0.019670 0.002690 0.002408 0.028850 0.002137 0.011932 0.917031 0.011433 0.002034 0.020951 0.003224 
0.000169 0.000675 0.000000 0.000506 0.996796 0.000675 0.000337 0.000506 0.000337 0.000168 0.001036 0.000000 0.000845 0.995844 0.000743 0.000418 0.000599 0.000345 0.002024 0.024283 0.002361 0.007757 0.923272 0.009106 0.002867 0.024452 0.003879 0.002266 0.026034 0.002658 0.008807 0.916161 0.010234 0.003286 0.026118 0.004438 
0.000000 0.002115 0.000000 0.000814 0.994631 0.001302 0.000325 0.000651 0.000163 0.000000 0.002299 0.000000 0.001097 0.993534 0.001870 0.000331 0.000696 0.000171 0.003254 0.033192 0.003742 0.009925 0.903514 0.010251 0.001952 0.031077 0.003091 0.003531 0.035129 0.004167 0.011690 0.895179 0.011822 0.002115 0.033089 0.003278 
0.000142 0.001135 0.000567 0.001135 0.994609 0.001277 0.000567 0.000284 0.000284 0.000153 0.001152 0.000616 0.001303 0.994091 0.001423 0.000610 0.000292 0.000360 0.005249 0.034615 0.002695 0.016173 0.882820 0.018442 0.003830 0.032912 0.003263 0.005634 0.036157 0.002993 0.017953 0.874186 0.020273 0.004198 0.034998 0.003608 
0.000000 0.001571 0.000428 0.001713 0.992718 0.001428 0.000714 0.001428 0.000000 0.000000 0.001587 0.000478 0.002533 0.991155 0.001860 0.000792 0.001594 0.000000 0.004426 0.031553 0.005997 0.019132 0.872501 0.021559 0.005425 0.034409 0.004997 0.004742 0.033313 0.006641 0.021415 0.862155 0.023634 0.005966 0.036583 0.005550 
0.000133 0.000663 0.000133 0.001326 0.994830 0.001723 0.000398 0.000663 0.000133 0.000136 0.000683 0.000133 0.001531 0.994169 0.002104 0.000416 0.000692 0.000135 0.005567 0.035657 0.005435 0.020148 0.858961 0.023197 0.005832 0.038971 0.006230 0.005956 0.037888 0.005929 0.021822 0.848715 0.024982 0.006481 0.041480 0.006746 
0.000204 0.002446 0.000408 0.001427 0.992254 0.001631 0.000000 0.000815 0.000815 0.000260 0.002683 0.000417 0.001753 0.991359 0.001851 0.000000 0.000844 0.000834 0.009172 0.038728 0.004484 0.019160 0.856095 0.018956 0.006726 0.038524 0.008153 0.009903 0.040791 0.004898 0.020646 0.846208 0.020590 0.007249 0.040692 0.009022 
