0.001825 0.004652 0.001324 0.001933 0.982142 0.001109 0.001539 0.003543 0.001933 0.001928 0.004761 0.001415 0.001980 0.981501 0.001136 0.001614 0.003633 0.002032 0.011846 0.062627 0.010665 0.030562 0.769996 0.028630 0.012347 0.060945 0.012382 0.012740 0.065574 0.011524 0.032676 0.755957 0.030744 0.013336 0.064019 0.013430 
0.002129 0.004259 0.001825 0.001643 0.980288 0.001673 0.002221 0.004046 0.001916 0.002239 0.004361 0.001949 0.001675 0.979561 0.001720 0.002349 0.004141 0.002004 0.013598 0.063761 0.011712 0.030420 0.765157 0.030907 0.012746 0.059654 0.012046 0.014661 0.066759 0.012676 0.032309 0.750853 0.033044 0.013795 0.062902 0.013002 
0.002712 0.005283 0.002571 0.002401 0.975873 0.001949 0.002034 0.004464 0.002712 0.002839 0.005389 0.002715 0.002455 0.975042 0.002000 0.002122 0.004566 0.002871 0.017008 0.073822 0.015143 0.037095 0.721776 0.033930 0.015482 0.069810 0.015934 0.018260 0.076634 0.016224 0.039296 0.706549 0.036241 0.016695 0.072916 0.017185 
0.003458 0.005833 0.003879 0.002826 0.969360 0.002646 0.003368 0.005653 0.002977 0.003602 0.005944 0.004090 0.002877 0.968388 0.002698 0.003535 0.005761 0.003105 0.019455 0.069339 0.018703 0.038578 0.713324 0.037797 0.017560 0.067204 0.018041 0.020807 0.071929 0.020035 0.040641 0.698293 0.039946 0.018866 0.070130 0.019352 
0.004004 0.006523 0.003925 0.003951 0.963458 0.003288 0.003606 0.007372 0.003872 0.004175 0.006632 0.004096 0.004032 0.962372 0.003348 0.003760 0.007511 0.004074 0.023071 0.078096 0.020499 0.043755 0.673190 0.043967 0.020711 0.074065 0.022647 0.024486 0.080912 0.021821 0.045853 0.657517 0.046226 0.021962 0.077077 0.024146 
0.004810 0.008163 0.003523 0.003620 0.961468 0.003450 0.003839 0.006803 0.004324 0.005021 0.008307 0.003678 0.003680 0.960333 0.003517 0.003990 0.006955 0.004519 0.026773 0.087024 0.022497 0.048808 0.637934 0.047885 0.022570 0.081509 0.024999 0.028408 0.089827 0.023946 0.050954 0.621393 0.050317 0.024007 0.084478 0.026670 
0.004636 0.007660 0.003644 0.004239 0.961375 0.003793 0.003644 0.007338 0.003669 0.004828 0.007814 0.003823 0.004307 0.960240 0.003856 0.003801 0.007493 0.003838 0.025560 0.081885 0.022585 0.048194 0.651263 0.044723 0.022188 0.079604 0.023998 0.027089 0.084798 0.023939 0.050428 0.634919 0.047045 0.023560 0.082687 0.025535 
0.003631 0.006816 0.003436 0.003576 0.965781 0.003352 0.003296 0.006090 0.004022 0.003800 0.006950 0.003581 0.003630 0.964770 0.003419 0.003427 0.006211 0.004213 0.024917 0.076706 0.020783 0.040867 0.683371 0.037571 0.020252 0.074779 0.020755 0.026455 0.079499 0.022034 0.043000 0.667993 0.039702 0.021503 0.077656 0.022157 
0.002939 0.007361 0.003213 0.003598 0.967096 0.003186 0.002884 0.006454 0.003268 0.003053 0.007498 0.003359 0.003662 0.966162 0.003260 0.002997 0.006597 0.003412 0.020819 0.073581 0.019089 0.040759 0.692384 0.039139 0.020270 0.073910 0.020050 0.022177 0.076191 0.020368 0.042958 0.677104 0.041416 0.021626 0.076816 0.021344 
0.002424 0.005579 0.002242 0.002190 0.975990 0.001616 0.002789 0.005188 0.001981 0.002541 0.005684 0.002360 0.002240 0.975207 0.001647 0.002940 0.005298 0.002082 0.014990 0.072942 0.017258 0.034725 0.720822 0.034334 0.016189 0.073307 0.015433 0.016092 0.075793 0.018462 0.036870 0.705583 0.036605 0.017374 0.076558 0.016663 
0.002372 0.005669 0.002372 0.002396 0.975404 0.001755 0.002894 0.005337 0.001803 0.002499 0.005802 0.002492 0.002447 0.974563 0.001800 0.003031 0.005459 0.001906 0.015370 0.071180 0.015773 0.034226 0.723844 0.036550 0.015251 0.073694 0.014113 0.016596 0.073979 0.017037 0.036439 0.708481 0.039063 0.016352 0.076854 0.015199 
0.002631 0.006384 0.002883 0.002723 0.970666 0.002425 0.003684 0.005812 0.002792 0.002796 0.006529 0.003040 0.002791 0.969630 0.002475 0.003863 0.005951 0.002924 0.018443 0.077500 0.017848 0.037640 0.696268 0.039036 0.019221 0.076448 0.017596 0.019764 0.080306 0.019159 0.039874 0.680294 0.041430 0.020595 0.079658 0.018921 
0.003812 0.007324 0.003336 0.003110 0.965388 0.002784 0.003511 0.007248 0.003486 0.003985 0.007484 0.003525 0.003176 0.964262 0.002852 0.003675 0.007397 0.003643 0.022197 0.080760 0.019839 0.041534 0.676482 0.040506 0.020642 0.077174 0.020867 0.023543 0.083507 0.021210 0.043602 0.660806 0.042815 0.021960 0.080251 0.022306 
0.004678 0.009721 0.004704 0.004574 0.954256 0.004133 0.004860 0.009071 0.004003 0.004864 0.009906 0.004920 0.004649 0.952984 0.004214 0.005049 0.009245 0.004169 0.029396 0.087199 0.026589 0.048941 0.622196 0.048213 0.027394 0.086602 0.023470 0.031024 0.089903 0.028172 0.050969 0.606228 0.050502 0.028912 0.089560 0.024731 
0.002956 0.008869 0.007324 0.007223 0.951490 0.005375 0.007693 0.006652 0.002419 0.003044 0.009034 0.007607 0.007356 0.950272 0.005476 0.007948 0.006789 0.002473 0.025095 0.067155 0.036147 0.058521 0.633218 0.055498 0.039675 0.062317 0.022374 0.026416 0.069336 0.038124 0.060641 0.618023 0.057858 0.041434 0.064518 0.023651 
0.001841 0.008808 0.005381 0.004248 0.961594 0.002861 0.006004 0.007166 0.002096 0.001890 0.008960 0.005605 0.004325 0.960611 0.002922 0.006212 0.007320 0.002155 0.022035 0.094061 0.033591 0.044750 0.635455 0.035999 0.034894 0.079503 0.019713 0.023193 0.097232 0.035463 0.046685 0.620279 0.037482 0.036592 0.082230 0.020843 
0.001801 0.005336 0.001801 0.002345 0.977910 0.001937 0.002923 0.004860 0.001088 0.001835 0.005439 0.001841 0.002397 0.977388 0.001985 0.003007 0.004965 0.001142 0.018216 0.127443 0.027018 0.033917 0.635106 0.034053 0.022464 0.084622 0.017162 0.019259 0.132153 0.028661 0.035414 0.619331 0.035997 0.023494 0.087479 0.018211 
0.003226 0.006029 0.001152 0.003187 0.975614 0.002803 0.001114 0.004531 0.002343 0.003332 0.006149 0.001198 0.003258 0.975036 0.002857 0.001142 0.004614 0.002413 0.026651 0.095200 0.018817 0.033065 0.674962 0.038786 0.015937 0.070622 0.025960 0.028051 0.099167 0.020108 0.034389 0.660108 0.040692 0.016866 0.073102 0.027517 
0.004534 0.005798 0.001933 0.006132 0.963654 0.005240 0.001933 0.006541 0.004237 0.004655 0.005879 0.001993 0.006219 0.962914 0.005338 0.001975 0.006645 0.004382 0.030363 0.065148 0.021109 0.048982 0.682548 0.047607 0.022410 0.055411 0.026423 0.031812 0.067436 0.022379 0.050601 0.669367 0.049532 0.023626 0.057333 0.027915 
0.002301 0.005068 0.001244 0.003482 0.976961 0.002487 0.001150 0.005379 0.001928 0.002386 0.005161 0.001284 0.003554 0.976379 0.002537 0.001188 0.005507 0.002002 0.017256 0.063147 0.013369 0.037807 0.732208 0.040606 0.014022 0.064204 0.017380 0.018305 0.065698 0.014321 0.039598 0.718418 0.042834 0.014952 0.067226 0.018649 
0.002160 0.004995 0.000911 0.002430 0.980494 0.002092 0.001249 0.003678 0.001991 0.002242 0.005088 0.000946 0.002473 0.980000 0.002143 0.001291 0.003767 0.002050 0.016232 0.061150 0.013195 0.034388 0.741293 0.039586 0.011947 0.066955 0.015254 0.017367 0.063532 0.014164 0.036217 0.727601 0.041964 0.012782 0.069973 0.016400 
