0.002019 0.003088 0.001544 0.002850 0.981712 0.002850 0.001781 0.002613 0.001544 0.002164 0.003225 0.001695 0.003081 0.980046 0.003130 0.002084 0.002864 0.001712 0.015081 0.030519 0.010688 0.039900 0.814986 0.037525 0.011400 0.027194 0.012706 0.016277 0.033138 0.011616 0.042402 0.800240 0.040712 0.012546 0.029212 0.013858 
0.001932 0.003349 0.001031 0.002834 0.983125 0.002448 0.001803 0.001546 0.001932 0.002058 0.003711 0.001087 0.002957 0.981735 0.002623 0.001946 0.001746 0.002137 0.013526 0.030401 0.010949 0.036584 0.820301 0.031689 0.015973 0.029241 0.011336 0.014518 0.032598 0.011589 0.038650 0.806997 0.033870 0.017488 0.031799 0.012491 
0.000701 0.003225 0.000421 0.003366 0.986678 0.001823 0.000982 0.001823 0.000982 0.000719 0.003653 0.000446 0.003596 0.985620 0.001877 0.001042 0.002032 0.001016 0.009536 0.030150 0.009396 0.038704 0.834946 0.036040 0.011639 0.021736 0.007853 0.010474 0.032895 0.010146 0.041500 0.821439 0.038602 0.012545 0.023840 0.008558 
0.001050 0.002099 0.000350 0.003499 0.987929 0.001749 0.001225 0.001749 0.000350 0.001288 0.002278 0.000371 0.003750 0.986466 0.001999 0.001513 0.001974 0.000361 0.012071 0.031491 0.009097 0.034990 0.829951 0.039363 0.010847 0.023793 0.008397 0.013113 0.033981 0.009790 0.037038 0.816191 0.042175 0.012091 0.026386 0.009236 
0.000502 0.001171 0.000335 0.002175 0.991633 0.002008 0.000502 0.001171 0.000502 0.000547 0.001584 0.000336 0.002374 0.990550 0.002145 0.000589 0.001359 0.000517 0.006359 0.020750 0.007530 0.033969 0.871821 0.031292 0.005522 0.016064 0.006693 0.007061 0.023176 0.008249 0.036078 0.859832 0.034246 0.006159 0.017933 0.007266 
0.000624 0.001872 0.001404 0.002965 0.986581 0.002028 0.001404 0.002340 0.000780 0.000635 0.001957 0.001513 0.003218 0.985350 0.002114 0.001470 0.002904 0.000840 0.010766 0.028242 0.011234 0.039320 0.823685 0.037915 0.013731 0.025901 0.009206 0.011762 0.030475 0.012362 0.042369 0.808699 0.040355 0.015086 0.028844 0.010049 
0.001219 0.001915 0.001393 0.004352 0.984680 0.003482 0.000696 0.001045 0.001219 0.001371 0.002284 0.001615 0.004593 0.983101 0.003769 0.000721 0.001281 0.001265 0.014450 0.023155 0.012013 0.038649 0.827472 0.038823 0.009575 0.023851 0.012013 0.015649 0.025251 0.013140 0.040974 0.813623 0.041688 0.010356 0.026146 0.013173 
0.002156 0.002488 0.000663 0.004146 0.984411 0.002322 0.001161 0.001990 0.000663 0.002323 0.002675 0.000756 0.004416 0.982762 0.002670 0.001202 0.002482 0.000714 0.012272 0.022388 0.008624 0.038640 0.848093 0.031841 0.008624 0.020232 0.009287 0.013461 0.024425 0.009443 0.041080 0.834744 0.034360 0.009515 0.022767 0.010205 
0.001610 0.001449 0.000483 0.002093 0.990824 0.001127 0.000322 0.001449 0.000644 0.001736 0.001768 0.000722 0.002278 0.989811 0.001148 0.000338 0.001535 0.000664 0.008854 0.021893 0.007083 0.034610 0.863329 0.025918 0.009176 0.020444 0.008693 0.009615 0.023828 0.007993 0.037280 0.851700 0.027847 0.009896 0.022416 0.009424 
0.001789 0.001789 0.000447 0.003728 0.987623 0.002237 0.000746 0.001044 0.000596 0.001905 0.001918 0.000468 0.004164 0.986260 0.002523 0.000757 0.001374 0.000630 0.014912 0.027587 0.008947 0.038920 0.829705 0.035491 0.012079 0.023412 0.008947 0.016105 0.030016 0.009833 0.041547 0.815757 0.037956 0.013164 0.025809 0.009813 
0.000860 0.002437 0.000860 0.003584 0.986380 0.002007 0.001147 0.001577 0.001147 0.001075 0.002517 0.001019 0.004040 0.984879 0.002111 0.001268 0.001855 0.001237 0.013047 0.028100 0.012186 0.042724 0.827527 0.033262 0.010036 0.023082 0.010036 0.013977 0.029966 0.013492 0.045671 0.813711 0.036068 0.010913 0.025299 0.010903 
0.001878 0.001878 0.002022 0.003178 0.985700 0.001733 0.000578 0.001589 0.001444 0.002040 0.002578 0.002190 0.003335 0.984048 0.001763 0.000618 0.001765 0.001662 0.013145 0.032067 0.010978 0.040445 0.815109 0.041312 0.011411 0.023834 0.011700 0.014049 0.035163 0.012172 0.042845 0.800806 0.043781 0.012296 0.025963 0.012926 
0.000943 0.001616 0.000269 0.002828 0.990306 0.002020 0.000404 0.001212 0.000404 0.000974 0.001671 0.000272 0.003139 0.989421 0.002301 0.000421 0.001387 0.000415 0.011041 0.025582 0.010368 0.040393 0.827387 0.038104 0.010233 0.026256 0.010637 0.011686 0.027598 0.011313 0.042977 0.813567 0.041155 0.011045 0.029037 0.011622 
0.000976 0.001952 0.001464 0.002685 0.986211 0.002929 0.000854 0.001708 0.001220 0.001113 0.002204 0.001550 0.003078 0.984844 0.003206 0.000895 0.001858 0.001253 0.012813 0.032703 0.010982 0.050153 0.801830 0.040024 0.012447 0.028676 0.010372 0.014045 0.035007 0.011875 0.052935 0.788033 0.042524 0.013408 0.030989 0.011183 
0.001500 0.003000 0.000500 0.003125 0.984875 0.002875 0.000625 0.002500 0.001000 0.001575 0.003409 0.000530 0.003572 0.983143 0.003047 0.000634 0.003048 0.001044 0.011750 0.032000 0.011375 0.048375 0.802625 0.042500 0.012625 0.027875 0.010875 0.012543 0.034709 0.012402 0.051394 0.786830 0.045862 0.013765 0.030590 0.011904 
0.001618 0.002738 0.000871 0.002863 0.984068 0.002116 0.001743 0.003236 0.000747 0.001805 0.002813 0.000974 0.003068 0.982084 0.002646 0.001826 0.003883 0.000902 0.012323 0.032114 0.009335 0.041449 0.807194 0.038710 0.015061 0.033732 0.010082 0.013380 0.034130 0.010377 0.044013 0.792064 0.041680 0.016213 0.037106 0.011037 
0.000932 0.002693 0.001450 0.004040 0.984461 0.002486 0.001658 0.001450 0.000829 0.000964 0.003200 0.001603 0.004527 0.982597 0.002840 0.001698 0.001669 0.000901 0.012121 0.027971 0.012949 0.039573 0.826893 0.035844 0.013571 0.021237 0.009842 0.013236 0.030572 0.014138 0.042698 0.811866 0.038834 0.014529 0.023487 0.010639 
0.000987 0.002084 0.000878 0.002084 0.990347 0.001316 0.000987 0.000987 0.000329 0.001003 0.002347 0.001074 0.002358 0.989076 0.001513 0.001039 0.001228 0.000361 0.009544 0.021830 0.007898 0.037187 0.850812 0.031812 0.011738 0.020733 0.008447 0.010513 0.023798 0.008839 0.040049 0.837632 0.034613 0.012635 0.022742 0.009177 
0.001364 0.002841 0.001364 0.002159 0.985907 0.002500 0.001250 0.001705 0.000909 0.001492 0.003107 0.001474 0.002340 0.984478 0.002901 0.001409 0.001864 0.000936 0.010797 0.024889 0.010569 0.038982 0.841005 0.032845 0.011820 0.020911 0.008183 0.011719 0.027005 0.011420 0.041556 0.828028 0.035547 0.012950 0.022916 0.008858 
0.001227 0.002250 0.001739 0.001739 0.986090 0.001534 0.001534 0.002659 0.001227 0.001263 0.002560 0.002078 0.001945 0.984265 0.001742 0.001653 0.003155 0.001339 0.012376 0.029559 0.012171 0.034980 0.825816 0.036105 0.012683 0.026286 0.010024 0.013265 0.032153 0.013459 0.037686 0.810940 0.038869 0.013781 0.028837 0.011010 
