0.000120 0.001561 0.000000 0.000901 0.996397 0.000601 0.000060 0.000360 0.000000 0.000205 0.001654 0.000000 0.000989 0.996033 0.000628 0.000102 0.000389 0.000000 0.002282 0.008407 0.002222 0.012431 0.951958 0.012671 0.002522 0.005645 0.001862 0.002652 0.009044 0.002438 0.013491 0.947779 0.013544 0.002876 0.006127 0.002051 
0.000098 0.000637 0.000000 0.000147 0.998333 0.000294 0.000000 0.000441 0.000049 0.000112 0.000676 0.000000 0.000149 0.998194 0.000321 0.000000 0.000498 0.000051 0.002403 0.007846 0.001520 0.014122 0.953464 0.011622 0.001863 0.005541 0.001618 0.002636 0.008647 0.001665 0.015183 0.949341 0.012558 0.002053 0.006090 0.001827 
0.000000 0.000339 0.000000 0.000339 0.998934 0.000145 0.000000 0.000242 0.000000 0.000000 0.000364 0.000000 0.000356 0.998799 0.000195 0.000000 0.000286 0.000000 0.001454 0.007123 0.001599 0.013713 0.956100 0.011484 0.001841 0.005427 0.001260 0.001600 0.007780 0.001736 0.014626 0.952334 0.012478 0.002051 0.006002 0.001393 
0.000000 0.000730 0.000000 0.000505 0.998316 0.000112 0.000000 0.000337 0.000000 0.000000 0.000751 0.000000 0.000565 0.998213 0.000120 0.000000 0.000351 0.000000 0.001347 0.004885 0.001179 0.009994 0.968390 0.007523 0.001067 0.004772 0.000842 0.001545 0.005269 0.001313 0.010761 0.965582 0.008262 0.001163 0.005183 0.000922 
0.000057 0.000738 0.000000 0.000057 0.998807 0.000114 0.000000 0.000227 0.000000 0.000059 0.000759 0.000000 0.000059 0.998736 0.000119 0.000000 0.000268 0.000000 0.000454 0.003976 0.000511 0.008179 0.975521 0.006702 0.000738 0.003181 0.000738 0.000502 0.004236 0.000546 0.008827 0.973530 0.007165 0.000849 0.003511 0.000835 
0.000000 0.000847 0.000000 0.000113 0.998533 0.000282 0.000000 0.000226 0.000000 0.000000 0.000896 0.000000 0.000166 0.998371 0.000330 0.000000 0.000237 0.000000 0.000903 0.005136 0.000452 0.011627 0.967829 0.008579 0.000508 0.004177 0.000790 0.001026 0.005554 0.000487 0.012550 0.964950 0.009395 0.000545 0.004614 0.000878 
0.000000 0.001713 0.000000 0.000311 0.997613 0.000208 0.000000 0.000104 0.000052 0.000000 0.001823 0.000000 0.000334 0.997451 0.000228 0.000000 0.000111 0.000054 0.002180 0.010224 0.001194 0.013753 0.951788 0.010224 0.002439 0.006280 0.001920 0.002380 0.011035 0.001330 0.014700 0.947659 0.011145 0.002722 0.006953 0.002076 
0.000000 0.002543 0.000000 0.000377 0.996374 0.000283 0.000141 0.000283 0.000000 0.000000 0.002613 0.000000 0.000381 0.996277 0.000294 0.000147 0.000289 0.000000 0.002543 0.010549 0.002355 0.012763 0.950692 0.010690 0.002496 0.005840 0.002072 0.002746 0.011252 0.002597 0.013736 0.946874 0.011526 0.002707 0.006331 0.002231 
0.000000 0.002507 0.000000 0.000320 0.996586 0.000107 0.000053 0.000320 0.000107 0.000000 0.002576 0.000000 0.000324 0.996489 0.000110 0.000053 0.000338 0.000110 0.001440 0.008428 0.001707 0.011469 0.961698 0.007042 0.001440 0.005068 0.001707 0.001601 0.009010 0.001917 0.012234 0.958479 0.007699 0.001603 0.005591 0.001865 
0.000000 0.000883 0.000000 0.000110 0.998178 0.000110 0.000000 0.000552 0.000166 0.000000 0.000926 0.000000 0.000112 0.998042 0.000130 0.000000 0.000610 0.000180 0.001877 0.007066 0.001325 0.011041 0.959865 0.009937 0.001049 0.005576 0.002263 0.002083 0.007668 0.001502 0.011988 0.956064 0.010889 0.001181 0.006156 0.002470 
0.000087 0.000481 0.000131 0.000481 0.997857 0.000262 0.000000 0.000656 0.000044 0.000089 0.000520 0.000190 0.000509 0.997646 0.000302 0.000000 0.000691 0.000053 0.003849 0.010716 0.002756 0.018239 0.934523 0.015046 0.003237 0.008835 0.002799 0.004175 0.011640 0.003104 0.019440 0.929195 0.016165 0.003481 0.009664 0.003136 
0.000134 0.001701 0.000090 0.000492 0.995837 0.000761 0.000090 0.000895 0.000000 0.000138 0.001823 0.000096 0.000501 0.995532 0.000833 0.000092 0.000985 0.000000 0.005327 0.015265 0.004880 0.020637 0.916241 0.016474 0.004477 0.012803 0.003895 0.005722 0.016363 0.005249 0.022018 0.910122 0.017654 0.004760 0.013853 0.004259 
0.000087 0.002299 0.000173 0.001778 0.994015 0.000651 0.000087 0.000824 0.000087 0.000090 0.002456 0.000179 0.001830 0.993576 0.000757 0.000089 0.000933 0.000091 0.004597 0.015569 0.006419 0.021858 0.911571 0.017478 0.005378 0.012924 0.004207 0.004992 0.016635 0.006928 0.023052 0.905230 0.018760 0.005699 0.014171 0.004533 
0.000000 0.001048 0.000105 0.000681 0.996750 0.000314 0.000052 0.000996 0.000052 0.000000 0.001110 0.000107 0.000712 0.996545 0.000330 0.000055 0.001088 0.000053 0.001363 0.007862 0.002306 0.011427 0.955603 0.009173 0.002673 0.007862 0.001730 0.001500 0.008488 0.002474 0.012277 0.951784 0.009870 0.002934 0.008776 0.001898 
0.000056 0.000618 0.000281 0.000450 0.997751 0.000225 0.000112 0.000506 0.000000 0.000057 0.000653 0.000311 0.000541 0.997541 0.000246 0.000116 0.000533 0.000000 0.002418 0.009784 0.004329 0.012932 0.944560 0.011808 0.003992 0.007366 0.002811 0.002675 0.010596 0.004758 0.013930 0.940020 0.012724 0.004289 0.007940 0.003067 
0.000097 0.000338 0.000048 0.001062 0.996910 0.000531 0.000290 0.000676 0.000048 0.000100 0.000352 0.000051 0.001108 0.996746 0.000565 0.000299 0.000723 0.000055 0.005842 0.012119 0.004973 0.017817 0.916711 0.018396 0.006229 0.012602 0.005311 0.006310 0.013073 0.005423 0.019045 0.910403 0.019699 0.006678 0.013609 0.005759 
0.000047 0.001469 0.000142 0.000569 0.996967 0.000190 0.000095 0.000427 0.000095 0.000048 0.001543 0.000149 0.000639 0.996688 0.000243 0.000100 0.000494 0.000097 0.004360 0.014028 0.005024 0.020237 0.919858 0.017109 0.005071 0.010995 0.003318 0.004711 0.015058 0.005436 0.021641 0.913806 0.018348 0.005410 0.011947 0.003643 
0.000051 0.000969 0.000102 0.000357 0.998011 0.000153 0.000051 0.000306 0.000000 0.000058 0.001014 0.000113 0.000395 0.997880 0.000165 0.000051 0.000324 0.000000 0.001989 0.006478 0.001581 0.012752 0.954603 0.013415 0.001734 0.005305 0.002142 0.002264 0.007182 0.001717 0.013762 0.950420 0.014571 0.001898 0.005810 0.002376 
0.000000 0.000628 0.000000 0.000228 0.998402 0.000285 0.000000 0.000457 0.000000 0.000000 0.000680 0.000000 0.000247 0.998238 0.000349 0.000000 0.000485 0.000000 0.001427 0.005137 0.000970 0.011072 0.965984 0.008390 0.000799 0.005137 0.001084 0.001623 0.005666 0.001064 0.011939 0.962880 0.009032 0.000888 0.005691 0.001218 
0.000000 0.000849 0.000000 0.000182 0.998666 0.000000 0.000000 0.000303 0.000000 0.000000 0.000891 0.000000 0.000193 0.998594 0.000000 0.000000 0.000322 0.000000 0.000970 0.005639 0.000849 0.009701 0.967683 0.008003 0.001152 0.004729 0.001273 0.001072 0.006110 0.000981 0.010466 0.964874 0.008603 0.001314 0.005190 0.001389 
0.000111 0.000779 0.000000 0.000278 0.997608 0.000612 0.000056 0.000556 0.000000 0.000113 0.000841 0.000000 0.000294 0.997378 0.000643 0.000057 0.000675 0.000000 0.003282 0.008455 0.002614 0.011682 0.950047 0.011292 0.002169 0.007899 0.002559 0.003599 0.009181 0.002865 0.012636 0.945614 0.012166 0.002390 0.008763 0.002784 
0.000050 0.001210 0.000151 0.000655 0.996471 0.000504 0.000050 0.000857 0.000050 0.000053 0.001278 0.000157 0.000696 0.996190 0.000529 0.000051 0.000994 0.000052 0.005243 0.011344 0.003983 0.014822 0.934056 0.013713 0.003731 0.010335 0.002773 0.005681 0.012291 0.004437 0.015968 0.928456 0.014755 0.004102 0.011284 0.003027 
0.000053 0.000948 0.000158 0.000790 0.996735 0.000685 0.000105 0.000474 0.000053 0.000067 0.000974 0.000172 0.000833 0.996529 0.000749 0.000114 0.000509 0.000053 0.003265 0.009691 0.002370 0.011324 0.952652 0.009270 0.002212 0.007373 0.001843 0.003571 0.010469 0.002660 0.012212 0.948274 0.010242 0.002465 0.008092 0.002016 
0.000117 0.001169 0.000058 0.000468 0.997428 0.000234 0.000058 0.000468 0.000000 0.000120 0.001234 0.000065 0.000505 0.997263 0.000260 0.000062 0.000490 0.000000 0.000994 0.005963 0.001462 0.008886 0.970652 0.006314 0.001111 0.003449 0.001169 0.001119 0.006614 0.001756 0.009626 0.967717 0.006866 0.001248 0.003743 0.001312 
0.000000 0.000454 0.000000 0.000353 0.998437 0.000303 0.000050 0.000403 0.000000 0.000000 0.000474 0.000000 0.000386 0.998269 0.000325 0.000066 0.000481 0.000000 0.002219 0.006708 0.001664 0.012054 0.957030 0.011297 0.001311 0.006002 0.001715 0.002458 0.007354 0.001851 0.012880 0.953184 0.012263 0.001461 0.006671 0.001877 
0.000000 0.000972 0.000000 0.000278 0.997686 0.000231 0.000046 0.000787 0.000000 0.000000 0.001002 0.000000 0.000343 0.997429 0.000248 0.000048 0.000929 0.000000 0.003008 0.011247 0.002360 0.017403 0.933398 0.014903 0.002175 0.011293 0.004212 0.003319 0.012110 0.002528 0.018417 0.928271 0.015906 0.002353 0.012459 0.004638 
0.000050 0.000807 0.000000 0.000605 0.997377 0.000151 0.000000 0.001009 0.000000 0.000086 0.000868 0.000000 0.000661 0.997075 0.000165 0.000000 0.001146 0.000000 0.001916 0.005850 0.001816 0.012659 0.952895 0.012255 0.001866 0.008170 0.002572 0.002131 0.006278 0.001949 0.013750 0.948797 0.013280 0.002050 0.008968 0.002797 
0.000000 0.000597 0.000000 0.000326 0.998154 0.000272 0.000000 0.000652 0.000000 0.000000 0.000625 0.000000 0.000351 0.998034 0.000299 0.000000 0.000691 0.000000 0.001683 0.006299 0.001466 0.011838 0.958949 0.010371 0.001412 0.006733 0.001249 0.001812 0.006883 0.001601 0.012756 0.955611 0.011085 0.001561 0.007303 0.001388 
0.000000 0.000858 0.000000 0.000322 0.998552 0.000000 0.000054 0.000215 0.000000 0.000000 0.000886 0.000000 0.000347 0.998467 0.000000 0.000070 0.000230 0.000000 0.000965 0.006168 0.001448 0.011854 0.962133 0.009708 0.001180 0.005203 0.001341 0.001078 0.006643 0.001599 0.012693 0.958978 0.010383 0.001353 0.005774 0.001500 
0.000000 0.001080 0.000049 0.000442 0.997741 0.000393 0.000000 0.000245 0.000049 0.000000 0.001165 0.000051 0.000521 0.997469 0.000465 0.000000 0.000267 0.000062 0.002700 0.008641 0.002357 0.015663 0.945942 0.012618 0.002308 0.007218 0.002553 0.002925 0.009331 0.002587 0.016779 0.941281 0.013867 0.002531 0.007966 0.002733 
0.000103 0.000931 0.000155 0.000620 0.996898 0.000362 0.000052 0.000724 0.000155 0.000110 0.001001 0.000170 0.000663 0.996573 0.000429 0.000052 0.000833 0.000168 0.004602 0.012202 0.004136 0.017734 0.933509 0.012771 0.002844 0.008893 0.003309 0.004993 0.013113 0.004501 0.018913 0.928395 0.013730 0.003073 0.009707 0.003574 
0.000000 0.000501 0.000000 0.000278 0.998276 0.000445 0.000000 0.000501 0.000000 0.000000 0.000523 0.000000 0.000282 0.998134 0.000485 0.000000 0.000576 0.000000 0.002725 0.008232 0.002114 0.011847 0.952667 0.010568 0.002392 0.006953 0.002503 0.002955 0.008879 0.002306 0.012673 0.948946 0.011305 0.002575 0.007679 0.002682 
0.000000 0.000929 0.000000 0.000109 0.998580 0.000164 0.000000 0.000219 0.000000 0.000000 0.001103 0.000000 0.000111 0.998374 0.000173 0.000000 0.000239 0.000000 0.001584 0.006064 0.000983 0.010270 0.967333 0.008413 0.000819 0.003715 0.000819 0.001733 0.006744 0.001113 0.010977 0.964316 0.009149 0.000888 0.004193 0.000887 
0.000000 0.000736 0.000000 0.000184 0.998466 0.000429 0.000000 0.000184 0.000000 0.000000 0.000799 0.000000 0.000194 0.998350 0.000468 0.000000 0.000190 0.000000 0.001595 0.006012 0.000736 0.009448 0.968528 0.007485 0.001104 0.003681 0.001411 0.001789 0.006500 0.000876 0.010288 0.965479 0.008182 0.001229 0.004070 0.001588 
0.000000 0.000887 0.000063 0.000127 0.997908 0.000254 0.000000 0.000761 0.000000 0.000000 0.000927 0.000067 0.000131 0.997785 0.000268 0.000000 0.000823 0.000000 0.002219 0.006466 0.001902 0.010079 0.960193 0.009508 0.001204 0.006592 0.001838 0.002492 0.007003 0.002109 0.010777 0.956810 0.010250 0.001335 0.007169 0.002055 
0.000063 0.000505 0.000126 0.000379 0.998170 0.000316 0.000000 0.000379 0.000063 0.000063 0.000590 0.000132 0.000390 0.997985 0.000328 0.000000 0.000445 0.000067 0.002272 0.006375 0.001326 0.012498 0.954617 0.010352 0.002272 0.008332 0.001957 0.002505 0.006930 0.001442 0.013294 0.950986 0.011035 0.002463 0.009206 0.002140 
0.000000 0.000620 0.000000 0.000169 0.998252 0.000451 0.000113 0.000395 0.000000 0.000000 0.000665 0.000000 0.000169 0.998057 0.000506 0.000116 0.000486 0.000000 0.001466 0.006652 0.001353 0.011501 0.959296 0.009979 0.001973 0.006652 0.001128 0.001607 0.007317 0.001477 0.012202 0.955551 0.010871 0.002188 0.007530 0.001257 
0.000000 0.000672 0.000000 0.000362 0.998243 0.000310 0.000052 0.000362 0.000000 0.000000 0.000711 0.000000 0.000374 0.998143 0.000333 0.000067 0.000373 0.000000 0.001654 0.008734 0.001602 0.011784 0.955502 0.011215 0.002067 0.006047 0.001395 0.001799 0.009522 0.001755 0.012632 0.951689 0.012102 0.002348 0.006579 0.001574 
0.000000 0.001006 0.000000 0.000371 0.997353 0.000106 0.000106 0.001006 0.000053 0.000000 0.001098 0.000000 0.000391 0.997155 0.000109 0.000124 0.001067 0.000057 0.001641 0.007676 0.002064 0.013234 0.951935 0.011857 0.001535 0.007411 0.002647 0.001824 0.008313 0.002282 0.014147 0.948035 0.012732 0.001689 0.008070 0.002907 
0.000000 0.000768 0.000000 0.000177 0.998051 0.000295 0.000000 0.000650 0.000059 0.000000 0.000795 0.000000 0.000196 0.997836 0.000358 0.000000 0.000755 0.000060 0.001477 0.006261 0.001299 0.010159 0.963556 0.009569 0.001359 0.004666 0.001654 0.001580 0.006764 0.001419 0.010976 0.960320 0.010326 0.001473 0.005270 0.001872 
0.000000 0.000681 0.000000 0.000186 0.998452 0.000248 0.000000 0.000434 0.000000 0.000000 0.000770 0.000000 0.000248 0.998263 0.000267 0.000000 0.000452 0.000000 0.000557 0.005512 0.001053 0.010219 0.968663 0.008546 0.000991 0.003406 0.001053 0.000621 0.005938 0.001139 0.011040 0.965906 0.009294 0.001132 0.003757 0.001173 
0.000000 0.001203 0.000000 0.000920 0.997170 0.000283 0.000071 0.000283 0.000071 0.000000 0.001231 0.000000 0.000984 0.997034 0.000290 0.000078 0.000308 0.000076 0.001840 0.007004 0.001061 0.012948 0.960733 0.010400 0.001415 0.003750 0.000849 0.002108 0.007427 0.001228 0.014060 0.957362 0.011139 0.001633 0.004081 0.000962 
0.000000 0.001519 0.000000 0.000132 0.997623 0.000330 0.000000 0.000396 0.000000 0.000000 0.001575 0.000000 0.000133 0.997439 0.000433 0.000000 0.000420 0.000000 0.001783 0.007065 0.001717 0.011884 0.959263 0.010894 0.000594 0.005480 0.001320 0.001918 0.007598 0.001881 0.012600 0.956198 0.011712 0.000673 0.005927 0.001491 
0.000000 0.000928 0.000000 0.000062 0.998392 0.000309 0.000124 0.000186 0.000000 0.000000 0.000970 0.000000 0.000092 0.998294 0.000320 0.000134 0.000191 0.000000 0.000804 0.005503 0.000680 0.012120 0.966362 0.008781 0.000742 0.004205 0.000804 0.000910 0.006012 0.000733 0.012876 0.963761 0.009347 0.000867 0.004588 0.000906 
0.000000 0.000785 0.000000 0.000576 0.997854 0.000262 0.000000 0.000523 0.000000 0.000000 0.000815 0.000000 0.000671 0.997664 0.000281 0.000000 0.000570 0.000000 0.001099 0.005338 0.000942 0.010310 0.966766 0.008793 0.000994 0.005181 0.000576 0.001314 0.005736 0.001063 0.011062 0.963865 0.009509 0.001083 0.005745 0.000623 
0.000000 0.000832 0.000046 0.000786 0.997042 0.000601 0.000046 0.000601 0.000046 0.000000 0.000866 0.000048 0.000802 0.996888 0.000632 0.000048 0.000667 0.000049 0.002681 0.009245 0.002126 0.015208 0.944159 0.012989 0.002681 0.008459 0.002450 0.002902 0.009924 0.002300 0.016228 0.939842 0.013909 0.003017 0.009198 0.002680 
0.000086 0.001422 0.000129 0.001292 0.996080 0.000302 0.000129 0.000474 0.000086 0.000086 0.001500 0.000161 0.001340 0.995801 0.000338 0.000134 0.000537 0.000102 0.003834 0.012407 0.003877 0.017405 0.930424 0.013657 0.004093 0.010813 0.003490 0.004171 0.013278 0.004308 0.018512 0.925151 0.014550 0.004397 0.011804 0.003828 
0.000176 0.001233 0.000088 0.000793 0.995992 0.000705 0.000088 0.000881 0.000044 0.000205 0.001269 0.000096 0.000818 0.995777 0.000752 0.000091 0.000942 0.000050 0.003479 0.011142 0.003391 0.017749 0.931384 0.015767 0.003655 0.010438 0.002995 0.003854 0.011998 0.003744 0.018973 0.925779 0.016903 0.004015 0.011429 0.003305 
0.000000 0.000719 0.000090 0.000629 0.997212 0.000629 0.000045 0.000584 0.000090 0.000000 0.000766 0.000103 0.000646 0.997063 0.000646 0.000046 0.000639 0.000092 0.004766 0.012049 0.005575 0.017669 0.924332 0.014972 0.004991 0.011510 0.004136 0.005113 0.013087 0.006244 0.018734 0.918320 0.015957 0.005410 0.012610 0.004525 
0.000095 0.001135 0.000047 0.000757 0.996547 0.000520 0.000142 0.000662 0.000095 0.000095 0.001205 0.000061 0.000778 0.996312 0.000544 0.000165 0.000734 0.000106 0.004399 0.011353 0.004778 0.018355 0.925919 0.016084 0.005014 0.010644 0.003453 0.004718 0.012289 0.005198 0.019513 0.919965 0.017278 0.005578 0.011712 0.003750 
0.000507 0.000507 0.000507 0.000507 0.997465 0.000507 0.000000 0.000000 0.000000 0.000513 0.000534 0.000525 0.000509 0.997402 0.000516 0.000000 0.000000 0.000000 0.003550 0.011663 0.004564 0.025355 0.906187 0.023327 0.006592 0.011156 0.007606 0.003725 0.012243 0.005082 0.026526 0.900074 0.024607 0.007205 0.012415 0.008123 
