0.000000 0.000018 0.000018 0.000000 0.999908 0.000037 0.000018 0.000000 0.000000 0.000000 0.000019 0.000019 0.000000 0.999905 0.000038 0.000019 0.000000 0.000000 0.000406 0.005725 0.000443 0.005374 0.977726 0.004451 0.000554 0.005042 0.000277 0.000439 0.006161 0.000506 0.005761 0.975903 0.004863 0.000609 0.005454 0.000303 
0.000000 0.000014 0.000000 0.000014 0.999943 0.000000 0.000000 0.000029 0.000000 0.000000 0.000015 0.000000 0.000015 0.999939 0.000000 0.000000 0.000032 0.000000 0.000388 0.003532 0.000287 0.004336 0.984035 0.003087 0.000373 0.003790 0.000172 0.000431 0.003791 0.000332 0.004670 0.982692 0.003342 0.000417 0.004130 0.000194 
0.000014 0.000042 0.000028 0.000000 0.999832 0.000014 0.000028 0.000042 0.000000 0.000014 0.000044 0.000029 0.000000 0.999827 0.000014 0.000029 0.000043 0.000000 0.000602 0.006191 0.000658 0.006135 0.973161 0.005841 0.001023 0.005897 0.000490 0.000649 0.006621 0.000734 0.006579 0.971097 0.006334 0.001127 0.006317 0.000541 
0.000000 0.000084 0.000024 0.000132 0.999342 0.000144 0.000072 0.000191 0.000012 0.000000 0.000087 0.000025 0.000134 0.999321 0.000148 0.000076 0.000198 0.000012 0.000861 0.010036 0.001902 0.011088 0.954127 0.008792 0.002081 0.010299 0.000813 0.000947 0.010714 0.002073 0.011898 0.950595 0.009563 0.002288 0.011016 0.000907 
0.000012 0.000145 0.000109 0.000133 0.999418 0.000048 0.000024 0.000097 0.000012 0.000012 0.000152 0.000118 0.000137 0.999390 0.000050 0.000025 0.000100 0.000014 0.000788 0.009598 0.001406 0.009125 0.959027 0.008616 0.001600 0.009137 0.000703 0.000866 0.010307 0.001541 0.009845 0.955748 0.009346 0.001748 0.009810 0.000788 
0.000013 0.000208 0.000026 0.000052 0.999572 0.000039 0.000000 0.000091 0.000000 0.000014 0.000214 0.000028 0.000054 0.999556 0.000041 0.000000 0.000094 0.000000 0.000727 0.008982 0.001337 0.007917 0.963216 0.007969 0.001454 0.007801 0.000597 0.000816 0.009626 0.001454 0.008524 0.960292 0.008643 0.001598 0.008381 0.000665 
0.000015 0.000015 0.000000 0.000044 0.999867 0.000015 0.000030 0.000000 0.000015 0.000015 0.000015 0.000000 0.000048 0.999862 0.000015 0.000030 0.000000 0.000015 0.000310 0.004048 0.000443 0.005614 0.980529 0.004919 0.000517 0.003294 0.000325 0.000356 0.004325 0.000494 0.006054 0.978999 0.005299 0.000571 0.003543 0.000359 
0.000000 0.000029 0.000000 0.000073 0.999868 0.000029 0.000000 0.000000 0.000000 0.000000 0.000030 0.000000 0.000084 0.999854 0.000032 0.000000 0.000000 0.000000 0.000323 0.003875 0.000528 0.006165 0.979715 0.004917 0.000587 0.003596 0.000294 0.000361 0.004193 0.000571 0.006642 0.978014 0.005323 0.000661 0.003903 0.000332 
0.000000 0.000029 0.000000 0.000059 0.999765 0.000059 0.000000 0.000088 0.000000 0.000000 0.000033 0.000000 0.000090 0.999717 0.000065 0.000000 0.000095 0.000000 0.000353 0.004306 0.000676 0.006261 0.978409 0.005056 0.000573 0.003910 0.000456 0.000395 0.004610 0.000757 0.006746 0.976623 0.005470 0.000625 0.004265 0.000509 
0.000015 0.000045 0.000000 0.000150 0.999716 0.000030 0.000000 0.000030 0.000015 0.000018 0.000046 0.000000 0.000152 0.999679 0.000044 0.000000 0.000045 0.000017 0.000299 0.003877 0.000479 0.005973 0.979116 0.006048 0.000404 0.003473 0.000329 0.000326 0.004170 0.000531 0.006414 0.977381 0.006568 0.000455 0.003777 0.000378 
0.000000 0.000074 0.000015 0.000104 0.999672 0.000060 0.000000 0.000074 0.000000 0.000000 0.000075 0.000016 0.000122 0.999646 0.000063 0.000000 0.000078 0.000000 0.000372 0.004467 0.000521 0.007892 0.975328 0.006775 0.000387 0.003812 0.000447 0.000403 0.004797 0.000584 0.008490 0.973378 0.007307 0.000415 0.004123 0.000504 
0.000000 0.000032 0.000032 0.000113 0.999758 0.000016 0.000016 0.000032 0.000000 0.000000 0.000032 0.000033 0.000115 0.999753 0.000016 0.000018 0.000033 0.000000 0.000275 0.002794 0.000339 0.006187 0.981456 0.005621 0.000404 0.002665 0.000258 0.000297 0.003032 0.000369 0.006609 0.980071 0.006010 0.000446 0.002874 0.000292 
0.000016 0.000096 0.000016 0.000287 0.999378 0.000144 0.000016 0.000048 0.000000 0.000016 0.000099 0.000016 0.000296 0.999328 0.000178 0.000016 0.000051 0.000000 0.000526 0.003333 0.000558 0.007879 0.977591 0.006460 0.000415 0.002855 0.000383 0.000579 0.003605 0.000624 0.008410 0.975775 0.006967 0.000462 0.003142 0.000436 
0.000032 0.000081 0.000032 0.000244 0.999383 0.000097 0.000097 0.000000 0.000032 0.000033 0.000083 0.000034 0.000252 0.999358 0.000099 0.000108 0.000000 0.000034 0.000422 0.003232 0.000682 0.006675 0.979227 0.005620 0.000666 0.002891 0.000585 0.000468 0.003491 0.000734 0.007149 0.977594 0.006028 0.000734 0.003158 0.000644 
0.000049 0.000131 0.000033 0.000345 0.999146 0.000148 0.000082 0.000049 0.000016 0.000050 0.000133 0.000034 0.000371 0.999105 0.000150 0.000084 0.000058 0.000017 0.000493 0.003334 0.000411 0.007456 0.976926 0.007062 0.000575 0.003268 0.000476 0.000557 0.003630 0.000449 0.007975 0.975079 0.007548 0.000650 0.003579 0.000531 
0.000000 0.000048 0.000016 0.000112 0.999743 0.000064 0.000016 0.000000 0.000000 0.000000 0.000049 0.000017 0.000118 0.999704 0.000095 0.000017 0.000000 0.000000 0.000353 0.003775 0.000466 0.006908 0.978586 0.005622 0.000643 0.003309 0.000337 0.000383 0.004073 0.000506 0.007453 0.976784 0.006092 0.000717 0.003611 0.000380 
0.000000 0.000065 0.000000 0.000081 0.999790 0.000032 0.000016 0.000016 0.000000 0.000000 0.000066 0.000000 0.000082 0.999771 0.000033 0.000016 0.000031 0.000000 0.000355 0.003534 0.000339 0.007181 0.978182 0.006390 0.000403 0.003147 0.000468 0.000400 0.003838 0.000367 0.007660 0.976390 0.006905 0.000431 0.003480 0.000529 
0.000017 0.000034 0.000017 0.000189 0.999606 0.000086 0.000051 0.000000 0.000000 0.000017 0.000035 0.000020 0.000192 0.999582 0.000098 0.000056 0.000000 0.000000 0.000360 0.003275 0.000514 0.007100 0.979644 0.006208 0.000463 0.002195 0.000240 0.000387 0.003533 0.000573 0.007526 0.978088 0.006700 0.000513 0.002408 0.000273 
0.000108 0.000090 0.000000 0.000090 0.999569 0.000054 0.000018 0.000072 0.000000 0.000111 0.000090 0.000000 0.000108 0.999539 0.000057 0.000019 0.000077 0.000000 0.000234 0.003323 0.000611 0.006394 0.979811 0.006359 0.000467 0.002515 0.000287 0.000257 0.003587 0.000688 0.006842 0.978163 0.006823 0.000527 0.002794 0.000318 
0.000036 0.000073 0.000036 0.000109 0.999635 0.000018 0.000036 0.000055 0.000000 0.000037 0.000090 0.000038 0.000110 0.999611 0.000019 0.000038 0.000056 0.000000 0.000292 0.003595 0.000766 0.006624 0.979270 0.005949 0.000474 0.002628 0.000401 0.000322 0.003922 0.000854 0.007058 0.977565 0.006428 0.000535 0.002891 0.000424 
0.000122 0.000041 0.000041 0.000223 0.999309 0.000102 0.000081 0.000081 0.000000 0.000129 0.000042 0.000042 0.000228 0.999279 0.000105 0.000087 0.000087 0.000000 0.000569 0.003920 0.000975 0.007536 0.975888 0.006906 0.000711 0.003067 0.000427 0.000620 0.004303 0.001062 0.008087 0.973773 0.007475 0.000788 0.003421 0.000470 
0.000019 0.000057 0.000019 0.000230 0.999368 0.000230 0.000019 0.000057 0.000000 0.000020 0.000063 0.000019 0.000248 0.999299 0.000266 0.000022 0.000062 0.000000 0.000383 0.002622 0.000421 0.007272 0.979600 0.006258 0.000364 0.002756 0.000325 0.000427 0.002869 0.000477 0.007787 0.977930 0.006753 0.000406 0.002987 0.000364 
0.000000 0.000080 0.000020 0.000200 0.999421 0.000160 0.000060 0.000040 0.000020 0.000000 0.000080 0.000020 0.000211 0.999378 0.000188 0.000062 0.000041 0.000020 0.000499 0.003013 0.000399 0.008961 0.976531 0.006546 0.000519 0.002954 0.000579 0.000542 0.003294 0.000441 0.009669 0.974509 0.007048 0.000570 0.003280 0.000646 
0.000020 0.000041 0.000000 0.000081 0.999716 0.000101 0.000020 0.000020 0.000000 0.000021 0.000041 0.000000 0.000089 0.999676 0.000127 0.000021 0.000025 0.000000 0.000547 0.002937 0.000304 0.008223 0.977702 0.006805 0.000527 0.002410 0.000547 0.000616 0.003177 0.000331 0.008827 0.975778 0.007371 0.000588 0.002704 0.000607 
0.000042 0.000000 0.000042 0.000292 0.999146 0.000313 0.000083 0.000083 0.000000 0.000045 0.000000 0.000042 0.000299 0.999105 0.000339 0.000085 0.000084 0.000000 0.000709 0.003334 0.000688 0.009648 0.973389 0.008023 0.000604 0.003022 0.000583 0.000792 0.003616 0.000749 0.010381 0.971166 0.008663 0.000664 0.003339 0.000630 
0.000000 0.000068 0.000023 0.000293 0.999346 0.000113 0.000000 0.000090 0.000068 0.000000 0.000073 0.000024 0.000314 0.999302 0.000120 0.000000 0.000094 0.000073 0.000406 0.003000 0.000406 0.010872 0.971669 0.009722 0.000609 0.002707 0.000609 0.000465 0.003288 0.000461 0.011679 0.969323 0.010431 0.000688 0.002957 0.000710 
0.000000 0.000069 0.000023 0.000277 0.999469 0.000092 0.000046 0.000023 0.000000 0.000000 0.000071 0.000028 0.000308 0.999419 0.000099 0.000048 0.000027 0.000000 0.000369 0.003510 0.000462 0.011752 0.970354 0.009905 0.000646 0.002540 0.000462 0.000414 0.003775 0.000509 0.012602 0.968068 0.010596 0.000732 0.002791 0.000513 
0.000048 0.000096 0.000024 0.000312 0.999351 0.000096 0.000000 0.000072 0.000000 0.000054 0.000097 0.000030 0.000372 0.999265 0.000105 0.000000 0.000078 0.000000 0.000649 0.003219 0.000456 0.011964 0.969561 0.009946 0.000360 0.003411 0.000432 0.000717 0.003520 0.000531 0.012861 0.966995 0.010687 0.000407 0.003792 0.000489 
0.000000 0.000129 0.000000 0.000052 0.999612 0.000129 0.000026 0.000052 0.000000 0.000000 0.000131 0.000000 0.000052 0.999597 0.000140 0.000027 0.000053 0.000000 0.000414 0.002899 0.000414 0.012114 0.969430 0.011182 0.000492 0.002692 0.000362 0.000484 0.003168 0.000446 0.012927 0.966934 0.012052 0.000577 0.002991 0.000421 
0.000027 0.000243 0.000000 0.000243 0.999053 0.000243 0.000081 0.000054 0.000054 0.000046 0.000255 0.000000 0.000267 0.998932 0.000283 0.000081 0.000080 0.000055 0.000487 0.003084 0.000649 0.013011 0.967027 0.010901 0.000649 0.003462 0.000730 0.000566 0.003402 0.000729 0.014092 0.964114 0.011708 0.000755 0.003832 0.000802 
0.000161 0.000403 0.000107 0.000510 0.998012 0.000322 0.000081 0.000376 0.000027 0.000164 0.000435 0.000114 0.000524 0.997926 0.000329 0.000091 0.000391 0.000027 0.001693 0.007335 0.001451 0.014885 0.952390 0.012574 0.001397 0.006421 0.001854 0.001854 0.007902 0.001605 0.015865 0.948630 0.013598 0.001566 0.006946 0.002034 
0.000209 0.000444 0.000078 0.000418 0.997912 0.000470 0.000104 0.000261 0.000104 0.000217 0.000455 0.000081 0.000462 0.997796 0.000508 0.000106 0.000270 0.000105 0.003549 0.012162 0.003027 0.015711 0.933241 0.015894 0.002766 0.010622 0.003027 0.003789 0.012974 0.003261 0.016816 0.928386 0.017077 0.003015 0.011416 0.003267 
0.000296 0.000542 0.000025 0.000690 0.997263 0.000542 0.000173 0.000296 0.000173 0.000305 0.000577 0.000025 0.000736 0.997012 0.000655 0.000179 0.000326 0.000186 0.003871 0.013932 0.003477 0.015633 0.928788 0.015756 0.003156 0.011910 0.003477 0.004143 0.014865 0.003746 0.016646 0.923646 0.016936 0.003432 0.012818 0.003769 
0.000169 0.000799 0.000097 0.000557 0.997240 0.000436 0.000073 0.000484 0.000145 0.000179 0.000820 0.000102 0.000667 0.997025 0.000483 0.000074 0.000500 0.000150 0.004528 0.016199 0.004092 0.015303 0.922663 0.015182 0.004213 0.013293 0.004528 0.004838 0.017258 0.004430 0.016453 0.916873 0.016420 0.004530 0.014303 0.004894 
0.000314 0.000919 0.000242 0.000653 0.996591 0.000508 0.000145 0.000387 0.000242 0.000327 0.000954 0.000248 0.000676 0.996456 0.000527 0.000150 0.000414 0.000248 0.006238 0.019148 0.005198 0.016175 0.910713 0.016658 0.004835 0.016150 0.004884 0.006699 0.020286 0.005606 0.017241 0.904768 0.017726 0.005260 0.017158 0.005254 
0.000467 0.000888 0.000117 0.000631 0.996146 0.000537 0.000234 0.000724 0.000257 0.000491 0.000939 0.000118 0.000647 0.995952 0.000566 0.000278 0.000745 0.000264 0.005886 0.020509 0.005793 0.019434 0.902011 0.016958 0.005840 0.018313 0.005256 0.006326 0.021735 0.006251 0.020701 0.895361 0.018097 0.006337 0.019521 0.005671 
0.000294 0.000746 0.000158 0.000723 0.996272 0.000497 0.000113 0.000926 0.000271 0.000302 0.000757 0.000167 0.000776 0.996113 0.000526 0.000121 0.000960 0.000278 0.006755 0.023744 0.005716 0.021055 0.890091 0.017463 0.006552 0.022931 0.005693 0.007274 0.025035 0.006191 0.022425 0.882793 0.018657 0.007045 0.024470 0.006111 
0.000211 0.000962 0.000188 0.000891 0.995754 0.000751 0.000235 0.000774 0.000235 0.000219 0.001011 0.000195 0.000936 0.995559 0.000784 0.000239 0.000807 0.000250 0.006968 0.025642 0.006100 0.020434 0.889715 0.017126 0.005865 0.022123 0.006029 0.007465 0.027153 0.006583 0.021685 0.882475 0.018348 0.006325 0.023467 0.006498 
0.000197 0.000739 0.000197 0.000862 0.996208 0.000689 0.000246 0.000640 0.000222 0.000207 0.000764 0.000206 0.000917 0.995958 0.000775 0.000253 0.000692 0.000228 0.006968 0.025728 0.005958 0.020952 0.890809 0.016446 0.005564 0.021937 0.005638 0.007493 0.027269 0.006411 0.022261 0.883479 0.017698 0.005980 0.023337 0.006072 
0.000293 0.001295 0.000220 0.000977 0.995699 0.000733 0.000122 0.000538 0.000122 0.000299 0.001350 0.000234 0.001040 0.995462 0.000787 0.000124 0.000576 0.000128 0.007208 0.026830 0.005987 0.021039 0.885593 0.017447 0.005962 0.023531 0.006402 0.007733 0.028285 0.006454 0.022292 0.878327 0.018651 0.006446 0.024930 0.006882 
0.000346 0.000841 0.000148 0.001162 0.995525 0.000569 0.000297 0.000717 0.000396 0.000365 0.000868 0.000151 0.001232 0.995327 0.000583 0.000307 0.000752 0.000415 0.007886 0.028207 0.005562 0.023510 0.877630 0.017923 0.007070 0.025883 0.006329 0.008509 0.029666 0.006048 0.024973 0.869669 0.019211 0.007635 0.027471 0.006817 
0.000271 0.000645 0.000068 0.000713 0.996539 0.000611 0.000204 0.000713 0.000238 0.000277 0.000729 0.000075 0.000729 0.996364 0.000634 0.000215 0.000731 0.000246 0.007634 0.027110 0.005632 0.019306 0.889794 0.014828 0.006481 0.023921 0.005293 0.008224 0.028582 0.006074 0.020544 0.882644 0.015951 0.006965 0.025281 0.005735 
