0.000411 0.000411 0.000528 0.000587 0.995890 0.000411 0.000587 0.000352 0.000822 0.000428 0.000417 0.000550 0.000600 0.995647 0.000440 0.000631 0.000368 0.000919 0.004580 0.023428 0.004286 0.020375 0.902002 0.018261 0.004228 0.019083 0.003758 0.004988 0.025028 0.004715 0.021953 0.893868 0.019957 0.004683 0.020612 0.004196 
0.000428 0.000748 0.001122 0.000534 0.995137 0.000374 0.000588 0.000428 0.000641 0.000480 0.000772 0.001202 0.000549 0.994846 0.000382 0.000646 0.000441 0.000683 0.005718 0.026452 0.004809 0.021269 0.891840 0.020734 0.004222 0.020895 0.004061 0.006194 0.028129 0.005344 0.022844 0.883619 0.022534 0.004678 0.022218 0.004440 
0.000541 0.000703 0.001028 0.001028 0.993835 0.000433 0.001136 0.000649 0.000649 0.000582 0.000726 0.001138 0.001044 0.993471 0.000441 0.001213 0.000676 0.000709 0.004489 0.024715 0.006165 0.023958 0.889460 0.019793 0.005300 0.021740 0.004381 0.004941 0.026279 0.006920 0.025706 0.880874 0.021482 0.005811 0.023196 0.004791 
0.000583 0.000848 0.000689 0.000530 0.995015 0.000583 0.000636 0.000530 0.000583 0.000614 0.000875 0.000735 0.000538 0.994733 0.000611 0.000725 0.000538 0.000632 0.005197 0.024764 0.005674 0.021105 0.895164 0.017658 0.004030 0.021901 0.004507 0.005701 0.026491 0.006211 0.022736 0.886873 0.019151 0.004450 0.023406 0.004982 
0.000446 0.000892 0.000836 0.000836 0.994035 0.000502 0.000892 0.000669 0.000892 0.000476 0.000931 0.000916 0.000853 0.993629 0.000514 0.000954 0.000739 0.000987 0.005073 0.024475 0.004516 0.019290 0.897642 0.018398 0.005631 0.019457 0.005519 0.005573 0.026263 0.004974 0.020754 0.889243 0.019915 0.006227 0.020915 0.006136 
0.000461 0.001228 0.001126 0.000563 0.993091 0.000665 0.000614 0.001535 0.000717 0.000476 0.001259 0.001237 0.000590 0.992675 0.000690 0.000640 0.001683 0.000750 0.005783 0.030452 0.005988 0.023133 0.874866 0.020728 0.006244 0.026972 0.005834 0.006334 0.032187 0.006533 0.025073 0.864818 0.022469 0.006868 0.029259 0.006459 
0.000440 0.001172 0.000684 0.000781 0.993895 0.000586 0.000684 0.001026 0.000733 0.000462 0.001201 0.000753 0.000814 0.993524 0.000615 0.000722 0.001108 0.000801 0.008059 0.032236 0.004249 0.024958 0.870763 0.018951 0.005617 0.029452 0.005715 0.008872 0.034080 0.004700 0.026969 0.860863 0.020570 0.006252 0.031294 0.006399 
0.000615 0.001372 0.000568 0.000615 0.993756 0.000804 0.000568 0.001041 0.000662 0.000673 0.001408 0.000612 0.000631 0.993414 0.000842 0.000608 0.001083 0.000730 0.006670 0.035855 0.005534 0.024171 0.867461 0.019961 0.004777 0.030320 0.005250 0.007365 0.037825 0.006002 0.026060 0.857600 0.021754 0.005257 0.032394 0.005742 
0.000587 0.000979 0.000539 0.000832 0.993538 0.000930 0.000930 0.000783 0.000881 0.000617 0.001023 0.000575 0.000857 0.993205 0.000948 0.001015 0.000821 0.000939 0.006854 0.029423 0.005875 0.024136 0.873641 0.020905 0.006071 0.027024 0.006071 0.007536 0.031346 0.006517 0.025816 0.863911 0.022549 0.006594 0.028997 0.006734 
0.000392 0.001766 0.000883 0.000834 0.992739 0.001079 0.000442 0.001374 0.000491 0.000425 0.001841 0.000968 0.000904 0.992239 0.001100 0.000469 0.001543 0.000512 0.005691 0.030171 0.005396 0.024627 0.876079 0.021635 0.005249 0.026491 0.004661 0.006297 0.031998 0.005967 0.026435 0.866636 0.023308 0.005807 0.028420 0.005132 
0.000799 0.000799 0.000399 0.000849 0.994109 0.000649 0.000499 0.001148 0.000749 0.000843 0.000816 0.000409 0.000875 0.993829 0.000669 0.000525 0.001252 0.000782 0.006390 0.030950 0.003994 0.022714 0.878944 0.019718 0.004493 0.026907 0.005891 0.007069 0.032962 0.004397 0.024544 0.869445 0.021323 0.004969 0.028833 0.006458 
0.000448 0.001243 0.000448 0.000497 0.994231 0.000597 0.000647 0.001144 0.000746 0.000463 0.001327 0.000470 0.000522 0.993909 0.000608 0.000686 0.001224 0.000791 0.005769 0.031382 0.003979 0.024966 0.875118 0.019993 0.004426 0.028846 0.005520 0.006282 0.033571 0.004325 0.026727 0.865806 0.021519 0.004831 0.030808 0.006131 
0.000770 0.001129 0.000411 0.000718 0.994561 0.000462 0.000616 0.000667 0.000667 0.000832 0.001149 0.000431 0.000737 0.994315 0.000485 0.000655 0.000683 0.000714 0.006106 0.031404 0.004362 0.021654 0.881568 0.018883 0.005029 0.027042 0.003951 0.006730 0.033287 0.004787 0.023433 0.872643 0.020344 0.005545 0.028820 0.004411 
0.000851 0.001337 0.000851 0.000851 0.992644 0.001033 0.000669 0.001216 0.000547 0.000912 0.001359 0.000895 0.000872 0.992326 0.001059 0.000719 0.001268 0.000591 0.005715 0.024804 0.005228 0.021521 0.889720 0.019089 0.005654 0.023649 0.004620 0.006194 0.026450 0.005683 0.023173 0.881386 0.020564 0.006203 0.025303 0.005044 
0.001267 0.001858 0.001183 0.001267 0.989611 0.001267 0.001267 0.001183 0.001098 0.001311 0.001891 0.001265 0.001288 0.989202 0.001314 0.001394 0.001201 0.001134 0.006673 0.022637 0.006842 0.021201 0.883436 0.019343 0.008109 0.024157 0.007602 0.007154 0.024233 0.007386 0.022535 0.875061 0.020699 0.008777 0.025922 0.008234 
0.000496 0.001701 0.000921 0.001134 0.991849 0.001063 0.000638 0.001134 0.001063 0.000518 0.001731 0.000984 0.001166 0.991548 0.001094 0.000664 0.001190 0.001105 0.005954 0.022397 0.005670 0.017152 0.901765 0.015168 0.005458 0.021476 0.004961 0.006505 0.024001 0.006166 0.018482 0.894013 0.016351 0.005964 0.023065 0.005452 
0.000411 0.001028 0.000891 0.001303 0.991155 0.001440 0.001234 0.001508 0.001028 0.000415 0.001061 0.000923 0.001332 0.990832 0.001494 0.001306 0.001548 0.001090 0.004937 0.027905 0.006445 0.022283 0.880288 0.018444 0.006582 0.026054 0.007062 0.005390 0.029715 0.007112 0.023757 0.871632 0.019686 0.007127 0.027872 0.007707 
0.001149 0.001264 0.000632 0.000747 0.990232 0.001264 0.001954 0.001379 0.001379 0.001185 0.001291 0.000663 0.000804 0.989790 0.001305 0.002063 0.001429 0.001470 0.007010 0.027007 0.006723 0.017526 0.882606 0.018560 0.008102 0.026087 0.006378 0.007681 0.028803 0.007238 0.018734 0.873886 0.019926 0.008732 0.027999 0.007002 
0.000377 0.001508 0.001185 0.000916 0.990898 0.001346 0.001454 0.001293 0.001023 0.000389 0.001594 0.001257 0.000928 0.990465 0.001408 0.001529 0.001347 0.001083 0.006140 0.026122 0.006571 0.018474 0.883988 0.020951 0.005817 0.026229 0.005709 0.006610 0.027649 0.007167 0.019735 0.875321 0.022661 0.006468 0.028151 0.006239 
0.000830 0.000889 0.000830 0.001126 0.991523 0.000948 0.001126 0.001838 0.000889 0.000868 0.000926 0.000884 0.001144 0.991207 0.000961 0.001175 0.001880 0.000954 0.006995 0.023356 0.006106 0.020452 0.892821 0.017547 0.005572 0.021519 0.005632 0.007593 0.024882 0.006749 0.021842 0.884714 0.018867 0.006084 0.023136 0.006134 
0.000514 0.001175 0.001835 0.001615 0.988328 0.001248 0.001835 0.001688 0.001762 0.000542 0.001186 0.001930 0.001652 0.987913 0.001267 0.001916 0.001724 0.001869 0.007194 0.025400 0.007341 0.024372 0.873440 0.022390 0.008002 0.024299 0.007561 0.007816 0.026994 0.007907 0.025894 0.864675 0.024013 0.008626 0.025914 0.008162 
0.001139 0.001202 0.001392 0.001582 0.990952 0.001012 0.001076 0.000886 0.000759 0.001195 0.001215 0.001497 0.001628 0.990619 0.001035 0.001114 0.000906 0.000790 0.007719 0.022651 0.006390 0.021133 0.883455 0.021006 0.008352 0.021702 0.007593 0.008406 0.024014 0.006954 0.022431 0.874985 0.022633 0.009015 0.023270 0.008291 
0.001590 0.001363 0.001590 0.000908 0.990765 0.000681 0.001363 0.000908 0.000833 0.001681 0.001405 0.001692 0.000936 0.990363 0.000706 0.001443 0.000921 0.000854 0.007494 0.022860 0.008175 0.019908 0.886080 0.019302 0.006737 0.021876 0.007569 0.008139 0.024305 0.008880 0.021098 0.878025 0.020686 0.007305 0.023359 0.008203 
0.001162 0.000830 0.001245 0.000996 0.991199 0.001245 0.001162 0.001162 0.000996 0.001216 0.000852 0.001295 0.001028 0.990814 0.001270 0.001252 0.001203 0.001068 0.007057 0.020425 0.007140 0.017602 0.895051 0.015443 0.006476 0.023746 0.007057 0.007646 0.021678 0.007681 0.018788 0.887852 0.016569 0.006928 0.025292 0.007566 
0.002088 0.001899 0.002373 0.001234 0.986235 0.001234 0.001424 0.002183 0.001329 0.002178 0.001930 0.002477 0.001246 0.985727 0.001267 0.001501 0.002229 0.001445 0.009303 0.020315 0.008354 0.020695 0.886938 0.016613 0.008259 0.020885 0.008639 0.009891 0.021348 0.008982 0.022125 0.879481 0.017754 0.008772 0.022256 0.009391 
