0.002287 0.002468 0.001634 0.003810 0.979867 0.003546 0.001828 0.002711 0.001849 0.002395 0.002528 0.001720 0.003891 0.979188 0.003667 0.001909 0.002776 0.001926 0.014127 0.047254 0.011930 0.057696 0.739607 0.054004 0.013578 0.047942 0.013863 0.015160 0.049683 0.012861 0.060365 0.724985 0.056749 0.014562 0.050677 0.014958 
0.001689 0.002348 0.001526 0.003116 0.982914 0.002681 0.001357 0.002495 0.001874 0.001764 0.002393 0.001602 0.003205 0.982320 0.002764 0.001417 0.002563 0.001973 0.012951 0.047923 0.011452 0.051007 0.756959 0.047814 0.012052 0.046724 0.013119 0.013943 0.050447 0.012354 0.053596 0.742603 0.050402 0.013015 0.049440 0.014201 
0.001810 0.002621 0.001631 0.003347 0.982044 0.002931 0.001752 0.002389 0.001474 0.001891 0.002683 0.001711 0.003423 0.981432 0.003023 0.001844 0.002449 0.001544 0.012352 0.047890 0.011410 0.050895 0.756517 0.048359 0.012825 0.047733 0.012020 0.013285 0.050425 0.012332 0.053403 0.742208 0.050996 0.013843 0.050526 0.012982 
0.001778 0.002594 0.001778 0.003602 0.980924 0.003181 0.001850 0.002573 0.001720 0.001871 0.002653 0.001877 0.003723 0.980208 0.003268 0.001949 0.002641 0.001811 0.013270 0.050450 0.012464 0.053003 0.745638 0.049000 0.013972 0.049640 0.012563 0.014264 0.052959 0.013443 0.055501 0.731351 0.051459 0.015035 0.052431 0.013557 
0.002387 0.002456 0.001400 0.003278 0.981671 0.003012 0.001236 0.002302 0.002259 0.002507 0.002516 0.001480 0.003378 0.980987 0.003104 0.001293 0.002360 0.002376 0.014383 0.046660 0.010215 0.053571 0.753864 0.050840 0.011387 0.045080 0.014001 0.015400 0.049060 0.011034 0.056149 0.739745 0.053583 0.012253 0.047689 0.015087 
0.002687 0.002735 0.000971 0.003218 0.982216 0.002757 0.000863 0.002505 0.002049 0.002825 0.002800 0.001025 0.003309 0.981532 0.002863 0.000904 0.002574 0.002166 0.015971 0.051915 0.009085 0.049115 0.752102 0.046085 0.009959 0.050209 0.015558 0.017097 0.054552 0.009853 0.051546 0.737795 0.048664 0.010759 0.052932 0.016803 
0.001810 0.002598 0.001016 0.002386 0.984597 0.002324 0.001068 0.002495 0.001707 0.001901 0.002655 0.001061 0.002475 0.984017 0.002414 0.001121 0.002559 0.001796 0.013742 0.053260 0.009585 0.044468 0.762750 0.040751 0.010339 0.051986 0.013119 0.014773 0.055871 0.010377 0.046852 0.748685 0.043150 0.011186 0.054911 0.014196 
0.001339 0.002855 0.001245 0.002802 0.983785 0.002315 0.001433 0.002767 0.001457 0.001401 0.002922 0.001321 0.002868 0.983234 0.002389 0.001500 0.002839 0.001526 0.011779 0.056159 0.011521 0.043868 0.756089 0.040496 0.012708 0.055471 0.011909 0.012666 0.058927 0.012460 0.046190 0.741897 0.042815 0.013693 0.058478 0.012875 
0.001449 0.002060 0.001384 0.003423 0.984099 0.002715 0.001685 0.001862 0.001325 0.001526 0.002105 0.001453 0.003519 0.983547 0.002779 0.001768 0.001911 0.001392 0.010762 0.043890 0.011105 0.051197 0.767578 0.049164 0.012629 0.042903 0.010773 0.011611 0.046265 0.011992 0.053729 0.753800 0.051857 0.013637 0.045476 0.011632 
0.001427 0.002105 0.001311 0.002893 0.985273 0.002320 0.001350 0.002165 0.001157 0.001504 0.002152 0.001377 0.002970 0.984742 0.002393 0.001417 0.002223 0.001222 0.010622 0.046688 0.010749 0.046666 0.773007 0.045388 0.012143 0.044589 0.010149 0.011475 0.049118 0.011657 0.049091 0.759290 0.047976 0.013097 0.047292 0.011004 
0.001372 0.002750 0.001134 0.002583 0.985073 0.002154 0.001289 0.002536 0.001110 0.001439 0.002813 0.001185 0.002648 0.984555 0.002229 0.001351 0.002608 0.001172 0.010876 0.053636 0.011264 0.041972 0.766234 0.041172 0.012428 0.051595 0.010823 0.011716 0.056368 0.012194 0.044252 0.752102 0.043658 0.013457 0.054562 0.011692 
0.001612 0.002640 0.001203 0.002605 0.984914 0.002225 0.001110 0.002406 0.001285 0.001690 0.002707 0.001273 0.002693 0.984366 0.002295 0.001166 0.002467 0.001344 0.011851 0.051526 0.010642 0.042304 0.768330 0.040511 0.011419 0.051696 0.011722 0.012811 0.054169 0.011558 0.044676 0.754148 0.042884 0.012342 0.054689 0.012725 
0.001737 0.002855 0.001170 0.002703 0.982736 0.002556 0.001463 0.002913 0.001866 0.001813 0.002917 0.001229 0.002773 0.982146 0.002638 0.001536 0.002987 0.001962 0.013362 0.053698 0.010869 0.045250 0.758801 0.042442 0.011507 0.051680 0.012390 0.014356 0.056395 0.011801 0.047563 0.744639 0.044935 0.012383 0.054554 0.013374 
0.002128 0.002047 0.001330 0.003350 0.982881 0.003248 0.001158 0.002128 0.001729 0.002240 0.002092 0.001410 0.003456 0.982238 0.003342 0.001216 0.002185 0.001821 0.013106 0.043098 0.010595 0.053823 0.764406 0.050316 0.010881 0.041897 0.011877 0.014114 0.045479 0.011500 0.056514 0.750357 0.052974 0.011781 0.044483 0.012796 
0.002513 0.002518 0.001198 0.003453 0.981449 0.003185 0.001320 0.002225 0.002139 0.002635 0.002572 0.001261 0.003556 0.980787 0.003275 0.001385 0.002277 0.002253 0.015073 0.051387 0.010633 0.055189 0.741407 0.051468 0.011720 0.049010 0.014112 0.016172 0.053990 0.011460 0.057820 0.726841 0.054157 0.012595 0.051740 0.015226 
0.002366 0.003058 0.001335 0.003482 0.980158 0.003052 0.001403 0.002984 0.002162 0.002492 0.003128 0.001399 0.003572 0.979471 0.003133 0.001472 0.003055 0.002278 0.015041 0.058307 0.011979 0.050794 0.729997 0.048522 0.012403 0.058234 0.014722 0.016109 0.061013 0.012922 0.053251 0.715206 0.051059 0.013377 0.061230 0.015833 
0.001990 0.002673 0.001280 0.002971 0.982830 0.002619 0.001209 0.002521 0.001908 0.002096 0.002730 0.001348 0.003054 0.982223 0.002696 0.001258 0.002585 0.002010 0.013787 0.053371 0.010545 0.048925 0.752653 0.045054 0.011152 0.050731 0.013782 0.014823 0.056055 0.011381 0.051469 0.738294 0.047478 0.012054 0.053593 0.014854 
0.002134 0.002067 0.001098 0.003181 0.983596 0.002918 0.001196 0.002072 0.001737 0.002250 0.002113 0.001154 0.003294 0.982975 0.003001 0.001253 0.002126 0.001833 0.012785 0.045571 0.009630 0.051165 0.768272 0.047540 0.010563 0.042282 0.012192 0.013723 0.048099 0.010428 0.053769 0.754363 0.050175 0.011427 0.044799 0.013217 
0.002053 0.002554 0.001367 0.003107 0.982599 0.002729 0.001474 0.002288 0.001830 0.002162 0.002604 0.001436 0.003180 0.981976 0.002810 0.001557 0.002343 0.001932 0.013800 0.050177 0.010821 0.051332 0.753645 0.047480 0.011528 0.048182 0.013034 0.014826 0.052766 0.011716 0.053886 0.739297 0.050070 0.012392 0.050963 0.014083 
0.002086 0.003011 0.001210 0.003339 0.981940 0.002474 0.001297 0.002880 0.001763 0.002192 0.003082 0.001273 0.003435 0.981316 0.002545 0.001361 0.002954 0.001843 0.014365 0.057552 0.011233 0.048640 0.742333 0.044474 0.012755 0.054935 0.013713 0.015447 0.060319 0.012131 0.051088 0.727624 0.046941 0.013730 0.057939 0.014781 
0.001951 0.002300 0.001601 0.003139 0.982542 0.002970 0.001310 0.002358 0.001829 0.002052 0.002345 0.001687 0.003211 0.981945 0.003047 0.001369 0.002422 0.001921 0.013435 0.048841 0.011227 0.051770 0.755896 0.047554 0.012019 0.046773 0.012485 0.014465 0.051376 0.012135 0.054304 0.741590 0.050121 0.012988 0.049518 0.013503 
0.002045 0.002257 0.001387 0.003334 0.982913 0.002914 0.001196 0.002081 0.001874 0.002162 0.002305 0.001456 0.003427 0.982273 0.003005 0.001258 0.002133 0.001980 0.013603 0.045484 0.010177 0.054697 0.760086 0.049599 0.010761 0.042937 0.012656 0.014645 0.047924 0.011006 0.057431 0.745967 0.052254 0.011616 0.045454 0.013703 
0.001871 0.001923 0.001386 0.003174 0.984054 0.002877 0.001214 0.002048 0.001454 0.001968 0.001964 0.001460 0.003249 0.983505 0.002953 0.001279 0.002096 0.001527 0.012715 0.043800 0.010683 0.051799 0.767607 0.048104 0.011392 0.042007 0.011892 0.013700 0.046214 0.011580 0.054398 0.753561 0.050682 0.012308 0.044670 0.012889 
0.001957 0.002037 0.001206 0.002984 0.984633 0.002650 0.001021 0.001883 0.001629 0.002058 0.002090 0.001273 0.003066 0.984057 0.002737 0.001072 0.001929 0.001719 0.013093 0.044584 0.010130 0.051265 0.768896 0.046943 0.010448 0.043151 0.011490 0.014096 0.047005 0.010955 0.053845 0.755103 0.049543 0.011305 0.045745 0.012403 
0.002864 0.002595 0.001160 0.003238 0.980949 0.002690 0.001239 0.002674 0.002590 0.003007 0.002650 0.001216 0.003323 0.980253 0.002768 0.001292 0.002747 0.002743 0.016941 0.054615 0.010380 0.049578 0.743824 0.046203 0.011208 0.051387 0.015865 0.018111 0.057279 0.011203 0.051974 0.729528 0.048653 0.012070 0.054134 0.017048 
0.001878 0.002320 0.001032 0.003246 0.983681 0.002629 0.001123 0.002288 0.001804 0.001969 0.002376 0.001086 0.003329 0.983103 0.002721 0.001177 0.002349 0.001890 0.013462 0.051566 0.010067 0.051161 0.755463 0.047208 0.011041 0.047846 0.012185 0.014489 0.054208 0.010905 0.053747 0.741175 0.049771 0.011918 0.050602 0.013186 
0.001352 0.002099 0.001072 0.002550 0.986366 0.002493 0.000844 0.001940 0.001284 0.001426 0.002149 0.001136 0.002637 0.985847 0.002575 0.000884 0.001995 0.001350 0.011215 0.047200 0.009487 0.045512 0.779367 0.041912 0.010034 0.044576 0.010696 0.012162 0.049758 0.010327 0.047983 0.765705 0.044386 0.010844 0.047234 0.011601 
0.001455 0.001877 0.001098 0.003154 0.985518 0.002580 0.001390 0.001791 0.001136 0.001535 0.001924 0.001159 0.003240 0.984989 0.002666 0.001450 0.001835 0.001202 0.010436 0.042462 0.009970 0.051253 0.778457 0.047195 0.010495 0.040087 0.009646 0.011281 0.044830 0.010804 0.053909 0.765000 0.049829 0.011368 0.042530 0.010448 
0.001567 0.001499 0.001005 0.002809 0.987109 0.002540 0.001099 0.001399 0.000973 0.001654 0.001534 0.001067 0.002874 0.986626 0.002622 0.001154 0.001436 0.001034 0.009825 0.037159 0.008847 0.050928 0.790334 0.050029 0.009209 0.034581 0.009088 0.010651 0.039350 0.009611 0.053527 0.777294 0.052906 0.009943 0.036837 0.009880 
0.001026 0.001148 0.000677 0.002263 0.990167 0.002085 0.000821 0.000971 0.000843 0.001077 0.001179 0.000718 0.002325 0.989778 0.002146 0.000871 0.001008 0.000898 0.007271 0.031201 0.006306 0.043147 0.828725 0.041595 0.007215 0.027569 0.006971 0.007879 0.033142 0.006875 0.045635 0.817399 0.044163 0.007846 0.029456 0.007603 
0.000561 0.000855 0.000487 0.001460 0.993662 0.001304 0.000455 0.000792 0.000424 0.000594 0.000875 0.000517 0.001499 0.993418 0.001347 0.000487 0.000815 0.000447 0.004966 0.025884 0.004635 0.036477 0.859133 0.034225 0.005365 0.024355 0.004960 0.005407 0.027488 0.005078 0.038726 0.849568 0.036482 0.005859 0.025966 0.005427 
0.000185 0.000615 0.000093 0.000624 0.997126 0.000480 0.000202 0.000548 0.000126 0.000203 0.000634 0.000100 0.000650 0.996997 0.000502 0.000213 0.000570 0.000131 0.003169 0.020810 0.002655 0.020852 0.904295 0.022184 0.003017 0.020009 0.003009 0.003479 0.022119 0.002914 0.022255 0.897348 0.023814 0.003301 0.021437 0.003333 
0.000108 0.000705 0.000049 0.000509 0.997563 0.000323 0.000166 0.000499 0.000078 0.000113 0.000723 0.000051 0.000524 0.997465 0.000335 0.000172 0.000532 0.000084 0.002975 0.022226 0.003122 0.018311 0.911097 0.017293 0.003024 0.019329 0.002623 0.003254 0.023623 0.003474 0.019465 0.904756 0.018537 0.003330 0.020647 0.002915 
0.000126 0.000588 0.000095 0.000420 0.997354 0.000441 0.000158 0.000704 0.000116 0.000133 0.000605 0.000098 0.000437 0.997254 0.000458 0.000170 0.000724 0.000122 0.003119 0.022504 0.003087 0.017527 0.910089 0.017117 0.003213 0.020425 0.002919 0.003439 0.023860 0.003415 0.018684 0.903624 0.018337 0.003538 0.021868 0.003237 
0.000126 0.000488 0.000079 0.000551 0.997837 0.000291 0.000055 0.000472 0.000102 0.000133 0.000501 0.000081 0.000565 0.997763 0.000302 0.000058 0.000489 0.000108 0.002635 0.018603 0.002328 0.016944 0.920332 0.016708 0.002667 0.017070 0.002714 0.002870 0.019791 0.002567 0.018109 0.914512 0.018010 0.002916 0.018220 0.003005 
0.000102 0.000576 0.000074 0.000306 0.998013 0.000334 0.000074 0.000464 0.000056 0.000106 0.000594 0.000078 0.000318 0.997941 0.000348 0.000077 0.000476 0.000062 0.002935 0.021666 0.002805 0.017283 0.915369 0.015983 0.002350 0.019038 0.002572 0.003232 0.023033 0.003096 0.018404 0.909411 0.017186 0.002574 0.020237 0.002828 
0.000173 0.000702 0.000104 0.000334 0.997365 0.000403 0.000081 0.000759 0.000081 0.000176 0.000729 0.000106 0.000345 0.997263 0.000429 0.000084 0.000784 0.000083 0.003382 0.025414 0.003152 0.017315 0.907029 0.016440 0.003198 0.021031 0.003037 0.003695 0.026944 0.003481 0.018420 0.900570 0.017593 0.003534 0.022423 0.003340 
0.000081 0.000787 0.000122 0.000367 0.997217 0.000407 0.000122 0.000801 0.000095 0.000085 0.000805 0.000127 0.000381 0.997129 0.000421 0.000126 0.000828 0.000097 0.004140 0.028330 0.003584 0.018570 0.893562 0.018434 0.003869 0.026131 0.003380 0.004546 0.030025 0.003952 0.019746 0.886380 0.019674 0.004267 0.027705 0.003705 
0.000147 0.000938 0.000067 0.000563 0.996932 0.000375 0.000107 0.000723 0.000147 0.000152 0.000955 0.000068 0.000583 0.996847 0.000385 0.000110 0.000748 0.000153 0.004340 0.028199 0.003563 0.019156 0.892470 0.018393 0.003336 0.026846 0.003697 0.004742 0.029800 0.003951 0.020325 0.885297 0.019636 0.003661 0.028498 0.004090 
0.000172 0.000845 0.000132 0.000436 0.997134 0.000528 0.000106 0.000594 0.000053 0.000177 0.000872 0.000135 0.000447 0.997036 0.000558 0.000108 0.000612 0.000056 0.003804 0.026774 0.003236 0.018796 0.896393 0.018307 0.003487 0.025849 0.003355 0.004158 0.028337 0.003557 0.019986 0.889435 0.019594 0.003806 0.027445 0.003682 
0.000200 0.000829 0.000071 0.000486 0.996857 0.000486 0.000143 0.000743 0.000186 0.000210 0.000849 0.000073 0.000496 0.996751 0.000509 0.000149 0.000769 0.000194 0.003929 0.027700 0.003571 0.019857 0.892527 0.018457 0.004114 0.026143 0.003700 0.004292 0.029232 0.003920 0.021032 0.885434 0.019702 0.004488 0.027831 0.004069 
0.000000 0.000000 0.000000 0.000000 1.000000 0.000000 0.000000 0.000000 0.000000 0.000000 0.000000 0.000000 0.000000 1.000000 0.000000 0.000000 0.000000 0.000000 0.000000 0.000000 0.000000 0.034483 0.948276 0.017241 0.000000 0.000000 0.000000 0.000000 0.000000 0.000000 0.036465 0.943924 0.019610 0.000000 0.000000 0.000000 
