0.000348 0.005283 0.000158 0.002483 0.988770 0.001455 0.000158 0.001265 0.000079 0.000359 0.005479 0.000168 0.002626 0.988158 0.001561 0.000165 0.001399 0.000086 0.007403 0.026463 0.006976 0.022445 0.884485 0.017621 0.007956 0.019993 0.006659 0.007902 0.027795 0.007457 0.023668 0.877473 0.018862 0.008479 0.021223 0.007141 
0.000188 0.004102 0.000188 0.002044 0.990613 0.001062 0.000161 0.001520 0.000121 0.000197 0.004275 0.000195 0.002151 0.990102 0.001149 0.000181 0.001610 0.000140 0.007544 0.024892 0.007369 0.021866 0.886501 0.017643 0.007840 0.020118 0.006226 0.008055 0.026079 0.007871 0.023083 0.879552 0.018868 0.008382 0.021358 0.006753 
0.000253 0.005215 0.000193 0.002273 0.988559 0.001471 0.000193 0.001738 0.000104 0.000273 0.005456 0.000244 0.002415 0.987789 0.001568 0.000211 0.001911 0.000132 0.007355 0.025721 0.006865 0.022808 0.885305 0.018484 0.007712 0.019866 0.005884 0.007936 0.026999 0.007362 0.024109 0.878004 0.019779 0.008264 0.021208 0.006339 
0.000327 0.003744 0.000191 0.001634 0.990988 0.001089 0.000177 0.001688 0.000163 0.000347 0.003922 0.000216 0.001735 0.990356 0.001182 0.000197 0.001870 0.000174 0.006535 0.023157 0.006303 0.019740 0.897299 0.015383 0.007351 0.018514 0.005718 0.006985 0.024403 0.006725 0.020876 0.890681 0.016483 0.007860 0.019789 0.006199 
0.000101 0.002395 0.000101 0.001428 0.994706 0.000519 0.000101 0.000620 0.000029 0.000106 0.002503 0.000110 0.001497 0.994400 0.000565 0.000103 0.000688 0.000030 0.004544 0.015667 0.004025 0.014267 0.928692 0.011498 0.004645 0.012378 0.004285 0.004877 0.016531 0.004330 0.015210 0.923906 0.012371 0.004943 0.013229 0.004603 
0.000138 0.001767 0.000092 0.001076 0.995482 0.000553 0.000169 0.000645 0.000077 0.000145 0.001797 0.000102 0.001137 0.995241 0.000604 0.000179 0.000702 0.000093 0.005056 0.015382 0.004349 0.014137 0.927838 0.011125 0.005209 0.012616 0.004287 0.005410 0.016146 0.004646 0.014982 0.923283 0.011849 0.005572 0.013469 0.004643 
0.000160 0.001906 0.000032 0.000705 0.995837 0.000528 0.000080 0.000689 0.000064 0.000169 0.002001 0.000034 0.000793 0.995480 0.000562 0.000087 0.000807 0.000069 0.004772 0.016141 0.004083 0.013675 0.927251 0.011498 0.004740 0.013451 0.004388 0.005143 0.017009 0.004361 0.014507 0.922480 0.012313 0.005063 0.014399 0.004725 
0.000114 0.001499 0.000100 0.000956 0.995989 0.000414 0.000171 0.000657 0.000100 0.000119 0.001588 0.000102 0.000995 0.995737 0.000457 0.000177 0.000720 0.000105 0.006152 0.017114 0.005652 0.016315 0.915513 0.013503 0.005695 0.015202 0.004853 0.006599 0.017995 0.006074 0.017220 0.910205 0.014400 0.006081 0.016244 0.005183 
0.000140 0.001271 0.000140 0.000801 0.996404 0.000445 0.000165 0.000597 0.000038 0.000155 0.001336 0.000146 0.000846 0.996172 0.000474 0.000173 0.000657 0.000042 0.005858 0.018273 0.005502 0.015338 0.914176 0.014168 0.006315 0.015617 0.004752 0.006274 0.019222 0.005867 0.016200 0.908840 0.015096 0.006774 0.016599 0.005128 
0.000098 0.000909 0.000074 0.000688 0.997186 0.000406 0.000111 0.000516 0.000012 0.000103 0.000942 0.000080 0.000716 0.997033 0.000427 0.000129 0.000557 0.000013 0.004940 0.016848 0.004608 0.014292 0.921698 0.013001 0.005505 0.014439 0.004670 0.005308 0.017670 0.004942 0.015145 0.916722 0.013947 0.005890 0.015389 0.004987 
0.000152 0.001278 0.000117 0.000774 0.996564 0.000434 0.000059 0.000563 0.000059 0.000159 0.001426 0.000121 0.000818 0.996295 0.000462 0.000063 0.000592 0.000064 0.004983 0.016756 0.004972 0.014118 0.922505 0.012664 0.005089 0.014165 0.004749 0.005361 0.017785 0.005302 0.014971 0.917542 0.013458 0.005455 0.015010 0.005117 
0.000155 0.001732 0.000103 0.001202 0.995102 0.000556 0.000065 0.000930 0.000155 0.000170 0.001843 0.000108 0.001275 0.994753 0.000595 0.000066 0.001028 0.000161 0.006087 0.019527 0.005389 0.015469 0.912846 0.013259 0.005583 0.016710 0.005131 0.006562 0.020606 0.005750 0.016357 0.907305 0.014130 0.005984 0.017814 0.005491 
0.000062 0.001494 0.000125 0.001121 0.995567 0.000623 0.000149 0.000809 0.000050 0.000068 0.001580 0.000138 0.001171 0.995269 0.000679 0.000164 0.000876 0.000053 0.005940 0.018991 0.005654 0.016999 0.913076 0.014035 0.005230 0.015006 0.005068 0.006374 0.020070 0.006072 0.017977 0.907405 0.014987 0.005614 0.016029 0.005473 
0.000202 0.002236 0.000088 0.001869 0.993381 0.000796 0.000139 0.001200 0.000088 0.000216 0.002319 0.000094 0.002003 0.992853 0.000945 0.000159 0.001317 0.000094 0.005621 0.020260 0.005141 0.017961 0.912140 0.013212 0.005406 0.015940 0.004320 0.006007 0.021343 0.005544 0.018978 0.906380 0.014333 0.005823 0.016953 0.004639 
0.000223 0.001774 0.000066 0.001432 0.994258 0.000736 0.000158 0.001222 0.000131 0.000231 0.001901 0.000073 0.001539 0.993734 0.000833 0.000175 0.001375 0.000138 0.006018 0.017580 0.005242 0.016699 0.916609 0.014085 0.005164 0.014650 0.003955 0.006469 0.018605 0.005661 0.017722 0.910856 0.015159 0.005534 0.015709 0.004285 
0.000214 0.002484 0.000100 0.002526 0.992364 0.000885 0.000086 0.001270 0.000071 0.000217 0.002690 0.000107 0.002702 0.991710 0.001001 0.000088 0.001410 0.000075 0.004325 0.016086 0.004182 0.015658 0.928647 0.011818 0.003954 0.011947 0.003383 0.004662 0.017121 0.004526 0.016746 0.923399 0.012784 0.004236 0.012887 0.003638 
0.000194 0.002138 0.000060 0.002527 0.992839 0.000957 0.000194 0.001061 0.000030 0.000209 0.002306 0.000065 0.002677 0.992278 0.001047 0.000210 0.001178 0.000031 0.003618 0.014741 0.003588 0.014143 0.935340 0.010630 0.003962 0.010914 0.003065 0.003905 0.015763 0.003844 0.015098 0.930424 0.011538 0.004303 0.011785 0.003339 
0.000274 0.003113 0.000129 0.002419 0.992307 0.000726 0.000065 0.000935 0.000032 0.000295 0.003376 0.000138 0.002596 0.991522 0.000843 0.000065 0.001130 0.000036 0.004532 0.015983 0.003903 0.016096 0.928166 0.011838 0.003822 0.012209 0.003451 0.004868 0.017090 0.004239 0.017173 0.922638 0.012821 0.004097 0.013334 0.003740 
0.000413 0.003589 0.000069 0.003699 0.989438 0.001416 0.000179 0.001141 0.000055 0.000426 0.003713 0.000077 0.004005 0.988654 0.001546 0.000200 0.001320 0.000059 0.004263 0.016585 0.004112 0.017287 0.924500 0.013243 0.004635 0.011703 0.003672 0.004558 0.017555 0.004400 0.018570 0.918809 0.014328 0.005037 0.012727 0.004017 
0.000675 0.004337 0.000138 0.003208 0.988709 0.001294 0.000248 0.001281 0.000110 0.000702 0.004579 0.000145 0.003483 0.987761 0.001486 0.000270 0.001454 0.000121 0.006444 0.021481 0.005467 0.020393 0.900391 0.016826 0.007078 0.016606 0.005315 0.006909 0.022814 0.005897 0.021709 0.893372 0.018096 0.007597 0.017853 0.005753 
0.000410 0.003389 0.000212 0.002966 0.990143 0.001243 0.000254 0.001229 0.000155 0.000434 0.003526 0.000229 0.003177 0.989462 0.001355 0.000283 0.001375 0.000159 0.008120 0.026168 0.007569 0.024219 0.878921 0.018951 0.007979 0.020787 0.007287 0.008638 0.027596 0.008162 0.025660 0.871147 0.020230 0.008578 0.022183 0.007806 
0.000249 0.003521 0.000154 0.002513 0.990966 0.001268 0.000107 0.001091 0.000130 0.000265 0.003760 0.000178 0.002714 0.990084 0.001517 0.000116 0.001226 0.000141 0.007824 0.024694 0.007315 0.023355 0.880928 0.019276 0.007872 0.021600 0.007137 0.008379 0.026177 0.007903 0.024814 0.872782 0.020823 0.008419 0.023031 0.007672 
0.000446 0.004366 0.000176 0.003433 0.987970 0.001338 0.000297 0.001811 0.000162 0.000469 0.004585 0.000192 0.003737 0.986915 0.001509 0.000328 0.002085 0.000179 0.007651 0.025156 0.006394 0.022209 0.887049 0.017978 0.007016 0.020668 0.005880 0.008248 0.026625 0.006876 0.023730 0.879093 0.019352 0.007468 0.022262 0.006346 
0.000571 0.010233 0.000304 0.006182 0.976985 0.002663 0.000209 0.002701 0.000152 0.000584 0.010589 0.000324 0.006446 0.975852 0.002862 0.000237 0.002946 0.000160 0.006581 0.029787 0.005992 0.023852 0.886826 0.017081 0.006201 0.018545 0.005136 0.007030 0.031422 0.006361 0.025291 0.879537 0.018250 0.006629 0.019973 0.005507 
0.000454 0.007203 0.000185 0.003820 0.984433 0.001313 0.000252 0.002238 0.000101 0.000492 0.007501 0.000198 0.003968 0.983651 0.001414 0.000273 0.002396 0.000106 0.005554 0.023612 0.005066 0.021154 0.901818 0.014978 0.005772 0.016930 0.005116 0.005964 0.024863 0.005474 0.022418 0.895420 0.016130 0.006212 0.018019 0.005499 
0.000380 0.006048 0.000165 0.002958 0.987193 0.001471 0.000182 0.001520 0.000083 0.000405 0.006258 0.000182 0.003063 0.986469 0.001629 0.000195 0.001694 0.000105 0.006627 0.024408 0.006280 0.021136 0.895427 0.017219 0.006230 0.016806 0.005867 0.007074 0.025618 0.006784 0.022368 0.888550 0.018561 0.006629 0.018131 0.006285 
0.000412 0.005056 0.000158 0.002932 0.988066 0.001379 0.000190 0.001632 0.000174 0.000425 0.005306 0.000171 0.003054 0.987275 0.001501 0.000212 0.001850 0.000205 0.007291 0.025089 0.006672 0.022743 0.888248 0.018575 0.007037 0.018337 0.006007 0.007790 0.026444 0.007153 0.024074 0.881041 0.019808 0.007525 0.019745 0.006420 
0.000117 0.003724 0.000103 0.002375 0.991012 0.001173 0.000176 0.001202 0.000117 0.000126 0.003983 0.000106 0.002473 0.990347 0.001285 0.000215 0.001343 0.000123 0.007038 0.022903 0.006701 0.022096 0.892833 0.017712 0.006290 0.018797 0.005630 0.007595 0.024299 0.007151 0.023250 0.885651 0.018956 0.006772 0.020271 0.006054 
0.000298 0.002712 0.000075 0.001639 0.993100 0.000939 0.000104 0.001073 0.000060 0.000327 0.002874 0.000084 0.001698 0.992651 0.001027 0.000112 0.001166 0.000061 0.006483 0.020358 0.006066 0.018868 0.902577 0.016975 0.006289 0.016751 0.005633 0.007005 0.021607 0.006505 0.019855 0.896159 0.018175 0.006750 0.017881 0.006063 
0.000202 0.001965 0.000135 0.001534 0.994267 0.000659 0.000135 0.001009 0.000094 0.000223 0.002154 0.000145 0.001657 0.993737 0.000736 0.000147 0.001101 0.000100 0.007174 0.019367 0.005922 0.020417 0.900284 0.015774 0.006877 0.018075 0.006110 0.007710 0.020581 0.006388 0.021707 0.893652 0.016812 0.007336 0.019230 0.006585 
0.000145 0.001644 0.000105 0.001605 0.995186 0.000539 0.000092 0.000618 0.000066 0.000154 0.001747 0.000119 0.001701 0.994807 0.000623 0.000109 0.000670 0.000069 0.006944 0.018992 0.006010 0.019807 0.903491 0.016335 0.006826 0.015611 0.005984 0.007457 0.020151 0.006474 0.020984 0.897064 0.017561 0.007301 0.016588 0.006420 
0.000165 0.001486 0.000220 0.001321 0.995488 0.000715 0.000055 0.000385 0.000165 0.000181 0.001677 0.000298 0.001375 0.995078 0.000764 0.000055 0.000398 0.000174 0.007153 0.020690 0.006218 0.019259 0.893413 0.017939 0.006768 0.020470 0.008089 0.007624 0.021997 0.006760 0.020234 0.886629 0.019165 0.007161 0.021688 0.008743 
