0.000737 0.000921 0.001842 0.000737 0.991525 0.000737 0.000737 0.002211 0.000553 0.000745 0.000977 0.001892 0.000756 0.991029 0.000764 0.000831 0.002417 0.000589 0.013265 0.035372 0.016581 0.038873 0.804901 0.033898 0.014554 0.033161 0.009396 0.014335 0.037242 0.017618 0.040892 0.792426 0.035730 0.015764 0.035704 0.010289 
0.001135 0.002433 0.001460 0.001298 0.989132 0.001460 0.000487 0.001622 0.000973 0.001166 0.002535 0.001494 0.001360 0.988622 0.001503 0.000541 0.001781 0.000998 0.021573 0.042336 0.016707 0.053690 0.738362 0.041525 0.023520 0.044282 0.018005 0.022918 0.044629 0.017674 0.056339 0.723957 0.043473 0.024979 0.046481 0.019550 
0.000338 0.001688 0.001520 0.003208 0.990039 0.001182 0.001013 0.000675 0.000338 0.000380 0.001911 0.001544 0.003300 0.989421 0.001220 0.001042 0.000840 0.000343 0.018741 0.047949 0.020091 0.050481 0.736113 0.046092 0.022286 0.039338 0.018909 0.019613 0.050120 0.021226 0.052690 0.722784 0.048215 0.023543 0.041525 0.020284 
0.000498 0.002325 0.000830 0.001661 0.990037 0.001162 0.001162 0.001495 0.000830 0.000506 0.002728 0.000866 0.001708 0.989383 0.001223 0.001189 0.001531 0.000868 0.012288 0.040352 0.011624 0.043341 0.796247 0.038691 0.016440 0.031219 0.009797 0.013348 0.043103 0.012362 0.045848 0.783035 0.041325 0.017404 0.032997 0.010579 
0.000533 0.001066 0.001066 0.001421 0.992009 0.000888 0.002131 0.000355 0.000533 0.000550 0.001077 0.001105 0.001484 0.991700 0.000924 0.002240 0.000369 0.000551 0.009767 0.031433 0.012786 0.036050 0.824720 0.036228 0.015805 0.025040 0.008169 0.010717 0.033544 0.013781 0.037997 0.813450 0.038287 0.016822 0.026468 0.008935 
0.000397 0.001192 0.001590 0.000596 0.991655 0.001590 0.001391 0.000397 0.001192 0.000400 0.001207 0.001623 0.000600 0.991288 0.001672 0.001467 0.000453 0.001291 0.008146 0.025631 0.012915 0.030201 0.852374 0.028412 0.014504 0.018875 0.008941 0.008813 0.027048 0.013986 0.031719 0.842173 0.030251 0.015594 0.020238 0.010178 
0.000615 0.000615 0.001025 0.001845 0.993440 0.000410 0.001230 0.000615 0.000205 0.000632 0.000623 0.001070 0.001862 0.993206 0.000426 0.001312 0.000644 0.000225 0.014965 0.026445 0.013735 0.038540 0.816523 0.037105 0.013735 0.028085 0.010865 0.016009 0.027676 0.014544 0.040425 0.805704 0.039356 0.014598 0.029972 0.011716 
0.000000 0.001329 0.000499 0.002326 0.991359 0.001329 0.001329 0.001662 0.000166 0.000000 0.001522 0.000518 0.002363 0.990981 0.001388 0.001364 0.001690 0.000175 0.014955 0.039382 0.021270 0.044367 0.761715 0.040545 0.024261 0.036225 0.017281 0.015758 0.041222 0.022489 0.046320 0.748939 0.042487 0.025688 0.038505 0.018591 
0.000168 0.001173 0.000838 0.000503 0.993969 0.000670 0.001340 0.000838 0.000503 0.000167 0.001195 0.000875 0.000516 0.993771 0.000680 0.001432 0.000853 0.000512 0.011727 0.033506 0.014240 0.037695 0.801977 0.041213 0.013235 0.033171 0.013235 0.012638 0.035576 0.015041 0.039386 0.789863 0.043988 0.014041 0.035339 0.014128 
0.000627 0.001723 0.002037 0.001723 0.988720 0.001410 0.000940 0.002663 0.000157 0.000640 0.001799 0.002118 0.001771 0.988196 0.001587 0.000963 0.002762 0.000166 0.016450 0.044023 0.020367 0.043710 0.758107 0.043867 0.018173 0.039010 0.016293 0.017375 0.046039 0.021575 0.046329 0.744373 0.046255 0.019269 0.041222 0.017563 
0.001009 0.001682 0.000336 0.003195 0.989909 0.001850 0.000336 0.001177 0.000505 0.001042 0.001746 0.000343 0.003264 0.989540 0.001957 0.000341 0.001255 0.000512 0.023713 0.038009 0.019173 0.051127 0.749243 0.050118 0.018332 0.034645 0.015641 0.025099 0.039468 0.020339 0.053277 0.736489 0.052605 0.019417 0.036623 0.016682 
0.000604 0.000906 0.001360 0.001662 0.991237 0.001662 0.000302 0.001662 0.000604 0.000620 0.001088 0.001420 0.001683 0.990798 0.001697 0.000308 0.001768 0.000619 0.013597 0.032784 0.015410 0.049403 0.777761 0.047439 0.017072 0.034295 0.012237 0.014775 0.034665 0.016777 0.051403 0.764465 0.049803 0.018300 0.036663 0.013148 
0.001140 0.002932 0.001140 0.002606 0.986156 0.001792 0.000814 0.002443 0.000977 0.001189 0.003131 0.001160 0.002872 0.985468 0.001831 0.000839 0.002508 0.001002 0.018241 0.038762 0.018241 0.042997 0.774267 0.038436 0.016775 0.037134 0.015147 0.019491 0.040453 0.019469 0.045243 0.761545 0.040674 0.017833 0.038957 0.016334 
0.000795 0.001591 0.001432 0.002227 0.988864 0.002227 0.000955 0.001432 0.000477 0.000835 0.001620 0.001545 0.002277 0.988502 0.002273 0.000994 0.001460 0.000493 0.015908 0.042475 0.016227 0.043748 0.760579 0.045657 0.020204 0.039771 0.015431 0.016842 0.044658 0.017506 0.045661 0.746832 0.048467 0.021258 0.042220 0.016557 
0.000462 0.001387 0.001233 0.003082 0.988442 0.002157 0.000771 0.001849 0.000616 0.000480 0.001688 0.001280 0.003174 0.987706 0.002235 0.000810 0.002003 0.000624 0.013716 0.045307 0.016489 0.043766 0.765757 0.043150 0.020650 0.037140 0.014024 0.014903 0.047869 0.017481 0.046416 0.750728 0.046171 0.021944 0.039388 0.015101 
0.000190 0.002285 0.001714 0.001524 0.990288 0.001143 0.000952 0.001714 0.000190 0.000191 0.002351 0.001781 0.001613 0.989886 0.001197 0.000980 0.001807 0.000192 0.012759 0.035231 0.009712 0.036564 0.819082 0.031994 0.015235 0.028376 0.011046 0.013629 0.037286 0.010574 0.038463 0.807694 0.033654 0.016245 0.030408 0.012047 
0.001060 0.001211 0.000757 0.001666 0.992580 0.000909 0.000606 0.000757 0.000454 0.001075 0.001217 0.000773 0.001742 0.992367 0.000921 0.000657 0.000778 0.000469 0.015294 0.040733 0.015445 0.043004 0.782707 0.042096 0.016657 0.030285 0.013780 0.016341 0.042864 0.016390 0.045123 0.769428 0.044394 0.017810 0.032588 0.015062 
0.000969 0.001292 0.000807 0.001453 0.991119 0.001453 0.000807 0.001615 0.000484 0.000999 0.001374 0.000828 0.001476 0.990849 0.001483 0.000832 0.001659 0.000500 0.016632 0.034555 0.015501 0.041660 0.785080 0.038592 0.016147 0.038269 0.013564 0.017817 0.036527 0.016473 0.043639 0.772764 0.040832 0.017171 0.040224 0.014552 
0.000155 0.002016 0.000776 0.002016 0.990538 0.000931 0.001551 0.001396 0.000620 0.000155 0.002033 0.000830 0.002090 0.990245 0.000983 0.001585 0.001447 0.000631 0.016132 0.033969 0.011788 0.038468 0.800838 0.036761 0.014425 0.035986 0.011633 0.017347 0.036139 0.012522 0.040715 0.787789 0.038879 0.015570 0.038228 0.012810 
0.000953 0.001335 0.001144 0.001525 0.992564 0.001335 0.000763 0.000191 0.000191 0.001042 0.001541 0.001193 0.001994 0.991661 0.001371 0.000815 0.000193 0.000191 0.020782 0.039466 0.016397 0.039657 0.779028 0.036034 0.016397 0.037941 0.014299 0.022083 0.041976 0.017663 0.041969 0.765521 0.038301 0.017488 0.039836 0.015162 
0.000618 0.003092 0.001031 0.001855 0.989074 0.001855 0.000825 0.001031 0.000618 0.000628 0.003349 0.001053 0.001938 0.988382 0.002138 0.000836 0.001048 0.000629 0.015873 0.040404 0.019996 0.039373 0.782725 0.038136 0.014018 0.037724 0.011750 0.016862 0.042415 0.021601 0.041726 0.769578 0.040858 0.014621 0.039820 0.012518 
0.001115 0.001911 0.001274 0.001911 0.988217 0.000955 0.001752 0.002070 0.000796 0.001144 0.002112 0.001311 0.002092 0.987574 0.000983 0.001813 0.002117 0.000854 0.014172 0.038057 0.017357 0.044427 0.772771 0.040605 0.018471 0.037261 0.016879 0.015132 0.040175 0.018614 0.047070 0.758731 0.042781 0.019493 0.039689 0.018316 
0.000678 0.001863 0.001186 0.002541 0.987127 0.002202 0.002371 0.001863 0.000169 0.000701 0.001938 0.001209 0.002586 0.986750 0.002313 0.002405 0.001920 0.000178 0.014566 0.038110 0.018462 0.046579 0.764736 0.041667 0.019986 0.039465 0.016430 0.015547 0.040230 0.019710 0.048892 0.751130 0.044041 0.021175 0.041478 0.017798 
0.000839 0.001511 0.001007 0.002183 0.988247 0.002351 0.001679 0.002015 0.000168 0.000878 0.001584 0.001031 0.002207 0.987866 0.002413 0.001739 0.002110 0.000172 0.022666 0.042478 0.018133 0.048858 0.733714 0.043318 0.027703 0.044661 0.018469 0.024003 0.044446 0.018979 0.051140 0.719972 0.045118 0.029301 0.047046 0.019994 
0.001056 0.002865 0.001357 0.003770 0.984467 0.001659 0.001810 0.002262 0.000754 0.001079 0.002941 0.001451 0.003899 0.983793 0.001773 0.001924 0.002354 0.000785 0.019002 0.053989 0.020811 0.057156 0.718293 0.046298 0.023375 0.045091 0.015986 0.020058 0.056719 0.022003 0.059925 0.702552 0.048975 0.024836 0.047611 0.017321 
0.000785 0.002041 0.001570 0.003297 0.986185 0.001727 0.001099 0.002355 0.000942 0.000912 0.002126 0.001606 0.003490 0.985240 0.001825 0.001141 0.002698 0.000963 0.016797 0.043171 0.020565 0.048509 0.747724 0.041130 0.021978 0.042386 0.017739 0.018029 0.045286 0.021546 0.051276 0.733063 0.043595 0.023385 0.044845 0.018975 
0.000525 0.001576 0.001226 0.001926 0.990369 0.001401 0.001051 0.001226 0.000700 0.000547 0.001824 0.001295 0.002082 0.989580 0.001554 0.001078 0.001295 0.000744 0.012782 0.032043 0.012607 0.030993 0.833129 0.032219 0.010506 0.024864 0.010856 0.013636 0.034033 0.013447 0.032939 0.821813 0.034147 0.011134 0.027033 0.011818 
0.000648 0.001728 0.001296 0.000648 0.991577 0.001512 0.001296 0.001080 0.000216 0.000921 0.001982 0.001337 0.000667 0.990837 0.001605 0.001336 0.001094 0.000220 0.010151 0.024622 0.010367 0.025486 0.862635 0.024406 0.010799 0.022462 0.009071 0.011292 0.026297 0.011037 0.026692 0.852888 0.026391 0.011634 0.024019 0.009750 
0.000991 0.001785 0.001388 0.001983 0.988102 0.002380 0.001190 0.001586 0.000595 0.001028 0.001903 0.001467 0.001999 0.987597 0.002493 0.001223 0.001677 0.000613 0.015070 0.028951 0.017450 0.038073 0.805671 0.035296 0.017252 0.030934 0.011303 0.015870 0.030452 0.018502 0.040107 0.794756 0.037272 0.018133 0.032738 0.012169 
0.000806 0.001933 0.000806 0.002417 0.988561 0.001450 0.001128 0.002094 0.000806 0.000841 0.001998 0.000840 0.002451 0.988061 0.001487 0.001151 0.002335 0.000834 0.018205 0.045110 0.019816 0.053488 0.737877 0.044949 0.019816 0.040438 0.020300 0.019419 0.047411 0.021129 0.055366 0.724710 0.047301 0.020801 0.042331 0.021533 
0.000475 0.001267 0.000317 0.002375 0.992082 0.000792 0.000950 0.001108 0.000633 0.000482 0.001317 0.000328 0.002422 0.991855 0.000804 0.000969 0.001155 0.000668 0.013777 0.030245 0.014568 0.040380 0.807443 0.031512 0.013143 0.034363 0.014568 0.014572 0.031835 0.015641 0.042690 0.795757 0.033139 0.014191 0.036342 0.015833 
0.000302 0.001662 0.000907 0.001058 0.992596 0.000756 0.000907 0.001662 0.000151 0.000312 0.001715 0.000931 0.001079 0.992389 0.000771 0.000933 0.001715 0.000154 0.016017 0.041402 0.017679 0.045482 0.776065 0.037927 0.018132 0.033243 0.014053 0.017161 0.043296 0.018764 0.047751 0.762842 0.040030 0.019533 0.035415 0.015206 
0.000742 0.001855 0.000928 0.002226 0.990538 0.001484 0.000742 0.001299 0.000186 0.000749 0.001923 0.000949 0.002257 0.990274 0.001561 0.000762 0.001336 0.000190 0.012801 0.032653 0.011503 0.038033 0.800742 0.043599 0.013729 0.032096 0.014842 0.013561 0.034541 0.012273 0.040016 0.789009 0.046237 0.014586 0.033936 0.015841 
0.000478 0.000239 0.000239 0.000478 0.998326 0.000000 0.000000 0.000239 0.000000 0.000539 0.000248 0.000292 0.000478 0.998201 0.000000 0.000000 0.000241 0.000000 0.006934 0.021760 0.006934 0.024390 0.886896 0.023673 0.006456 0.017695 0.005261 0.007590 0.023467 0.007754 0.026240 0.877975 0.025643 0.006899 0.018870 0.005562 
0.000356 0.001248 0.000356 0.001782 0.992693 0.001248 0.000356 0.001248 0.000713 0.000377 0.001288 0.000370 0.001911 0.992170 0.001302 0.000365 0.001481 0.000737 0.010693 0.026911 0.011228 0.034218 0.825521 0.035644 0.014079 0.030298 0.011406 0.011491 0.028218 0.012298 0.036389 0.813379 0.038266 0.015056 0.032660 0.012244 
0.001145 0.002126 0.001799 0.001963 0.987079 0.001472 0.001472 0.002126 0.000818 0.001191 0.002174 0.001924 0.001980 0.986628 0.001562 0.001515 0.002181 0.000845 0.018319 0.036964 0.019627 0.048413 0.746811 0.047105 0.022735 0.040399 0.019627 0.019431 0.038595 0.020927 0.050708 0.732822 0.049677 0.024091 0.042613 0.021137 
0.000494 0.002142 0.000659 0.001977 0.989619 0.001483 0.000824 0.002472 0.000330 0.000517 0.002477 0.000671 0.002021 0.988965 0.001579 0.000863 0.002577 0.000331 0.020102 0.045477 0.018784 0.044159 0.759268 0.043829 0.015324 0.037898 0.015159 0.021440 0.047760 0.019915 0.045836 0.745874 0.046592 0.016209 0.040168 0.016205 
0.000771 0.003086 0.001234 0.001080 0.987348 0.002006 0.001389 0.001852 0.001234 0.000782 0.003147 0.001293 0.001119 0.987022 0.002053 0.001446 0.001874 0.001264 0.022373 0.045672 0.020059 0.055238 0.728591 0.048295 0.021447 0.041969 0.016356 0.023767 0.047677 0.020927 0.057491 0.714484 0.051079 0.022638 0.044310 0.017627 
0.000160 0.002241 0.001921 0.000961 0.990714 0.000801 0.001121 0.000801 0.001281 0.000171 0.002354 0.001980 0.001204 0.990121 0.000809 0.001158 0.000813 0.001389 0.013289 0.030419 0.016330 0.028979 0.817803 0.032981 0.017611 0.032661 0.009926 0.014370 0.032182 0.017529 0.031241 0.804431 0.035427 0.018705 0.034958 0.011157 
0.000316 0.001894 0.000474 0.001421 0.991949 0.001263 0.000789 0.001421 0.000474 0.000325 0.001936 0.000488 0.001448 0.991627 0.001327 0.000811 0.001532 0.000506 0.018627 0.036306 0.018311 0.046409 0.757222 0.048934 0.019258 0.036464 0.018469 0.019715 0.038047 0.019538 0.048353 0.744182 0.051476 0.020319 0.038690 0.019681 
0.000756 0.001815 0.000454 0.001966 0.991077 0.001815 0.000151 0.001664 0.000302 0.000774 0.001832 0.000491 0.002047 0.990459 0.002061 0.000152 0.001873 0.000312 0.015124 0.036146 0.015880 0.044918 0.772535 0.041440 0.020115 0.035995 0.017846 0.015971 0.037948 0.016756 0.046999 0.759777 0.043958 0.021176 0.038293 0.019121 
0.000196 0.000588 0.000000 0.001176 0.997257 0.000392 0.000000 0.000196 0.000196 0.000204 0.000630 0.000000 0.001202 0.997112 0.000398 0.000000 0.000198 0.000256 0.010188 0.025470 0.008817 0.031544 0.844044 0.032524 0.009992 0.025470 0.011951 0.010684 0.026981 0.009460 0.033237 0.834701 0.034283 0.010740 0.027047 0.012865 
0.000558 0.001303 0.000000 0.000744 0.995348 0.000558 0.000372 0.000744 0.000372 0.000562 0.001323 0.000000 0.000792 0.995005 0.000763 0.000379 0.000789 0.000388 0.013956 0.031076 0.012467 0.037774 0.819315 0.032006 0.014514 0.027354 0.011537 0.014761 0.032653 0.013321 0.039637 0.808683 0.034149 0.015387 0.029010 0.012400 
0.000506 0.000000 0.000000 0.000000 0.998988 0.000253 0.000253 0.000000 0.000000 0.000532 0.000000 0.000000 0.000000 0.998915 0.000283 0.000270 0.000000 0.000000 0.002278 0.012149 0.002278 0.010377 0.946596 0.012402 0.002784 0.010124 0.001012 0.002520 0.013354 0.002378 0.010811 0.942231 0.013489 0.003113 0.010985 0.001120 
0.000000 0.000000 0.000000 0.000000 1.000000 0.000000 0.000000 0.000000 0.000000 0.000000 0.000000 0.000000 0.000000 1.000000 0.000000 0.000000 0.000000 0.000000 0.000622 0.005599 0.001555 0.003733 0.977294 0.003110 0.001555 0.004666 0.001866 0.000665 0.006100 0.001771 0.004021 0.974699 0.003537 0.001865 0.005253 0.002088 
