0.000000 0.000810 0.000405 0.001216 0.996759 0.000405 0.000000 0.000405 0.000000 0.000000 0.000843 0.000420 0.001291 0.996584 0.000446 0.000000 0.000415 0.000000 0.006888 0.012966 0.007699 0.014182 0.926661 0.013776 0.002836 0.012156 0.002836 0.007359 0.013891 0.008231 0.014989 0.921816 0.014487 0.003153 0.013087 0.002987 
0.000454 0.002272 0.000227 0.001363 0.993183 0.000909 0.000454 0.000682 0.000454 0.000472 0.002338 0.000228 0.001402 0.992948 0.000922 0.000472 0.000712 0.000506 0.012270 0.027267 0.010907 0.032493 0.835265 0.032720 0.011588 0.024994 0.012497 0.013339 0.029027 0.011650 0.033919 0.824870 0.034388 0.012253 0.026744 0.013810 
0.000580 0.001740 0.001160 0.001353 0.992847 0.000773 0.000580 0.000967 0.000000 0.000582 0.001760 0.001180 0.001377 0.992512 0.000862 0.000608 0.001120 0.000000 0.012179 0.028997 0.011212 0.031510 0.830079 0.030543 0.015852 0.027644 0.011985 0.012928 0.030339 0.011889 0.032745 0.819875 0.032624 0.017120 0.029511 0.012969 
0.000210 0.001259 0.000210 0.001889 0.994332 0.000630 0.000630 0.000210 0.000630 0.000213 0.001277 0.000216 0.001923 0.994129 0.000679 0.000690 0.000214 0.000658 0.012385 0.028967 0.010915 0.036734 0.831654 0.027498 0.013434 0.027498 0.010915 0.013350 0.030249 0.011758 0.038584 0.822063 0.028892 0.014425 0.029020 0.011658 
0.000000 0.001362 0.000195 0.001168 0.993383 0.001362 0.000973 0.001362 0.000195 0.000000 0.001377 0.000196 0.001199 0.993186 0.001426 0.001008 0.001388 0.000219 0.013429 0.030751 0.013429 0.028026 0.843130 0.029778 0.009537 0.021604 0.010315 0.014466 0.032282 0.014334 0.029455 0.833483 0.031620 0.010048 0.023168 0.011145 
0.000747 0.000747 0.000934 0.001307 0.993277 0.000747 0.000747 0.000934 0.000560 0.000764 0.000816 0.000956 0.001371 0.993003 0.000758 0.000759 0.000949 0.000624 0.010084 0.026704 0.011391 0.029132 0.842951 0.027638 0.015126 0.028385 0.008590 0.010724 0.028263 0.012277 0.030555 0.832896 0.029463 0.016153 0.030088 0.009581 
0.000391 0.000196 0.000391 0.001369 0.996089 0.000391 0.000000 0.000978 0.000196 0.000412 0.000200 0.000398 0.001402 0.995956 0.000406 0.000000 0.001029 0.000198 0.013297 0.027767 0.009777 0.027962 0.847086 0.028745 0.010755 0.025420 0.009190 0.014339 0.029307 0.010482 0.029604 0.836736 0.030794 0.011648 0.027245 0.009843 
0.000000 0.001031 0.000773 0.000516 0.994071 0.001289 0.000773 0.001289 0.000258 0.000000 0.001055 0.000796 0.000520 0.993888 0.001361 0.000800 0.001320 0.000261 0.012890 0.024491 0.014437 0.025006 0.847126 0.028358 0.014695 0.021655 0.011343 0.013737 0.025856 0.015175 0.026472 0.837520 0.030184 0.015650 0.022942 0.012463 
0.000235 0.001881 0.000470 0.000941 0.995296 0.000941 0.000000 0.000235 0.000000 0.000259 0.001940 0.000497 0.000956 0.995124 0.000975 0.000000 0.000249 0.000000 0.009407 0.028457 0.012700 0.029163 0.847131 0.027281 0.010113 0.025165 0.010583 0.010048 0.030158 0.013651 0.030743 0.836484 0.029148 0.010993 0.026861 0.011914 
0.000392 0.001371 0.000196 0.001175 0.992949 0.001175 0.001175 0.001175 0.000392 0.000400 0.001478 0.000196 0.001200 0.992630 0.001259 0.001215 0.001221 0.000401 0.010772 0.025852 0.011751 0.028986 0.841363 0.030356 0.013905 0.027223 0.009792 0.011416 0.027492 0.012551 0.030619 0.831406 0.032046 0.015053 0.028953 0.010464 
0.000400 0.001201 0.000600 0.000600 0.994396 0.001201 0.000200 0.001201 0.000200 0.000405 0.001218 0.000608 0.000610 0.994262 0.001238 0.000203 0.001254 0.000202 0.013010 0.031025 0.016013 0.021817 0.839071 0.030424 0.011009 0.025420 0.012210 0.013812 0.032327 0.017090 0.023199 0.829616 0.032140 0.011744 0.026979 0.013092 
0.000755 0.001258 0.000503 0.000252 0.993208 0.000503 0.001509 0.001509 0.000503 0.000797 0.001282 0.000513 0.000255 0.993001 0.000527 0.001576 0.001532 0.000516 0.009811 0.030440 0.012830 0.026918 0.844780 0.025157 0.017107 0.025157 0.007799 0.010623 0.031852 0.013753 0.028103 0.835093 0.026906 0.018447 0.026706 0.008516 
0.000589 0.000884 0.000000 0.000884 0.996463 0.001179 0.000000 0.000000 0.000000 0.000622 0.000901 0.000000 0.000916 0.996339 0.001222 0.000000 0.000000 0.000000 0.005600 0.022989 0.007368 0.018568 0.895078 0.017683 0.008842 0.019747 0.004126 0.006167 0.024306 0.007848 0.019519 0.887802 0.019026 0.009669 0.021014 0.004648 
0.000767 0.000767 0.000384 0.001342 0.994247 0.000575 0.000767 0.000959 0.000192 0.000809 0.000791 0.000411 0.001409 0.993984 0.000593 0.000787 0.001021 0.000195 0.012272 0.029914 0.017066 0.034324 0.827037 0.030105 0.013806 0.026846 0.008629 0.013363 0.032091 0.018317 0.036141 0.815542 0.031740 0.014803 0.028407 0.009596 
0.000196 0.001374 0.000196 0.000785 0.995486 0.000785 0.000393 0.000785 0.000000 0.000198 0.001407 0.000201 0.000797 0.995390 0.000800 0.000409 0.000799 0.000000 0.014132 0.032777 0.012561 0.026497 0.832974 0.029244 0.010010 0.028852 0.012954 0.015073 0.034307 0.013301 0.027913 0.822788 0.031187 0.010515 0.030779 0.014137 
0.000406 0.001015 0.000203 0.001421 0.994722 0.000203 0.000609 0.001218 0.000203 0.000444 0.001082 0.000209 0.001494 0.994470 0.000204 0.000618 0.001266 0.000213 0.010962 0.028218 0.010962 0.023955 0.856476 0.022737 0.013601 0.023549 0.009541 0.011647 0.029851 0.011491 0.025017 0.848248 0.024112 0.014494 0.024939 0.010201 
0.000172 0.000515 0.001030 0.001716 0.993649 0.001030 0.000515 0.000858 0.000515 0.000176 0.000601 0.001068 0.001754 0.993353 0.001075 0.000531 0.000898 0.000545 0.016306 0.040680 0.016135 0.039993 0.793683 0.032784 0.016306 0.029523 0.014590 0.017517 0.042898 0.017290 0.041859 0.782021 0.034566 0.017339 0.030925 0.015584 
0.000335 0.002009 0.000335 0.001674 0.991463 0.001507 0.000837 0.001004 0.000837 0.000401 0.002049 0.000342 0.001704 0.991194 0.001527 0.000900 0.001024 0.000860 0.013894 0.040341 0.015065 0.036491 0.798293 0.034148 0.018915 0.030465 0.012387 0.014776 0.042328 0.016196 0.038259 0.786277 0.036262 0.020204 0.032486 0.013211 
0.000388 0.000194 0.000194 0.001165 0.997865 0.000000 0.000000 0.000000 0.000194 0.000404 0.000205 0.000196 0.001175 0.997803 0.000000 0.000000 0.000000 0.000216 0.011840 0.027950 0.010675 0.036102 0.839674 0.028144 0.010287 0.026786 0.008540 0.012589 0.029541 0.011650 0.037846 0.829979 0.030119 0.010857 0.028385 0.009033 
0.000201 0.000604 0.000201 0.000806 0.996374 0.001209 0.000201 0.000000 0.000403 0.000208 0.000632 0.000205 0.000815 0.996257 0.001260 0.000202 0.000000 0.000422 0.011684 0.025181 0.011080 0.029815 0.835616 0.035455 0.012691 0.026189 0.012288 0.012589 0.026800 0.011861 0.031266 0.825080 0.037461 0.013591 0.028112 0.013241 
0.000000 0.000207 0.000620 0.001033 0.995663 0.000826 0.000207 0.001239 0.000207 0.000000 0.000206 0.000636 0.001041 0.995523 0.000864 0.000214 0.001294 0.000220 0.013011 0.035316 0.011772 0.039033 0.813094 0.033664 0.016316 0.030359 0.007435 0.013977 0.036818 0.012460 0.041078 0.802641 0.035317 0.017333 0.032295 0.008081 
0.000746 0.001118 0.001305 0.001305 0.993849 0.000746 0.000186 0.000559 0.000186 0.000774 0.001177 0.001348 0.001337 0.993641 0.000768 0.000188 0.000569 0.000197 0.012488 0.027773 0.011370 0.030568 0.846412 0.022740 0.012675 0.024045 0.011929 0.013361 0.029497 0.012108 0.032224 0.836782 0.024136 0.013469 0.025572 0.012851 
0.000188 0.000564 0.000564 0.000564 0.996053 0.000940 0.000188 0.000376 0.000564 0.000197 0.000570 0.000587 0.000572 0.995898 0.000979 0.000231 0.000390 0.000576 0.012406 0.027444 0.013722 0.033647 0.820489 0.036090 0.015977 0.028383 0.011842 0.013267 0.028837 0.014620 0.035108 0.810414 0.037816 0.017141 0.030009 0.012788 
0.000262 0.000785 0.000262 0.001570 0.994504 0.001047 0.000785 0.000523 0.000262 0.000293 0.000818 0.000264 0.001591 0.994351 0.001083 0.000800 0.000538 0.000262 0.009422 0.024601 0.008636 0.027480 0.866789 0.024077 0.012824 0.017796 0.008375 0.010018 0.026349 0.009333 0.028878 0.857648 0.025812 0.013544 0.019137 0.009282 
0.000545 0.000818 0.000273 0.002181 0.992912 0.000818 0.000818 0.001091 0.000545 0.000555 0.000827 0.000283 0.002215 0.992741 0.000850 0.000838 0.001109 0.000583 0.011996 0.025627 0.014722 0.031080 0.835333 0.033261 0.011996 0.025627 0.010360 0.013010 0.026890 0.015842 0.032588 0.824664 0.035222 0.013292 0.027075 0.011417 
