0.006304 0.131232 0.002292 0.120344 0.698567 0.017765 0.001719 0.021203 0.000573 0.006316 0.131439 0.002338 0.120324 0.697167 0.018393 0.001734 0.021706 0.000584 0.009169 0.138682 0.004011 0.129513 0.656734 0.028653 0.004011 0.027507 0.001719 0.009398 0.139014 0.004271 0.129955 0.651206 0.031243 0.004035 0.028856 0.002023 
0.005560 0.080553 0.001422 0.066589 0.810706 0.021722 0.000646 0.012542 0.000259 0.005630 0.080795 0.001442 0.066688 0.809402 0.022297 0.000660 0.012822 0.000264 0.007887 0.093354 0.002974 0.077321 0.760667 0.033488 0.002069 0.020817 0.001422 0.008044 0.094393 0.003163 0.077955 0.754780 0.035476 0.002265 0.022260 0.001664 
0.007329 0.073874 0.001416 0.049055 0.835846 0.022570 0.000666 0.009245 0.000000 0.007380 0.074166 0.001466 0.049197 0.834390 0.023158 0.000676 0.009567 0.000000 0.010494 0.086116 0.003165 0.056384 0.789706 0.031731 0.001832 0.019155 0.001416 0.010810 0.087342 0.003311 0.057231 0.783479 0.033686 0.001885 0.020610 0.001645 
0.007678 0.058957 0.001028 0.039693 0.856996 0.020909 0.000960 0.013025 0.000754 0.007774 0.059325 0.001066 0.039969 0.855347 0.021467 0.000977 0.013286 0.000789 0.010077 0.069445 0.002399 0.048811 0.811956 0.030575 0.003565 0.020361 0.002811 0.010377 0.070614 0.002573 0.049892 0.805572 0.032403 0.003846 0.021642 0.003081 
0.004389 0.055530 0.001404 0.031949 0.876302 0.017788 0.000644 0.011469 0.000527 0.004434 0.055859 0.001438 0.032212 0.874500 0.018335 0.000658 0.011999 0.000565 0.007197 0.067525 0.003277 0.042715 0.826858 0.027970 0.002516 0.019661 0.002282 0.007409 0.068451 0.003582 0.043770 0.820537 0.029750 0.002664 0.021404 0.002434 
0.003585 0.056504 0.002033 0.033442 0.869602 0.025202 0.000642 0.008775 0.000214 0.003629 0.057130 0.002070 0.033759 0.867497 0.025896 0.000649 0.009150 0.000220 0.006421 0.068115 0.004067 0.043930 0.821392 0.033549 0.002515 0.018086 0.001926 0.006627 0.069611 0.004300 0.045231 0.814914 0.034940 0.002698 0.019524 0.002155 
0.003999 0.056998 0.001850 0.043748 0.849060 0.031931 0.000776 0.011221 0.000418 0.004042 0.057261 0.001950 0.044039 0.846708 0.033245 0.000792 0.011538 0.000426 0.007341 0.069054 0.003700 0.055386 0.800418 0.040406 0.003521 0.018442 0.001731 0.007620 0.069929 0.003921 0.056445 0.794298 0.042589 0.003692 0.019641 0.001865 
0.005061 0.051682 0.001943 0.038544 0.863102 0.028883 0.001125 0.009355 0.000307 0.005125 0.051940 0.002020 0.038945 0.860941 0.029810 0.001168 0.009735 0.000316 0.008588 0.063593 0.004652 0.049381 0.812391 0.036755 0.003578 0.018710 0.002351 0.008915 0.064550 0.005001 0.050446 0.806175 0.038417 0.003864 0.020130 0.002502 
0.002709 0.045522 0.001700 0.034314 0.878307 0.026612 0.000425 0.009880 0.000531 0.002717 0.046046 0.001770 0.034950 0.875577 0.027615 0.000443 0.010316 0.000566 0.006427 0.057421 0.004887 0.044141 0.824657 0.037608 0.002337 0.019654 0.002868 0.006664 0.058845 0.005233 0.045452 0.817542 0.039593 0.002585 0.020956 0.003129 
0.005102 0.066327 0.000510 0.062245 0.841837 0.012755 0.001020 0.009694 0.000510 0.005106 0.067329 0.000514 0.062284 0.839496 0.013930 0.001026 0.009803 0.000512 0.005612 0.075510 0.000510 0.065816 0.819898 0.015306 0.001020 0.014286 0.002041 0.005612 0.076816 0.000513 0.066134 0.816619 0.016570 0.001025 0.014638 0.002072 
0.002008 0.026539 0.000502 0.033568 0.927127 0.006527 0.000789 0.002869 0.000072 0.002019 0.026904 0.000535 0.034076 0.925077 0.007219 0.000928 0.003170 0.000073 0.007244 0.044183 0.004590 0.050710 0.849591 0.021589 0.003586 0.014704 0.003801 0.007570 0.045387 0.004939 0.051846 0.843668 0.023029 0.003938 0.015652 0.003971 
0.001454 0.018744 0.000536 0.020733 0.947670 0.006273 0.000306 0.003978 0.000306 0.001464 0.018999 0.000555 0.021166 0.946035 0.006807 0.000314 0.004207 0.000453 0.008492 0.042766 0.006426 0.046592 0.827787 0.032017 0.006809 0.022072 0.007038 0.008868 0.044116 0.006887 0.047963 0.819895 0.033974 0.007317 0.023340 0.007639 
0.001193 0.018137 0.000520 0.014895 0.957028 0.005291 0.000428 0.002416 0.000092 0.001214 0.018545 0.000534 0.015124 0.956008 0.005505 0.000448 0.002515 0.000106 0.006453 0.035020 0.005689 0.033674 0.869372 0.021838 0.005475 0.017097 0.005383 0.006808 0.036460 0.006110 0.035048 0.862242 0.023320 0.005837 0.018328 0.005846 
0.002053 0.026252 0.000828 0.022291 0.937700 0.006266 0.000576 0.003817 0.000216 0.002113 0.026740 0.000914 0.022567 0.936276 0.006600 0.000596 0.003949 0.000246 0.007995 0.046167 0.005870 0.040153 0.847600 0.023119 0.005834 0.019014 0.004249 0.008458 0.047518 0.006273 0.041534 0.840243 0.024861 0.006209 0.020294 0.004609 
0.001757 0.029505 0.000538 0.024199 0.932387 0.006919 0.000645 0.003764 0.000287 0.001777 0.029846 0.000565 0.024586 0.931055 0.007270 0.000683 0.003922 0.000296 0.007672 0.049581 0.006561 0.042841 0.840288 0.022012 0.006632 0.019108 0.005306 0.008075 0.050915 0.007014 0.044190 0.833232 0.023427 0.007111 0.020355 0.005682 
0.006451 0.036170 0.000435 0.038634 0.907944 0.004494 0.000870 0.004639 0.000362 0.006553 0.036565 0.000444 0.039093 0.906378 0.004755 0.000969 0.004866 0.000378 0.018339 0.067556 0.012395 0.072485 0.721151 0.047840 0.014787 0.033705 0.011743 0.018982 0.068693 0.013072 0.074120 0.711786 0.050014 0.015698 0.035236 0.012398 
0.006720 0.037400 0.000730 0.067787 0.874361 0.007012 0.000584 0.005259 0.000146 0.006784 0.037795 0.000757 0.069264 0.871690 0.007431 0.000600 0.005471 0.000206 0.015486 0.061213 0.010226 0.093207 0.732798 0.041490 0.008619 0.027757 0.009204 0.015948 0.062365 0.010819 0.095540 0.724181 0.043478 0.009115 0.028817 0.009737 
0.001699 0.050106 0.001274 0.059023 0.876433 0.003822 0.000425 0.007219 0.000000 0.001788 0.050913 0.001299 0.059498 0.874416 0.003918 0.000427 0.007741 0.000000 0.003822 0.062845 0.002548 0.073036 0.821231 0.016136 0.002548 0.015287 0.002548 0.003972 0.064376 0.002730 0.074600 0.815487 0.017050 0.002678 0.016471 0.002635 
0.001058 0.004234 0.000847 0.003175 0.988146 0.000423 0.000212 0.000423 0.001482 0.001171 0.004291 0.000922 0.003190 0.987519 0.000431 0.000223 0.000484 0.001769 0.004234 0.033023 0.002540 0.024767 0.875106 0.027519 0.003387 0.025402 0.004022 0.004667 0.035153 0.002802 0.026515 0.865654 0.029264 0.003703 0.027759 0.004484 
0.001260 0.001260 0.000210 0.002100 0.992018 0.000210 0.000840 0.000840 0.001260 0.001351 0.001285 0.000223 0.002395 0.991066 0.000262 0.000922 0.000962 0.001534 0.003781 0.017223 0.001470 0.030666 0.885738 0.035077 0.004201 0.019324 0.002520 0.004125 0.018543 0.001653 0.032415 0.877517 0.037210 0.004515 0.021032 0.002990 
0.000640 0.000853 0.000000 0.000427 0.996160 0.000213 0.000427 0.000640 0.000640 0.000661 0.000866 0.000000 0.000433 0.995821 0.000249 0.000435 0.000852 0.000683 0.001920 0.024536 0.001707 0.028163 0.893749 0.026883 0.003627 0.017282 0.002134 0.002048 0.026488 0.001855 0.030155 0.885488 0.028529 0.004243 0.018886 0.002308 
0.000000 0.000864 0.000000 0.003024 0.995248 0.000000 0.000000 0.000864 0.000000 0.000000 0.001171 0.000000 0.003068 0.994739 0.000000 0.000000 0.001022 0.000000 0.006048 0.021166 0.006911 0.029374 0.881641 0.019870 0.006479 0.021166 0.007343 0.006569 0.023246 0.007884 0.031058 0.870745 0.021584 0.007406 0.023376 0.008132 
0.005747 0.051724 0.001916 0.026820 0.879310 0.011494 0.001916 0.021073 0.000000 0.005738 0.051867 0.001957 0.027267 0.877887 0.011818 0.001913 0.021554 0.000000 0.009579 0.047893 0.013410 0.044061 0.833333 0.017241 0.003831 0.030651 0.000000 0.009658 0.048631 0.013764 0.044723 0.829999 0.017639 0.003816 0.031771 0.000000 
0.001469 0.021530 0.000693 0.012635 0.951980 0.006373 0.000526 0.004544 0.000249 0.001534 0.021993 0.000713 0.012922 0.950540 0.006628 0.000609 0.004804 0.000257 0.007869 0.042672 0.006733 0.034193 0.847987 0.026435 0.006151 0.023137 0.004821 0.008248 0.044009 0.007091 0.035692 0.841005 0.027741 0.006567 0.024508 0.005139 
0.000760 0.005291 0.000478 0.006586 0.978442 0.004433 0.000521 0.003152 0.000338 0.000827 0.005711 0.000544 0.006818 0.976976 0.004787 0.000560 0.003410 0.000368 0.009189 0.028692 0.007880 0.036094 0.846844 0.032323 0.007655 0.023500 0.007824 0.009852 0.030506 0.008545 0.037819 0.837120 0.034212 0.008229 0.025227 0.008490 
0.000444 0.003497 0.000258 0.003425 0.986114 0.003181 0.000258 0.002637 0.000186 0.000482 0.003778 0.000270 0.003597 0.984995 0.003510 0.000289 0.002872 0.000208 0.006506 0.021681 0.006749 0.030867 0.871532 0.029935 0.006735 0.020134 0.005861 0.007059 0.023238 0.007273 0.032585 0.862311 0.031974 0.007321 0.021803 0.006434 
0.000278 0.002057 0.000130 0.003318 0.989324 0.001928 0.000278 0.002298 0.000389 0.000287 0.002251 0.000140 0.003614 0.988274 0.002115 0.000309 0.002569 0.000441 0.006839 0.019147 0.006339 0.031083 0.876019 0.026987 0.007192 0.020055 0.006339 0.007384 0.020614 0.006848 0.032883 0.867114 0.028730 0.007755 0.021682 0.006989 
0.000497 0.009748 0.000099 0.006117 0.974437 0.003979 0.000149 0.004774 0.000199 0.000527 0.010080 0.000105 0.006535 0.972895 0.004266 0.000156 0.005226 0.000211 0.003382 0.018899 0.001790 0.015069 0.931367 0.012284 0.001989 0.013279 0.001940 0.003673 0.019867 0.001989 0.016402 0.925721 0.013390 0.002185 0.014634 0.002139 
0.000616 0.008975 0.000176 0.007919 0.974351 0.003784 0.000396 0.003652 0.000132 0.000648 0.009253 0.000202 0.008268 0.972953 0.004104 0.000440 0.003997 0.000135 0.002376 0.017598 0.001892 0.017906 0.933788 0.012451 0.001628 0.010867 0.001496 0.002581 0.018539 0.002128 0.019089 0.928457 0.013646 0.001782 0.012123 0.001655 
0.000659 0.013796 0.000439 0.010720 0.964413 0.003603 0.000176 0.006019 0.000176 0.000689 0.014345 0.000490 0.010979 0.962586 0.003967 0.000192 0.006568 0.000183 0.002592 0.023769 0.002329 0.022275 0.918369 0.011906 0.002856 0.014411 0.001494 0.002780 0.025077 0.002601 0.023314 0.912541 0.013137 0.003048 0.015870 0.001633 
0.001495 0.036668 0.000299 0.025608 0.915305 0.006975 0.000299 0.013352 0.000000 0.001496 0.037536 0.000358 0.026195 0.912642 0.007419 0.000306 0.014047 0.000000 0.003587 0.045436 0.002491 0.037664 0.868772 0.016839 0.002292 0.020825 0.002092 0.003689 0.046849 0.002707 0.039240 0.862237 0.018355 0.002415 0.022259 0.002250 
0.003507 0.147867 0.000584 0.066043 0.765050 0.003507 0.000584 0.012858 0.000000 0.003511 0.148781 0.000703 0.066267 0.762510 0.003612 0.000595 0.014021 0.000000 0.003507 0.149036 0.001753 0.067212 0.757452 0.004676 0.001169 0.015196 0.000000 0.003507 0.149839 0.001982 0.067361 0.754148 0.004807 0.001233 0.017121 0.000000 
0.004964 0.040998 0.000709 0.039451 0.899117 0.007735 0.001160 0.005608 0.000258 0.004983 0.041312 0.000803 0.039699 0.897745 0.008157 0.001202 0.005813 0.000285 0.010636 0.061884 0.007542 0.058660 0.802295 0.023077 0.008960 0.021530 0.005415 0.010943 0.063105 0.008177 0.059655 0.795437 0.024660 0.009499 0.022703 0.005822 
0.009559 0.049690 0.001378 0.064158 0.851877 0.009473 0.002411 0.011109 0.000344 0.009629 0.050366 0.001392 0.064847 0.849375 0.009917 0.002462 0.011665 0.000347 0.013004 0.061144 0.004134 0.076645 0.799173 0.018171 0.006200 0.019204 0.002325 0.013302 0.062229 0.004346 0.077802 0.793902 0.019159 0.006398 0.020425 0.002438 
0.000000 0.000000 0.000000 1.000000 0.000000 0.000000 0.000000 0.000000 0.000000 0.000000 0.000000 0.000000 1.000000 0.000000 0.000000 0.000000 0.000000 0.000000 0.000000 0.000000 0.000000 1.000000 0.000000 0.000000 0.000000 0.000000 0.000000 0.000000 0.000000 0.000000 1.000000 0.000000 0.000000 0.000000 0.000000 0.000000 
0.001234 0.033459 0.000290 0.018000 0.927929 0.003992 0.000218 0.014588 0.000290 0.001252 0.033749 0.000295 0.018238 0.926846 0.004106 0.000222 0.014996 0.000296 0.004137 0.049427 0.002540 0.035419 0.852010 0.022500 0.001887 0.028814 0.003266 0.004264 0.050304 0.002709 0.036492 0.846872 0.023889 0.001971 0.030105 0.003395 
0.000243 0.003933 0.000052 0.003483 0.988582 0.000918 0.000035 0.002703 0.000052 0.000246 0.003979 0.000053 0.003526 0.988372 0.000945 0.000036 0.002791 0.000053 0.004591 0.024447 0.003413 0.019232 0.904118 0.016425 0.003153 0.020167 0.004453 0.004818 0.025305 0.003604 0.019906 0.900255 0.017135 0.003325 0.020992 0.004660 
0.000048 0.000685 0.000012 0.000745 0.997777 0.000204 0.000012 0.000517 0.000000 0.000049 0.000702 0.000012 0.000757 0.997704 0.000223 0.000012 0.000539 0.000000 0.004110 0.018821 0.003786 0.016526 0.918236 0.015432 0.003534 0.015673 0.003882 0.004378 0.019700 0.004021 0.017237 0.914192 0.016117 0.003751 0.016485 0.004119 
0.000115 0.000356 0.000046 0.000494 0.998598 0.000115 0.000011 0.000207 0.000057 0.000119 0.000396 0.000047 0.000512 0.998490 0.000120 0.000012 0.000242 0.000062 0.003587 0.016749 0.003230 0.014059 0.928473 0.013508 0.003046 0.014117 0.003230 0.003857 0.017761 0.003475 0.014810 0.924152 0.014147 0.003286 0.015022 0.003489 
0.000090 0.000307 0.000013 0.000128 0.999014 0.000038 0.000077 0.000243 0.000090 0.000105 0.000326 0.000015 0.000136 0.998891 0.000042 0.000085 0.000303 0.000097 0.002522 0.011213 0.002189 0.007770 0.953087 0.007424 0.002278 0.011367 0.002150 0.002785 0.012104 0.002405 0.008321 0.949199 0.007974 0.002492 0.012368 0.002351 
0.000046 0.000540 0.000092 0.000185 0.998613 0.000231 0.000015 0.000231 0.000046 0.000046 0.000563 0.000112 0.000188 0.998491 0.000277 0.000016 0.000248 0.000058 0.011762 0.033236 0.009712 0.030815 0.830553 0.026360 0.013350 0.033775 0.010436 0.012658 0.035029 0.010506 0.032206 0.820524 0.027660 0.014332 0.035842 0.011244 
