0.000092 0.001705 0.000073 0.001577 0.995342 0.000440 0.000018 0.000715 0.000037 0.000099 0.001770 0.000091 0.001618 0.995105 0.000476 0.000021 0.000780 0.000040 0.015147 0.033889 0.012910 0.025655 0.819424 0.024243 0.016853 0.036035 0.015844 0.016052 0.035508 0.013848 0.026826 0.809072 0.025425 0.018042 0.038209 0.017018 
0.001083 0.036268 0.000180 0.018044 0.935763 0.003248 0.000000 0.005413 0.000000 0.001087 0.036425 0.000187 0.018338 0.934647 0.003514 0.000000 0.005803 0.000000 0.007037 0.051786 0.004691 0.031397 0.853122 0.016961 0.007037 0.018585 0.009383 0.007428 0.052689 0.004942 0.032307 0.847283 0.018013 0.007505 0.019864 0.009970 
0.003677 0.041837 0.000899 0.028845 0.906684 0.009315 0.001226 0.007272 0.000245 0.003710 0.042172 0.000914 0.029113 0.905124 0.009748 0.001294 0.007646 0.000278 0.007599 0.061285 0.005230 0.046168 0.826606 0.022880 0.005230 0.021327 0.003677 0.007765 0.062660 0.005459 0.047220 0.820643 0.024137 0.005533 0.022533 0.004051 
0.002621 0.014426 0.000706 0.011326 0.962101 0.004444 0.000684 0.003396 0.000296 0.002682 0.014725 0.000733 0.011483 0.961130 0.004647 0.000705 0.003584 0.000311 0.011212 0.040337 0.007794 0.034503 0.840953 0.024043 0.008683 0.025251 0.007224 0.011787 0.041799 0.008352 0.035793 0.833112 0.025516 0.009163 0.026772 0.007707 
0.001432 0.009862 0.000537 0.008172 0.972958 0.002883 0.000597 0.003161 0.000398 0.001471 0.010237 0.000559 0.008429 0.971570 0.003075 0.000648 0.003582 0.000430 0.010777 0.035731 0.007238 0.030720 0.856899 0.020520 0.007595 0.023224 0.007297 0.011491 0.037442 0.007777 0.032153 0.848206 0.021920 0.008120 0.024999 0.007891 
0.001691 0.010602 0.000777 0.007311 0.971394 0.003130 0.000617 0.004181 0.000297 0.001750 0.011077 0.000835 0.007747 0.969560 0.003519 0.000681 0.004479 0.000352 0.010167 0.038979 0.008842 0.029223 0.847990 0.021546 0.008705 0.028537 0.006009 0.011064 0.041080 0.009512 0.031208 0.837571 0.023363 0.009343 0.030339 0.006520 
0.000944 0.007347 0.000472 0.017569 0.964075 0.006313 0.000539 0.002584 0.000157 0.000972 0.007611 0.000519 0.018945 0.961594 0.006725 0.000579 0.002868 0.000188 0.005347 0.027141 0.006718 0.033431 0.877148 0.021209 0.005909 0.017906 0.005190 0.005727 0.028844 0.007245 0.035883 0.867649 0.022729 0.006389 0.019810 0.005724 
0.000669 0.005047 0.000365 0.011614 0.975333 0.004398 0.000547 0.001804 0.000223 0.000709 0.005237 0.000379 0.012281 0.973778 0.004791 0.000565 0.001994 0.000267 0.006729 0.023613 0.006648 0.028355 0.884896 0.019843 0.006121 0.018424 0.005371 0.007232 0.025125 0.007215 0.030135 0.876503 0.021392 0.006547 0.019962 0.005890 
0.000572 0.004023 0.000364 0.007438 0.981326 0.004265 0.000485 0.001318 0.000208 0.000598 0.004190 0.000390 0.007921 0.980157 0.004565 0.000533 0.001423 0.000223 0.005930 0.021743 0.005965 0.022437 0.898289 0.019559 0.005843 0.015640 0.004595 0.006390 0.023093 0.006497 0.023956 0.890741 0.021074 0.006334 0.016883 0.005032 
0.000389 0.003602 0.000227 0.006247 0.984554 0.002953 0.000308 0.001590 0.000130 0.000399 0.003743 0.000255 0.006709 0.983517 0.003203 0.000347 0.001690 0.000137 0.005744 0.020249 0.005030 0.021076 0.905813 0.015901 0.005419 0.015852 0.004916 0.006152 0.021502 0.005442 0.022580 0.898873 0.017165 0.005896 0.017037 0.005354 
0.003063 0.025176 0.001244 0.021698 0.923067 0.011743 0.001532 0.011679 0.000798 0.003203 0.025747 0.001320 0.022898 0.919058 0.012623 0.001626 0.012666 0.000859 0.013178 0.055586 0.012221 0.045981 0.781008 0.033473 0.010945 0.037429 0.010179 0.014113 0.057617 0.013136 0.048284 0.768152 0.035610 0.011746 0.040354 0.010988 
0.004847 0.027431 0.001375 0.025025 0.916194 0.011619 0.001409 0.011069 0.001031 0.004969 0.028033 0.001476 0.026267 0.911998 0.012581 0.001585 0.011942 0.001149 0.016844 0.065450 0.014300 0.052559 0.745866 0.034925 0.015503 0.042831 0.011722 0.017816 0.067648 0.015153 0.055010 0.732185 0.037232 0.016550 0.045699 0.012706 
0.002957 0.017963 0.001152 0.018087 0.931511 0.013293 0.001463 0.012826 0.000747 0.003038 0.018477 0.001253 0.018818 0.928230 0.014224 0.001563 0.013561 0.000837 0.020983 0.060301 0.017184 0.051118 0.719600 0.047475 0.018834 0.050557 0.013947 0.022375 0.062797 0.018320 0.053175 0.704686 0.050209 0.020008 0.053342 0.015089 
0.002232 0.023801 0.000629 0.023329 0.916525 0.016066 0.000912 0.015815 0.000692 0.002305 0.024649 0.000699 0.024411 0.911788 0.017458 0.000968 0.016943 0.000778 0.008395 0.045274 0.005188 0.042225 0.824467 0.032730 0.005313 0.031158 0.005251 0.008918 0.047553 0.005684 0.044427 0.812675 0.035641 0.005717 0.033606 0.005780 
0.000102 0.007421 0.000203 0.004473 0.974891 0.004880 0.000000 0.007828 0.000203 0.000132 0.008068 0.000282 0.004838 0.972531 0.005445 0.000000 0.008472 0.000231 0.006099 0.025923 0.004473 0.029379 0.871912 0.027041 0.004066 0.025719 0.005388 0.006715 0.027833 0.004921 0.030724 0.862420 0.029403 0.004442 0.027771 0.005771 
0.005633 0.026555 0.001150 0.040005 0.902747 0.012300 0.002184 0.008162 0.001265 0.005763 0.027189 0.001159 0.040565 0.900130 0.012961 0.002245 0.008611 0.001377 0.019542 0.051960 0.010001 0.063915 0.773537 0.031728 0.011036 0.028394 0.009886 0.020525 0.053661 0.010485 0.065304 0.765039 0.033255 0.011522 0.029825 0.010383 
0.003474 0.026180 0.001864 0.022325 0.921164 0.013302 0.001694 0.009447 0.000551 0.003511 0.026816 0.002013 0.022952 0.918048 0.014254 0.001771 0.010046 0.000589 0.020419 0.062103 0.015928 0.055918 0.731001 0.043633 0.016606 0.042150 0.012243 0.021523 0.064009 0.016985 0.057691 0.718394 0.046421 0.017464 0.044473 0.013041 
0.001406 0.018722 0.000843 0.012959 0.944958 0.006016 0.001602 0.012959 0.000534 0.001631 0.019462 0.000946 0.014508 0.940306 0.007023 0.001759 0.013763 0.000601 0.016220 0.054255 0.014027 0.050291 0.764063 0.035139 0.014168 0.041661 0.010176 0.017560 0.057012 0.015108 0.053431 0.748134 0.037946 0.015286 0.044532 0.010991 
0.003046 0.021324 0.001186 0.019143 0.934105 0.007952 0.002597 0.010004 0.000641 0.003137 0.021999 0.001266 0.020157 0.930443 0.008904 0.002823 0.010577 0.000694 0.017027 0.053518 0.014462 0.053518 0.759636 0.036010 0.016546 0.037453 0.011832 0.018121 0.055737 0.015508 0.055919 0.746203 0.038587 0.017561 0.039697 0.012668 
0.003121 0.021248 0.002396 0.020429 0.925536 0.013745 0.002333 0.010088 0.001103 0.003194 0.021879 0.002555 0.021842 0.921111 0.015042 0.002395 0.010746 0.001235 0.025347 0.064502 0.025662 0.062610 0.677900 0.050883 0.024779 0.049338 0.018979 0.026870 0.066737 0.027054 0.065259 0.662117 0.053626 0.025931 0.051916 0.020490 
0.002028 0.022687 0.001136 0.015710 0.933400 0.013872 0.000892 0.009789 0.000487 0.002066 0.023230 0.001200 0.016255 0.930483 0.014763 0.000960 0.010496 0.000547 0.006814 0.040641 0.006436 0.032097 0.847899 0.029636 0.006895 0.024823 0.004759 0.007263 0.042364 0.006902 0.033532 0.838695 0.031768 0.007347 0.026851 0.005279 
0.001487 0.014607 0.000808 0.012312 0.956794 0.006915 0.000679 0.006237 0.000162 0.001516 0.015193 0.000935 0.013029 0.953906 0.007670 0.000750 0.006822 0.000178 0.014477 0.044757 0.010082 0.040976 0.797738 0.033963 0.011827 0.031378 0.014800 0.015538 0.047082 0.010972 0.043181 0.785104 0.036167 0.012552 0.033572 0.015831 
0.004557 0.051308 0.001688 0.029873 0.892321 0.009451 0.001688 0.008776 0.000338 0.004602 0.052203 0.001735 0.030422 0.889933 0.009754 0.001789 0.009220 0.000342 0.011308 0.068354 0.005401 0.044557 0.814684 0.025485 0.006414 0.017553 0.006245 0.011938 0.069927 0.005757 0.045969 0.806708 0.027591 0.006908 0.018676 0.006524 
0.004484 0.028342 0.001107 0.017714 0.937116 0.004761 0.001495 0.004761 0.000221 0.004517 0.029091 0.001153 0.018267 0.934668 0.005314 0.001585 0.005174 0.000232 0.015887 0.064545 0.012510 0.045779 0.765403 0.033767 0.014392 0.034376 0.013341 0.016365 0.066410 0.013293 0.047541 0.755631 0.035442 0.015144 0.036045 0.014129 
0.001756 0.022130 0.000703 0.015245 0.945131 0.009519 0.000527 0.004672 0.000316 0.001806 0.023069 0.000756 0.015884 0.942219 0.010277 0.000608 0.004998 0.000384 0.009590 0.051461 0.009344 0.037727 0.816531 0.027715 0.010222 0.028910 0.008501 0.010217 0.054052 0.009972 0.039528 0.805326 0.029674 0.011009 0.030931 0.009292 
0.000967 0.021908 0.001262 0.014634 0.941760 0.013330 0.000631 0.005214 0.000294 0.001025 0.022482 0.001349 0.015555 0.938472 0.014307 0.000720 0.005763 0.000327 0.004920 0.042975 0.004710 0.027879 0.867541 0.024263 0.003911 0.020941 0.002859 0.005606 0.045103 0.005224 0.029804 0.856974 0.026211 0.004464 0.023391 0.003223 
0.000966 0.019325 0.000690 0.018290 0.939989 0.014494 0.000483 0.005556 0.000207 0.001006 0.019949 0.000733 0.019121 0.937100 0.015354 0.000498 0.006011 0.000228 0.004590 0.035648 0.002968 0.030506 0.879840 0.023811 0.003347 0.016771 0.002519 0.005014 0.037836 0.003287 0.032250 0.870742 0.025807 0.003638 0.018572 0.002853 
0.001892 0.020616 0.000480 0.019401 0.937673 0.012934 0.000537 0.006185 0.000282 0.001928 0.021015 0.000522 0.020173 0.934996 0.013661 0.000555 0.006834 0.000315 0.006439 0.037080 0.004518 0.033748 0.864163 0.023666 0.004970 0.021152 0.004264 0.006773 0.038528 0.004911 0.035537 0.855921 0.025395 0.005297 0.023054 0.004583 
0.002718 0.030359 0.000881 0.031469 0.911489 0.015198 0.000651 0.006891 0.000345 0.002833 0.031139 0.000924 0.032517 0.908020 0.016034 0.000665 0.007481 0.000387 0.007044 0.048007 0.004441 0.047893 0.832510 0.027909 0.004785 0.021745 0.005666 0.007384 0.049606 0.004737 0.049913 0.823634 0.029766 0.005131 0.023724 0.006105 
0.006613 0.044183 0.000936 0.064080 0.857971 0.012875 0.002224 0.010709 0.000410 0.006689 0.044820 0.000996 0.065844 0.853150 0.014000 0.002302 0.011725 0.000474 0.011177 0.060042 0.003043 0.077130 0.795646 0.022530 0.005033 0.021711 0.003687 0.011508 0.061743 0.003266 0.079480 0.785802 0.024612 0.005376 0.024224 0.003989 
0.006012 0.029482 0.000906 0.202092 0.732027 0.023800 0.001482 0.004200 0.000000 0.006042 0.029617 0.000925 0.204864 0.726854 0.025589 0.001532 0.004575 0.000000 0.009882 0.042658 0.002471 0.211974 0.683686 0.028164 0.004776 0.015317 0.001071 0.010388 0.044044 0.002823 0.214693 0.674036 0.030344 0.005291 0.017241 0.001141 
0.001428 0.010887 0.000535 0.171991 0.775239 0.036469 0.000416 0.002618 0.000416 0.001618 0.011101 0.000582 0.174948 0.769048 0.038941 0.000494 0.002764 0.000505 0.004819 0.021774 0.003510 0.180320 0.731870 0.041049 0.003153 0.011958 0.001547 0.005392 0.023099 0.003969 0.183052 0.721854 0.043843 0.003547 0.013437 0.001807 
0.000589 0.008113 0.000680 0.108190 0.835652 0.042787 0.000771 0.002855 0.000363 0.000642 0.008367 0.000750 0.110655 0.830240 0.045111 0.000820 0.002979 0.000435 0.003218 0.024339 0.002629 0.118298 0.783348 0.047682 0.003445 0.015002 0.002040 0.003714 0.026063 0.002958 0.120711 0.773286 0.050390 0.003749 0.016792 0.002335 
0.001089 0.011310 0.000754 0.078331 0.872241 0.030704 0.000503 0.004608 0.000461 0.001154 0.011586 0.000853 0.080503 0.867397 0.032588 0.000527 0.004876 0.000516 0.003477 0.028484 0.003184 0.090395 0.816362 0.037616 0.003184 0.015373 0.001927 0.003928 0.030404 0.003558 0.093119 0.805869 0.040265 0.003568 0.017043 0.002247 
0.000879 0.013832 0.000601 0.068283 0.878285 0.030163 0.000833 0.006847 0.000278 0.000896 0.014214 0.000673 0.070501 0.872877 0.032120 0.000925 0.007454 0.000339 0.003146 0.029608 0.002452 0.079524 0.824852 0.037750 0.002915 0.018135 0.001619 0.003510 0.031195 0.002710 0.082518 0.813822 0.040766 0.003323 0.020254 0.001902 
0.000741 0.016219 0.000093 0.060009 0.886793 0.023309 0.000602 0.011956 0.000278 0.000765 0.016882 0.000095 0.061467 0.881513 0.025277 0.000690 0.012999 0.000311 0.002780 0.030074 0.001668 0.070945 0.834569 0.032206 0.002595 0.023957 0.001205 0.003059 0.032279 0.001892 0.073088 0.823775 0.035213 0.002961 0.026337 0.001395 
0.001332 0.023413 0.000773 0.055374 0.888307 0.017828 0.000558 0.012243 0.000172 0.001334 0.024028 0.000926 0.056770 0.883662 0.019163 0.000622 0.013316 0.000179 0.003351 0.038148 0.002449 0.067875 0.830999 0.027752 0.003308 0.024358 0.001761 0.003600 0.040034 0.002843 0.070000 0.820995 0.030150 0.003593 0.026781 0.002004 
0.003311 0.040858 0.001013 0.072447 0.850705 0.016359 0.001168 0.013944 0.000195 0.003332 0.041393 0.001120 0.073835 0.846653 0.017345 0.001231 0.014881 0.000211 0.006154 0.057841 0.003622 0.085028 0.790956 0.025473 0.003895 0.024655 0.002376 0.006377 0.059133 0.004085 0.086785 0.782933 0.027332 0.004248 0.026521 0.002586 
0.003080 0.049887 0.000954 0.070233 0.843831 0.015790 0.001171 0.014836 0.000217 0.003190 0.050705 0.001046 0.071261 0.839978 0.016628 0.001267 0.015674 0.000249 0.006203 0.065547 0.003774 0.080427 0.789042 0.024466 0.003774 0.024293 0.002473 0.006536 0.067254 0.004107 0.081850 0.781250 0.026190 0.004169 0.025898 0.002746 
0.003735 0.052917 0.000437 0.071203 0.841587 0.013533 0.000728 0.015715 0.000146 0.003761 0.053523 0.000442 0.072443 0.838122 0.014285 0.000760 0.016518 0.000146 0.006888 0.071543 0.003735 0.086045 0.769608 0.024834 0.004802 0.030169 0.002377 0.007116 0.072666 0.003995 0.087858 0.762326 0.026373 0.005028 0.032044 0.002593 
0.004454 0.063960 0.000628 0.078750 0.825310 0.011136 0.000799 0.014734 0.000228 0.004481 0.064744 0.000647 0.080107 0.821816 0.011749 0.000850 0.015359 0.000247 0.006739 0.086060 0.003769 0.097196 0.742904 0.025527 0.003369 0.032722 0.001713 0.006862 0.087710 0.004046 0.098950 0.735724 0.026797 0.003648 0.034379 0.001883 
0.005241 0.063502 0.000202 0.068138 0.842254 0.008366 0.000302 0.011894 0.000101 0.005256 0.064667 0.000203 0.069544 0.838351 0.008719 0.000318 0.012832 0.000110 0.007761 0.084366 0.002923 0.085475 0.761113 0.023889 0.002621 0.030944 0.000907 0.008105 0.086351 0.003230 0.087381 0.753223 0.025048 0.002764 0.032956 0.000942 
