0.005922 0.046096 0.001086 0.048366 0.887079 0.004639 0.001184 0.005330 0.000296 0.005917 0.046496 0.001178 0.049311 0.884396 0.004961 0.001258 0.006174 0.000311 0.008291 0.069786 0.002073 0.064357 0.802882 0.020630 0.002468 0.028131 0.001382 0.008480 0.071343 0.002273 0.066159 0.795276 0.022005 0.002680 0.030326 0.001459 
0.000655 0.011141 0.000328 0.009831 0.974986 0.001529 0.000109 0.001092 0.000328 0.000658 0.011347 0.000416 0.010677 0.973016 0.002165 0.000114 0.001193 0.000414 0.002294 0.034735 0.000983 0.024468 0.902458 0.014637 0.001529 0.017695 0.001202 0.002433 0.036785 0.001115 0.026814 0.893207 0.016924 0.001752 0.019432 0.001537 
0.000000 0.004419 0.000526 0.001368 0.990530 0.000631 0.000210 0.002104 0.000210 0.000000 0.004993 0.000615 0.001772 0.988673 0.000837 0.000266 0.002618 0.000227 0.000631 0.023990 0.001894 0.014520 0.920139 0.015046 0.001368 0.021465 0.000947 0.000676 0.026665 0.002168 0.016724 0.909886 0.017435 0.001583 0.023792 0.001071 
0.000104 0.003014 0.000312 0.001351 0.992412 0.000935 0.000000 0.001767 0.000104 0.000105 0.003972 0.000369 0.001595 0.990401 0.001219 0.000000 0.002208 0.000131 0.001039 0.023075 0.001455 0.011433 0.928698 0.013616 0.000416 0.019437 0.000832 0.001184 0.025563 0.001741 0.013151 0.919429 0.015424 0.000580 0.021937 0.000991 
0.000000 0.005717 0.000204 0.001531 0.987240 0.000715 0.000102 0.004492 0.000000 0.000000 0.007160 0.000215 0.001700 0.983996 0.001033 0.000102 0.005794 0.000000 0.001327 0.026541 0.001429 0.013271 0.917517 0.013577 0.000817 0.024500 0.001021 0.001689 0.029827 0.001741 0.015029 0.906175 0.015417 0.000887 0.027969 0.001266 
0.000399 0.003595 0.000300 0.001098 0.991712 0.000699 0.000300 0.001897 0.000000 0.000415 0.004074 0.000392 0.001375 0.990096 0.000826 0.000393 0.002428 0.000000 0.001498 0.029256 0.001298 0.012282 0.917624 0.012681 0.001498 0.022866 0.000999 0.001686 0.031948 0.001563 0.013852 0.908079 0.014620 0.001852 0.025149 0.001251 
0.000100 0.001903 0.000901 0.000801 0.994091 0.000601 0.000401 0.001202 0.000000 0.000102 0.002055 0.000951 0.001061 0.993185 0.000833 0.000442 0.001371 0.000000 0.001803 0.026440 0.001102 0.012919 0.922283 0.013220 0.001202 0.020230 0.000801 0.002028 0.028402 0.001376 0.014454 0.914076 0.015127 0.001433 0.022189 0.000916 
0.000000 0.002491 0.000325 0.001516 0.994260 0.000325 0.000108 0.000866 0.000108 0.000000 0.002545 0.000354 0.001662 0.993949 0.000329 0.000109 0.000942 0.000111 0.002491 0.038337 0.001949 0.025449 0.864739 0.025341 0.002599 0.036496 0.002599 0.002653 0.040589 0.002074 0.027275 0.855204 0.027194 0.002925 0.039300 0.002786 
0.000000 0.002145 0.000126 0.001010 0.994952 0.000631 0.000126 0.000757 0.000252 0.000000 0.002619 0.000144 0.001286 0.993699 0.000758 0.000144 0.000908 0.000442 0.003281 0.036471 0.001514 0.025745 0.874685 0.022463 0.002650 0.030919 0.002272 0.003456 0.039492 0.001724 0.028077 0.864188 0.024226 0.002982 0.033133 0.002722 
0.000000 0.001622 0.000000 0.000590 0.996756 0.000147 0.000147 0.000737 0.000000 0.000000 0.001707 0.000000 0.000599 0.996372 0.000151 0.000251 0.000920 0.000000 0.004129 0.026987 0.003097 0.028167 0.879516 0.022121 0.003244 0.028757 0.003982 0.004645 0.028702 0.003390 0.029801 0.870296 0.023715 0.003698 0.031494 0.004260 
0.000000 0.002417 0.000000 0.000879 0.996485 0.000000 0.000000 0.000220 0.000000 0.000000 0.002420 0.000000 0.000890 0.996465 0.000000 0.000000 0.000226 0.000000 0.007909 0.029438 0.006810 0.034271 0.855888 0.023506 0.007250 0.027460 0.007469 0.008548 0.030993 0.007742 0.036452 0.846281 0.025374 0.007727 0.029004 0.007879 
0.001418 0.001418 0.000000 0.002837 0.990071 0.002837 0.000000 0.001418 0.000000 0.001417 0.001417 0.000000 0.003186 0.988992 0.003539 0.000000 0.001449 0.000000 0.002837 0.015603 0.000000 0.029787 0.917730 0.021277 0.002837 0.008511 0.001418 0.002909 0.018206 0.000000 0.032900 0.906178 0.026722 0.002866 0.008671 0.001548 
0.000000 0.000571 0.000571 0.001713 0.997144 0.000000 0.000000 0.000000 0.000000 0.000000 0.000713 0.000973 0.001912 0.996403 0.000000 0.000000 0.000000 0.000000 0.001142 0.006282 0.001713 0.021702 0.942890 0.017133 0.000000 0.008567 0.000571 0.001342 0.007592 0.002372 0.023871 0.934912 0.019578 0.000000 0.009665 0.000669 
0.000000 0.000842 0.000000 0.003367 0.994108 0.000000 0.000000 0.000000 0.001684 0.000000 0.000840 0.000000 0.004954 0.992502 0.000000 0.000000 0.000000 0.001703 0.000000 0.005051 0.000000 0.026094 0.937710 0.021886 0.001684 0.005892 0.001684 0.000000 0.005968 0.000000 0.029127 0.930522 0.024173 0.002316 0.006135 0.001758 
