0.001183 0.001606 0.001099 0.001521 0.989013 0.001775 0.001437 0.001437 0.000930 0.001233 0.001691 0.001144 0.001570 0.988517 0.001896 0.001490 0.001479 0.000981 0.011917 0.034060 0.011241 0.045047 0.799104 0.038201 0.014537 0.034821 0.011072 0.012642 0.036045 0.012064 0.047365 0.786654 0.040562 0.015627 0.037130 0.011910 
0.000727 0.001697 0.002182 0.001859 0.989253 0.001131 0.001455 0.000889 0.000808 0.000780 0.001758 0.002280 0.001899 0.988809 0.001169 0.001532 0.000942 0.000831 0.013253 0.035798 0.013333 0.039434 0.803152 0.034747 0.013899 0.035636 0.010747 0.014187 0.037623 0.014356 0.041482 0.791499 0.036571 0.015053 0.037688 0.011542 
0.000668 0.002005 0.001432 0.002292 0.988446 0.001910 0.000859 0.001719 0.000668 0.000694 0.002106 0.001526 0.002348 0.987860 0.002052 0.000938 0.001792 0.000684 0.012890 0.041535 0.013081 0.036188 0.792132 0.034852 0.015086 0.042299 0.011935 0.013902 0.043844 0.014187 0.037763 0.779924 0.036761 0.016144 0.044565 0.012910 
0.000228 0.001599 0.000914 0.000914 0.993259 0.001371 0.000800 0.000800 0.000114 0.000229 0.001644 0.000969 0.000941 0.992981 0.001408 0.000819 0.000894 0.000116 0.006512 0.032903 0.008568 0.023306 0.857078 0.024220 0.008340 0.031875 0.007198 0.007085 0.034477 0.009267 0.024579 0.847900 0.025832 0.008978 0.034055 0.007826 
0.000583 0.001982 0.002215 0.001632 0.988458 0.002099 0.001399 0.001049 0.000583 0.000617 0.002033 0.002335 0.001715 0.987898 0.002225 0.001432 0.001085 0.000661 0.006529 0.030430 0.013758 0.026116 0.850647 0.023901 0.012475 0.029148 0.006995 0.007119 0.032203 0.014844 0.027662 0.840867 0.025557 0.013434 0.030782 0.007533 
0.001021 0.001950 0.003064 0.002136 0.986721 0.001486 0.001857 0.001300 0.000464 0.001060 0.002064 0.003230 0.002267 0.986020 0.001530 0.002013 0.001321 0.000496 0.009657 0.033801 0.010679 0.036958 0.821339 0.034636 0.015136 0.029993 0.007800 0.010402 0.036100 0.011475 0.038865 0.809966 0.036534 0.016237 0.031899 0.008522 
0.000811 0.001135 0.002676 0.001784 0.988161 0.001946 0.001946 0.000811 0.000730 0.000878 0.001153 0.002882 0.001924 0.987439 0.002012 0.002067 0.000847 0.000797 0.011596 0.033652 0.014272 0.043383 0.801654 0.037869 0.016380 0.029355 0.011839 0.012474 0.035575 0.015306 0.045653 0.789349 0.040012 0.017608 0.031202 0.012821 
0.000675 0.001266 0.002616 0.001857 0.986075 0.002025 0.003376 0.001772 0.000338 0.000704 0.001312 0.002774 0.001923 0.985448 0.002160 0.003518 0.001812 0.000350 0.011140 0.030467 0.017892 0.039328 0.807072 0.037725 0.017301 0.029876 0.009199 0.012007 0.031862 0.019475 0.041509 0.795317 0.039774 0.018534 0.031481 0.010041 
0.000194 0.003008 0.001746 0.002231 0.987290 0.001455 0.001552 0.001940 0.000582 0.000243 0.003169 0.001841 0.002400 0.986601 0.001503 0.001643 0.001996 0.000602 0.011060 0.043854 0.017076 0.035413 0.792374 0.031726 0.015038 0.043272 0.010187 0.011930 0.046283 0.018423 0.037364 0.779924 0.033322 0.016154 0.045593 0.011006 
0.000123 0.002084 0.000490 0.001103 0.992031 0.000981 0.000368 0.002329 0.000490 0.000126 0.002111 0.000505 0.001111 0.991825 0.001004 0.000371 0.002438 0.000510 0.014098 0.054432 0.016918 0.032855 0.767071 0.030526 0.016428 0.054922 0.012750 0.015140 0.056747 0.018096 0.034624 0.754310 0.032219 0.017536 0.057654 0.013674 
0.001064 0.003589 0.001329 0.001728 0.987104 0.001595 0.001595 0.001196 0.000798 0.001136 0.003716 0.001385 0.001778 0.986606 0.001668 0.001642 0.001226 0.000842 0.015288 0.051183 0.018878 0.038952 0.752858 0.038952 0.020473 0.048258 0.015156 0.016378 0.053419 0.020112 0.040974 0.739907 0.040788 0.021758 0.050339 0.016326 
0.001059 0.002117 0.000823 0.000588 0.991413 0.001176 0.000706 0.001647 0.000471 0.001089 0.002158 0.000900 0.000610 0.990957 0.001226 0.000733 0.001828 0.000499 0.014587 0.050700 0.013528 0.037996 0.772497 0.036702 0.014939 0.046347 0.012704 0.015635 0.052888 0.014546 0.040314 0.759583 0.039086 0.015907 0.048369 0.013674 
0.001105 0.003868 0.002026 0.001658 0.986094 0.001566 0.001105 0.001473 0.001105 0.001151 0.004096 0.002114 0.001691 0.985553 0.001601 0.001138 0.001497 0.001158 0.020904 0.059490 0.018510 0.044848 0.725850 0.037941 0.021457 0.052215 0.018786 0.022074 0.061905 0.019651 0.046760 0.712096 0.039990 0.022696 0.054696 0.020132 
0.001294 0.002184 0.003235 0.003316 0.980102 0.002265 0.003559 0.002669 0.001375 0.001352 0.002247 0.003355 0.003390 0.979390 0.002338 0.003701 0.002726 0.001501 0.020950 0.048289 0.022648 0.047804 0.729920 0.046186 0.022810 0.043436 0.017957 0.022286 0.050082 0.023697 0.049575 0.717736 0.047965 0.024167 0.045271 0.019221 
0.001888 0.002135 0.001314 0.002299 0.985304 0.001970 0.001642 0.001806 0.001642 0.001970 0.002208 0.001357 0.002365 0.984632 0.002094 0.001713 0.001950 0.001710 0.018966 0.045977 0.017159 0.044417 0.758785 0.039245 0.016174 0.043514 0.015764 0.020185 0.047945 0.018276 0.046299 0.746549 0.041141 0.017163 0.045577 0.016866 
0.001878 0.002660 0.001330 0.002347 0.983101 0.002269 0.001643 0.002660 0.002112 0.001957 0.002755 0.001414 0.002422 0.982500 0.002346 0.001695 0.002712 0.002200 0.020654 0.047254 0.017916 0.052417 0.731576 0.049445 0.020498 0.042873 0.017368 0.022029 0.049062 0.019089 0.054451 0.718359 0.051750 0.021829 0.044965 0.018465 
0.000722 0.002616 0.001714 0.003608 0.983942 0.002706 0.001443 0.002706 0.000541 0.000766 0.002670 0.001771 0.003673 0.983371 0.002893 0.001496 0.002793 0.000566 0.014434 0.038340 0.019666 0.050158 0.765359 0.043753 0.017772 0.037618 0.012900 0.015418 0.039974 0.020873 0.052218 0.753673 0.045893 0.018767 0.039496 0.013686 
0.000768 0.002401 0.001344 0.002881 0.988476 0.001441 0.001921 0.000288 0.000480 0.000796 0.002436 0.001397 0.003094 0.987888 0.001497 0.001984 0.000298 0.000609 0.017958 0.041391 0.022952 0.048977 0.749352 0.043599 0.025065 0.038125 0.012580 0.019143 0.043306 0.024362 0.051219 0.736802 0.045441 0.026395 0.039780 0.013552 
0.000993 0.000993 0.000851 0.002553 0.990638 0.001986 0.001135 0.000426 0.000426 0.001077 0.001009 0.000928 0.002684 0.990151 0.002077 0.001198 0.000445 0.000432 0.013901 0.030355 0.013191 0.037447 0.819291 0.036170 0.016028 0.022979 0.010638 0.014824 0.031589 0.014008 0.039098 0.809812 0.038003 0.016964 0.024208 0.011494 
0.000089 0.001428 0.000357 0.002143 0.992858 0.001339 0.000357 0.001339 0.000089 0.000093 0.001469 0.000369 0.002290 0.992530 0.001376 0.000373 0.001407 0.000091 0.005714 0.018302 0.005624 0.020087 0.906348 0.016427 0.005535 0.015891 0.006071 0.006069 0.019116 0.006074 0.021336 0.901008 0.017275 0.005956 0.016636 0.006530 
0.000499 0.001579 0.000665 0.003656 0.985791 0.003407 0.001496 0.002160 0.000748 0.000506 0.001594 0.000704 0.003765 0.985287 0.003538 0.001567 0.002251 0.000787 0.012713 0.034649 0.011383 0.035729 0.823265 0.031076 0.010220 0.030827 0.010137 0.013509 0.036132 0.012106 0.037411 0.814152 0.032633 0.010834 0.032355 0.010866 
0.001100 0.002043 0.002514 0.002750 0.984993 0.002043 0.002043 0.001964 0.000550 0.001148 0.002084 0.002632 0.002782 0.984402 0.002132 0.002135 0.002120 0.000563 0.016186 0.041015 0.017208 0.044080 0.775988 0.038187 0.017208 0.034808 0.015322 0.017157 0.042583 0.018333 0.045817 0.764791 0.040117 0.018358 0.036612 0.016232 
0.001069 0.002406 0.002317 0.004812 0.982267 0.001871 0.002139 0.002228 0.000891 0.001109 0.002568 0.002532 0.004909 0.981454 0.001916 0.002232 0.002354 0.000925 0.016040 0.045357 0.018000 0.050437 0.748441 0.047140 0.020495 0.040011 0.014079 0.016997 0.047492 0.019293 0.052615 0.735412 0.049510 0.021640 0.041950 0.015092 
0.001305 0.002447 0.001795 0.003181 0.984746 0.002447 0.002121 0.001224 0.000734 0.001347 0.002490 0.001871 0.003259 0.984252 0.002494 0.002234 0.001266 0.000786 0.017212 0.047883 0.021290 0.046823 0.739538 0.044783 0.020964 0.046496 0.015009 0.018355 0.049821 0.022700 0.048840 0.726593 0.046860 0.022245 0.048680 0.015908 
0.001128 0.003102 0.001410 0.002538 0.985995 0.002350 0.001598 0.001128 0.000752 0.001165 0.003261 0.001515 0.002631 0.985217 0.002487 0.001679 0.001250 0.000795 0.017013 0.040981 0.018329 0.046621 0.762948 0.046339 0.016261 0.037598 0.013911 0.018065 0.042783 0.019534 0.048714 0.750261 0.048833 0.017167 0.039648 0.014996 
