0.000000 0.000537 0.000269 0.000806 0.997044 0.000269 0.000269 0.000537 0.000269 0.000000 0.000575 0.000276 0.000811 0.996688 0.000275 0.000271 0.000799 0.000305 0.001881 0.019081 0.005106 0.011825 0.924483 0.010481 0.007525 0.015050 0.004569 0.002060 0.020476 0.005532 0.013167 0.917777 0.011366 0.008411 0.016233 0.004978 
0.000236 0.000943 0.000000 0.000708 0.997406 0.000236 0.000236 0.000236 0.000000 0.000238 0.000958 0.000000 0.000750 0.997308 0.000262 0.000236 0.000249 0.000000 0.002594 0.012500 0.004717 0.013208 0.935377 0.012028 0.006840 0.009434 0.003302 0.002861 0.013406 0.005002 0.014262 0.929750 0.013235 0.007581 0.010177 0.003727 
0.000579 0.000579 0.000000 0.000868 0.996816 0.000868 0.000000 0.000289 0.000000 0.000636 0.000583 0.000000 0.000907 0.996606 0.000907 0.000000 0.000361 0.000000 0.002605 0.007236 0.001737 0.010709 0.956295 0.009262 0.002605 0.008973 0.000579 0.002912 0.008091 0.002028 0.011371 0.951843 0.010111 0.002877 0.010113 0.000652 
0.000000 0.000000 0.000000 0.000283 0.998866 0.000283 0.000000 0.000000 0.000567 0.000000 0.000000 0.000000 0.000354 0.998788 0.000285 0.000000 0.000000 0.000574 0.002834 0.007937 0.001417 0.008220 0.963435 0.007370 0.001134 0.006803 0.000850 0.003084 0.008975 0.001524 0.009257 0.959046 0.008176 0.001450 0.007457 0.001032 
0.000000 0.000214 0.000000 0.000429 0.998286 0.000214 0.000000 0.000643 0.000214 0.000000 0.000417 0.000000 0.000439 0.997972 0.000218 0.000000 0.000719 0.000235 0.002357 0.009428 0.002571 0.013070 0.947289 0.011356 0.001928 0.009856 0.002143 0.002525 0.010262 0.002775 0.014560 0.942019 0.012203 0.002233 0.010903 0.002520 
0.000000 0.000908 0.000227 0.000454 0.997504 0.000454 0.000000 0.000227 0.000227 0.000000 0.000979 0.000259 0.000485 0.997339 0.000466 0.000000 0.000233 0.000237 0.002042 0.012480 0.003857 0.017018 0.936465 0.014069 0.002269 0.007715 0.004084 0.002233 0.013426 0.004424 0.018428 0.930798 0.015384 0.002468 0.008272 0.004568 
0.000690 0.001208 0.000173 0.000863 0.995684 0.000518 0.000690 0.000000 0.000173 0.000715 0.001231 0.000178 0.000868 0.995580 0.000533 0.000723 0.000000 0.000173 0.006905 0.023822 0.006214 0.026239 0.875885 0.022786 0.008631 0.022096 0.007423 0.007621 0.025548 0.006779 0.027873 0.866317 0.024660 0.009325 0.023673 0.008203 
0.000166 0.001821 0.000166 0.000497 0.994869 0.000993 0.000497 0.000662 0.000331 0.000170 0.001891 0.000169 0.000509 0.994521 0.001206 0.000501 0.000683 0.000351 0.007448 0.021020 0.007282 0.021351 0.889937 0.022509 0.004800 0.019033 0.006620 0.008098 0.022236 0.007889 0.023011 0.881547 0.024436 0.005237 0.020327 0.007219 
0.000000 0.001358 0.000194 0.000194 0.996897 0.000582 0.000194 0.000582 0.000000 0.000000 0.001450 0.000207 0.000242 0.996647 0.000639 0.000216 0.000599 0.000000 0.004073 0.015322 0.003103 0.016098 0.920675 0.016680 0.006206 0.014740 0.003103 0.004395 0.016339 0.003405 0.017390 0.913378 0.018636 0.007058 0.015878 0.003520 
0.000177 0.001065 0.000355 0.000887 0.995031 0.001065 0.000355 0.000710 0.000355 0.000183 0.001102 0.000427 0.001255 0.994409 0.001122 0.000365 0.000745 0.000392 0.005501 0.018988 0.005324 0.016327 0.902751 0.018811 0.006034 0.020941 0.005324 0.006052 0.019984 0.005883 0.017668 0.894491 0.020338 0.006715 0.022817 0.006052 
0.000345 0.000690 0.000518 0.000518 0.995342 0.001208 0.000000 0.001208 0.000173 0.000352 0.000740 0.000541 0.000565 0.995107 0.001263 0.000000 0.001249 0.000183 0.003623 0.016215 0.004140 0.016905 0.920821 0.015698 0.004140 0.015180 0.003278 0.004024 0.017561 0.004448 0.018551 0.914042 0.016986 0.004582 0.016249 0.003557 
0.000698 0.001047 0.000000 0.000175 0.996334 0.000873 0.000349 0.000349 0.000175 0.000714 0.001124 0.000000 0.000177 0.996135 0.000936 0.000359 0.000367 0.000189 0.005237 0.018331 0.006634 0.020950 0.902758 0.019204 0.006285 0.016411 0.004190 0.005547 0.019693 0.007149 0.022202 0.895588 0.020551 0.006954 0.017739 0.004578 
0.000000 0.000379 0.000000 0.000569 0.996208 0.002086 0.000000 0.000569 0.000190 0.000000 0.000398 0.000000 0.000628 0.995859 0.002220 0.000000 0.000647 0.000247 0.004361 0.012514 0.003982 0.019340 0.919795 0.017065 0.004551 0.014221 0.004171 0.004719 0.013329 0.004203 0.020606 0.913253 0.018622 0.005055 0.015469 0.004744 
0.000000 0.000000 0.000000 0.000000 0.999333 0.000445 0.000000 0.000222 0.000000 0.000000 0.000000 0.000000 0.000000 0.999313 0.000459 0.000000 0.000228 0.000000 0.001779 0.006004 0.001779 0.009117 0.960640 0.011119 0.002891 0.004892 0.001779 0.001987 0.006528 0.002070 0.009772 0.956894 0.011862 0.003202 0.005569 0.002116 
0.000000 0.000413 0.000000 0.000206 0.998556 0.000206 0.000206 0.000413 0.000000 0.000000 0.000428 0.000000 0.000232 0.998254 0.000211 0.000252 0.000623 0.000000 0.003302 0.013207 0.001857 0.014445 0.940157 0.011143 0.002683 0.010937 0.002270 0.003684 0.014569 0.002144 0.015897 0.934238 0.012123 0.002872 0.011984 0.002489 
0.000000 0.000724 0.000000 0.000482 0.997829 0.000724 0.000000 0.000241 0.000000 0.000000 0.000790 0.000000 0.000498 0.997721 0.000744 0.000000 0.000247 0.000000 0.001688 0.009165 0.000965 0.011819 0.957308 0.007236 0.002171 0.008683 0.000965 0.001876 0.010018 0.001052 0.012984 0.953259 0.007913 0.002385 0.009479 0.001035 
0.000000 0.000926 0.000000 0.000926 0.998147 0.000000 0.000000 0.000000 0.000000 0.000000 0.000963 0.000000 0.000942 0.998095 0.000000 0.000000 0.000000 0.000000 0.000309 0.005868 0.000618 0.004632 0.981470 0.003088 0.001235 0.002162 0.000618 0.000422 0.006195 0.000696 0.004924 0.979497 0.003570 0.001611 0.002340 0.000745 
0.000000 0.000000 0.000000 0.000000 0.999338 0.000000 0.000000 0.000662 0.000000 0.000000 0.000000 0.000000 0.000000 0.999311 0.000000 0.000000 0.000689 0.000000 0.001324 0.004633 0.000662 0.002978 0.983786 0.003640 0.000993 0.001655 0.000331 0.001439 0.004930 0.000713 0.003167 0.982745 0.003838 0.001113 0.001714 0.000341 
0.000278 0.000278 0.000278 0.001389 0.996667 0.000278 0.000000 0.000833 0.000000 0.000298 0.000278 0.000290 0.001666 0.996323 0.000285 0.000000 0.000861 0.000000 0.001111 0.012222 0.003611 0.007500 0.956667 0.006389 0.003611 0.007222 0.001667 0.001300 0.013193 0.003789 0.008412 0.952895 0.006880 0.003943 0.007830 0.001758 
0.000000 0.000235 0.000235 0.000470 0.998119 0.000470 0.000235 0.000235 0.000000 0.000000 0.000249 0.000237 0.000480 0.998056 0.000507 0.000235 0.000236 0.000000 0.003527 0.015283 0.005173 0.010346 0.931813 0.010346 0.003997 0.016459 0.003057 0.003865 0.016445 0.005547 0.010850 0.926554 0.011398 0.004246 0.017770 0.003326 
0.000000 0.001035 0.000000 0.000207 0.997516 0.000621 0.000207 0.000414 0.000000 0.000000 0.001046 0.000000 0.000212 0.997463 0.000648 0.000207 0.000424 0.000000 0.004555 0.020704 0.004348 0.014493 0.912008 0.014700 0.006004 0.017391 0.005797 0.005000 0.021606 0.004797 0.015741 0.905661 0.015990 0.006343 0.018487 0.006374 
0.000958 0.000575 0.000192 0.000767 0.995975 0.000000 0.000383 0.000958 0.000192 0.001000 0.000577 0.000197 0.000959 0.995555 0.000000 0.000399 0.001094 0.000219 0.005175 0.020702 0.007859 0.019551 0.900134 0.016101 0.008051 0.018018 0.004409 0.005782 0.021923 0.008388 0.021348 0.892418 0.017189 0.008681 0.019203 0.005068 
0.000000 0.000233 0.000000 0.000233 0.996277 0.001396 0.000698 0.000931 0.000233 0.000000 0.000237 0.000000 0.000239 0.996065 0.001519 0.000711 0.000994 0.000236 0.002327 0.010703 0.002792 0.011866 0.943229 0.013495 0.001861 0.010005 0.003723 0.002584 0.011755 0.003014 0.012906 0.937750 0.014883 0.002038 0.011053 0.004017 
0.000000 0.000257 0.000257 0.000257 0.998973 0.000000 0.000000 0.000000 0.000257 0.000000 0.000262 0.000306 0.000283 0.998886 0.000000 0.000000 0.000000 0.000263 0.001798 0.009502 0.001541 0.011556 0.957884 0.004879 0.002311 0.006934 0.003595 0.002005 0.010189 0.001879 0.012669 0.953930 0.005287 0.002526 0.007534 0.003982 
0.000257 0.000257 0.000000 0.001030 0.997683 0.000515 0.000000 0.000000 0.000257 0.000273 0.000264 0.000000 0.001065 0.997602 0.000531 0.000000 0.000000 0.000266 0.002575 0.008239 0.001545 0.011586 0.952111 0.012358 0.002060 0.007724 0.001802 0.002944 0.009104 0.001685 0.012659 0.947472 0.013462 0.002287 0.008413 0.001974 
0.000000 0.000431 0.000000 0.000862 0.997414 0.000646 0.000215 0.000431 0.000000 0.000000 0.000537 0.000000 0.000942 0.997111 0.000706 0.000217 0.000487 0.000000 0.001939 0.010343 0.002586 0.013790 0.943116 0.015083 0.003232 0.008188 0.001724 0.002171 0.011389 0.002935 0.015068 0.937227 0.016659 0.003483 0.009103 0.001966 
0.000000 0.000538 0.000000 0.000269 0.998656 0.000538 0.000000 0.000000 0.000000 0.000000 0.000551 0.000000 0.000277 0.998560 0.000612 0.000000 0.000000 0.000000 0.001076 0.008067 0.001882 0.006991 0.963431 0.008873 0.002151 0.005916 0.001613 0.001206 0.009068 0.002177 0.007652 0.959520 0.010060 0.002279 0.006304 0.001733 
0.000000 0.000584 0.000000 0.000584 0.998247 0.000584 0.000000 0.000000 0.000000 0.000000 0.000603 0.000000 0.000593 0.998127 0.000676 0.000000 0.000000 0.000000 0.001461 0.006719 0.000876 0.009641 0.966112 0.006427 0.001461 0.006135 0.001169 0.001537 0.007334 0.000994 0.010528 0.962646 0.007221 0.001606 0.006810 0.001325 
0.000000 0.001226 0.000000 0.000245 0.996077 0.000736 0.000245 0.001226 0.000245 0.000000 0.001541 0.000000 0.000274 0.995318 0.001002 0.000248 0.001350 0.000267 0.001226 0.007602 0.002697 0.011280 0.959539 0.006130 0.002207 0.008828 0.000490 0.001321 0.008867 0.002945 0.012349 0.955388 0.006833 0.002311 0.009454 0.000532 
0.000000 0.000256 0.000000 0.000000 0.998977 0.000000 0.000256 0.000512 0.000000 0.000000 0.000256 0.000000 0.000000 0.998897 0.000000 0.000267 0.000580 0.000000 0.000512 0.005372 0.001279 0.007675 0.968534 0.007419 0.001535 0.006140 0.001535 0.000599 0.006003 0.001447 0.008316 0.965221 0.008122 0.001697 0.006881 0.001714 
0.000000 0.000245 0.000000 0.000000 0.999019 0.000490 0.000000 0.000245 0.000000 0.000000 0.000245 0.000000 0.000000 0.998997 0.000506 0.000000 0.000251 0.000000 0.000490 0.004169 0.000981 0.005395 0.973762 0.005640 0.002207 0.006376 0.000981 0.000506 0.004585 0.001045 0.005992 0.970369 0.006290 0.002525 0.007541 0.001147 
0.000000 0.000256 0.000256 0.000768 0.997441 0.000256 0.000000 0.001024 0.000000 0.000000 0.000256 0.000283 0.000831 0.996822 0.000498 0.000000 0.001311 0.000000 0.000768 0.007165 0.000512 0.007932 0.968782 0.006653 0.001791 0.005118 0.001279 0.000868 0.008112 0.000556 0.008700 0.964729 0.007511 0.002123 0.005983 0.001418 
0.000000 0.000340 0.000000 0.000679 0.998642 0.000000 0.000000 0.000340 0.000000 0.000000 0.000348 0.000000 0.000687 0.998541 0.000000 0.000000 0.000424 0.000000 0.000679 0.005772 0.002377 0.005433 0.973854 0.007810 0.000679 0.003056 0.000340 0.000768 0.006339 0.002671 0.006099 0.971028 0.008327 0.000786 0.003595 0.000388 
0.000000 0.000000 0.000413 0.000825 0.996698 0.001238 0.000000 0.000825 0.000000 0.000000 0.000000 0.000446 0.000900 0.996529 0.001285 0.000000 0.000840 0.000000 0.001651 0.007429 0.002889 0.007429 0.955014 0.007429 0.003714 0.011969 0.002476 0.001808 0.008064 0.003410 0.008048 0.950704 0.007942 0.004429 0.012854 0.002741 
0.000000 0.000802 0.000267 0.000267 0.997328 0.000267 0.000267 0.000534 0.000267 0.000000 0.000822 0.000269 0.000277 0.997021 0.000520 0.000267 0.000552 0.000271 0.003207 0.011224 0.004009 0.015767 0.928113 0.018439 0.004543 0.010957 0.003741 0.003460 0.012004 0.004406 0.017038 0.922169 0.019964 0.004939 0.011874 0.004145 
0.000264 0.000000 0.000000 0.000791 0.998154 0.000527 0.000000 0.000264 0.000000 0.000298 0.000000 0.000000 0.000863 0.997908 0.000635 0.000000 0.000296 0.000000 0.004483 0.013713 0.003165 0.019251 0.928797 0.012395 0.005011 0.010549 0.002637 0.004939 0.014864 0.003580 0.020857 0.922460 0.013250 0.005568 0.011539 0.002943 
0.000000 0.000000 0.000000 0.000421 0.999159 0.000421 0.000000 0.000000 0.000000 0.000000 0.000000 0.000000 0.000435 0.998746 0.000819 0.000000 0.000000 0.000000 0.001262 0.006728 0.000841 0.009251 0.969302 0.004205 0.001262 0.005467 0.001682 0.001402 0.007312 0.000880 0.009921 0.965388 0.005476 0.001401 0.006285 0.001936 
0.000000 0.000000 0.000000 0.000000 0.999403 0.000597 0.000000 0.000000 0.000000 0.000000 0.000000 0.000000 0.000000 0.999255 0.000745 0.000000 0.000000 0.000000 0.000000 0.001790 0.001193 0.002387 0.989260 0.001193 0.000597 0.001790 0.001790 0.000000 0.002127 0.001318 0.002792 0.987064 0.001767 0.000888 0.002099 0.001945 
0.000000 0.000000 0.000000 0.000485 0.999515 0.000000 0.000000 0.000000 0.000000 0.000000 0.000000 0.000000 0.000485 0.999515 0.000000 0.000000 0.000000 0.000000 0.000485 0.001941 0.000485 0.009219 0.982048 0.001941 0.000485 0.002426 0.000970 0.000516 0.001966 0.000518 0.009964 0.980036 0.002289 0.000545 0.003111 0.001056 
0.000000 0.000000 0.000000 0.000000 1.000000 0.000000 0.000000 0.000000 0.000000 0.000000 0.000000 0.000000 0.000000 1.000000 0.000000 0.000000 0.000000 0.000000 0.000515 0.001030 0.000515 0.002576 0.991242 0.001030 0.001030 0.001546 0.000515 0.000608 0.001124 0.000768 0.002758 0.990195 0.001205 0.001162 0.001651 0.000529 
0.000000 0.000000 0.000000 0.000000 0.999536 0.000000 0.000464 0.000000 0.000000 0.000000 0.000000 0.000000 0.000000 0.999536 0.000000 0.000464 0.000000 0.000000 0.001392 0.002320 0.001856 0.003712 0.980046 0.003248 0.002784 0.004176 0.000464 0.001463 0.002608 0.002004 0.004296 0.977127 0.003767 0.003427 0.004841 0.000467 
0.000251 0.000000 0.000502 0.001758 0.996735 0.000000 0.000502 0.000251 0.000000 0.000264 0.000000 0.000519 0.002048 0.996348 0.000000 0.000508 0.000314 0.000000 0.003516 0.015319 0.005525 0.016575 0.919638 0.017579 0.005776 0.011552 0.004520 0.003799 0.016306 0.006047 0.018061 0.913029 0.018965 0.006237 0.012602 0.004953 
0.000000 0.000556 0.000556 0.001482 0.995555 0.000556 0.000370 0.000741 0.000185 0.000000 0.000571 0.000574 0.001708 0.995071 0.000737 0.000378 0.000760 0.000202 0.004260 0.022226 0.005557 0.020745 0.892573 0.021300 0.007964 0.021671 0.003704 0.004759 0.023748 0.006085 0.023008 0.883296 0.023264 0.008615 0.022961 0.004265 
0.000000 0.000000 0.000245 0.001226 0.997548 0.000245 0.000245 0.000245 0.000245 0.000000 0.000000 0.000254 0.001543 0.996905 0.000253 0.000545 0.000251 0.000249 0.003678 0.011770 0.001962 0.017410 0.943600 0.009318 0.003433 0.007602 0.001226 0.004118 0.012768 0.002106 0.019371 0.937702 0.010030 0.004091 0.008291 0.001523 
0.000000 0.000000 0.000000 0.000852 0.998864 0.000284 0.000000 0.000000 0.000000 0.000000 0.000000 0.000000 0.001175 0.998472 0.000353 0.000000 0.000000 0.000000 0.001705 0.010795 0.004261 0.010227 0.950000 0.007955 0.003125 0.008523 0.003409 0.001849 0.011710 0.004812 0.011256 0.945162 0.008848 0.003657 0.009112 0.003594 
0.000000 0.000000 0.000000 0.000791 0.997628 0.001186 0.000000 0.000000 0.000395 0.000000 0.000000 0.000000 0.000901 0.997116 0.001309 0.000000 0.000000 0.000674 0.001582 0.006722 0.002372 0.008304 0.967181 0.006722 0.001977 0.003954 0.001186 0.001685 0.007177 0.002779 0.009182 0.963004 0.007512 0.002200 0.004524 0.001938 
0.000000 0.000000 0.000000 0.000000 1.000000 0.000000 0.000000 0.000000 0.000000 0.000000 0.000000 0.000000 0.000000 1.000000 0.000000 0.000000 0.000000 0.000000 0.001086 0.002716 0.001086 0.003259 0.982618 0.004889 0.000000 0.003802 0.000543 0.001127 0.003015 0.001238 0.003621 0.980136 0.005346 0.000000 0.004921 0.000594 
0.000000 0.000000 0.000000 0.000000 0.999446 0.000000 0.000000 0.000554 0.000000 0.000000 0.000000 0.000000 0.000000 0.999379 0.000000 0.000000 0.000621 0.000000 0.000000 0.004435 0.001109 0.005543 0.978381 0.005543 0.000554 0.003880 0.000554 0.000000 0.004906 0.001227 0.006106 0.975509 0.006464 0.000612 0.004612 0.000563 
0.000000 0.000809 0.000000 0.000000 0.997977 0.001214 0.000000 0.000000 0.000000 0.000000 0.000829 0.000000 0.000000 0.997919 0.001252 0.000000 0.000000 0.000000 0.001618 0.004854 0.000405 0.007282 0.968042 0.005663 0.002427 0.007686 0.002023 0.001745 0.005571 0.000490 0.008142 0.964627 0.006092 0.002659 0.008276 0.002398 
0.000000 0.000340 0.000000 0.000000 0.997958 0.000681 0.000000 0.001021 0.000000 0.000000 0.000347 0.000000 0.000000 0.997745 0.000776 0.000000 0.001132 0.000000 0.001021 0.004423 0.001021 0.008847 0.970398 0.007145 0.000340 0.005784 0.001021 0.001233 0.004736 0.001079 0.009342 0.967491 0.008078 0.000364 0.006602 0.001075 
0.000283 0.000283 0.000000 0.000283 0.998584 0.000283 0.000000 0.000283 0.000000 0.000314 0.000292 0.000000 0.000292 0.998512 0.000292 0.000000 0.000296 0.000000 0.000850 0.008215 0.001700 0.009632 0.964023 0.007365 0.000567 0.005382 0.002266 0.000983 0.009147 0.001868 0.010286 0.960520 0.008154 0.000661 0.005846 0.002536 
0.000000 0.000220 0.000000 0.000881 0.996256 0.002203 0.000220 0.000000 0.000220 0.000000 0.000226 0.000000 0.000948 0.996095 0.002277 0.000220 0.000000 0.000233 0.003965 0.013436 0.003304 0.017401 0.922026 0.015859 0.005286 0.013216 0.005507 0.004342 0.014428 0.003457 0.018934 0.915840 0.016732 0.005740 0.014560 0.005967 
0.000000 0.001651 0.000000 0.000619 0.994842 0.002063 0.000000 0.000825 0.000000 0.000000 0.001727 0.000000 0.000670 0.994604 0.002114 0.000000 0.000886 0.000000 0.006602 0.021250 0.007015 0.018156 0.897050 0.023520 0.006808 0.015267 0.004333 0.007190 0.022627 0.007515 0.019384 0.889594 0.025519 0.007313 0.016232 0.004626 
0.000225 0.000674 0.000225 0.000899 0.995507 0.000449 0.001123 0.000674 0.000225 0.000240 0.000678 0.000226 0.000938 0.995383 0.000454 0.001159 0.000694 0.000229 0.008313 0.024714 0.005841 0.027185 0.875534 0.026736 0.006740 0.020220 0.004718 0.009227 0.026556 0.006309 0.028791 0.866776 0.028470 0.007337 0.021503 0.005031 
0.000254 0.000508 0.000508 0.000000 0.996954 0.000254 0.000254 0.001015 0.000254 0.000255 0.000511 0.000520 0.000000 0.996902 0.000255 0.000264 0.001031 0.000264 0.004315 0.016244 0.003046 0.017766 0.923858 0.012944 0.004569 0.013959 0.003299 0.004759 0.017330 0.003330 0.019276 0.917029 0.014307 0.005138 0.015172 0.003658 
0.000000 0.000768 0.000768 0.000512 0.995134 0.000768 0.000512 0.001536 0.000000 0.000000 0.000771 0.000812 0.000549 0.994679 0.001012 0.000558 0.001618 0.000000 0.004097 0.019974 0.004866 0.015621 0.905506 0.018182 0.006658 0.020230 0.004866 0.004448 0.021010 0.005138 0.016665 0.898366 0.019623 0.007399 0.021913 0.005438 
0.000272 0.000272 0.000000 0.000817 0.996187 0.000545 0.000272 0.001089 0.000545 0.000289 0.000289 0.000000 0.000832 0.995755 0.000592 0.000281 0.001368 0.000595 0.007898 0.020697 0.006264 0.014706 0.902233 0.021514 0.004357 0.016068 0.006264 0.008602 0.021633 0.006711 0.016046 0.895186 0.022808 0.004695 0.017295 0.007024 
0.000331 0.001653 0.000000 0.001322 0.994711 0.001653 0.000000 0.000331 0.000000 0.000364 0.001749 0.000000 0.001411 0.994357 0.001748 0.000000 0.000371 0.000000 0.002645 0.011570 0.003306 0.013223 0.946446 0.011570 0.002645 0.007603 0.000992 0.002935 0.012916 0.003671 0.014132 0.941570 0.012400 0.002857 0.008362 0.001157 
0.000000 0.000622 0.000000 0.002175 0.996271 0.000622 0.000311 0.000000 0.000000 0.000000 0.000699 0.000000 0.002285 0.996066 0.000636 0.000315 0.000000 0.000000 0.002175 0.009323 0.002486 0.012119 0.951212 0.010566 0.002797 0.008080 0.001243 0.002333 0.010226 0.002736 0.013113 0.946500 0.011288 0.003100 0.009016 0.001687 
0.000000 0.000307 0.000000 0.000614 0.998157 0.000614 0.000000 0.000307 0.000000 0.000000 0.000316 0.000000 0.000664 0.998047 0.000634 0.000000 0.000339 0.000000 0.000922 0.005223 0.000614 0.008909 0.968664 0.008909 0.002458 0.003687 0.000614 0.000940 0.005474 0.000687 0.009637 0.966045 0.009533 0.002843 0.004115 0.000727 
0.000000 0.000528 0.000176 0.001056 0.996832 0.000352 0.000000 0.000704 0.000352 0.000000 0.000555 0.000182 0.001138 0.996680 0.000360 0.000000 0.000730 0.000354 0.003168 0.013026 0.002816 0.017603 0.934519 0.014434 0.002288 0.009329 0.002816 0.003423 0.014029 0.003116 0.018946 0.929169 0.015664 0.002511 0.010110 0.003031 
0.000453 0.000302 0.000453 0.000906 0.996226 0.000906 0.000151 0.000604 0.000000 0.000461 0.000302 0.000466 0.001018 0.996029 0.000928 0.000159 0.000636 0.000000 0.005132 0.017962 0.003170 0.018113 0.913962 0.014189 0.005434 0.017811 0.004226 0.005665 0.019319 0.003441 0.019719 0.906174 0.015306 0.006134 0.019539 0.004703 
0.000149 0.000297 0.000446 0.001189 0.995392 0.000595 0.000149 0.000743 0.001040 0.000154 0.000306 0.000465 0.001280 0.994840 0.000664 0.000152 0.001002 0.001138 0.007580 0.024078 0.009067 0.023484 0.876040 0.023187 0.009215 0.019917 0.007432 0.008132 0.025613 0.010031 0.025266 0.866263 0.024891 0.010008 0.021729 0.008067 
0.000122 0.001955 0.000489 0.000611 0.994012 0.001222 0.000489 0.000978 0.000122 0.000134 0.002036 0.000515 0.000625 0.993615 0.001247 0.000651 0.001035 0.000142 0.008677 0.023463 0.007699 0.026396 0.872785 0.025419 0.008310 0.020653 0.006599 0.009357 0.024832 0.008526 0.028326 0.862811 0.027634 0.009243 0.022118 0.007154 
0.000441 0.000588 0.000294 0.000736 0.997058 0.000441 0.000147 0.000294 0.000000 0.000471 0.000593 0.000296 0.000797 0.996890 0.000476 0.000148 0.000331 0.000000 0.005296 0.021771 0.004413 0.022654 0.905119 0.015446 0.004413 0.016181 0.004707 0.005846 0.023071 0.004850 0.024571 0.897134 0.017024 0.004870 0.017351 0.005284 
0.000295 0.000886 0.000148 0.001033 0.996605 0.000295 0.000295 0.000295 0.000148 0.000301 0.000932 0.000153 0.001267 0.996292 0.000303 0.000297 0.000305 0.000151 0.006791 0.016829 0.005314 0.016977 0.912902 0.014910 0.003543 0.017124 0.005610 0.007325 0.018022 0.005893 0.018488 0.905679 0.016105 0.004073 0.018264 0.006152 
0.000308 0.000616 0.000462 0.000462 0.997072 0.000154 0.000308 0.000308 0.000308 0.000312 0.000766 0.000523 0.000473 0.996780 0.000158 0.000332 0.000338 0.000317 0.005085 0.021880 0.006317 0.018798 0.903698 0.018336 0.004160 0.018644 0.003082 0.005454 0.023344 0.007142 0.019979 0.896862 0.019691 0.004438 0.019795 0.003294 
0.000000 0.000385 0.000192 0.000000 0.998653 0.000577 0.000000 0.000192 0.000000 0.000000 0.000442 0.000220 0.000000 0.998546 0.000595 0.000000 0.000197 0.000000 0.001925 0.014819 0.003464 0.013087 0.933603 0.014242 0.004426 0.012317 0.002117 0.002059 0.016071 0.003710 0.014132 0.928094 0.015517 0.004890 0.013258 0.002270 
0.000000 0.000459 0.000000 0.000229 0.998854 0.000459 0.000000 0.000000 0.000000 0.000000 0.000490 0.000000 0.000235 0.998808 0.000467 0.000000 0.000000 0.000000 0.002751 0.008712 0.002522 0.011004 0.950940 0.010546 0.002293 0.009629 0.001605 0.002922 0.009943 0.002816 0.011651 0.946309 0.011399 0.002540 0.010590 0.001829 
0.000000 0.000303 0.000000 0.000000 0.999697 0.000000 0.000000 0.000000 0.000000 0.000000 0.000377 0.000000 0.000000 0.999623 0.000000 0.000000 0.000000 0.000000 0.000303 0.006064 0.003032 0.008490 0.962705 0.009703 0.001819 0.006671 0.001213 0.000307 0.006695 0.003353 0.009166 0.959347 0.010627 0.001949 0.007212 0.001343 
0.000000 0.000796 0.000000 0.000265 0.998142 0.000000 0.000265 0.000531 0.000000 0.000000 0.000838 0.000000 0.000273 0.998085 0.000000 0.000271 0.000533 0.000000 0.005042 0.013800 0.003450 0.011412 0.941614 0.009554 0.003450 0.009023 0.002654 0.005498 0.015115 0.003672 0.011997 0.936627 0.010445 0.003873 0.009851 0.002920 
0.000000 0.000580 0.000000 0.001161 0.996518 0.001161 0.000387 0.000193 0.000000 0.000000 0.000593 0.000000 0.001272 0.996270 0.001240 0.000431 0.000195 0.000000 0.005416 0.019149 0.005029 0.018569 0.911799 0.016441 0.006190 0.014700 0.002708 0.005944 0.021028 0.005391 0.020038 0.904112 0.017876 0.006779 0.015891 0.002942 
0.000196 0.001178 0.000000 0.000000 0.998037 0.000393 0.000000 0.000196 0.000000 0.000198 0.001394 0.000000 0.000000 0.997801 0.000410 0.000000 0.000197 0.000000 0.003337 0.013150 0.003925 0.010991 0.936016 0.013346 0.004514 0.010795 0.003925 0.003658 0.014282 0.004310 0.011747 0.930493 0.014521 0.005050 0.011588 0.004352 
0.000000 0.000213 0.000213 0.000000 0.998293 0.000640 0.000000 0.000640 0.000000 0.000000 0.000221 0.000221 0.000000 0.998243 0.000660 0.000000 0.000655 0.000000 0.001920 0.010241 0.001707 0.006614 0.955195 0.008748 0.002987 0.010881 0.001707 0.002134 0.011161 0.001912 0.007146 0.950933 0.009671 0.003200 0.011892 0.001952 
0.000000 0.000210 0.000000 0.000631 0.998739 0.000420 0.000000 0.000000 0.000000 0.000000 0.000261 0.000000 0.000662 0.998588 0.000488 0.000000 0.000000 0.000000 0.001051 0.008829 0.003153 0.010511 0.957116 0.009880 0.002733 0.006096 0.000631 0.001098 0.009868 0.003456 0.011655 0.952159 0.011121 0.003157 0.006811 0.000674 
0.000000 0.000544 0.000000 0.000272 0.999184 0.000000 0.000000 0.000000 0.000000 0.000000 0.000568 0.000000 0.000289 0.999144 0.000000 0.000000 0.000000 0.000000 0.001633 0.004626 0.001633 0.006259 0.973061 0.003810 0.001088 0.007075 0.000816 0.001905 0.005048 0.001804 0.006957 0.970390 0.004093 0.001196 0.007751 0.000857 
0.000000 0.000000 0.000000 0.000267 0.999198 0.000267 0.000000 0.000267 0.000000 0.000000 0.000000 0.000000 0.000273 0.998932 0.000521 0.000000 0.000275 0.000000 0.000535 0.005079 0.001871 0.008554 0.966319 0.006148 0.000802 0.009356 0.001337 0.000583 0.005692 0.002086 0.009182 0.962578 0.007118 0.000886 0.010378 0.001496 
0.000000 0.000420 0.000000 0.000631 0.998318 0.000420 0.000210 0.000000 0.000000 0.000000 0.000476 0.000000 0.000679 0.998115 0.000467 0.000262 0.000000 0.000000 0.001472 0.007778 0.001261 0.010090 0.959638 0.008619 0.002733 0.006306 0.002102 0.001550 0.008420 0.001405 0.010806 0.956325 0.009415 0.003019 0.006743 0.002317 
0.000000 0.001297 0.000000 0.001297 0.995459 0.001730 0.000000 0.000216 0.000000 0.000000 0.001308 0.000000 0.001342 0.995337 0.001791 0.000000 0.000223 0.000000 0.002378 0.008000 0.003459 0.008649 0.955027 0.012108 0.002162 0.006919 0.001297 0.002620 0.008619 0.003881 0.009715 0.950733 0.012908 0.002560 0.007549 0.001416 
0.000000 0.000308 0.000000 0.000000 0.999076 0.000616 0.000000 0.000000 0.000000 0.000000 0.000308 0.000000 0.000000 0.999035 0.000657 0.000000 0.000000 0.000000 0.000616 0.004621 0.000924 0.006470 0.976895 0.004929 0.000924 0.004313 0.000308 0.000626 0.004939 0.001135 0.006986 0.975043 0.005257 0.000992 0.004674 0.000349 
0.000000 0.000000 0.000245 0.000245 0.998774 0.000000 0.000000 0.000736 0.000000 0.000000 0.000000 0.000277 0.000280 0.998665 0.000000 0.000000 0.000778 0.000000 0.002698 0.009566 0.001962 0.010792 0.955114 0.006377 0.003189 0.009321 0.000981 0.002972 0.010592 0.002230 0.011889 0.950435 0.006809 0.003784 0.010228 0.001059 
0.000000 0.000000 0.000000 0.000507 0.998987 0.000253 0.000000 0.000253 0.000000 0.000000 0.000000 0.000000 0.000543 0.998918 0.000260 0.000000 0.000279 0.000000 0.001013 0.006334 0.000760 0.006081 0.972131 0.007854 0.001773 0.002280 0.001773 0.001159 0.007016 0.000893 0.006388 0.969166 0.008724 0.001942 0.002556 0.002155 
0.000000 0.000348 0.000000 0.001043 0.996870 0.001391 0.000348 0.000000 0.000000 0.000000 0.000348 0.000000 0.001140 0.996326 0.001829 0.000358 0.000000 0.000000 0.001391 0.003478 0.000696 0.005217 0.980174 0.005217 0.000000 0.002435 0.001391 0.001535 0.004161 0.000707 0.005626 0.977264 0.006218 0.000000 0.002986 0.001505 
0.000875 0.000000 0.000000 0.000438 0.998249 0.000000 0.000000 0.000000 0.000438 0.001013 0.000000 0.000000 0.000451 0.997790 0.000000 0.000000 0.000000 0.000746 0.001313 0.007877 0.001313 0.002626 0.972867 0.005689 0.001751 0.006127 0.000438 0.001944 0.008323 0.001545 0.002844 0.968769 0.006318 0.002020 0.007300 0.000938 
