0.000530 0.001258 0.000331 0.001390 0.992783 0.001059 0.000662 0.001324 0.000662 0.000563 0.001330 0.000343 0.001417 0.992525 0.001080 0.000681 0.001363 0.000697 0.007746 0.030389 0.009865 0.031250 0.849775 0.029595 0.007283 0.027873 0.006224 0.008455 0.032262 0.010630 0.033015 0.839198 0.031733 0.007885 0.029968 0.006854 
0.000566 0.001698 0.000849 0.002151 0.989924 0.001472 0.001302 0.001415 0.000623 0.000582 0.001731 0.000889 0.002208 0.989600 0.001513 0.001372 0.001453 0.000651 0.009397 0.034982 0.010359 0.035832 0.825993 0.033850 0.010302 0.031586 0.007698 0.010115 0.036950 0.011171 0.037825 0.814703 0.036000 0.011116 0.033743 0.008377 
0.000378 0.001386 0.000819 0.001260 0.992126 0.001512 0.000441 0.001512 0.000567 0.000386 0.001407 0.000837 0.001273 0.991901 0.001610 0.000449 0.001539 0.000597 0.008126 0.028976 0.010268 0.031370 0.845228 0.029732 0.009890 0.028094 0.008315 0.008692 0.030518 0.011051 0.033173 0.835564 0.031678 0.010601 0.029767 0.008955 
0.000209 0.001045 0.000557 0.000975 0.995264 0.000905 0.000418 0.000348 0.000279 0.000223 0.001061 0.000577 0.000992 0.995106 0.000934 0.000456 0.000362 0.000289 0.006129 0.026607 0.006129 0.020199 0.887302 0.019712 0.005920 0.023612 0.004388 0.006750 0.028249 0.006658 0.021579 0.879270 0.021025 0.006378 0.025284 0.004807 
0.000274 0.000617 0.000617 0.000617 0.995681 0.000891 0.000274 0.000617 0.000411 0.000286 0.000696 0.000662 0.000642 0.995437 0.000929 0.000285 0.000635 0.000427 0.005004 0.027283 0.006307 0.021593 0.886482 0.019948 0.006581 0.022141 0.004661 0.005328 0.029207 0.006810 0.023085 0.878186 0.021428 0.007031 0.023735 0.005190 
0.000202 0.000810 0.000607 0.001282 0.995007 0.001012 0.000202 0.000675 0.000202 0.000206 0.000835 0.000645 0.001321 0.994841 0.001039 0.000217 0.000689 0.000206 0.005465 0.022063 0.006207 0.026854 0.880170 0.024492 0.006140 0.023952 0.004656 0.005933 0.023401 0.006712 0.028739 0.871397 0.026258 0.006682 0.025773 0.005107 
0.000290 0.000725 0.000507 0.000652 0.996522 0.000580 0.000290 0.000435 0.000000 0.000296 0.000743 0.000544 0.000682 0.996400 0.000591 0.000299 0.000446 0.000000 0.003406 0.022100 0.003768 0.018549 0.906818 0.016376 0.004348 0.020868 0.003768 0.003775 0.023598 0.004130 0.019983 0.899607 0.017520 0.004779 0.022420 0.004189 
0.000419 0.000978 0.000489 0.000838 0.994131 0.001118 0.000629 0.001118 0.000279 0.000429 0.001017 0.000507 0.000858 0.993922 0.001150 0.000657 0.001172 0.000288 0.005799 0.027110 0.006009 0.022638 0.882965 0.022708 0.005939 0.023058 0.003773 0.006359 0.028839 0.006509 0.024081 0.874689 0.024380 0.006481 0.024551 0.004110 
0.000200 0.001535 0.000734 0.001468 0.992992 0.000601 0.000934 0.001135 0.000400 0.000205 0.001569 0.000751 0.001516 0.992675 0.000682 0.000991 0.001186 0.000425 0.005873 0.033838 0.007075 0.026430 0.860242 0.022359 0.006607 0.032170 0.005406 0.006272 0.035593 0.007645 0.027962 0.851424 0.023834 0.007115 0.034215 0.005940 
0.000662 0.001788 0.000596 0.001126 0.991724 0.000861 0.000993 0.001920 0.000331 0.000686 0.001873 0.000616 0.001142 0.991491 0.000869 0.001020 0.001967 0.000335 0.008342 0.040519 0.007283 0.025689 0.843353 0.021716 0.008077 0.036282 0.008739 0.008944 0.042577 0.007841 0.027291 0.833520 0.023238 0.008726 0.038342 0.009521 
0.000978 0.002803 0.000717 0.002021 0.987744 0.001630 0.001108 0.002412 0.000587 0.001010 0.002951 0.000754 0.002064 0.987258 0.001716 0.001163 0.002478 0.000606 0.011278 0.044723 0.011474 0.032271 0.809962 0.030510 0.010431 0.039312 0.010040 0.012045 0.046806 0.012401 0.034185 0.798627 0.032535 0.011166 0.041490 0.010745 
0.000533 0.003376 0.001836 0.002191 0.984957 0.001777 0.001718 0.002547 0.001066 0.000554 0.003490 0.001883 0.002234 0.984514 0.001827 0.001762 0.002636 0.001101 0.013799 0.057625 0.013503 0.034587 0.767071 0.033817 0.012319 0.055197 0.012082 0.014657 0.060161 0.014471 0.036377 0.754520 0.036009 0.013098 0.057802 0.012904 
0.000971 0.002970 0.001313 0.002684 0.986180 0.001485 0.001199 0.002341 0.000857 0.000996 0.003028 0.001375 0.002729 0.985792 0.001522 0.001252 0.002413 0.000893 0.014448 0.060419 0.011878 0.038719 0.763463 0.033522 0.012564 0.053566 0.011421 0.015405 0.063082 0.012708 0.040740 0.750690 0.035383 0.013425 0.056386 0.012180 
0.000793 0.002927 0.000671 0.002073 0.988110 0.001890 0.000793 0.002012 0.000732 0.000817 0.002985 0.000699 0.002110 0.987715 0.001975 0.000819 0.002114 0.000766 0.013171 0.056829 0.012073 0.033720 0.783841 0.030000 0.011585 0.047805 0.010976 0.014003 0.059294 0.013068 0.035576 0.771231 0.032028 0.012444 0.050506 0.011850 
0.000700 0.002545 0.000445 0.001400 0.989946 0.001336 0.000955 0.002291 0.000382 0.000715 0.002624 0.000459 0.001424 0.989608 0.001366 0.000996 0.002409 0.000400 0.007827 0.050016 0.007954 0.025581 0.822844 0.024053 0.008145 0.045752 0.007827 0.008416 0.052535 0.008658 0.027196 0.811731 0.025716 0.008859 0.048393 0.008495 
0.000640 0.003136 0.000768 0.001344 0.988801 0.001280 0.001344 0.002176 0.000512 0.000665 0.003207 0.000802 0.001375 0.988414 0.001338 0.001383 0.002290 0.000526 0.009663 0.052349 0.009535 0.026814 0.813388 0.023742 0.009727 0.047549 0.007232 0.010380 0.054713 0.010285 0.028514 0.802423 0.025328 0.010350 0.050183 0.007824 
0.001081 0.002735 0.000445 0.001717 0.988169 0.001845 0.001208 0.002226 0.000572 0.001127 0.002848 0.000460 0.001753 0.987750 0.001918 0.001247 0.002293 0.000606 0.010749 0.051011 0.010304 0.029386 0.802951 0.029068 0.008650 0.048404 0.009477 0.011597 0.053703 0.010994 0.031093 0.790547 0.031038 0.009429 0.051287 0.010312 
0.000576 0.002560 0.000640 0.001536 0.988673 0.001728 0.000640 0.002688 0.000960 0.000598 0.002689 0.000662 0.001566 0.988279 0.001787 0.000653 0.002776 0.000991 0.009535 0.050621 0.008319 0.027198 0.817100 0.025150 0.007488 0.046077 0.008511 0.010387 0.053231 0.009033 0.029075 0.805185 0.026909 0.008190 0.048847 0.009144 
0.000564 0.002067 0.000751 0.001628 0.989417 0.002067 0.000751 0.002192 0.000564 0.000594 0.002117 0.000794 0.001660 0.988998 0.002177 0.000777 0.002251 0.000632 0.011209 0.053291 0.009706 0.030371 0.798297 0.028868 0.010458 0.049972 0.007828 0.012120 0.056145 0.010578 0.032166 0.785796 0.030833 0.011137 0.052680 0.008544 
0.000895 0.002924 0.000477 0.001730 0.988543 0.001671 0.000776 0.002267 0.000716 0.000921 0.002998 0.000487 0.001834 0.987938 0.001836 0.000802 0.002426 0.000758 0.010740 0.055015 0.009368 0.031147 0.790918 0.029715 0.009905 0.054240 0.008950 0.011609 0.057642 0.010204 0.033031 0.777831 0.031836 0.010798 0.057426 0.009623 
0.000977 0.003909 0.000611 0.003054 0.983386 0.002810 0.000794 0.003665 0.000794 0.001010 0.004120 0.000624 0.003188 0.982442 0.003107 0.000843 0.003835 0.000830 0.012644 0.056132 0.011605 0.037014 0.780784 0.030723 0.010384 0.051551 0.009162 0.013567 0.058980 0.012606 0.039492 0.766979 0.032823 0.011226 0.054344 0.009983 
0.001102 0.004485 0.000944 0.002361 0.982688 0.002439 0.001180 0.003462 0.001338 0.001155 0.004602 0.001000 0.002447 0.982076 0.002556 0.001210 0.003558 0.001398 0.012276 0.060434 0.014086 0.038480 0.761017 0.034152 0.013535 0.053746 0.012276 0.013140 0.063231 0.015261 0.040775 0.746944 0.036340 0.014738 0.056324 0.013247 
