0.000000 0.000147 0.000147 0.000147 0.999560 0.000000 0.000000 0.000000 0.000000 0.000000 0.000150 0.000156 0.000150 0.999544 0.000000 0.000000 0.000000 0.000000 0.000147 0.006160 0.001027 0.010414 0.958932 0.012174 0.000587 0.009680 0.000880 0.000169 0.006701 0.001169 0.011183 0.955587 0.013014 0.000657 0.010466 0.001054 
0.000000 0.000132 0.000000 0.000000 0.999736 0.000000 0.000000 0.000132 0.000000 0.000000 0.000132 0.000000 0.000000 0.999718 0.000000 0.000000 0.000150 0.000000 0.001319 0.010815 0.000659 0.009628 0.953706 0.012398 0.001319 0.009496 0.000659 0.001442 0.011680 0.000704 0.010279 0.949875 0.013432 0.001438 0.010338 0.000813 
0.000000 0.000133 0.000000 0.000133 0.999733 0.000000 0.000000 0.000000 0.000000 0.000000 0.000133 0.000000 0.000142 0.999725 0.000000 0.000000 0.000000 0.000000 0.000267 0.007330 0.000533 0.007330 0.965480 0.011729 0.000267 0.006931 0.000133 0.000267 0.007766 0.000589 0.007839 0.962987 0.012674 0.000367 0.007375 0.000136 
0.000000 0.000000 0.000000 0.000000 1.000000 0.000000 0.000000 0.000000 0.000000 0.000000 0.000000 0.000000 0.000000 1.000000 0.000000 0.000000 0.000000 0.000000 0.001388 0.007355 0.000416 0.007633 0.964197 0.009575 0.000555 0.007633 0.001249 0.001608 0.007873 0.000457 0.008185 0.961484 0.010226 0.000600 0.008125 0.001443 
0.000000 0.000000 0.000000 0.000131 0.999869 0.000000 0.000000 0.000000 0.000000 0.000000 0.000000 0.000000 0.000131 0.999869 0.000000 0.000000 0.000000 0.000000 0.001182 0.008273 0.000525 0.010243 0.960998 0.008798 0.000919 0.008142 0.000919 0.001313 0.008788 0.000619 0.011128 0.957835 0.009518 0.001055 0.008713 0.001032 
0.000000 0.000127 0.000000 0.000380 0.999493 0.000000 0.000000 0.000000 0.000000 0.000000 0.000127 0.000000 0.000402 0.999471 0.000000 0.000000 0.000000 0.000000 0.000634 0.010265 0.000127 0.007604 0.961982 0.011279 0.000760 0.006970 0.000380 0.000676 0.011051 0.000128 0.008234 0.959096 0.012091 0.000819 0.007459 0.000446 
0.000000 0.000000 0.000000 0.000000 0.999874 0.000000 0.000000 0.000126 0.000000 0.000000 0.000000 0.000000 0.000000 0.999870 0.000000 0.000000 0.000130 0.000000 0.000505 0.009222 0.000632 0.009222 0.961344 0.010359 0.000379 0.007201 0.001137 0.000587 0.009795 0.000717 0.009848 0.958060 0.011356 0.000505 0.007688 0.001444 
0.000000 0.000000 0.000000 0.000122 0.999756 0.000000 0.000000 0.000122 0.000000 0.000000 0.000000 0.000000 0.000128 0.999750 0.000000 0.000000 0.000123 0.000000 0.000976 0.008908 0.000366 0.010250 0.959487 0.008542 0.001098 0.009640 0.000732 0.001138 0.009556 0.000434 0.011146 0.956192 0.009147 0.001291 0.010309 0.000787 
0.000000 0.000491 0.000000 0.000000 0.999509 0.000000 0.000000 0.000000 0.000000 0.000000 0.000503 0.000000 0.000000 0.999497 0.000000 0.000000 0.000000 0.000000 0.000982 0.012150 0.000859 0.006627 0.960604 0.007486 0.000368 0.010064 0.000859 0.001112 0.012982 0.001047 0.007097 0.957431 0.008150 0.000437 0.010776 0.000970 
0.000000 0.000000 0.000000 0.000125 0.999751 0.000000 0.000000 0.000125 0.000000 0.000000 0.000000 0.000000 0.000127 0.999747 0.000000 0.000000 0.000127 0.000000 0.000748 0.008726 0.000499 0.007230 0.963101 0.010097 0.000623 0.007978 0.000997 0.000888 0.009309 0.000578 0.007851 0.960011 0.011075 0.000677 0.008492 0.001118 
0.000000 0.000000 0.000000 0.000125 0.999626 0.000000 0.000000 0.000249 0.000000 0.000000 0.000000 0.000000 0.000125 0.999622 0.000000 0.000000 0.000253 0.000000 0.000498 0.007348 0.000374 0.006477 0.967617 0.009341 0.000374 0.006975 0.000996 0.000529 0.007843 0.000393 0.007111 0.964983 0.010022 0.000438 0.007517 0.001166 
0.000000 0.000000 0.000000 0.000000 0.999878 0.000122 0.000000 0.000000 0.000000 0.000000 0.000000 0.000000 0.000000 0.999877 0.000123 0.000000 0.000000 0.000000 0.000977 0.009404 0.000611 0.010015 0.957987 0.009160 0.000733 0.010625 0.000489 0.001197 0.010157 0.000690 0.010989 0.954131 0.009988 0.000811 0.011471 0.000566 
0.000000 0.000244 0.000000 0.000122 0.999635 0.000000 0.000000 0.000000 0.000000 0.000000 0.000251 0.000000 0.000122 0.999627 0.000000 0.000000 0.000000 0.000000 0.001218 0.010838 0.000487 0.009255 0.956405 0.009985 0.000974 0.009742 0.001096 0.001361 0.011533 0.000534 0.010107 0.952851 0.010835 0.001168 0.010345 0.001266 
0.000000 0.000122 0.000000 0.000000 0.999512 0.000366 0.000000 0.000000 0.000000 0.000000 0.000125 0.000000 0.000000 0.999373 0.000502 0.000000 0.000000 0.000000 0.000609 0.010481 0.000731 0.008531 0.958196 0.010238 0.000609 0.009506 0.001097 0.000730 0.011181 0.000804 0.009233 0.954653 0.011192 0.000716 0.010253 0.001238 
0.000000 0.000000 0.000000 0.000119 0.999762 0.000000 0.000000 0.000119 0.000000 0.000000 0.000000 0.000000 0.000121 0.999758 0.000000 0.000000 0.000121 0.000000 0.001070 0.010941 0.000714 0.009633 0.950648 0.011060 0.000832 0.013319 0.001784 0.001139 0.011698 0.000766 0.010550 0.946529 0.012015 0.000998 0.014242 0.002061 
0.000000 0.000344 0.000115 0.000230 0.998852 0.000115 0.000000 0.000344 0.000000 0.000000 0.000348 0.000116 0.000230 0.998812 0.000143 0.000000 0.000351 0.000000 0.001148 0.013090 0.000574 0.010908 0.953152 0.007923 0.000115 0.011827 0.001263 0.001226 0.013902 0.000624 0.011696 0.949787 0.008672 0.000114 0.012558 0.001420 
0.000000 0.000238 0.000000 0.000000 0.999523 0.000119 0.000000 0.000119 0.000000 0.000000 0.000242 0.000000 0.000000 0.999508 0.000130 0.000000 0.000120 0.000000 0.001787 0.012274 0.000357 0.006077 0.957221 0.009533 0.000238 0.011439 0.001072 0.002055 0.012907 0.000403 0.006687 0.953804 0.010406 0.000249 0.012250 0.001239 
0.000000 0.000339 0.000000 0.000000 0.999548 0.000000 0.000000 0.000113 0.000000 0.000000 0.000348 0.000000 0.000000 0.999533 0.000000 0.000000 0.000119 0.000000 0.001018 0.014588 0.000339 0.008821 0.952392 0.009273 0.000565 0.011987 0.001018 0.001102 0.015645 0.000374 0.009666 0.948479 0.010179 0.000617 0.012804 0.001135 
0.000116 0.000000 0.000000 0.000000 0.999769 0.000116 0.000000 0.000000 0.000000 0.000127 0.000000 0.000000 0.000000 0.999729 0.000144 0.000000 0.000000 0.000000 0.000347 0.010631 0.000578 0.008089 0.958863 0.006355 0.000116 0.013635 0.001387 0.000397 0.011286 0.000613 0.008832 0.955457 0.007053 0.000126 0.014678 0.001560 
0.000000 0.000116 0.000000 0.000000 0.999769 0.000000 0.000116 0.000000 0.000000 0.000000 0.000120 0.000000 0.000000 0.999762 0.000000 0.000118 0.000000 0.000000 0.000925 0.013181 0.000578 0.009134 0.953174 0.010406 0.000347 0.011215 0.001041 0.001072 0.014029 0.000658 0.009983 0.949309 0.011253 0.000391 0.012126 0.001179 
0.000000 0.000000 0.000000 0.000000 0.999737 0.000000 0.000000 0.000263 0.000000 0.000000 0.000000 0.000000 0.000000 0.999725 0.000000 0.000000 0.000275 0.000000 0.001313 0.010244 0.000394 0.007092 0.958235 0.008537 0.000263 0.012740 0.001182 0.001527 0.010926 0.000454 0.007660 0.954887 0.009309 0.000301 0.013643 0.001294 
0.000000 0.000000 0.000000 0.000000 1.000000 0.000000 0.000000 0.000000 0.000000 0.000000 0.000000 0.000000 0.000000 1.000000 0.000000 0.000000 0.000000 0.000000 0.001423 0.008894 0.001601 0.008716 0.961224 0.008716 0.000534 0.008538 0.000356 0.001674 0.009540 0.001884 0.009461 0.958011 0.009445 0.000570 0.009033 0.000382 
