0.43865,0.43863,895.96,0.43897,0.44065,894.46,0.43141,0.43921,84.459,0.43817,0.43865,85.96
0.41292,0.41326,927.94,0.41995,0.42146,928.45,0.42338,0.41746,103.45,0.42537,0.42038,102.45
0.41683,0.41512,926.45,0.41854,0.42113,926.95,0.42477,0.42115,98.45,0.42168,0.42612,105.45
0.42689,0.42663,964.46,0.42002,0.4214,973.45,0.431,0.42814,102.46,0.42197,0.42497,112.45
0.40903,0.409,1010.9,0.41173,0.41138,1001.9,0.41411,0.41256,101.44,0.4145,0.41172,107.94
0.40988,0.40878,895.44,0.40774,0.40789,892.94,0.41495,0.41198,85.443,0.40549,0.41125,89.44
0.4154,0.41579,812.45,0.41624,0.41568,794.94,0.41475,0.42809,58.45,0.41545,0.4195,61.445
0.40835,0.40911,839.44,0.41286,0.41286,831.44,0.40771,0.40953,58.44,0.41775,0.41407,62.442
0.41877,0.41824,1138,0.41674,0.41769,1141.9,0.42011,0.42794,133.45,0.42314,0.41792,142.95
0.4144,0.4139,1226.4,0.41165,0.41311,1238.4,0.41632,0.42114,149.95,0.41564,0.41959,156.94
0.41111,0.41228,1165.9,0.41539,0.41633,1162.4,0.41718,0.42288,138.95,0.42093,0.42132,143.95
0.41217,0.41553,1143.4,0.41572,0.41565,1139.9,0.42129,0.42084,140.45,0.41999,0.4209,143.95
0.41516,0.4183,950.45,0.41695,0.41674,955.45,0.42071,0.42173,94.448,0.41931,0.4206,99.446
0.40692,0.41,997.44,0.40979,0.4099,999.44,0.41414,0.41062,105.44,0.41439,0.41515,115.44
0.39824,0.40109,1055.4,0.39725,0.39612,1060.4,0.40724,0.40819,119.94,0.404,0.40519,127.93
0.39985,0.39923,1103.4,0.39846,0.39774,1099.4,0.40656,0.40296,134.44,0.40307,0.40569,132.43
0.39793,0.39679,1135.4,0.39196,0.39288,1135.9,0.4038,0.40567,133.93,0.3993,0.396,143.93
0.38511,0.38676,1208.4,0.38308,0.38268,1206.4,0.39437,0.39304,192.43,0.38873,0.39168,195.92
0.3849,0.38514,1251.9,0.37971,0.3804,1242.9,0.39431,0.39499,215.43,0.38541,0.38612,207.92
0.37717,0.37787,1269.9,0.37786,0.37967,1253.9,0.38676,0.3892,212.42,0.38798,0.38764,212.92
0.37672,0.37818,1215.9,0.3829,0.38322,1213.9,0.38888,0.38908,193.42,0.39307,0.38967,192.42
0.38004,0.3811,1164.9,0.38345,0.38362,1162.4,0.395,0.38918,156.42,0.39492,0.38813,153.42
0.39175,0.39247,1137.9,0.39476,0.39567,1141.4,0.39424,0.40024,167.93,0.40032,0.39845,171.93
0.39643,0.39744,1172.9,0.39261,0.39208,1176.4,0.40162,0.40513,160.93,0.39749,0.39667,166.93
0.39724,0.39833,1118.4,0.39436,0.39332,1130.9,0.40588,0.40458,154.43,0.40333,0.39844,156.43
0.39102,0.39228,1181.9,0.38964,0.38989,1177.4,0.40107,0.39739,166.43,0.40045,0.39622,164.43
0.38796,0.38802,1434.4,0.38788,0.39029,1431.9,0.39723,0.38787,215.43,0.39448,0.3921,215.93
0.38488,0.38433,1464.9,0.37903,0.38039,1450.4,0.39636,0.39145,230.92,0.38859,0.38643,228.42
0.38041,0.3786,1401.4,0.38369,0.38425,1380.4,0.39217,0.38717,219.42,0.39536,0.38939,217.92
0.37918,0.37636,1339.4,0.38249,0.38366,1349.4,0.38982,0.38735,213.92,0.39186,0.39328,214.93
0.38074,0.37544,1336.4,0.38302,0.38446,1326.9,0.38256,0.38583,210.92,0.38971,0.39243,210.93
0.39184,0.38785,1228.9,0.39257,0.39285,1227.4,0.39338,0.39606,191.43,0.40129,0.3929,192.43
0.39319,0.38742,973.42,0.39549,0.39609,973.43,0.39096,0.39978,116.93,0.40778,0.39699,115.43
0.3948,0.38992,1080.9,0.38207,0.38295,1072.9,0.39453,0.39994,149.93,0.38616,0.38641,151.92
0.39534,0.39121,1075.4,0.38317,0.3836,1070.4,0.40242,0.40197,136.43,0.39255,0.39402,140.93
0.39702,0.39493,1057.9,0.39816,0.3997,1056.9,0.39965,0.40257,115.93,0.4026,0.40348,118.94
0.39806,0.39887,1072.9,0.39837,0.39934,1061.4,0.39907,0.40334,134.93,0.40342,0.40137,133.44
0.39501,0.39535,1180.4,0.38743,0.38872,1177.9,0.40023,0.40051,178.43,0.39154,0.39205,173.43
0.39062,0.39107,1429.4,0.39044,0.39009,1411.4,0.39627,0.3991,241.43,0.39726,0.39624,231.93
0.38575,0.3857,1334.4,0.38325,0.38253,1334.4,0.39319,0.39487,229.93,0.38924,0.38674,228.42
0.37362,0.3732,1220.9,0.37343,0.37452,1220.4,0.37415,0.38444,193.41,0.38103,0.3768,195.91
0.36792,0.36751,1135.4,0.36887,0.37046,1138.4,0.37548,0.37522,171.91,0.37542,0.37721,171.91
0.37205,0.37074,1109.9,0.37886,0.37931,1104.9,0.38319,0.37622,167.91,0.38771,0.3872,165.42
0.3757,0.37595,1051.9,0.38313,0.38364,1047.4,0.38511,0.3785,162.92,0.39132,0.39144,160.93
0.38834,0.38668,1032.9,0.38731,0.38814,1029.4,0.39058,0.39503,141.42,0.39723,0.38925,140.93
0.38246,0.38107,1196.4,0.38639,0.38726,1190.4,0.38777,0.38577,186.42,0.39238,0.39077,190.42
0.38772,0.38298,1275.9,0.38746,0.38806,1280.9,0.3927,0.38749,193.42,0.39151,0.39358,193.93
0.37598,0.3755,1384.9,0.38163,0.38226,1381.4,0.3818,0.38188,224.42,0.3854,0.38568,225.92
0.37603,0.37688,1358.4,0.37806,0.37804,1345.4,0.38965,0.38028,208.42,0.39084,0.38566,210.42
0.38932,0.39071,1191.9,0.39158,0.39311,1188.9,0.39565,0.39008,157.92,0.406,0.4006,153.93
0.38866,0.38925,1183.9,0.38948,0.38982,1199.9,0.395,0.39477,177.93,0.39977,0.40023,182.93
0.37734,0.37611,1207.4,0.38406,0.38456,1213.4,0.38766,0.38375,183.92,0.39267,0.38856,186.92
0.36565,0.36553,1084.9,0.38369,0.38091,1083.9,0.3775,0.37351,145.41,0.39372,0.38696,142.42
0.37559,0.37688,1105.9,0.38804,0.38552,1110.4,0.38945,0.38804,154.92,0.39791,0.39698,154.93
0.38215,0.38195,944.92,0.40118,0.39766,948.43,0.38539,0.38972,108.92,0.40889,0.40818,107.44
0.39497,0.39452,1001.4,0.4051,0.40258,1007.4,0.39598,0.40073,127.43,0.40931,0.41439,129.94
0.40293,0.40192,1007.9,0.40561,0.40597,1000.9,0.40341,0.4101,127.94,0.41805,0.41373,125.44
0.40941,0.40809,1068.4,0.4097,0.40887,1070.4,0.41675,0.41537,119.44,0.41782,0.41452,115.95
0.42273,0.42195,1011.4,0.42197,0.42274,1007,0.42473,0.42209,93.948,0.42625,0.42715,88.453
0.42164,0.42135,1064.9,0.42099,0.42164,1053.5,0.42672,0.42622,130.95,0.42874,0.42886,124.95
0.42201,0.42048,1068.4,0.4166,0.41777,1062.9,0.4282,0.43017,134.95,0.42648,0.42319,127.95
0.42143,0.42051,1011.9,0.4195,0.42109,997.95,0.42836,0.42833,132.95,0.42526,0.42554,126.45
0.42208,0.41916,972.45,0.42602,0.42661,977.95,0.42716,0.42795,100.95,0.43087,0.42938,101.96
0.4174,0.41587,979.94,0.42075,0.42072,993.45,0.42507,0.42501,117.45,0.42791,0.42684,116.95
0.42064,0.42014,881.95,0.42139,0.4218,886.95,0.42598,0.42466,95.951,0.42736,0.42699,97.452
0.40742,0.40905,935.94,0.40115,0.40018,937.93,0.41569,0.41322,106.44,0.41249,0.40453,108.94
0.40159,0.40268,987.43,0.3988,0.3969,982.43,0.41029,0.40832,117.44,0.40998,0.4012,112.94
0.40251,0.40226,948.43,0.39968,0.39822,949.93,0.40547,0.40662,121.44,0.4037,0.39976,122.43
0.39998,0.39931,1097.4,0.39711,0.3983,1086.9,0.40812,0.40728,150.94,0.40866,0.40443,143.94
0.40454,0.40358,1209.9,0.40364,0.40529,1207.9,0.41071,0.408,172.44,0.41409,0.40704,177.44
0.40384,0.40378,1502.9,0.40447,0.40557,1499.4,0.40803,0.40896,232.44,0.41249,0.40907,239.94
0.4033,0.40514,1303.4,0.40931,0.40936,1292.4,0.41144,0.41158,168.94,0.42085,0.4183,165.95
0.4115,0.41298,1130.4,0.41382,0.41166,1133.9,0.41463,0.42058,132.95,0.42066,0.42267,133.95
0.42038,0.42265,986.45,0.41639,0.41443,981.45,0.42782,0.43206,111.45,0.42094,0.42313,108.45
0.41339,0.41446,875.95,0.41781,0.41917,879.95,0.41944,0.41723,71.945,0.42409,0.42409,74.95
0.40609,0.40527,828.94,0.40481,0.40475,842.44,0.41356,0.40936,65.942,0.41641,0.41585,72.444
0.40587,0.40531,883.94,0.40483,0.4024,893.43,0.41327,0.41187,88.943,0.41411,0.41299,93.943
0.40361,0.40247,1006.9,0.40316,0.40254,1008.9,0.41098,0.40477,123.44,0.40865,0.4105,119.94
0.40156,0.40219,1081.4,0.40456,0.40397,1060.9,0.41249,0.40931,135.44,0.41348,0.41548,136.44
0.40533,0.4057,1127.9,0.40528,0.40519,1109.4,0.40517,0.40393,147.44,0.41481,0.40879,155.44
0.40699,0.40527,1073.9,0.40366,0.40393,1053.9,0.40897,0.40846,135.94,0.40835,0.40914,137.94
0.41438,0.41384,1103.4,0.40612,0.40642,1088.9,0.42101,0.42231,135.45,0.40811,0.41101,143.44
0.41063,0.41172,1052.4,0.40148,0.40231,1044.9,0.4159,0.419,116.94,0.40818,0.40376,119.44
0.41035,0.41026,1051.4,0.39806,0.39993,1048.9,0.41919,0.41832,129.94,0.40449,0.40161,130.93
0.40706,0.40691,929.94,0.40397,0.40406,921.94,0.41825,0.41597,100.94,0.40751,0.40548,98.937
0.41173,0.41272,1047.9,0.41448,0.41569,1039.9,0.42442,0.41984,121.45,0.42453,0.42361,116.95
0.40756,0.40634,962.44,0.40615,0.40765,966.44,0.41576,0.41303,108.44,0.41601,0.41098,107.94
0.40582,0.4042,853.94,0.40625,0.40607,857.44,0.4098,0.41274,77.44,0.40918,0.41207,77.94
0.41108,0.41195,867.44,0.41231,0.41239,865.45,0.41839,0.42164,62.947,0.42052,0.4169,59.447
0.42741,0.42691,856.96,0.42716,0.42652,849.96,0.4322,0.43393,61.457,0.43363,0.43276,56.958
0.42854,0.42975,838.46,0.4321,0.43239,830.46,0.43521,0.43097,52.456,0.43803,0.43823,48.961
0.43143,0.43184,822.46,0.42942,0.42906,818.46,0.43738,0.438,31.46,0.43967,0.4339,32.46
0.43197,0.43154,802.96,0.42641,0.42599,804.96,0.43737,0.43642,40.46,0.43865,0.43284,39.46
0.42986,0.4303,851.46,0.42401,0.42437,842.95,0.43459,0.437,56.957,0.42802,0.43297,53.455
0.43161,0.4316,882.96,0.42526,0.42548,898.46,0.43626,0.43851,63.459,0.42979,0.43032,69.955
0.43663,0.43703,824.46,0.43444,0.43474,834.96,0.44444,0.44133,53.463,0.44396,0.43907,53.963
0.441,0.44218,828.47,0.44338,0.44323,833.97,0.44601,0.44419,51.965,0.45059,0.44548,53.466
0.43998,0.44084,859.96,0.43984,0.43879,871.96,0.44874,0.44276,69.465,0.44863,0.44203,74.464
0.43912,0.43962,1005,0.43676,0.43338,1001.5,0.44603,0.4437,105.46,0.44078,0.43988,111.96
0.43616,0.4376,988.96,0.43162,0.429,985.96,0.44141,0.44484,95.963,0.43723,0.43613,98.461
