0.055253,0.076391,91.359,0.18407,0.18715,203.75,-0.044369,-0.0054489,37.722,0.085885,0.081733,29.108
0.053107,0.077133,107.33,0.24249,0.24643,222.81,0.014836,0.038782,42.311,0.23998,0.24571,31.316
0.078111,0.092981,104.41,0.26967,0.27357,234.84,0.036364,0.095325,48.988,0.28078,0.24987,38.34
0.047237,0.075037,116.34,0.22721,0.23786,243.3,0.04391,0.075274,55.456,0.25849,0.21354,44.308
0.013334,0.037751,105.23,0.24777,0.25142,232.31,-0.035602,-0.12723,53.478,0.22199,0.24215,44.301
0.043893,0.066678,119.83,0.26326,0.26801,248.83,-0.17191,-0.071541,58.3,0.26441,0.24921,47.829
0.019913,0.031627,128.72,0.21603,0.21849,246.78,-0.070785,-0.015907,67.109,0.16251,0.16914,55.23
-0.0057139,0.010839,176.59,0.17592,0.17934,278.22,-0.11138,-0.026582,77.96,0.069112,0.054226,68.56
-0.0053984,0.020479,149.6,0.15326,0.15878,249.7,-0.062071,-0.092446,72.786,0.038299,0.066297,63.551
0.040813,0.046532,180.23,0.12381,0.12285,247.64,0.021485,-0.12361,87.027,-0.038727,-0.018568,77.871
0.0060174,0.019158,1057.6,0.05516,0.059517,1019,0.0055006,-0.11909,130.2,-0.12239,0.088284,124.42
0.026367,0.023177,452.19,0.021773,0.037893,379.86,0.00029904,-0.1235,104.34,0.0017943,-0.055024,100.32
0.042633,0.063043,271.77,0.086471,0.091289,280.03,-0.15337,-0.14027,90.269,-0.015616,0.0022309,90.123
0.061949,0.070574,237.82,0.17505,0.17591,266.2,-0.031511,-0.21138,75.546,-0.16286,-0.04657,65.285
0.048246,0.054094,263.73,0.090757,0.092984,328.07,-0.036031,-0.026608,91.662,-0.097007,-0.015244,82.134
0.022955,0.038728,314.15,0.079458,0.08179,329.03,-0.019488,-0.11386,97.82,-0.092149,-0.15033,90.162
0.11194,0.12618,193.95,0.12869,0.13014,271.64,-0.10423,0.041533,78.182,0.019025,-0.13237,68.856
0.10329,0.11261,170.41,0.15253,0.15679,227.67,0.059645,-0.14992,87.891,0.14186,0.027942,80.595
0.055507,0.060008,137.27,0.17714,0.18398,212.21,-0.16934,-0.028045,76.797,0.1688,0.045139,65.624
0.062313,0.070964,287.26,0.10721,0.11202,316.58,-0.14014,-0.032121,109.75,-0.0014213,-0.12166,98.246
0.074879,0.089159,166.27,0.19348,0.19914,233.73,-0.017458,0.057556,74.222,-0.10311,0.020185,59.331
0.060861,0.086779,131.3,0.20061,0.20428,242.75,-0.074223,-0.049571,66.991,0.14094,0.16479,54.204
0.047175,0.064215,238.18,0.082617,0.083613,242.54,0.0051941,-0.084199,96.369,-0.040733,-0.039639,81.22
0.091814,0.10853,170.42,0.16978,0.17371,269.71,0.032139,0.020285,97.322,0.0057956,0.12592,75.088
0.05914,0.080196,147.33,0.17933,0.17731,267.22,-0.11856,-0.059818,78.91,0.068938,0.15182,60.644
0.095783,0.11563,149.4,0.2031,0.20257,250.75,-0.043642,0.046606,66.711,0.081358,0.049569,49.555
0.057078,0.071455,159.81,0.22586,0.22885,275.28,-0.029899,-0.085424,82.866,0.10918,0.11933,64.643
0.10103,0.11305,155.42,0.1798,0.17496,230.21,-0.061543,0.0063391,91.532,0.081616,-0.011358,75.009
0.051773,0.067088,155.78,0.10309,0.11159,223.11,-0.075644,0.020923,80.048,-0.027361,0.027361,64.912
0.1119,0.13743,167.48,0.13454,0.13603,246.66,0.10478,-0.11134,82.335,-0.0081408,0.040179,62.461
0.072515,0.09817,177.9,0.17733,0.17918,295.72,-0.10667,0.0592,90.211,0.1008,0.1736,74.686
0.098545,0.12167,152.45,0.17133,0.17593,236.71,0.0050586,-0.12407,71.96,0.072684,-0.038339,56.968
0.092428,0.1053,157.43,0.23596,0.24078,269.79,-0.17925,0.074933,81.649,0.1752,0.23558,62.271
0.066027,0.071622,134.84,0.26903,0.26761,264.83,0.053749,-0.092816,82.717,0.26193,0.2635,65.833
0.097001,0.11446,175.44,0.21984,0.22209,288.27,-0.018095,-0.002661,88.211,0.18467,0.20889,70.264
0.042379,0.059663,184.79,0.16037,0.16493,287.2,-0.10037,-0.02673,91.538,0.083333,0.11635,77.131
0.1286,0.14079,182.5,0.2297,0.24099,294.29,-0.077025,-0.084172,88.844,0.21863,0.17655,71.77
0.11516,0.13759,156.98,0.29267,0.29898,282.35,0.016918,-0.008329,90.792,0.28605,0.2975,70.371
0.11028,0.12974,211.98,0.1722,0.17107,324.21,-0.051514,0.0018587,104.67,0.11577,0.13489,85.662
0.11505,0.12877,160.98,0.22999,0.23153,261.28,-0.037114,-0.0015682,91.673,0.11918,0.11735,72.665
0.09481,0.11565,166.41,0.22379,0.22385,272.27,0.033351,-0.1145,96.085,0.1594,0.15546,75.713
0.09539,0.1056,161.9,0.19788,0.19687,262.74,0.026025,0.081493,87.4,0.097003,0.075447,69.11
0.08868,0.10515,158.4,0.25945,0.26378,284.81,0.013918,-0.066964,95.169,0.27363,0.25158,75.338
0.071751,0.078091,192.33,0.26293,0.26506,301.32,-0.055819,0.041338,91.192,0.24276,0.27067,70.83
0.085117,0.095757,209.85,0.20748,0.21294,287.75,0.015168,-0.044172,104.12,0.16179,0.10165,81.679
0.079459,0.099446,194.85,0.24143,0.239,301.79,0.023495,-0.073918,96.073,0.23469,0.20248,76.792
0.085933,0.093946,200.37,0.24911,0.24761,302.3,0.071466,-0.028272,103.84,0.24817,0.24215,83.823
0.079586,0.091103,192.82,0.19959,0.20283,275.24,-0.061644,0.013172,88.475,0.18862,0.20495,66.763
0.092009,0.10454,191.87,0.17436,0.17631,272.71,0.084073,-0.0020888,92.78,0.081984,0.046214,71.559
