0.31786,0.31283,328.86,0.31529,0.31632,345.85,0.36913,0.35323,50.401,0.32117,0.35688,52.872
0.31255,0.31428,411.85,0.32044,0.31843,414.86,0.36797,0.35472,65.393,0.36188,0.35764,65.895
0.32277,0.32478,288.87,0.33998,0.34009,289.39,0.36563,0.36796,22.394,0.38553,0.37158,21.901
0.32891,0.33507,346.88,0.33428,0.32783,350.87,0.38577,0.3792,42.415,0.35977,0.37421,46.905
0.34084,0.34146,278.39,0.32394,0.32529,281.37,0.36967,0.38788,26.899,0.36472,0.37097,26.403
0.35991,0.35386,268.91,0.32381,0.32986,272.89,0.38688,0.38197,19.92,0.36415,0.36803,20.408
0.3536,0.35781,290.9,0.33257,0.33251,298.88,0.36992,0.39546,26.416,0.34619,0.3561,31.883
0.36157,0.35976,259.91,0.35676,0.3572,255.42,0.3948,0.37188,18.418,0.39251,0.36475,16.922
0.3763,0.37054,251.93,0.3571,0.35671,254.41,0.39187,0.3998,13.935,0.37117,0.38983,16.918
0.3776,0.37519,254.93,0.38009,0.37855,252.43,0.4084,0.40025,9.9404,0.40356,0.39975,8.4342
0.39083,0.38886,244.44,0.3631,0.36545,246.92,0.40751,0.39959,9.4416,0.407,0.38171,12.433
0.35149,0.36065,246.92,0.37426,0.37584,246.43,0.3909,0.40056,9.9323,0.40641,0.41913,7.4445
0.32864,0.33353,256.39,0.34661,0.35151,254.41,0.37545,0.35554,14.901,0.37928,0.37315,12.917
0.3254,0.3345,286.37,0.33371,0.33173,292.38,0.33949,0.37747,26.891,0.3642,0.36108,28.896
0.31772,0.31708,321.86,0.30858,0.30381,327.85,0.36245,0.31721,49.884,0.33656,0.32348,50.874
0.30543,0.30706,372.84,0.30624,0.31084,381.84,0.33228,0.34467,56.87,0.33307,0.3394,63.371
0.27216,0.27619,386.8,0.28756,0.28738,406.82,0.32729,0.31823,64.863,0.29717,0.33129,75.849
0.29553,0.29882,362.33,0.30448,0.30795,368.85,0.33485,0.3103,53.864,0.35939,0.3207,53.382
0.32949,0.322,300.38,0.31203,0.31794,313.37,0.36863,0.32986,32.89,0.29917,0.37123,32.875
0.32118,0.33054,348.37,0.3165,0.3085,368.35,0.33791,0.35876,38.878,0.35216,0.31811,46.86
0.31314,0.3208,307.36,0.30922,0.30792,316.35,0.36404,0.33351,40.388,0.32542,0.35491,46.877
0.29899,0.30432,386.83,0.31149,0.30651,390.35,0.30545,0.34039,70.862,0.30942,0.35045,67.872
0.30698,0.30439,358.33,0.29496,0.29725,366.32,0.35107,0.33128,57.861,0.32995,0.33182,58.862
0.29985,0.2887,430.82,0.282,0.28751,436.81,0.3134,0.32761,79.855,0.33164,0.3134,80.339
0.31299,0.31048,489.84,0.29956,0.29974,494.83,0.33747,0.33423,97.373,0.31641,0.33585,96.87
0.30451,0.30985,334.35,0.28436,0.28355,345.32,0.32275,0.34947,49.868,0.31746,0.3373,53.865
0.32067,0.32229,329.85,0.31696,0.31042,335.36,0.34251,0.33622,52.883,0.33884,0.33857,53.388
0.31049,0.307,332.33,0.32493,0.3193,341.87,0.34233,0.33704,58.88,0.35529,0.35265,56.899
0.31855,0.31867,345.86,0.30422,0.30938,342.36,0.36134,0.30672,48.866,0.32511,0.31591,45.86
0.30118,0.3071,417.83,0.29637,0.29573,451.33,0.30069,0.34289,67.34,0.33174,0.30281,79.346
0.30512,0.29359,493.34,0.2868,0.28821,500.83,0.34789,0.32918,83.861,0.31535,0.34734,87.364
0.3113,0.30307,338.34,0.30797,0.30117,350.34,0.32811,0.33953,46.863,0.35016,0.3313,50.87
0.31885,0.31608,339.85,0.30385,0.29982,341.35,0.35748,0.33114,57.383,0.32877,0.34247,54.875
0.34887,0.34191,263.9,0.34219,0.34664,262.9,0.33574,0.39144,26.908,0.3721,0.3476,27.409
0.36596,0.36847,244.93,0.3884,0.38922,245.94,0.37411,0.3909,12.924,0.40844,0.4031,12.443
0.34866,0.34793,267.4,0.36035,0.35818,270.41,0.37848,0.35736,22.897,0.35891,0.38285,22.413
0.33854,0.34427,250.89,0.35902,0.36177,254.41,0.36445,0.38389,16.412,0.40358,0.3688,16.423
0.3841,0.38673,250.43,0.36811,0.36652,248.93,0.42693,0.39678,10.438,0.38043,0.41185,10.434
0.36209,0.3644,257.41,0.36126,0.36203,256.42,0.39017,0.40561,17.429,0.38915,0.36728,16.921
0.35322,0.35733,252.42,0.37349,0.37015,252.93,0.38416,0.3666,10.918,0.39715,0.40555,11.436
0.33341,0.33063,296.38,0.34627,0.35165,303.4,0.37876,0.35933,37.916,0.38264,0.37694,39.922
0.30318,0.3085,313.85,0.32475,0.32412,317.86,0.34867,0.36427,47.403,0.35231,0.37181,48.906
0.30551,0.30609,330.84,0.3164,0.31818,335.36,0.32957,0.35268,50.879,0.34638,0.34034,50.883
0.34024,0.34193,304.38,0.3383,0.33644,305.38,0.37746,0.38264,37.423,0.38912,0.37047,39.422
0.36284,0.3555,248.91,0.3543,0.35096,253.41,0.39882,0.36178,9.4158,0.36944,0.40317,11.424
0.34415,0.34672,289.38,0.33354,0.32969,289.88,0.38745,0.38875,30.424,0.37636,0.37145,32.414
0.39187,0.38973,254.44,0.38408,0.38573,259.44,0.40082,0.43047,12.445,0.42178,0.39724,15.945
0.36184,0.36141,247.91,0.3631,0.36163,247.42,0.38994,0.36389,12.922,0.38687,0.38202,13.926
0.38205,0.3809,247.43,0.37724,0.37833,245.93,0.41437,0.4052,11.439,0.40724,0.39373,10.938
0.38456,0.38544,244.94,0.38123,0.37959,246.43,0.40585,0.40814,8.9407,0.40127,0.41832,9.4411
0.35076,0.34546,284.9,0.3293,0.33566,284.88,0.36687,0.37436,21.912,0.36275,0.36945,25.401
0.33517,0.33396,254.39,0.33595,0.34124,258.4,0.3828,0.37257,18.417,0.3869,0.36438,17.916
0.33956,0.34467,276.9,0.35221,0.34472,286.4,0.36249,0.38404,21.409,0.3861,0.36326,24.904
0.36013,0.36711,277.91,0.33787,0.33681,284.38,0.39377,0.38545,23.924,0.37247,0.37195,23.405
0.38545,0.38386,246.94,0.36655,0.3711,250.43,0.38903,0.41658,10.941,0.38342,0.39566,13.928
0.38181,0.38508,239.44,0.36527,0.36276,243.42,0.403,0.389,9.436,0.37551,0.39027,11.926
0.41597,0.41651,241.96,0.39055,0.38995,241.45,0.43851,0.42105,5.9581,0.38892,0.41169,6.439
0.34689,0.3517,255.4,0.34161,0.34543,259.9,0.38578,0.37474,16.42,0.38783,0.36987,19.419
0.32077,0.33197,301.88,0.33882,0.33311,308.38,0.34867,0.37702,34.391,0.37077,0.36063,33.4
0.33739,0.33445,309.38,0.3216,0.3229,315.87,0.37096,0.36548,30.89,0.34359,0.36288,33.389
0.34791,0.34947,284.89,0.34717,0.34143,285.9,0.37409,0.40576,25.412,0.39304,0.35514,22.915
0.36182,0.36088,258.9,0.36169,0.35908,258.42,0.40688,0.3861,22.434,0.38635,0.39328,22.431
0.39659,0.39436,249.94,0.37801,0.37741,256.43,0.43267,0.41641,9.9517,0.39787,0.40498,12.438
0.37172,0.37547,259.43,0.36534,0.36655,259.42,0.40844,0.38977,19.436,0.38593,0.38031,18.924
0.34593,0.35076,248.91,0.35753,0.35841,251.91,0.35105,0.36765,12.904,0.39985,0.38682,14.929
0.36145,0.3614,253.91,0.34206,0.34544,256.4,0.39128,0.39846,16.93,0.37462,0.36436,18.912
0.35926,0.35621,266.41,0.34466,0.34805,271.4,0.39468,0.36087,19.417,0.35854,0.37584,21.409
0.38042,0.38293,248.44,0.39129,0.39074,247.94,0.40816,0.40944,8.443,0.41633,0.42245,8.4484
0.41029,0.41126,240.96,0.38868,0.3876,244.44,0.42684,0.43797,6.9604,0.39823,0.39899,7.935
0.41953,0.41947,247.96,0.40035,0.39861,247.45,0.43455,0.43176,7.459,0.40309,0.40233,9.436
0.41022,0.41038,246.96,0.3813,0.38337,248.44,0.43162,0.4301,7.456,0.38053,0.38561,7.9214
0.40442,0.40328,241.96,0.40139,0.40095,243.45,0.42434,0.42814,5.9565,0.42814,0.42257,5.4551
0.32864,0.32988,362.88,0.32309,0.32434,364.37,0.34786,0.34322,48.368,0.3605,0.34554,44.885
0.27976,0.28448,552.3,0.27886,0.27432,541.8,0.30984,0.30656,100.82,0.32322,0.29317,91.842
0.25921,0.25627,497.25,0.24575,0.24966,493.24,0.29213,0.25964,100.27,0.25771,0.28855,94.282
0.23962,0.23912,623.22,0.23758,0.23733,624.73,0.25551,0.26652,130.24,0.25042,0.27724,123.27
0.26108,0.26502,498.26,0.24877,0.24963,492.75,0.28896,0.29451,104.29,0.30033,0.27205,100.81
0.26715,0.27845,423.28,0.25293,0.26151,423.27,0.27967,0.31044,77.818,0.23297,0.30247,74.283
0.28914,0.27726,435.29,0.2649,0.27509,433.28,0.3038,0.29701,105.84,0.30598,0.26141,97.815
0.29529,0.29733,403.81,0.28658,0.287,408.81,0.33033,0.30333,82.844,0.30824,0.32433,82.348
0.33403,0.33777,354.37,0.30408,0.30174,359.34,0.37233,0.35608,63.399,0.35021,0.31583,64.377
0.33097,0.32606,391.38,0.28065,0.27744,389.81,0.36232,0.33192,67.885,0.26982,0.32505,68.328
0.28867,0.29051,494.32,0.28753,0.27921,484.81,0.31216,0.33216,86.348,0.32757,0.30486,81.844
0.29938,0.30756,518.85,0.28669,0.28358,509.32,0.34708,0.31436,89.861,0.31436,0.33746,87.358
0.3128,0.31161,426.85,0.30519,0.29532,439.32,0.32655,0.35586,65.373,0.32736,0.33849,70.854
0.29663,0.29173,373.83,0.30188,0.30061,375.84,0.33017,0.33861,57.876,0.33122,0.33439,57.872
0.30557,0.31139,328.35,0.29215,0.3001,334.82,0.35669,0.33746,55.897,0.34615,0.30769,56.875
0.32332,0.32215,263.88,0.32226,0.32883,265.38,0.3819,0.35792,23.914,0.35044,0.35224,22.895
0.36323,0.36175,249.92,0.35901,0.3578,250.42,0.36283,0.37404,13.413,0.37634,0.3924,12.425
0.35194,0.35127,273.9,0.33291,0.33107,272.88,0.38656,0.37028,22.916,0.3584,0.37235,21.407
0.33978,0.34383,261.4,0.322,0.31861,260.38,0.37494,0.39092,19.418,0.34941,0.328,19.88
0.32434,0.32112,293.37,0.32908,0.32829,294.38,0.35875,0.35744,30.386,0.35613,0.33491,32.388
0.3305,0.33234,270.88,0.32753,0.32714,269.88,0.35942,0.39367,27.413,0.33548,0.37384,26.393
0.33014,0.32201,264.88,0.33291,0.33079,265.88,0.37339,0.33824,21.396,0.35245,0.37623,20.408
0.33742,0.33464,282.89,0.3298,0.33053,284.88,0.37552,0.36057,30.414,0.37268,0.34948,30.404
0.33524,0.3293,260.89,0.33591,0.34185,262.9,0.34428,0.39214,17.406,0.35799,0.37403,15.907
0.32165,0.3178,268.38,0.35949,0.35754,269.91,0.36507,0.35139,26.906,0.37436,0.36687,27.415
0.34358,0.3572,249.41,0.33707,0.3281,252.4,0.39629,0.36121,8.918,0.34215,0.38739,9.9094
0.30361,0.29489,288.34,0.30474,0.31369,288.85,0.35681,0.35237,31.897,0.33829,0.34507,32.884
0.30862,0.31063,271.37,0.34829,0.35137,268.4,0.3449,0.36665,28.402,0.3726,0.37338,25.416
0.35757,0.36634,253.91,0.35933,0.36146,246.42,0.35176,0.40678,13.418,0.39557,0.37366,10.427
0.34988,0.35104,263.4,0.35023,0.34835,259.91,0.39319,0.3452,17.409,0.36636,0.39809,17.921
0.3587,0.35831,261.91,0.34735,0.35144,260.9,0.42109,0.3856,19.439,0.38611,0.39581,17.931
0.36344,0.36648,273.41,0.35852,0.35802,271.41,0.37031,0.40806,17.914,0.41012,0.36929,15.923
0.33075,0.33014,271.88,0.32812,0.32784,271.88,0.35781,0.34074,21.88,0.35238,0.35057,19.39
0.32101,0.32112,287.37,0.32673,0.32475,286.88,0.3661,0.32121,34.881,0.34314,0.34727,35.884
0.32436,0.33326,278.38,0.329,0.3299,275.88,0.32754,0.37137,26.885,0.35996,0.35425,25.897
0.30796,0.3156,405.34,0.31783,0.31381,399.85,0.34205,0.35077,75.379,0.32964,0.35578,72.386
0.32056,0.31624,297.86,0.30743,0.31073,297.35,0.37389,0.31839,33.875,0.3481,0.34158,33.378
0.30836,0.31346,319.35,0.31403,0.31317,315.85,0.32053,0.34613,50.871,0.35423,0.31792,47.379
0.32388,0.32691,278.87,0.30535,0.30849,277.35,0.35195,0.38779,27.909,0.33974,0.35532,25.39
0.314,0.3136,300.36,0.31777,0.31331,308.86,0.33212,0.36923,45.4,0.31188,0.36144,46.882
0.327,0.32484,297.37,0.30796,0.30677,299.84,0.37362,0.31161,27.371,0.33447,0.34235,28.372
0.33229,0.32656,296.87,0.32022,0.32329,299.36,0.33325,0.37054,38.388,0.36292,0.3364,39.383
0.32685,0.33798,252.89,0.32696,0.31903,250.38,0.37065,0.38601,15.92,0.354,0.36988,14.406
0.3351,0.34595,254.9,0.32365,0.31496,258.37,0.37725,0.39243,15.924,0.34946,0.35538,16.898
0.34726,0.35168,300.4,0.34609,0.34151,298.4,0.38691,0.3524,30.398,0.34415,0.37661,30.399
0.31079,0.30546,523.86,0.29979,0.30182,518.35,0.36289,0.34198,87.902,0.34013,0.33589,84.889
0.29504,0.29167,481.32,0.30161,0.30114,485.84,0.32616,0.32078,88.861,0.33504,0.31539,91.357
0.31537,0.31146,514.36,0.31175,0.31117,519.36,0.33735,0.35019,84.362,0.34457,0.32343,86.869
0.2826,0.28205,547.79,0.27577,0.27819,548.28,0.31826,0.30736,102.33,0.31362,0.29864,105.33
0.28202,0.28356,435.3,0.27058,0.2752,442.78,0.3139,0.31176,81.838,0.29091,0.31898,85.82
0.29388,0.2937,488.81,0.29329,0.29471,494.83,0.33415,0.32412,82.861,0.33821,0.32873,83.872
0.31053,0.3032,443.84,0.28594,0.28984,445.33,0.32942,0.33876,83.867,0.31901,0.33129,82.369
0.32034,0.31934,478.37,0.30379,0.31007,475.85,0.35607,0.34989,89.898,0.33217,0.33647,88.88
0.32883,0.3348,370.37,0.30763,0.30317,370.35,0.35248,0.3611,62.893,0.33029,0.33446,67.875
0.31623,0.31986,424.86,0.32203,0.31775,429.37,0.35684,0.34703,75.391,0.33643,0.36267,77.896
0.32406,0.32097,459.35,0.32091,0.32436,463.85,0.35879,0.35798,90.906,0.34914,0.36308,90.404
0.33289,0.33715,370.37,0.32527,0.33555,387.35,0.36212,0.35341,67.393,0.36265,0.34258,67.888
0.33461,0.33141,388.87,0.32343,0.32716,387.35,0.37839,0.36617,70.401,0.36325,0.35847,68.892
0.34603,0.35448,339.4,0.35055,0.34942,341.89,0.37794,0.39415,38.41,0.38055,0.37925,37.407
0.34126,0.34068,423.38,0.34052,0.3429,424.89,0.36902,0.37115,61.89,0.36451,0.36769,57.899
0.32472,0.32218,526.86,0.32495,0.3207,534.87,0.34551,0.3533,94.879,0.35948,0.36432,95.402
0.31121,0.32052,453.84,0.31902,0.31042,463.85,0.33953,0.34787,82.36,0.33899,0.32795,86.862
0.32374,0.32103,402.35,0.3184,0.31722,404.85,0.35254,0.3217,64.35,0.32711,0.34416,64.371
0.32129,0.31996,328.86,0.31424,0.31656,339.85,0.37507,0.32862,45.378,0.3409,0.35905,47.381
0.32492,0.32691,354.85,0.32177,0.31512,359.35,0.37183,0.32611,66.887,0.33615,0.34091,66.878
0.32431,0.32788,362.85,0.31,0.31071,356.85,0.32126,0.34736,62.37,0.33005,0.31513,56.361
0.32855,0.32303,286.37,0.33106,0.33236,283.38,0.30785,0.38534,34.887,0.35049,0.35881,29.394
0.34062,0.33565,284.39,0.32973,0.33782,290.38,0.34168,0.3874,39.407,0.38843,0.36002,41.413
0.32727,0.32957,270.87,0.34264,0.33749,274.39,0.37396,0.35223,24.902,0.34498,0.38483,23.903
0.3403,0.3497,286.9,0.34966,0.33779,287.89,0.37811,0.37344,24.408,0.38252,0.37163,24.411
0.32915,0.33586,489.37,0.34188,0.33401,478.88,0.34929,0.36639,90.894,0.3556,0.36981,87.898
0.33935,0.34453,415.37,0.32678,0.31842,417.85,0.37989,0.37855,54.905,0.36863,0.35845,55.384
0.32365,0.3316,311.86,0.32061,0.31735,308.37,0.36509,0.35354,46.883,0.35827,0.32861,39.383
0.34258,0.33643,276.39,0.33242,0.33259,273.38,0.36926,0.35663,32.405,0.37004,0.34348,30.903
0.35119,0.35519,346.89,0.33004,0.33467,352.37,0.39426,0.34778,48.405,0.36684,0.35431,50.384
0.32098,0.31647,391.34,0.30992,0.31268,393.83,0.35542,0.33557,60.378,0.34549,0.35166,59.877
0.31128,0.31086,446.84,0.30163,0.30791,451.33,0.3352,0.32746,87.37,0.31811,0.33707,86.864
0.3184,0.3158,419.34,0.30217,0.31447,422.34,0.33665,0.35465,72.375,0.34793,0.3388,76.383
0.31687,0.3058,379.85,0.29507,0.30743,396.33,0.31716,0.36381,64.886,0.31903,0.33609,74.36
0.32962,0.31601,446.37,0.28408,0.30152,463.32,0.33164,0.36398,86.401,0.32255,0.31534,91.85
0.34218,0.34139,336.39,0.30412,0.30582,334.85,0.37272,0.36804,43.411,0.31702,0.34175,46.368
0.34436,0.35059,344.89,0.3061,0.29462,346.83,0.38365,0.37919,50.914,0.32416,0.33595,51.865
0.33026,0.33061,373.88,0.29701,0.28929,372.32,0.35316,0.35447,54.892,0.34026,0.32211,59.858
0.32239,0.32222,363.37,0.31497,0.31037,372.34,0.35858,0.35172,57.897,0.33245,0.33799,60.375
0.32183,0.31745,370.37,0.30496,0.30462,383.33,0.33993,0.37526,57.903,0.33755,0.34204,64.38
0.34436,0.33696,338.88,0.31941,0.32646,348.36,0.37329,0.36776,51.911,0.34721,0.36459,54.899
0.37327,0.38036,251.43,0.3597,0.35684,256.91,0.4241,0.39949,13.941,0.38769,0.40385,16.929
0.36026,0.36771,288.41,0.35254,0.34655,289.39,0.39794,0.39356,29.931,0.37577,0.37732,30.914
0.35823,0.35373,289.4,0.33457,0.33328,290.88,0.39241,0.39579,27.421,0.36928,0.36331,29.894
0.34067,0.34508,306.89,0.32983,0.32323,303.36,0.38869,0.37669,29.912,0.35219,0.37331,31.389
0.35432,0.3613,278.4,0.35388,0.35305,280.9,0.36489,0.39918,23.414,0.38767,0.36029,26.409
0.34031,0.33886,287.89,0.34339,0.34602,287.89,0.38883,0.36876,30.421,0.37751,0.37108,29.915
0.37452,0.37485,247.93,0.38745,0.38547,250.43,0.43007,0.38412,13.443,0.40429,0.39918,15.439
0.34238,0.34613,281.4,0.36698,0.36547,281.92,0.35465,0.37237,39.912,0.38213,0.39445,38.934
0.38994,0.39119,242.44,0.37936,0.37958,244.93,0.41442,0.43779,8.9542,0.4063,0.4002,11.438
0.35887,0.34445,271.4,0.32702,0.32485,273.87,0.40021,0.36291,23.42,0.35802,0.36471,25.9
0.33626,0.33215,332.88,0.32473,0.33107,341.87,0.3715,0.36942,51.917,0.3554,0.36319,58.903
0.33148,0.32401,364.37,0.31284,0.31162,372.34,0.37612,0.36031,55.904,0.36057,0.335,56.887
0.3254,0.32446,392.85,0.31099,0.31093,406.83,0.35016,0.34402,72.878,0.34188,0.32425,82.366
0.29401,0.30288,400.82,0.29118,0.29076,407.8,0.34309,0.3336,67.872,0.32873,0.33469,72.858
0.29207,0.3078,378.83,0.29266,0.27942,382.3,0.31257,0.34586,70.878,0.3029,0.33996,74.362
0.29856,0.29517,453.32,0.285,0.27733,458.3,0.32047,0.32985,81.355,0.30788,0.32824,83.829
0.30035,0.29346,487.81,0.29526,0.29088,495.81,0.33044,0.3188,94.36,0.33315,0.31717,98.346
0.30578,0.30439,374.34,0.29991,0.2981,372.83,0.35559,0.323,55.356,0.31717,0.35215,54.866
0.29792,0.30306,405.83,0.27697,0.28205,412.29,0.32087,0.34212,71.86,0.33055,0.29935,79.329
0.33656,0.33542,313.88,0.30138,0.30685,319.33,0.37381,0.37222,38.403,0.32116,0.34683,40.357
0.35273,0.34852,281.91,0.3249,0.32243,288.86,0.36399,0.38135,20.91,0.33342,0.3614,24.878
0.35278,0.34951,261.91,0.33781,0.33481,266.89,0.38843,0.36845,14.92,0.37727,0.34406,17.4
0.38531,0.3847,255.94,0.34858,0.35172,256.9,0.40497,0.40702,14.938,0.35553,0.35861,15.397
0.38172,0.381,247.44,0.36883,0.37223,248.92,0.42327,0.40588,11.947,0.4087,0.38491,13.929
0.39159,0.3888,242.94,0.36883,0.36687,244.43,0.39242,0.41328,7.9401,0.37182,0.39318,9.9236
0.41196,0.4105,239.96,0.3982,0.39912,242.45,0.435,0.42767,7.4591,0.41502,0.39833,10.943
0.3466,0.33795,267.9,0.34765,0.35187,273.4,0.35659,0.38877,20.915,0.36483,0.37745,22.405
0.37132,0.37143,248.93,0.34477,0.34702,246.91,0.39985,0.38583,11.429,0.36621,0.35245,11.407
0.32421,0.32211,261.38,0.33809,0.34063,262.89,0.36764,0.34076,18.398,0.37097,0.36431,18.909
0.31407,0.31601,258.87,0.35277,0.35582,265.4,0.3365,0.36268,24.393,0.38604,0.39784,25.431
0.35452,0.35529,248.92,0.33461,0.34211,252.89,0.38149,0.40183,15.429,0.3764,0.35122,14.896
0.33304,0.33036,288.87,0.32823,0.32617,289.87,0.35648,0.36166,32.884,0.36295,0.36606,33.398
0.32562,0.32449,320.36,0.32948,0.3237,322.87,0.34437,0.35428,42.381,0.38034,0.34906,42.403
0.31379,0.31373,321.85,0.31515,0.31198,321.35,0.36208,0.33584,41.866,0.3374,0.34727,40.869
0.30438,0.3141,378.83,0.30551,0.30094,382.82,0.32825,0.34564,56.341,0.3427,0.33895,59.847
0.30658,0.30458,432.33,0.29814,0.30102,428.32,0.34916,0.33486,67.366,0.32731,0.3265,65.856
0.28837,0.2987,348.32,0.30139,0.30162,351.32,0.31947,0.3256,59.341,0.32027,0.34613,61.859
0.3158,0.31042,298.36,0.31853,0.31603,302.86,0.35598,0.36072,33.897,0.35308,0.35756,34.895
0.3429,0.33448,297.89,0.3265,0.33026,297.37,0.38191,0.3739,33.415,0.36434,0.39561,30.417
0.3391,0.34645,303.89,0.31225,0.31366,301.35,0.36217,0.38093,30.409,0.35357,0.35096,27.894
0.33173,0.33053,375.37,0.30786,0.30397,376.34,0.36805,0.38143,53.414,0.34995,0.35651,52.395
0.36285,0.36213,294.41,0.3093,0.30891,298.35,0.39352,0.3715,28.922,0.36813,0.34016,32.391
0.37281,0.37309,251.93,0.33124,0.32932,253.39,0.38163,0.39923,11.43,0.35918,0.36378,11.897
0.39641,0.39624,244.45,0.37855,0.37523,243.93,0.42308,0.40525,8.9454,0.40194,0.38436,8.9319
0.37773,0.37338,242.43,0.35414,0.35354,242.42,0.38505,0.39369,6.9267,0.36038,0.38683,6.9159
0.41778,0.41892,242.96,0.40304,0.39925,239.45,0.4404,0.43131,7.4608,0.42929,0.41818,5.4522
0.4028,0.40118,242.95,0.385,0.38494,244.44,0.40877,0.41865,7.4401,0.40294,0.40117,7.4366
0.41515,0.41667,240.96,0.38649,0.38925,241.44,0.42944,0.42286,6.456,0.40921,0.40617,6.4402
0.39906,0.40211,244.95,0.35056,0.35137,249.41,0.41259,0.41896,7.9469,0.38175,0.36417,10.412
0.41077,0.41385,239.46,0.3737,0.37857,243.43,0.42528,0.43338,5.4598,0.41844,0.38906,7.9374
0.35739,0.36526,251.92,0.34073,0.34166,251.9,0.35736,0.38553,10.909,0.35964,0.35178,10.397
0.3218,0.3199,380.85,0.30479,0.30536,378.83,0.34026,0.36895,60.885,0.34105,0.32789,57.368
0.30891,0.31381,540.85,0.31165,0.30803,546.34,0.35764,0.35011,92.888,0.34419,0.34365,95.879
0.3051,0.3083,463.83,0.30609,0.3097,443.34,0.34909,0.34667,73.375,0.34882,0.34157,70.372
0.30712,0.30365,352.83,0.30963,0.3168,356.85,0.33192,0.34332,65.357,0.33828,0.33431,64.872
0.31394,0.3171,344.84,0.33034,0.32597,342.86,0.35595,0.34259,55.879,0.37297,0.35175,52.386
0.3022,0.29435,402.31,0.29744,0.29976,404.31,0.3355,0.29735,69.331,0.32278,0.32495,66.323
0.2776,0.274,502.78,0.27403,0.27671,491.79,0.29141,0.3126,107.32,0.29719,0.32168,99.326
0.29356,0.29141,417.31,0.28889,0.29265,422.31,0.30613,0.33352,75.324,0.33434,0.30887,73.841
0.32046,0.32798,325.35,0.32058,0.3237,323.36,0.35235,0.35684,56.376,0.36688,0.33518,51.387
0.33169,0.3176,295.86,0.31704,0.32391,301.86,0.37867,0.35482,38.403,0.36347,0.3577,34.9
0.33408,0.32824,309.36,0.31126,0.31429,318.85,0.37079,0.35526,42.391,0.34237,0.35921,43.879
0.32631,0.33883,269.88,0.32463,0.31223,278.86,0.36973,0.37702,24.415,0.34529,0.35569,26.391
0.35232,0.3536,274.41,0.34709,0.34213,285.89,0.37532,0.36835,26.912,0.357,0.36758,34.4
0.33035,0.33396,258.39,0.33856,0.33889,272.38,0.37115,0.35575,25.907,0.37885,0.34933,27.401
0.34089,0.32839,283.87,0.3226,0.33215,301.37,0.34571,0.37143,36.394,0.36442,0.36597,37.904
0.34007,0.33659,341.88,0.30525,0.306,344.36,0.30946,0.3735,44.378,0.33638,0.32148,44.867
0.31607,0.32353,352.35,0.32441,0.32237,353.36,0.32902,0.35835,65.379,0.34646,0.33483,59.884
0.31413,0.3203,351.35,0.33305,0.32988,357.38,0.36347,0.32238,54.873,0.36161,0.36983,53.909
0.34517,0.34414,353.88,0.33511,0.33059,350.88,0.3771,0.34769,52.387,0.35268,0.34007,49.888
