0.26363,0.26053,376.76,0.22497,0.21409,328.19,0.26372,0.26399,68.743,0.17573,0.15985,52.838
0.2685,0.259,335.75,0.25626,0.24939,312.23,0.24314,0.23749,62.722,0.18908,0.20253,49.539
0.23979,0.23506,396.7,0.20867,0.19469,380.63,0.20656,0.20764,86.623,0.16595,0.15546,74.393
0.25662,0.25177,381.75,0.24429,0.24518,361.74,0.26175,0.26656,82.75,0.20459,0.23504,69.084
0.24161,0.23731,442.72,0.24003,0.23507,414.24,0.1558,0.16361,100.04,0.16685,0.14879,87.787
0.20943,0.20627,379.6,0.25552,0.24965,369.28,0.19656,0.18824,75.482,0.24597,0.23443,62.202
0.25172,0.24273,314.71,0.26852,0.26683,297.78,0.23707,0.24773,56.665,0.23787,0.25467,44.69
0.22416,0.21932,334.15,0.21967,0.21073,305.17,0.21893,0.2096,64.63,0.1776,0.2,54.423
0.26207,0.26253,352.25,0.26416,0.26387,335.27,0.26143,0.26251,60.232,0.26224,0.25408,46.205
0.22056,0.22233,345.66,0.22031,0.21312,310.68,0.18727,0.20947,72.086,0.18218,0.18004,59.51
0.22713,0.21975,367.68,0.19358,0.19583,332.63,0.20475,0.20097,83.127,0.13938,0.11588,69.715
0.2714,0.26625,336.76,0.27838,0.2804,317.3,0.2573,0.25491,58.738,0.25358,0.25252,47.727
0.27701,0.27444,366.77,0.30033,0.29501,351.32,0.28354,0.28407,77.267,0.29503,0.30545,58.314
0.24986,0.24749,299.21,0.26426,0.2587,279.76,0.24667,0.24267,45.675,0.26825,0.252,30.215
0.28125,0.27439,336.76,0.2863,0.27859,307.8,0.28701,0.28193,76.297,0.28006,0.29182,62.786
0.25832,0.24391,343.22,0.26707,0.26648,322.28,0.24574,0.25878,69.204,0.27952,0.25691,51.272
0.2161,0.21434,375.15,0.23325,0.22643,351.21,0.19693,0.21659,68.115,0.20878,0.19828,50.584
0.24518,0.24223,320.2,0.28349,0.27226,310.29,0.25771,0.25319,63.212,0.27367,0.29335,50.277
0.24578,0.24195,309.2,0.25254,0.24161,290.24,0.19828,0.19612,70.062,0.17942,0.19801,63.404
0.28551,0.27497,314.76,0.30037,0.29365,291.32,0.29617,0.29377,59.28,0.314,0.31639,46.336
0.23704,0.22811,289.16,0.24461,0.23102,257.2,0.20503,0.20635,59.071,0.21138,0.20053,46.518
0.24234,0.2295,328.2,0.23481,0.22497,310.71,0.20005,0.19363,64.14,0.18506,0.20621,56.5
0.28281,0.27804,342.77,0.2808,0.27807,323.29,0.28609,0.28396,71.278,0.27944,0.27091,57.264
0.27816,0.26801,300.26,0.28698,0.28022,278.29,0.26022,0.26474,48.245,0.24403,0.27908,41.709
0.2604,0.25586,300.74,0.23614,0.23171,266.7,0.27231,0.26109,58.251,0.19321,0.16996,46.874
0.264,0.25713,320.75,0.24827,0.23544,278.22,0.23848,0.25697,52.227,0.19909,0.18757,43.425
0.29054,0.28455,284.78,0.29396,0.29579,250.31,0.28936,0.28225,43.77,0.23802,0.24434,32.129
0.27942,0.27444,311.77,0.28731,0.28789,284.3,0.27614,0.29033,58.283,0.28718,0.27352,49.771
0.27948,0.27925,331.76,0.27684,0.26615,312.78,0.27306,0.27837,57.271,0.27015,0.25663,51.761
0.28938,0.28778,296.78,0.29906,0.29029,277.32,0.29277,0.27851,56.778,0.29567,0.29118,40.798
0.2711,0.26835,285.75,0.29947,0.29023,275.82,0.28504,0.27476,50.757,0.28899,0.30532,37.305
0.28321,0.28092,276.28,0.3002,0.29388,264.33,0.27778,0.27462,53.763,0.29384,0.29937,39.318
0.26596,0.26279,291.24,0.26618,0.2507,269.26,0.2484,0.25133,54.213,0.23079,0.21478,43.609
0.28313,0.27345,284.27,0.29339,0.29449,259.81,0.29553,0.28568,46.768,0.30378,0.28621,34.291
0.28193,0.27552,295.27,0.28676,0.28527,269.81,0.28071,0.29046,47.28,0.27491,0.28967,35.277
0.26477,0.26529,299.24,0.28321,0.28627,286.8,0.27386,0.26379,54.237,0.28314,0.28924,40.787
0.26901,0.26298,328.73,0.28216,0.27688,322.8,0.27213,0.27213,71.238,0.3124,0.28458,51.315
0.27972,0.27126,304.26,0.28053,0.27374,289.8,0.29947,0.30796,48.794,0.2992,0.3008,36.31
0.26542,0.26478,309.73,0.27678,0.2695,286.79,0.2727,0.28253,60.76,0.29368,0.26129,45.774
0.26835,0.26014,306.73,0.27331,0.25711,292.27,0.2688,0.2648,51.735,0.26907,0.27253,42.241
0.24639,0.24115,356.21,0.24202,0.23205,336.73,0.20789,0.19909,83.131,0.19883,0.18977,71.558
0.25813,0.25047,321.72,0.24357,0.23205,295.23,0.25363,0.24046,62.722,0.205,0.19264,51.109
0.26317,0.25128,316.23,0.2669,0.24895,294.76,0.23153,0.25146,55.195,0.24402,0.25093,44.209
0.23142,0.22869,318.17,0.26741,0.25946,303.27,0.18593,0.20385,61.58,0.2084,0.22151,49.586
0.23192,0.22414,357.64,0.29621,0.29452,357.83,0.22347,0.21919,68.617,0.30734,0.30895,51.335
0.238,0.22875,286.17,0.24829,0.24494,269.25,0.16711,0.15812,53.939,0.18033,0.19646,40.983
0.25101,0.24547,306.2,0.28584,0.27723,292.3,0.25694,0.2468,54.702,0.27988,0.29189,41.279
0.23608,0.23487,305.67,0.25771,0.24328,285.76,0.24483,0.24377,56.661,0.2186,0.26365,44.208
0.24456,0.23774,292.18,0.26955,0.26301,286.28,0.21857,0.24828,43.657,0.27427,0.25809,34.254
0.24643,0.23721,317.18,0.26739,0.26537,305.29,0.24748,0.23871,55.15,0.27775,0.25013,44.258
0.2462,0.23249,275.17,0.27079,0.26031,263.79,0.23115,0.22799,50.116,0.26041,0.23484,38.735
0.23968,0.23312,325.68,0.25384,0.24459,317.75,0.22095,0.21273,65.609,0.22759,0.20239,57.126
0.24349,0.23447,299.18,0.26334,0.26109,289.27,0.23934,0.22907,58.146,0.26303,0.27514,45.734
0.27483,0.2683,288.74,0.29742,0.29473,279.32,0.26264,0.27318,54.725,0.29821,0.31138,42.823
0.26842,0.26252,283.73,0.26178,0.25868,270.77,0.28425,0.27424,44.731,0.26712,0.26264,31.229
0.27001,0.26194,283.74,0.28552,0.27462,266.81,0.28168,0.29084,48.766,0.3,0.28796,38.294
0.28545,0.2795,274.76,0.29616,0.2877,265.32,0.27368,0.26605,43.744,0.30132,0.30132,31.312
0.27832,0.27054,270.26,0.30775,0.30843,263.34,0.28598,0.28097,46.265,0.32209,0.32604,34.347
0.26281,0.2474,271.21,0.28384,0.27785,261.79,0.26535,0.27896,44.233,0.27843,0.2819,34.26
0.23986,0.23928,279.68,0.2598,0.26113,260.76,0.23616,0.24064,58.149,0.2504,0.25988,42.735
0.20875,0.19551,285.11,0.22012,0.20162,266.66,0.16291,0.15244,59.465,0.13473,0.11567,51.171
0.2402,0.2351,290.67,0.25963,0.24994,276.77,0.23708,0.23233,48.133,0.24367,0.25501,37.719
0.24204,0.23357,266.66,0.24931,0.24197,253.24,0.21425,0.22355,51.084,0.22515,0.2076,37.132
0.24272,0.23269,298.18,0.25374,0.24829,287.25,0.22899,0.21809,63.14,0.23777,0.25106,51.18
0.21866,0.21244,269.14,0.22837,0.21605,245.68,0.19356,0.18983,52.032,0.19649,0.16534,40.982
0.27607,0.27078,290.75,0.29271,0.28626,271.82,0.26547,0.26864,47.73,0.26785,0.27155,36.244
0.26989,0.26271,294.74,0.26742,0.25708,278.26,0.24103,0.24612,52.711,0.2354,0.22014,43.626
0.25283,0.24677,296.21,0.29772,0.2908,287.33,0.26362,0.26467,56.209,0.29376,0.3009,40.312
0.23324,0.2326,287.17,0.28509,0.28486,273.31,0.21835,0.23324,56.098,0.27394,0.25798,38.759
0.25824,0.25709,287.22,0.28843,0.286,270.82,0.26913,0.26966,51.737,0.29129,0.30871,37.827
0.24264,0.24097,259.69,0.27388,0.26885,245.28,0.2464,0.24001,44.147,0.25733,0.24161,30.71
0.26292,0.25925,310.73,0.28152,0.27247,301.3,0.26884,0.27495,65.75,0.28636,0.28769,53.303
0.26158,0.25605,316.72,0.28496,0.27757,296.8,0.26667,0.25591,54.231,0.30161,0.29677,43.803
0.21042,0.21042,321.11,0.24336,0.23297,317.74,0.18296,0.19338,73.505,0.21368,0.23104,57.663
0.22748,0.22534,298.15,0.27386,0.26347,292.29,0.21155,0.23763,54.117,0.25599,0.29351,39.776
0.22947,0.2182,285.65,0.24514,0.23588,273.75,0.20488,0.21921,57.129,0.23461,0.237,43.203
0.21813,0.2186,302.64,0.23196,0.22327,287.72,0.21176,0.2008,61.111,0.22834,0.22433,47.166
0.21001,0.20102,349.62,0.23887,0.22485,338.22,0.20367,0.19881,78.593,0.22096,0.23474,70.707
0.18758,0.18377,376.55,0.20516,0.19323,348.15,0.18189,0.18378,95.517,0.17865,0.18351,81.601
0.16669,0.15904,323.48,0.1692,0.16147,313.08,0.10683,0.096366,89.299,0.11233,0.096916,77.859
0.24728,0.23678,322.69,0.27352,0.26524,320.79,0.24108,0.24676,76.198,0.28676,0.27216,65.797
0.23765,0.22926,299.66,0.25443,0.25298,282.78,0.22293,0.23745,64.649,0.271,0.24696,49.762
0.26749,0.26098,288.24,0.27888,0.26627,265.79,0.2554,0.27067,52.24,0.25171,0.26751,43.748
0.24916,0.2412,307.7,0.25928,0.25134,279.76,0.23534,0.22788,52.676,0.20922,0.23667,45.661
0.24551,0.23494,347.18,0.26892,0.26881,329.78,0.23287,0.24748,62.148,0.25571,0.2581,54.202
0.22433,0.21281,330.64,0.2283,0.21887,322.22,0.17349,0.18438,68.042,0.20085,0.19049,60.085
0.21944,0.21415,298.66,0.23905,0.23023,279.72,0.16161,0.16081,51.539,0.17359,0.17332,44.938
0.2334,0.22125,305.17,0.2365,0.22875,280.72,0.20239,0.22016,58.623,0.20822,0.19629,47.557
0.25771,0.25228,299.72,0.26645,0.25876,282.77,0.24759,0.24732,50.676,0.25563,0.23793,38.195
0.24026,0.22895,308.16,0.26107,0.25058,305.76,0.20379,0.19818,64.053,0.20379,0.22062,52.099
0.23121,0.22268,279.16,0.23063,0.21935,261.18,0.21627,0.22667,58.142,0.21413,0.1936,46.589
0.26202,0.25974,260.72,0.29556,0.28945,244.82,0.25304,0.24828,35.681,0.27839,0.27338,22.756
0.24465,0.23401,278.19,0.26913,0.25795,263.27,0.24238,0.23784,42.182,0.25521,0.25788,37.694
0.20928,0.19844,272.09,0.21141,0.19776,239.64,0.1584,0.17947,44.517,0.17787,0.12773,33.394
0.25049,0.23837,290.19,0.2547,0.25014,286.76,0.22725,0.22857,51.628,0.24841,0.23968,44.216
0.21777,0.20358,289.63,0.21064,0.19679,261.66,0.18368,0.18049,55.527,0.12679,0.16321,45.867
0.29064,0.2877,296.78,0.30305,0.30916,276.34,0.29211,0.30144,55.281,0.3129,0.31503,41.837
0.27051,0.26585,287.74,0.29414,0.30504,267.83,0.27887,0.27172,51.747,0.30138,0.31303,37.833
0.26995,0.26404,330.75,0.29641,0.29432,321.82,0.26233,0.25703,61.72,0.29416,0.29788,52.803
0.2524,0.24854,323.71,0.27436,0.27054,314.28,0.2488,0.2488,78.192,0.2645,0.26796,57.732
0.24224,0.236,317.18,0.2514,0.24813,290.25,0.24453,0.24666,61.171,0.23599,0.26428,50.216
0.2232,0.21968,322.16,0.23058,0.22658,297.7,0.16586,0.17071,64.468,0.15669,0.13646,52.297
0.22345,0.21424,327.13,0.24191,0.23132,307.22,0.17741,0.18753,79.515,0.17794,0.18114,65.971
0.19815,0.18681,301.08,0.17665,0.1656,270.06,0.15891,0.14419,49.45,0.12948,0.12734,36.707
0.20929,0.20112,312.13,0.21028,0.20669,285.17,0.1408,0.13787,62.436,0.13387,0.1288,49.671
0.19429,0.18949,291.59,0.18808,0.1711,270.09,0.16631,0.15795,54.012,0.131,0.11671,42.279
0.21147,0.20711,291.62,0.21454,0.19781,265.17,0.15936,0.16979,46.981,0.1869,0.11791,35.461
0.24796,0.23832,292.19,0.23664,0.22695,269.21,0.21317,0.22612,54.139,0.18564,0.19104,43.538
0.2307,0.22117,299.65,0.26463,0.25459,281.77,0.20122,0.19062,55.575,0.23489,0.24284,43.69
0.24248,0.23049,310.67,0.26692,0.26611,281.27,0.23793,0.23607,57.147,0.26525,0.25782,38.243
0.23244,0.22739,339.16,0.26387,0.2669,322.27,0.22499,0.22204,68.645,0.25201,0.26565,56.25
0.24067,0.2395,397.19,0.26079,0.25781,380.78,0.2423,0.23992,87.703,0.24814,0.2646,73.261
0.2502,0.24447,320.7,0.2635,0.26327,317.78,0.24108,0.23681,62.179,0.27491,0.26958,49.265
0.24721,0.24327,296.19,0.26152,0.26478,285.78,0.21565,0.20796,56.119,0.21406,0.24509,43.681
0.24774,0.24663,302.2,0.27011,0.26372,286.28,0.26044,0.26256,64.229,0.26177,0.29482,51.792
0.28162,0.27738,284.25,0.30656,0.30575,276.34,0.28122,0.28545,48.761,0.30317,0.32063,38.339
0.21979,0.22218,318.63,0.22864,0.22776,300.71,0.19516,0.17608,62.508,0.17903,0.17903,47.999
0.23683,0.23503,293.66,0.26093,0.25009,275.76,0.21265,0.23186,50.114,0.2412,0.26361,40.716
0.21877,0.21866,283.64,0.22278,0.22067,265.19,0.19173,0.1976,55.088,0.19173,0.2008,43.06
0.25154,0.25462,337.71,0.27152,0.271,325.3,0.25147,0.24746,65.668,0.27176,0.25414,50.754
0.23631,0.23487,243.17,0.25409,0.25144,226.25,0.21283,0.21623,47.587,0.22225,0.23351,34.606
0.25043,0.23383,270.18,0.26616,0.25994,256.28,0.23358,0.23568,50.655,0.27246,0.22386,36.23
0.22943,0.21726,262.15,0.23481,0.2256,242.22,0.20005,0.21251,47.096,0.21277,0.23211,36.111
0.2542,0.24689,277.71,0.25533,0.25677,259.78,0.23456,0.24433,46.652,0.2248,0.25119,32.727
0.24282,0.23768,300.68,0.24693,0.24108,291.75,0.23387,0.23093,59.129,0.2072,0.2296,46.678
0.2092,0.20768,306.13,0.22576,0.20753,281.69,0.15717,0.17491,47.484,0.17813,0.16631,34.933
0.25383,0.24537,283.72,0.26729,0.25805,254.28,0.27376,0.26558,46.247,0.2669,0.28722,38.263
0.25153,0.24489,265.69,0.26345,0.25228,247.77,0.24561,0.24934,44.69,0.24216,0.25279,36.691
0.21589,0.20401,283.12,0.21564,0.20349,264.18,0.19278,0.18957,55.592,0.1738,0.20561,46.542
0.24391,0.23823,275.68,0.26945,0.25753,257.28,0.25416,0.24477,45.67,0.23967,0.24826,31.701
0.25073,0.24653,312.21,0.28231,0.28207,289.81,0.22181,0.24947,61.666,0.28298,0.27926,48.788
0.23869,0.23857,304.17,0.25006,0.24308,294.27,0.25734,0.24426,59.693,0.26775,0.26081,46.759
0.21929,0.21061,293.14,0.24187,0.23633,272.22,0.20953,0.21832,57.102,0.20847,0.22923,46.6
0.22548,0.22294,254.65,0.25253,0.24357,231.25,0.21391,0.20112,47.581,0.22696,0.23042,35.618
0.20243,0.19533,283.09,0.19156,0.17729,259.1,0.18045,0.17454,58.985,0.16353,0.13534,45.945
0.19285,0.18517,333.1,0.19259,0.18543,284.62,0.14089,0.13223,73.442,0.11925,0.14413,63.666
0.19851,0.1936,370.59,0.1426,0.14193,321.98,0.14545,0.17355,76.454,0.090083,0.080992,67.302
0.23613,0.22944,313.69,0.21738,0.21913,281.68,0.19668,0.18435,57.614,0.18167,0.16854,41.432
0.18811,0.18367,317.08,0.18679,0.18074,287.1,0.13713,0.1561,51.431,0.12412,0.13875,42.558
0.2222,0.21095,370.65,0.23048,0.23406,342.22,0.18571,0.18733,77.542,0.17763,0.17871,68.343
0.20218,0.20354,384.12,0.18682,0.18225,347.62,0.17942,0.17026,83.045,0.14898,0.11449,70.768
0.25945,0.2543,329.73,0.26942,0.26649,301.79,0.22385,0.21852,65.146,0.1873,0.22812,55.093
0.22834,0.22776,292.18,0.23029,0.22363,268.7,0.20021,0.18557,48.067,0.21353,0.18876,37.523
0.21954,0.21503,313.16,0.21093,0.21363,277.68,0.14666,0.15904,62.436,0.11868,0.11356,46.364
0.21899,0.20764,296.66,0.20599,0.20016,269.14,0.20323,0.19528,59.114,0.18071,0.15156,49.338
0.21267,0.20469,292.63,0.18585,0.17955,264.1,0.17338,0.17525,57.57,0.1452,0.14842,44.794
0.19851,0.1944,335.11,0.20882,0.19598,309.66,0.13222,0.16136,69.472,0.14814,0.13276,56.689
0.23372,0.23073,323.68,0.22535,0.2165,293.7,0.18118,0.18548,62.541,0.13522,0.15484,51.222
0.23085,0.2301,290.67,0.21884,0.2124,254.67,0.22537,0.22881,52.638,0.20816,0.20551,39.543
0.27376,0.26691,299.75,0.29232,0.28778,281.82,0.26651,0.27805,53.243,0.26892,0.29603,41.771
0.24599,0.24306,270.7,0.26764,0.26408,258.29,0.2387,0.25332,45.668,0.2706,0.27166,34.237
0.23499,0.23021,317.68,0.22125,0.20371,289.67,0.2248,0.2384,60.675,0.21627,0.2272,50.612
0.23059,0.22731,317.66,0.22014,0.2138,301.18,0.20054,0.22306,58.601,0.20965,0.2244,50.045
0.27366,0.26661,304.74,0.27569,0.26659,290.3,0.26999,0.26786,53.732,0.20789,0.19803,41.524
0.26596,0.25832,401.23,0.28885,0.29003,395.32,0.25958,0.26659,87.723,0.28251,0.27766,74.8
0.19317,0.18495,366.56,0.16249,0.15886,335.05,0.15291,0.16262,77.944,0.10491,0.11057,70.463
0.16777,0.16097,442.06,0.13123,0.12554,376.46,0.10943,0.10667,93.379,0.01516,0.028942,85.965
0.23946,0.22784,353.68,0.22183,0.21457,316.67,0.20054,0.20483,59.6,0.16515,0.15523,48.826
0.2245,0.21038,396.15,0.23904,0.23112,374.21,0.18501,0.16963,70.976,0.19984,0.18581,57.468
0.23321,0.22005,355.17,0.24425,0.24425,333.25,0.23376,0.22437,62.65,0.23323,0.24289,46.673
0.25499,0.24536,341.7,0.28098,0.27599,338.81,0.24665,0.24585,57.656,0.27718,0.25817,46.257
0.20796,0.2014,391.61,0.21442,0.20962,378.2,0.14901,0.15088,86.408,0.1771,0.14848,70.892
0.25458,0.24842,317.21,0.27598,0.27506,305.81,0.25053,0.24602,52.693,0.28526,0.2789,40.771
0.22055,0.20806,325.12,0.22502,0.22025,304.21,0.19308,0.192,63.527,0.16549,0.1801,50.88
0.2282,0.22053,313.15,0.24015,0.22876,313.23,0.18594,0.18567,59.004,0.18487,0.19526,54.074
0.18697,0.17351,371.56,0.15646,0.14745,353.53,0.17044,0.14428,78.436,0.11219,0.12918,67.189
0.21384,0.20075,344.14,0.21618,0.2136,337.69,0.16765,0.20054,62.07,0.20296,0.18167,53.572
0.22579,0.21307,312.66,0.22912,0.21403,300.7,0.18811,0.17811,58.048,0.1627,0.16514,45.831
0.24038,0.23643,277.18,0.29773,0.29578,281.83,0.2529,0.24578,43.68,0.30069,0.30993,33.314
0.25581,0.2454,300.2,0.29933,0.2882,304.33,0.25837,0.26502,60.199,0.29931,0.29479,45.797
0.23241,0.21983,326.14,0.28623,0.2797,331.82,0.22042,0.22626,56.113,0.26446,0.27109,48.292
0.23465,0.22888,337.68,0.26022,0.2583,344.27,0.21664,0.23179,64.646,0.25784,0.22541,55.735
0.21514,0.20683,404.13,0.21799,0.21853,398.21,0.1914,0.18226,94.013,0.18817,0.18172,84.501
0.22283,0.21775,408.17,0.23861,0.22932,395.73,0.21378,0.21926,70.651,0.2242,0.20198,60.107
0.18578,0.18203,436.07,0.20155,0.17533,434.62,0.14964,0.17449,91.514,0.17808,0.12562,84.979
0.17854,0.16673,408.07,0.18779,0.16804,393.61,0.13469,0.13441,91.96,0.128,0.1333,83.171
0.18342,0.17896,335.04,0.16102,0.14828,311.02,0.12657,0.13805,80.304,0.1222,0.11974,67.108
0.24906,0.24445,328.21,0.25969,0.25296,316.27,0.24946,0.24383,65.682,0.24839,0.25751,57.222
0.26782,0.25586,309.23,0.28944,0.28869,282.82,0.23399,0.2524,60.179,0.24173,0.25667,42.211
0.22539,0.21344,362.67,0.17645,0.16727,323.59,0.17033,0.17302,68.037,0.081813,0.10542,58.97
0.24394,0.23595,424.22,0.22997,0.2246,402.22,0.21547,0.204,85.659,0.22853,0.24213,74.667
0.24089,0.23433,403.21,0.23592,0.22284,378.72,0.22318,0.2272,76.668,0.20091,0.21325,66.616
0.27039,0.26888,383.26,0.26197,0.25179,353.27,0.23192,0.23326,70.201,0.18131,0.18211,60.419
0.2323,0.22597,379.69,0.22491,0.21678,329.7,0.20064,0.19984,73.083,0.18965,0.2044,63.977
0.28756,0.28064,419.8,0.28788,0.28735,394.82,0.27273,0.28369,80.279,0.21631,0.19759,69.55
0.24837,0.23489,470.72,0.23426,0.22214,435.71,0.2131,0.21364,104.65,0.18877,0.18636,90.549
0.25731,0.24452,449.74,0.22939,0.22538,419.72,0.21084,0.2084,88.63,0.18537,0.18184,74.496
0.24634,0.24008,422.72,0.22508,0.21807,392.2,0.20985,0.21788,87.136,0.15525,0.14802,74.397
0.25481,0.25393,410.24,0.24412,0.23472,373.24,0.23635,0.22523,95.196,0.19846,0.21781,80.131
0.25003,0.24098,308.19,0.25578,0.2484,291.25,0.23825,0.25294,68.163,0.24172,0.22756,48.155
0.25649,0.25473,330.22,0.26948,0.25485,303.26,0.25159,0.25425,71.223,0.24681,0.26249,61.221
0.25377,0.25418,358.21,0.25503,0.23906,338.74,0.23514,0.23701,73.145,0.24692,0.24183,58.668
0.26766,0.26419,321.24,0.29437,0.2868,301.82,0.2622,0.2789,54.229,0.30779,0.29242,38.315
0.25257,0.25053,359.21,0.27077,0.26585,337.78,0.2492,0.24546,76.193,0.23638,0.26469,63.236
0.25509,0.25102,364.22,0.27015,0.26689,337.29,0.2589,0.25728,58.692,0.27508,0.2562,45.757
0.2338,0.22909,353.67,0.2447,0.23776,329.74,0.2139,0.21176,63.599,0.20936,0.20241,50.58
0.23631,0.22544,338.67,0.25691,0.24536,315.75,0.23729,0.22431,69.169,0.23596,0.24073,55.217
0.22961,0.21596,376.15,0.25723,0.25127,357.27,0.23946,0.22946,80.161,0.25378,0.22811,66.716
0.23029,0.22135,370.17,0.23383,0.22641,346.72,0.18879,0.18933,61.551,0.18445,0.17172,53.422
0.20688,0.19901,380.13,0.2165,0.21333,358.19,0.19202,0.16486,83.544,0.19039,0.18848,68.981
0.17981,0.18459,385.08,0.20549,0.17886,351.13,0.093664,0.10248,78.359,0.10992,0.098347,64.443
0.18439,0.18031,374.06,0.2082,0.19685,366.14,0.14831,0.16794,83.454,0.19956,0.17257,69.03
0.19568,0.19436,407.08,0.23238,0.22095,397.72,0.19193,0.19735,98.062,0.2347,0.24526,77.737
0.14452,0.14347,432.92,0.17439,0.15159,433.56,0.11778,0.12323,105.34,0.1494,0.11996,92.924
0.12287,0.12183,368.81,0.17304,0.14188,353.02,0.092439,0.081678,91.679,0.12252,0.12859,74.422
0.082565,0.084421,438.1,0.12378,0.10075,413.86,0.051538,0.079157,116.52,0.10934,0.058371,98.756
0.080105,0.076636,581.06,0.12132,0.08968,568.83,0.073675,0.075422,146.58,0.085906,0.11444,127.87
0.064686,0.063471,812.58,0.094227,0.06408,807.73,0.066123,0.061594,202.52,0.099336,0.082126,184.16
0.021962,0.020679,1207.4,0.033424,0.019408,1186.4,0.0015773,0.0094637,293.23,0.016088,0.011356,270.78
0.075556,0.069957,798.67,0.080659,0.068465,772.7,0.059133,0.066873,220.6,0.080186,0.057276,203.19
0.10456,0.10281,1017.9,0.12379,0.11368,983.43,0.10916,0.096422,236.84,0.11977,0.11249,231.94
0.063909,0.061459,1432.9,0.066126,0.066126,1399.4,0.064923,0.062462,357.24,0.068,0.055385,352.76
0.093203,0.091841,625.07,0.095819,0.094196,605.67,0.083979,0.075045,158.94,0.068493,0.08517,138.46
0.16541,0.16925,348.98,0.14128,0.14146,305.4,0.14931,0.16122,71.909,0.082825,0.10277,60.174
0.20635,0.21063,282.6,0.2161,0.21428,262.65,0.1834,0.18716,55.991,0.14098,0.13319,41.821
0.2595,0.25499,299.23,0.24448,0.24164,275.73,0.23988,0.24201,54.163,0.20474,0.21353,40.549
0.29193,0.28649,253.27,0.34072,0.33375,243.88,0.2969,0.28954,34.262,0.34524,0.34209,23.869
0.2777,0.27555,256.25,0.31042,0.30605,239.84,0.26745,0.26588,36.711,0.29764,0.32047,24.325
0.22416,0.21597,253.64,0.2309,0.22832,242.71,0.20255,0.20069,47.051,0.19221,0.18372,33.486
0.22003,0.21992,270.66,0.21607,0.21219,245.16,0.19713,0.2144,55.594,0.2059,0.17481,42.957
0.24573,0.24596,268.2,0.27554,0.2682,251.27,0.22122,0.23495,42.63,0.2471,0.22334,29.667
0.25454,0.25277,285.23,0.26302,0.26239,264.76,0.22175,0.2141,40.657,0.19535,0.21911,31.507
0.24092,0.23867,330.2,0.21951,0.21876,308.18,0.21155,0.21155,61.089,0.17536,0.17829,47.488
0.25825,0.24934,287.22,0.27409,0.2663,263.78,0.23789,0.245,57.664,0.23421,0.26711,41.247
0.21372,0.21015,291.63,0.21658,0.20892,259.66,0.14788,0.16746,53.91,0.15476,0.1172,38.811
0.2707,0.27105,343.26,0.28955,0.28653,323.81,0.24179,0.25159,58.191,0.28204,0.26483,49.736
0.20212,0.2027,332.11,0.20404,0.19246,296.13,0.16541,0.14474,66.931,0.14286,0.12675,53.288
0.23358,0.23482,360.7,0.2211,0.21345,326.17,0.20847,0.22454,75.131,0.14979,0.15568,59.313
0.26894,0.26969,306.76,0.31647,0.30519,303.34,0.2358,0.23291,60.163,0.26945,0.26761,51.769
0.22123,0.22708,282.17,0.22618,0.21765,235.18,0.19477,0.19979,47.554,0.1686,0.16068,35.864
0.30028,0.29849,330.31,0.30872,0.30084,312.34,0.29127,0.29101,56.777,0.32249,0.30714,41.83
0.27285,0.26467,286.25,0.29739,0.29147,257.33,0.26388,0.266,39.706,0.27578,0.28318,29.276
0.25563,0.25328,318.73,0.26224,0.25463,279.26,0.22797,0.24011,45.646,0.20897,0.21873,33.599
0.26838,0.27061,282.75,0.25275,0.25011,251.25,0.26001,0.26344,47.71,0.26238,0.23103,34.723
0.27342,0.27108,304.26,0.29115,0.28646,276.31,0.28173,0.27804,53.246,0.26461,0.28963,38.785
0.29245,0.29109,290.79,0.3229,0.32312,261.86,0.29304,0.30037,50.77,0.31397,0.32156,34.837
0.23379,0.2323,282.17,0.22953,0.22312,250.2,0.2103,0.19092,45.025,0.18269,0.1949,31.042
0.27198,0.27747,295.76,0.29683,0.29242,275.82,0.25304,0.26307,52.7,0.30269,0.27179,39.289
0.24155,0.23838,320.19,0.26328,0.25987,300.29,0.22092,0.23818,54.133,0.2573,0.23845,43.202
0.24847,0.24656,335.21,0.27978,0.27256,304.3,0.24,0.24395,61.175,0.23211,0.22526,48.667
0.25226,0.24623,321.71,0.27148,0.26724,308.79,0.25321,0.25508,62.183,0.28957,0.26711,49.758
0.21618,0.22047,322.66,0.2288,0.22726,298.72,0.14672,0.18167,66.984,0.16605,0.17373,56.929
0.23888,0.23753,331.72,0.23945,0.23218,293.71,0.1637,0.15778,67.545,0.12843,0.08643,57.02
0.21454,0.21385,313.68,0.22551,0.22883,275.2,0.1816,0.18054,54.047,0.14714,0.16384,44.794
0.27039,0.26888,319.76,0.27219,0.27306,295.79,0.23877,0.25187,57.197,0.23583,0.23663,42.653
0.24806,0.25217,331.23,0.24824,0.24581,305.73,0.20288,0.21219,61.588,0.18344,0.20288,52.459
0.24552,0.24858,303.73,0.24101,0.242,260.72,0.21815,0.21152,54.642,0.20249,0.20249,45.54
0.26015,0.26136,312.76,0.25377,0.25689,293.76,0.24217,0.24243,47.683,0.18136,0.218,39.577
0.23358,0.23277,301.68,0.21589,0.21751,285.69,0.18932,0.20836,61.578,0.17478,0.19804,50.035
0.24614,0.24908,292.72,0.28151,0.28261,291.83,0.21627,0.23326,57.114,0.2568,0.25445,47.233
0.25416,0.25594,312.25,0.27603,0.26907,301.81,0.24277,0.23384,56.683,0.21676,0.23752,47.656
0.24926,0.24908,274.22,0.29164,0.28981,270.33,0.23936,0.24734,51.65,0.26197,0.25585,38.229
0.25516,0.25465,291.23,0.28457,0.28365,284.83,0.23289,0.22237,51.645,0.24184,0.23342,40.747
0.22297,0.22142,305.16,0.23649,0.23016,282.22,0.20416,0.20549,44.557,0.18577,0.20842,34.043
0.25921,0.26105,290.75,0.27988,0.27786,280.81,0.23802,0.24934,48.174,0.22696,0.26593,40.687
0.23127,0.23473,288.7,0.26141,0.25585,289.77,0.18397,0.17226,59.539,0.18104,0.19941,52.027
0.22444,0.21968,316.18,0.22612,0.22606,294.74,0.15723,0.15273,58.933,0.19296,0.15643,52.398
0.23423,0.24392,292.23,0.22401,0.22227,255.19,0.20864,0.2178,56.667,0.16649,0.19895,50.472
0.21917,0.22602,281.68,0.21354,0.21308,249.67,0.19592,0.18796,59.557,0.17047,0.1869,49.982
0.2273,0.22503,308.7,0.21663,0.20998,264.68,0.1756,0.17721,50.022,0.11823,0.1008,42.862
0.26198,0.26215,282.27,0.25722,0.25327,264.76,0.24697,0.25066,39.713,0.2475,0.20116,31.655
0.28966,0.28618,298.8,0.29479,0.29844,278.83,0.2881,0.2988,43.281,0.30063,0.30793,30.808
0.28821,0.28719,268.79,0.30619,0.30343,262.36,0.27323,0.25939,42.216,0.28105,0.32333,29.328
0.27087,0.26275,300.27,0.26645,0.27143,273.28,0.27792,0.26681,43.75,0.20222,0.26443,37.692
0.29237,0.293,289.3,0.29512,0.29933,279.33,0.30255,0.28503,46.276,0.28264,0.28238,36.229
0.23872,0.2399,327.19,0.21907,0.21346,300.7,0.20374,0.22059,61.605,0.22246,0.2115,54.082
0.2941,0.29422,336.81,0.27881,0.27533,307.79,0.29739,0.29473,57.297,0.25186,0.27583,52.211
0.28472,0.28011,311.29,0.27685,0.27783,294.3,0.28724,0.27763,52.746,0.28243,0.25681,40.233
0.26853,0.26202,298.26,0.28086,0.27947,289.31,0.21629,0.22607,57.16,0.25463,0.23109,44.664
0.28964,0.29332,281.3,0.3568,0.35392,276.41,0.28384,0.27308,44.754,0.35703,0.34627,27.394
0.30344,0.30107,277.82,0.35177,0.34715,283.4,0.3137,0.2969,33.798,0.34005,0.34651,21.882
0.26934,0.2609,271.75,0.29304,0.28994,262.83,0.25013,0.24489,46.206,0.25197,0.25092,36.224
0.28001,0.27504,311.79,0.3204,0.31842,293.86,0.20387,0.22561,54.636,0.26299,0.23012,47.636
0.2862,0.28842,294.81,0.34274,0.3395,299.89,0.2697,0.2816,44.266,0.34373,0.32496,30.364
0.26942,0.26051,321.26,0.28665,0.2796,309.33,0.25222,0.25379,40.706,0.26583,0.26007,33.763
0.26739,0.26112,275.26,0.2942,0.29032,269.81,0.24673,0.27475,43.725,0.30094,0.25642,33.263
0.28064,0.28318,320.79,0.30347,0.30111,309.33,0.283,0.26478,50.741,0.23891,0.25898,42.679
0.27425,0.26918,313.77,0.30378,0.30528,307.83,0.22284,0.20121,56.132,0.24631,0.25976,46.669
0.28459,0.28635,297.8,0.32984,0.3234,276.86,0.30147,0.28831,42.286,0.31648,0.33096,31.829
0.22982,0.22693,295.67,0.19897,0.19775,279.17,0.15585,0.17048,51.928,0.13457,0.1633,43.65
0.22187,0.21285,279.19,0.20354,0.20029,222.12,0.12908,0.14751,46.441,0.097274,0.089524,41.713
0.19511,0.20165,331.16,0.18657,0.18153,308.09,0.13435,0.12179,62.966,0.088141,0.10417,60.985
0.23551,0.22689,313.72,0.24851,0.2332,293.73,0.16106,0.17575,59.09,0.20032,0.15438,55.385
0.22777,0.2273,369.69,0.22139,0.2142,347.68,0.17587,0.19276,77.569,0.16086,0.17882,68.429
0.26686,0.26287,310.76,0.29588,0.29031,299.33,0.28118,0.24789,67.249,0.26744,0.29308,53.294
0.23387,0.22946,312.68,0.2641,0.25181,309.78,0.193,0.19984,58.078,0.22986,0.21011,50.666
0.20497,0.19901,378.66,0.19478,0.18027,337.11,0.091082,0.10495,78.295,0.079663,0.091898,76.122
0.22875,0.22522,391.19,0.21234,0.20686,344.66,0.17669,0.16944,82.02,0.046187,0.087003,74.857
0.21097,0.20741,385.66,0.19537,0.18195,369.64,0.14035,0.11709,78.896,0.12115,0.13683,70.613
0.22794,0.22025,364.68,0.24868,0.24292,345.74,0.18618,0.20325,63.581,0.19648,0.21924,50.041
0.21969,0.22542,364.19,0.17939,0.16926,294.07,0.10846,0.098023,73.931,0.047227,-0.072488,65.183
0.18192,0.18109,401.09,0.12624,0.11887,343.95,0.089814,0.082421,84.062,0.065717,0.035871,77.48
0.24605,0.24362,353.73,0.24709,0.2407,325.75,0.19286,0.20804,77.566,0.19339,0.19606,62.585
0.25283,0.25098,290.73,0.23259,0.22595,251.72,0.19147,0.19307,60.546,0.1456,0.11307,47.187
0.23935,0.2368,300.72,0.1942,0.18313,258.11,0.18065,0.16168,54.561,0.098076,0.096205,49.753
0.26641,0.26595,277.75,0.24563,0.24916,261.74,0.20739,0.22296,52.625,0.18021,0.15277,43.39
0.27934,0.28014,307.28,0.23699,0.23325,275.23,0.26366,0.26891,56.738,0.18986,0.20247,42.959
0.25571,0.25588,305.26,0.20621,0.19742,256.64,0.24894,0.22497,59.197,0.13685,0.13339,52.093
0.24654,0.23986,271.23,0.19889,0.19585,231.66,0.21588,0.20469,49.597,0.050373,0.033582,40.533
0.22913,0.23029,309.22,0.23076,0.22083,277.22,0.21528,0.24466,55.172,0.21795,0.18216,42.042
0.28342,0.28774,263.81,0.32948,0.32351,253.86,0.2975,0.28136,37.274,0.30115,0.30401,25.769
0.23774,0.22977,305.22,0.19289,0.18272,257.6,0.22967,0.23099,55.715,0.11616,0.15178,49.76
0.27117,0.26389,262.78,0.30042,0.30122,262.35,0.26411,0.25836,41.744,0.29728,0.27116,31.802
0.21507,0.21134,253.7,0.22856,0.2215,235.72,0.1776,0.21905,47.652,0.18179,0.18835,35.546
0.29666,0.29462,255.81,0.34462,0.34462,252.89,0.28285,0.27998,44.261,0.3329,0.34463,25.871
0.29397,0.28238,277.8,0.30606,0.30299,257.85,0.29371,0.299,41.301,0.28156,0.29609,28.29
0.25536,0.24968,295.75,0.25055,0.24441,271.26,0.22258,0.25736,57.719,0.23194,0.20332,42.078
0.24678,0.24585,317.25,0.22221,0.22075,279.18,0.21149,0.24378,57.209,0.17125,0.17046,48.888
0.20781,0.20235,253.18,0.20717,0.21073,209.67,0.1373,0.15026,45.515,0.098942,0.064286,43.741
0.23125,0.22099,244.69,0.2492,0.24188,237.26,0.20849,0.19636,44.12,0.19215,0.18529,34.595
0.27186,0.26461,252.28,0.31936,0.31636,266.37,0.27263,0.2619,40.252,0.28048,0.30612,29.34
0.23637,0.22948,274.19,0.24539,0.24711,257.77,0.2578,0.2377,42.176,0.24802,0.27181,24.224
0.15993,0.158,270.55,0.15549,0.15501,203.54,0.07524,0.08111,58.231,0.06857,0.039221,45.083
0.17672,0.17424,262.59,0.17548,0.17329,232.61,0.12927,0.13686,54.444,0.073442,0.13198,49.109
0.22545,0.22262,278.71,0.22123,0.21787,240.7,0.13885,0.17769,62.082,0.12887,0.13911,49.12
0.2077,0.21109,241.69,0.20886,0.20486,206.18,0.1611,0.16508,43.116,0.14732,0.1362,39.266
0.24485,0.24317,261.24,0.24962,0.24517,235.74,0.19708,0.1939,53.668,0.16127,0.15995,46.311
0.27708,0.27153,278.78,0.28855,0.28758,265.82,0.2762,0.28726,40.769,0.27225,0.27541,29.239
0.21594,0.21833,310.68,0.21945,0.20111,258.69,0.13699,0.1566,63.442,0.14759,0.146,49.325
0.23887,0.23132,266.22,0.24093,0.22755,249.72,0.22959,0.19645,56.175,0.20148,0.20122,46.518
0.23425,0.22189,265.2,0.25526,0.237,225.26,0.22775,0.22068,48.667,0.22644,0.19869,35.108
0.20032,0.18989,258.66,0.25736,0.24954,245.76,0.15344,0.14048,38.03,0.15714,0.19153,34.396
0.22436,0.21775,280.7,0.25976,0.24203,273.28,0.23686,0.20628,44.149,0.22881,0.21325,36.666
0.25981,0.25641,284.24,0.2911,0.27087,273.82,0.27232,0.26202,47.235,0.28288,0.29292,31.792
0.23244,0.22651,260.21,0.28432,0.26889,266.31,0.20482,0.21268,50.664,0.2352,0.2483,39.231
0.18767,0.17536,263.61,0.22517,0.21414,236.22,0.14639,0.16456,45.034,0.18352,0.20985,37.581
0.21354,0.19648,273.63,0.23499,0.22439,271.24,0.19566,0.19352,54.073,0.22752,0.20075,40.657
0.17432,0.15815,289.53,0.18019,0.15847,271.09,0.11423,0.11914,74.734,0.088604,0.13141,57.187
0.21245,0.20257,302.15,0.22108,0.189,268.66,0.1945,0.1975,63.108,0.17193,0.1265,55.902
0.1925,0.18648,303.62,0.20613,0.17983,260.13,0.18103,0.1561,76.607,0.13767,0.17751,69.976
0.1926,0.18437,337.6,0.181,0.16155,269.56,0.17789,0.16295,85.045,0.11407,0.096143,68.455
0.23867,0.23612,341.2,0.24658,0.23443,309.72,0.22867,0.24163,72.702,0.22921,0.2095,62.609
0.23544,0.23144,368.69,0.24149,0.23166,340.71,0.23362,0.23254,86.675,0.2033,0.20899,76.531
