0.27638,0.27148,329.78,0.31108,0.31061,324.35,0.30936,0.33185,70.869,0.34153,0.34362,66.399
0.28192,0.27444,351.29,0.28869,0.29516,360.83,0.32348,0.32639,70.374,0.33272,0.33061,67.388
0.28468,0.27876,360.79,0.2943,0.29741,354.34,0.32837,0.32625,68.372,0.33156,0.3475,62.893
0.30266,0.28739,318.82,0.3138,0.30706,321.86,0.32538,0.32328,58.376,0.35999,0.35134,54.91
0.30972,0.3012,301.85,0.3097,0.30821,310.36,0.33781,0.34298,49.394,0.35718,0.34117,48.901
0.26578,0.2707,432.29,0.28006,0.27312,432.31,0.30619,0.29872,87.846,0.31901,0.32061,84.873
0.25523,0.24645,458.24,0.25322,0.26091,456.28,0.27977,0.29952,104.34,0.29605,0.3142,98.859
0.252,0.24113,405.73,0.27006,0.27298,403.29,0.28724,0.28243,87.33,0.30432,0.29178,84.848
0.24678,0.24107,370.73,0.28032,0.2755,378.31,0.29595,0.26638,77.314,0.31966,0.30874,73.862
0.24965,0.24394,403.25,0.27172,0.27513,401.3,0.30722,0.29182,72.341,0.30882,0.33139,71.368
0.25098,0.24588,409.76,0.26799,0.27101,409.29,0.28685,0.27678,83.835,0.3176,0.30302,83.361
0.27318,0.27802,354.32,0.30206,0.30126,354.34,0.31154,0.33869,56.879,0.35556,0.33474,52.894
0.25662,0.25461,380.29,0.29316,0.29287,372.83,0.30283,0.31384,56.853,0.31987,0.34347,55.377
0.26779,0.25905,381.81,0.28796,0.28526,380.33,0.31168,0.33421,57.874,0.33866,0.35778,57.895
0.23483,0.23203,386.75,0.25817,0.26639,387.29,0.28968,0.28313,72.333,0.32556,0.31116,71.868
0.24435,0.24319,391.26,0.29767,0.29598,389.34,0.304,0.27977,70.34,0.34932,0.33246,67.895
0.28492,0.28341,441.33,0.31577,0.31636,437.86,0.32772,0.33745,84.889,0.35876,0.35692,80.916
0.31228,0.30628,358.36,0.30863,0.31218,358.36,0.3618,0.36075,49.911,0.34813,0.34813,50.899
0.33082,0.33211,300.89,0.32743,0.32642,300.39,0.3608,0.39308,35.925,0.37035,0.35873,34.918
0.33732,0.33709,333.39,0.3323,0.33027,330.39,0.3865,0.36582,41.924,0.37384,0.37927,41.425
0.32945,0.33284,353.38,0.31269,0.30477,352.37,0.38408,0.38122,47.429,0.36333,0.35685,48.414
0.31488,0.32164,325.37,0.32784,0.32536,319.89,0.36526,0.37591,42.419,0.37409,0.33853,40.912
0.32874,0.338,359.39,0.33491,0.32984,352.89,0.36963,0.36989,41.917,0.3686,0.39576,41.426
0.34774,0.35246,323.4,0.351,0.34684,318.9,0.40245,0.38267,34.437,0.40297,0.37201,34.434
0.34841,0.34612,292.41,0.33832,0.34345,295.9,0.38231,0.39436,33.435,0.38385,0.39231,31.935
0.35719,0.35535,331.41,0.36899,0.36676,323.43,0.38525,0.36978,34.425,0.41697,0.4131,31.452
0.36438,0.363,302.42,0.38864,0.3883,300.94,0.39441,0.40313,30.443,0.42747,0.41876,30.958
0.33752,0.34346,313.9,0.37867,0.38055,303.93,0.38869,0.39306,26.933,0.41337,0.41157,25.449
0.33546,0.33552,332.39,0.36357,0.36087,327.92,0.36785,0.38022,39.922,0.39001,0.40907,38.441
0.33724,0.33735,310.89,0.33939,0.3414,309.4,0.37099,0.38314,34.421,0.39504,0.36169,29.925
0.35356,0.34815,307.41,0.35692,0.35859,311.92,0.38555,0.39558,35.935,0.39583,0.39249,34.44
0.35907,0.35957,332.92,0.36758,0.36443,327.43,0.39732,0.38394,29.434,0.39475,0.41328,27.945
0.33347,0.33877,348.39,0.32133,0.32167,346.88,0.37507,0.39306,39.927,0.38211,0.37663,39.924
0.3174,0.32062,325.87,0.33601,0.33697,328.89,0.3715,0.3728,40.416,0.38446,0.36684,40.423
0.31607,0.32425,379.36,0.30582,0.30294,369.35,0.37945,0.38024,59.423,0.36792,0.37631,55.419
0.32493,0.33008,339.88,0.32258,0.32162,341.87,0.38816,0.372,45.427,0.37722,0.3707,45.422
0.36311,0.36333,302.92,0.33687,0.33031,300.9,0.39779,0.39368,29.937,0.37904,0.36518,29.42
0.35054,0.34907,365.4,0.35599,0.3603,360.91,0.38874,0.39708,47.434,0.39213,0.39057,48.432
0.35258,0.3537,337.41,0.35709,0.35945,333.91,0.40612,0.39808,38.438,0.38823,0.40171,37.937
0.34585,0.34466,333.9,0.34775,0.35001,332.4,0.37467,0.38144,39.924,0.37962,0.36557,40.918
0.33358,0.34188,344.39,0.35358,0.3551,345.91,0.37637,0.3675,41.417,0.38263,0.39254,40.928
0.33901,0.34746,333.39,0.36415,0.3612,334.92,0.37072,0.37825,47.921,0.40161,0.39668,46.443
0.36619,0.37565,368.42,0.37634,0.3794,364.93,0.40166,0.41025,51.945,0.40479,0.41363,50.946
0.3579,0.35762,348.9,0.364,0.36383,352.92,0.40515,0.38903,46.433,0.39111,0.39969,46.437
0.35501,0.35333,348.41,0.37089,0.37398,354.42,0.38964,0.38705,48.431,0.39819,0.4013,49.44
0.36225,0.36186,290.92,0.3601,0.35515,296.91,0.40862,0.40139,27.443,0.39029,0.38642,27.43
0.40142,0.40125,279.45,0.38323,0.37504,274.43,0.43313,0.43287,22.46,0.40201,0.40766,20.442
0.37898,0.37627,262.43,0.36101,0.36217,267.92,0.41013,0.40784,22.447,0.40682,0.40402,22.944
0.33409,0.332,298.88,0.34671,0.351,296.4,0.37699,0.35336,41.914,0.38213,0.37545,41.426
0.32603,0.31572,329.37,0.34648,0.34392,327.89,0.35958,0.36526,53.417,0.37532,0.38539,51.932
0.33294,0.31415,263.89,0.34637,0.34632,266.9,0.3707,0.36762,25.419,0.37378,0.39482,25.429
0.30874,0.30796,269.37,0.3563,0.35292,277.41,0.36927,0.37777,27.918,0.4071,0.3999,24.941
0.33789,0.33254,260.4,0.37482,0.37741,261.93,0.39673,0.39571,18.436,0.41794,0.42152,18.453
0.34431,0.34053,260.9,0.38838,0.38949,260.44,0.37654,0.36883,21.42,0.4231,0.42927,19.955
0.35351,0.34943,273.41,0.38262,0.38488,269.94,0.38467,0.40287,17.434,0.42235,0.41466,15.953
0.38064,0.37658,259.93,0.39773,0.39877,262.45,0.41429,0.41378,16.45,0.43367,0.43469,16.465
0.36927,0.36675,268.42,0.38932,0.38932,264.44,0.39337,0.39796,17.436,0.41888,0.41046,14.951
0.38924,0.38952,274.94,0.40569,0.40739,272.96,0.41492,0.4093,19.45,0.42565,0.43689,17.464
0.39024,0.39379,252.95,0.42845,0.42971,250.47,0.40803,0.40066,13.444,0.4563,0.44995,11.475
0.38123,0.37773,255.44,0.41255,0.41359,253.46,0.3974,0.40937,16.445,0.4445,0.43508,13.968
0.38194,0.38397,241.44,0.40701,0.40761,246.46,0.41768,0.40752,14.45,0.42353,0.43623,14.463
0.36191,0.35683,273.42,0.3857,0.3784,271.94,0.38397,0.41547,24.44,0.41086,0.41778,22.951
0.3674,0.36262,266.42,0.40423,0.40291,260.45,0.4216,0.41113,18.952,0.43233,0.42952,18.463
0.35204,0.35682,265.92,0.40787,0.40513,268.46,0.38174,0.37767,22.93,0.43845,0.43769,21.468
0.38203,0.38247,287.44,0.40776,0.40726,294.46,0.40633,0.40225,25.946,0.43109,0.42496,25.462
0.36224,0.36302,288.92,0.39486,0.39453,286.95,0.40777,0.40623,24.945,0.42412,0.42514,22.958
0.35817,0.3544,304.91,0.38549,0.38189,298.44,0.39851,0.39517,28.439,0.40468,0.41007,27.947
0.37667,0.37544,295.93,0.39958,0.39697,295.95,0.40451,0.40246,32.945,0.42063,0.41654,32.457
0.39217,0.38924,276.44,0.3917,0.39247,282.44,0.42089,0.4342,24.457,0.41372,0.41193,24.949
0.36751,0.36353,333.42,0.36658,0.37067,327.42,0.39514,0.39644,35.437,0.39153,0.40238,35.938
0.37196,0.36862,317.92,0.40026,0.40031,318.45,0.3966,0.40691,31.941,0.43167,0.42831,31.961
0.38859,0.3919,287.44,0.40963,0.40897,284.46,0.42278,0.41972,27.458,0.43221,0.43451,26.967
0.39837,0.4003,271.45,0.40806,0.40553,272.96,0.42269,0.41226,22.455,0.43718,0.43591,21.467
0.38423,0.38346,263.94,0.3998,0.40068,267.45,0.41246,0.42164,17.952,0.42624,0.43287,18.962
0.37888,0.37435,276.93,0.39379,0.39456,273.95,0.40555,0.403,22.945,0.4137,0.41777,23.953
0.36521,0.36354,310.42,0.39127,0.38926,314.94,0.39409,0.38098,33.434,0.41517,0.41054,32.453
0.35683,0.35927,290.92,0.39183,0.39033,294.94,0.39299,0.4086,29.443,0.43113,0.42499,29.96
0.34769,0.35823,287.41,0.39382,0.39471,288.94,0.39718,0.39128,28.939,0.42615,0.42795,27.462
0.34311,0.34886,315.9,0.36588,0.36409,314.42,0.38889,0.38323,33.434,0.40869,0.40509,33.448
0.35616,0.36092,282.42,0.36257,0.36384,280.42,0.39467,0.39954,24.438,0.38929,0.38365,24.434
0.37917,0.37508,318.93,0.38353,0.38132,314.44,0.41169,0.40378,31.95,0.40505,0.40965,32.45
0.36983,0.36475,286.43,0.39989,0.40154,286.45,0.40246,0.40527,23.942,0.42345,0.42934,22.459
0.37626,0.37857,261.43,0.38731,0.38945,260.44,0.41442,0.40423,17.947,0.42308,0.40499,18.951
0.33659,0.3403,336.4,0.35104,0.3439,346.9,0.38205,0.39128,46.934,0.39538,0.3941,46.939
0.33236,0.33001,343.39,0.37573,0.37595,342.93,0.38085,0.37957,43.43,0.40453,0.40556,42.948
0.30973,0.30705,356.36,0.34967,0.35143,355.4,0.35975,0.35409,59.408,0.38857,0.38034,58.933
0.28559,0.29021,357.82,0.33025,0.32615,358.88,0.3406,0.3445,60.389,0.36293,0.37747,58.421
0.318,0.31925,312.37,0.33548,0.33316,318.88,0.36458,0.34102,44.406,0.37752,0.3783,44.926
0.32953,0.32235,300.88,0.35228,0.35093,292.89,0.36808,0.36964,30.913,0.38662,0.39054,29.922
0.3729,0.37235,272.92,0.38524,0.38679,276.44,0.38391,0.39646,24.929,0.40928,0.41261,22.945
0.34175,0.34556,316.89,0.34845,0.34345,327.4,0.36724,0.37474,39.914,0.37759,0.36465,40.916
0.32339,0.31487,336.36,0.34429,0.34746,345.39,0.35841,0.34175,57.396,0.37767,0.37897,58.421
0.31875,0.3157,326.36,0.31368,0.31633,339.35,0.37071,0.35874,53.909,0.36655,0.34625,57.401
0.30168,0.29672,405.34,0.31265,0.31457,418.85,0.34725,0.34593,77.901,0.35016,0.35518,82.405
0.28418,0.28535,442.81,0.2838,0.28854,433.32,0.31089,0.31641,85.356,0.32483,0.32693,88.375
0.27436,0.28105,446.3,0.29349,0.29675,435.33,0.32034,0.33129,90.378,0.35958,0.34143,93.903
0.33213,0.32842,311.88,0.33172,0.33571,320.88,0.36319,0.38225,49.92,0.37311,0.37937,52.923
0.3331,0.33276,329.38,0.34807,0.34653,327.39,0.38053,0.37168,50.922,0.38444,0.38261,51.926
0.31781,0.32033,349.87,0.35727,0.3595,354.9,0.38004,0.3693,54.923,0.40021,0.39995,57.439
0.35515,0.35043,309.4,0.33931,0.34499,314.89,0.39078,0.37661,40.927,0.38305,0.37738,43.919
0.34061,0.32815,305.37,0.3356,0.34016,313.38,0.37519,0.37494,55.416,0.37545,0.37078,55.919
0.32095,0.31127,324.36,0.33515,0.33521,337.38,0.36555,0.37858,52.409,0.38197,0.38223,48.424
0.33267,0.33561,285.39,0.33287,0.32998,284.39,0.37173,0.39559,23.421,0.38943,0.37917,25.422
0.29888,0.31897,344.85,0.32998,0.32741,349.38,0.33816,0.36401,57.9,0.36556,0.37384,61.417
0.2872,0.3035,324.83,0.33528,0.32921,328.88,0.3602,0.33151,59.396,0.36489,0.37194,57.918
0.37953,0.38381,256.43,0.41213,0.41103,254.46,0.42828,0.39255,15.448,0.43849,0.43823,14.464
0.34899,0.34872,258.91,0.39273,0.39146,253.94,0.37519,0.38568,17.925,0.41151,0.41407,17.947
0.38893,0.38294,305.94,0.41233,0.41039,299.46,0.41231,0.41667,27.451,0.44615,0.43692,27.967
0.36172,0.36001,304.42,0.40444,0.40538,300.95,0.38345,0.38294,26.93,0.43596,0.44544,25.468
0.39704,0.40103,302.44,0.4134,0.41257,299.96,0.42136,0.42623,32.959,0.43878,0.43366,31.468
0.41502,0.41245,256.46,0.42697,0.42637,258.47,0.44529,0.43766,13.469,0.44453,0.44529,13.97
0.3913,0.39377,270.44,0.40244,0.40101,270.45,0.41489,0.41387,18.45,0.43089,0.42454,18.958
0.33298,0.3317,287.39,0.37268,0.37312,291.92,0.37616,0.36792,26.918,0.40602,0.41581,31.444
0.36945,0.36822,289.92,0.38371,0.38332,286.43,0.39266,0.40318,33.439,0.43041,0.42501,30.96
0.39334,0.39147,278.94,0.39235,0.38987,277.94,0.4267,0.43593,19.961,0.41671,0.42389,19.954
0.33244,0.33395,320.89,0.36059,0.36098,329.91,0.3725,0.38661,37.926,0.40046,0.40123,39.439
0.33369,0.33403,316.38,0.36523,0.36648,324.91,0.39147,0.37028,47.427,0.40982,0.41189,47.948
0.34679,0.34528,363.4,0.36587,0.36509,364.42,0.39783,0.38751,44.434,0.40841,0.39009,45.937
0.32381,0.32449,329.88,0.32948,0.33129,333.38,0.37577,0.36751,47.421,0.38843,0.38636,48.929
0.33417,0.33502,362.89,0.33795,0.33596,373.89,0.36674,0.38183,46.422,0.37194,0.38782,47.925
0.34442,0.34154,333.9,0.37583,0.37922,331.93,0.37682,0.3672,44.425,0.41268,0.40307,43.947
0.34286,0.34117,357.39,0.35331,0.35612,351.41,0.38843,0.39463,45.436,0.38507,0.38946,45.93
0.32409,0.32994,337.39,0.34385,0.34638,341.4,0.36568,0.38432,42.924,0.39079,0.38613,41.434
0.35088,0.35071,302.9,0.34437,0.34712,295.9,0.39188,0.3761,38.424,0.38179,0.3836,34.925
0.32294,0.3226,296.88,0.34273,0.34144,305.89,0.37229,0.36841,29.915,0.38599,0.37487,31.424
0.30099,0.30139,325.85,0.35883,0.36187,325.41,0.341,0.34902,43.395,0.394,0.39633,40.437
0.36069,0.35835,298.41,0.36268,0.36357,294.42,0.3902,0.39482,28.433,0.39815,0.3902,27.936
0.33825,0.33678,318.89,0.35107,0.35362,315.9,0.38765,0.37909,43.928,0.39465,0.40685,42.439
0.34362,0.33955,285.9,0.34652,0.34675,289.9,0.38755,0.39784,26.933,0.39424,0.38549,28.433
0.34501,0.34278,325.9,0.3524,0.35418,324.41,0.39341,0.39058,38.932,0.39315,0.38671,37.934
0.34698,0.34957,298.91,0.3739,0.37533,296.93,0.39167,0.39448,27.935,0.40675,0.4047,25.945
0.3623,0.36452,311.42,0.36543,0.36454,315.42,0.39202,0.39841,30.938,0.40814,0.41018,28.946
0.37814,0.37904,340.93,0.39714,0.39457,338.95,0.40827,0.42086,43.954,0.43525,0.43294,43.968
0.3683,0.37487,292.92,0.37593,0.37209,290.93,0.41338,0.40774,31.448,0.41287,0.41799,29.952
0.38539,0.38468,279.44,0.3942,0.39049,279.44,0.41603,0.42038,25.956,0.42576,0.42934,27.46
0.38537,0.38317,275.44,0.37479,0.37386,280.43,0.40863,0.41373,23.449,0.4122,0.41246,22.951
0.37888,0.37424,304.43,0.38311,0.38493,293.44,0.40695,0.40951,28.947,0.42357,0.41616,26.957
0.36574,0.36552,304.43,0.39626,0.39692,299.45,0.4023,0.40689,26.946,0.43291,0.42959,25.463
0.38771,0.39036,292.94,0.40192,0.40231,292.45,0.42788,0.4159,27.959,0.43884,0.43654,28.968
0.39365,0.39199,295.44,0.39595,0.3975,297.45,0.42059,0.42162,24.956,0.43417,0.43289,24.963
0.37921,0.37943,313.93,0.37317,0.37557,307.42,0.40991,0.41766,31.449,0.41895,0.42334,31.951
0.37022,0.36989,296.93,0.37343,0.37608,297.43,0.407,0.40393,27.446,0.41237,0.41926,27.954
0.36892,0.3682,286.93,0.37787,0.37853,282.94,0.40837,0.41679,20.449,0.41654,0.41143,19.95
0.38714,0.38448,304.44,0.39715,0.39549,300.45,0.42762,0.41279,30.956,0.43299,0.42864,28.964
0.36516,0.36833,305.42,0.38334,0.38517,302.44,0.40872,0.41308,32.946,0.41769,0.41615,33.451
0.39343,0.39431,277.94,0.39041,0.39063,279.94,0.42333,0.43938,20.962,0.42843,0.42206,24.458
0.36431,0.36088,301.42,0.36961,0.36851,310.42,0.41756,0.40015,24.945,0.41039,0.40502,26.444
0.35745,0.358,370.42,0.35938,0.35637,373.91,0.38744,0.38667,33.43,0.39462,0.39872,36.935
0.32121,0.32298,377.88,0.332,0.33166,386.38,0.36806,0.38128,46.919,0.38075,0.38551,50.919
0.33882,0.33815,301.39,0.34975,0.34729,301.4,0.38258,0.37144,30.923,0.38543,0.36833,30.922
0.36507,0.3622,270.92,0.38612,0.38804,271.44,0.396,0.4165,20.944,0.42649,0.42392,20.457
0.34916,0.35197,252.41,0.3869,0.3902,252.94,0.38807,0.39569,20.439,0.4297,0.42487,21.961
0.36484,0.36918,254.42,0.38126,0.38318,254.44,0.41675,0.41242,17.453,0.4193,0.42643,18.457
0.37191,0.37208,271.93,0.37747,0.37912,277.43,0.41263,0.41747,21.951,0.40397,0.41722,23.446
0.35918,0.36378,312.92,0.36611,0.36733,313.92,0.40509,0.40406,32.442,0.40046,0.39943,29.441
0.36405,0.36654,309.42,0.36068,0.3635,307.42,0.40935,0.4055,26.944,0.39497,0.40447,25.44
0.39584,0.39469,263.45,0.40016,0.40279,264.45,0.42422,0.42934,10.958,0.42345,0.43369,11.958
0.3895,0.38475,259.44,0.38212,0.38289,258.94,0.43969,0.43282,12.963,0.42977,0.42341,12.959
0.37419,0.37831,257.43,0.37448,0.37805,259.43,0.40803,0.41819,16.451,0.43521,0.41057,16.456
0.34129,0.34018,275.9,0.36975,0.37424,272.93,0.39165,0.38499,24.433,0.4019,0.41598,23.446
0.36053,0.35607,266.42,0.38936,0.39035,266.44,0.38983,0.39801,18.936,0.42229,0.41667,16.954
0.34134,0.34343,266.41,0.36933,0.36646,266.42,0.36726,0.3665,18.919,0.41535,0.40588,20.946
0.35279,0.34981,287.41,0.38549,0.38284,286.94,0.39165,0.37833,22.932,0.42418,0.42239,22.956
0.38102,0.38075,285.44,0.36001,0.36226,287.42,0.42008,0.41189,18.451,0.39728,0.39395,20.438
0.35186,0.35645,293.92,0.3814,0.38167,294.93,0.35747,0.37608,27.917,0.41203,0.41484,26.949
0.37396,0.3763,287.92,0.38273,0.37861,296.92,0.40268,0.38929,30.936,0.40783,0.41195,33.444
0.40291,0.40275,265.45,0.40264,0.40005,268.45,0.432,0.42868,14.458,0.42178,0.41539,14.452
0.4157,0.41504,266.96,0.40742,0.40633,264.45,0.44139,0.44827,15.967,0.43858,0.44368,14.966
0.40377,0.4047,259.45,0.41001,0.41033,257.96,0.41684,0.42803,10.954,0.43718,0.43667,9.9635
0.40831,0.40803,287.45,0.40589,0.40649,290.45,0.43447,0.4309,21.959,0.44161,0.43345,21.963
0.41842,0.41742,299.96,0.39959,0.40269,302.45,0.44974,0.45359,27.472,0.43615,0.44051,29.465
0.39397,0.39215,284.94,0.41428,0.41566,287.46,0.41995,0.41944,24.455,0.45141,0.45448,25.475
0.39438,0.39034,243.44,0.40593,0.40544,245.45,0.42984,0.42603,9.9577,0.44408,0.44408,9.968
0.39252,0.38888,240.44,0.409,0.40878,241.46,0.42234,0.43883,10.961,0.43553,0.43147,9.4633
0.43361,0.43285,238.97,0.41463,0.41625,240.46,0.46461,0.47245,4.9822,0.45425,0.45501,5.4745
0.42312,0.42199,242.47,0.40946,0.41,242.46,0.4585,0.46002,6.478,0.44231,0.44231,6.9687
0.40417,0.40282,240.45,0.42401,0.42509,240.47,0.42347,0.41992,4.4544,0.4483,0.45362,6.4716
